1	10.000000	-15.000000	0.000000
2	-10.000000	-15.000000	0.000000
3	10.000000	15.000000	0.000000
4	-10.000000	15.000000	0.000000
5	10.000000	-10.052870	0.000000
6	-10.000000	-10.052841	0.000000
7	10.000000	10.052889	0.000000
8	-10.000000	10.052893	0.000000
9	10.000000	-9.905100	0.762204
10	-10.000000	-9.905098	0.762203
11	10.000000	-0.555031	0.676812
14	-10.000000	0.521408	0.688611
15	10.000000	9.905094	0.762197
16	-10.000000	9.905095	0.762200
17	10.000000	-4.006999	0.900000
18	-10.000000	-4.003155	0.900000
19	10.000000	4.006611	0.900000
20	-10.000000	4.003064	0.900000
27	10.000000	-1.780115	0.092139
28	-10.000000	-1.707638	0.112886
29	-0.000004	-10.000000	0.446634
30	-0.000069	-5.478989	0.937528
31	-0.241397	-0.159048	0.479306
32	0.752121	-0.008370	0.444972
33	0.094020	0.145805	0.464245
34	-0.000061	5.478990	0.937528
35	0.000000	10.000000	0.446635
36	10.000000	-4.552368	0.431599
37	-10.000000	-4.551831	0.431881
38	10.000000	4.498595	0.427030
39	-10.000000	4.496460	0.426836
42	-0.002654	-5.293473	0.000000
43	-0.005562	-0.081376	0.097490
44	0.000100	5.300960	-0.000000
45	-0.015718	-0.675097	0.756167
46	-0.012544	0.675280	0.755731
47	0.000000	0.000000	0.000000
48	-0.002897	-10.046927	0.000000
49	-0.000046	-9.889710	0.900000
50	-0.074972	-0.396836	0.606902
51	0.056156	0.059927	0.446064
52	0.020693	0.398051	0.604132
53	-0.000039	9.889710	0.900000
54	0.000381	10.046936	0.000000
55	10.000000	-10.000000	0.398069
56	-10.000000	-10.000000	0.398005
59	10.000000	10.000000	0.397865
60	-10.000000	10.000000	0.397871
61	10.000000	-6.689877	0.900000
62	-10.000000	-6.688727	0.900000
63	9.583449	-0.850343	0.180457
64	-9.554393	-0.698707	0.205169
65	9.504800	0.522447	0.111501
66	-9.473574	0.526309	0.102929
67	10.000000	6.689797	0.900000
68	-10.000000	6.688748	0.900000
69	10.000000	-6.202777	0.000000
70	-10.000000	-6.172612	0.000000
71	10.000000	6.215254	0.000000
72	-10.000000	6.220354	0.000000
73	-0.023760	1.485855	0.000000
78	-0.566730	-0.074912	0.455023
79	0.035127	-1.479895	0.000000
82	-0.001872	-2.283072	0.900000
83	-0.001633	2.283078	0.900000
84	10.000000	1.911406	0.900000
85	-10.000000	1.901123	0.900000
86	10.000000	-1.914217	0.900000
87	-10.000000	-1.902859	0.900000
88	3.991424	-10.000000	0.267266
89	4.012158	-10.000000	0.617940
90	-4.012207	-10.000000	0.617939
91	-3.991531	-10.000000	0.267270
92	3.865727	-7.323376	0.937527
93	3.847633	-4.140192	0.937138
94	-3.848310	-4.139956	0.937138
95	-3.865857	-7.323321	0.937527
96	3.806125	-0.281109	0.515287
97	4.249149	-0.227808	0.475226
98	-4.373039	-0.171310	0.479151
99	-3.897109	-0.255388	0.522539
100	7.160350	-0.157250	0.336806
101	-6.666519	-0.083152	0.404325
102	-6.305474	0.167140	0.383949
103	6.358417	0.149661	0.379787
104	4.523420	0.194199	0.439067
105	4.005310	0.261137	0.493909
106	-3.947361	0.256877	0.498387
107	-3.971762	0.178913	0.455344
108	3.847669	4.140183	0.937138
109	3.865733	7.323374	0.937527
110	-3.865849	7.323326	0.937527
111	-3.848272	4.139973	0.937138
112	3.991433	10.000000	0.267270
113	-3.991421	10.000000	0.267270
114	-4.012242	10.000000	0.617938
115	4.012244	10.000000	0.617938
116	10.000000	-7.050452	0.264900
118	10.000000	-3.476207	0.210352
119	10.000000	-1.858850	0.473122
120	10.000000	-3.831876	0.677949
121	10.000000	-7.069960	0.602227
122	-10.000000	-7.047883	0.264662
123	-10.000000	-7.069015	0.602131
124	-10.000000	-3.830191	0.678019
125	-10.000000	-1.853782	0.476928
127	-10.000000	-3.497045	0.216904
128	10.000000	7.005055	0.263639
129	10.000000	7.063053	0.601470
130	10.000000	3.823960	0.676312
131	10.000000	1.807088	0.463053
133	10.000000	3.247328	0.195175
134	-10.000000	7.004237	0.263622
136	-10.000000	3.240037	0.193437
137	-10.000000	1.803296	0.460581
138	-10.000000	3.818918	0.676190
139	-10.000000	7.062224	0.601472
148	3.902415	-7.256714	0.000000
149	-3.908121	-7.253991	0.000000
150	-3.940089	-3.744055	0.000233
151	3.930789	-3.752457	0.000105
152	4.647289	-0.498839	-0.000716
153	-4.618415	-0.505449	0.043389
154	-4.450470	0.591383	-0.150857
155	4.463865	0.606023	-0.080252
156	3.900773	7.261159	-0.000000
157	3.929200	3.764607	-0.000000
158	-3.930577	3.766114	-0.000000
159	-3.900095	7.261529	-0.000000
160	4.574446	-1.318722	0.904474
161	5.333304	-0.660342	0.738844
162	-5.367950	-0.652450	0.739039
163	-4.582433	-1.317005	0.904378
164	5.341431	0.657109	0.739988
165	4.575155	1.318548	0.904465
166	-4.581993	1.317107	0.904385
167	-5.367232	0.653370	0.737685
168	5.213679	-10.048631	0.000000
169	5.162573	-9.892707	0.900000
170	5.529346	-0.477114	0.604478
172	5.738096	0.465496	0.605794
173	5.162582	9.892705	0.900000
174	5.212997	10.048640	0.000000
175	10.000000	-10.000000	0.191317
176	-10.000000	-10.000000	0.191261
179	10.000000	10.000000	0.191203
180	-10.000000	10.000000	0.191208
181	10.000000	-8.365286	0.899974
182	-10.000000	-8.364838	0.899974
183	9.340249	-0.500298	0.389708
184	-9.354327	-0.473639	0.432001
185	9.678394	0.984764	0.043016
186	-9.550166	0.966492	0.048343
187	10.000000	5.175508	0.900000
188	-10.000000	5.173448	0.900000
189	10.000000	-8.229658	0.000000
190	-10.000000	-8.216199	0.000000
191	10.000000	8.236672	0.000000
192	-10.000000	8.238626	0.000000
193	5.215518	1.794996	0.000000
196	10.000000	-0.538486	0.000000
197	-10.000000	-0.524386	0.000000
199	5.405705	-1.811637	0.000000
202	5.377010	-2.760924	0.900000
203	5.377180	2.760857	0.900000
204	10.000000	0.942424	0.854675
205	-10.000000	0.928141	0.851124
206	10.000000	-2.965308	0.899734
207	-10.000000	-2.958576	0.899735
208	6.670205	-10.000000	0.148583
209	6.679694	-10.000000	0.722562
210	-6.679785	-10.000000	0.722558
211	-6.670619	-10.000000	0.148595
212	6.512851	-8.552208	0.936928
213	6.529264	-3.786106	0.928713
214	-6.530386	-3.785104	0.928723
215	-6.512993	-8.552135	0.936928
216	6.628273	-0.466251	0.527050
218	-7.769297	-0.361372	0.473058
219	-6.464399	-0.396498	0.553069
220	8.718719	-0.552508	0.264795
221	-8.688680	-0.464413	0.289923
222	-7.776889	0.403965	0.285714
223	7.788895	0.385749	0.288243
225	6.702616	0.413942	0.514379
226	-6.684544	0.413223	0.507578
228	6.529347	3.786058	0.928713
229	6.512858	8.552204	0.936928
230	-6.512986	8.552139	0.936928
231	-6.530365	3.785158	0.928723
232	6.669965	10.000000	0.148573
233	-6.669910	10.000000	0.148571
234	-6.679893	10.000000	0.722552
235	6.679888	10.000000	0.722551
236	10.000000	-8.480250	0.149784
238	10.000000	-2.845437	0.110345
239	10.000000	-0.876752	0.532835
240	10.000000	-3.702830	0.800908
241	10.000000	-8.481811	0.712753
242	-10.000000	-8.476148	0.149531
243	-10.000000	-8.481377	0.712702
244	-10.000000	-3.699585	0.800958
245	-10.000000	-0.880870	0.546753
247	-10.000000	-2.838586	0.130856
248	10.000000	8.461027	0.149841
249	10.000000	8.480140	0.712501
250	10.000000	3.700698	0.800409
251	10.000000	0.860699	0.545554
253	10.000000	2.541794	0.082343
254	-10.000000	8.460946	0.149869
256	-10.000000	2.491423	0.079136
257	-10.000000	0.854704	0.538948
258	-10.000000	3.695671	0.800344
259	-10.000000	8.479811	0.712507
268	6.557548	-8.566463	0.000000
269	-6.562979	-8.563166	0.000000
270	-6.669791	-3.070456	0.011665
271	6.666360	-3.097343	0.006061
272	7.196645	-1.148632	-0.089932
273	-7.169672	-1.144159	-0.046067
274	-6.715946	1.303889	0.101095
275	6.760701	1.352066	0.055342
276	6.555025	8.569975	-0.000000
277	6.650048	3.102318	-0.000000
278	-6.651231	3.106346	-0.000000
279	-6.554328	8.570411	-0.000000
280	6.986139	-2.268585	0.913038
281	7.719651	-0.666803	0.716001
282	-7.729098	-0.647208	0.715659
283	-6.989367	-2.266047	0.913103
284	7.721995	0.653784	0.722013
285	6.986393	2.268408	0.913041
286	-6.989274	2.266175	0.913099
287	-7.732844	0.646037	0.716403
288	-5.218675	-10.048625	0.000000
289	-5.162669	-9.892707	0.900000
290	-5.645915	-0.448285	0.614455
292	-5.707908	0.459691	0.599807
293	-5.162665	9.892706	0.900000
294	-5.212340	10.048641	0.000000
295	10.000000	-10.000000	0.594983
296	-10.000000	-10.000000	0.594950
299	10.000000	10.000000	0.594866
300	-10.000000	10.000000	0.594870
301	10.000000	-5.175663	0.900000
302	-10.000000	-5.173413	0.900000
304	-9.716873	-1.172957	0.176939
305	9.218212	0.388018	0.426563
306	-9.219067	0.383794	0.414836
307	10.000000	8.365251	0.899974
308	-10.000000	8.364845	0.899974
309	10.000000	-4.224567	0.000000
310	-10.000000	-4.178993	0.000000
311	10.000000	4.237112	0.000000
312	-10.000000	4.246884	0.000000
313	-5.183295	1.791643	0.000000
318	-7.762128	-0.331487	0.451577
319	-5.395215	-1.785317	0.000000
322	-5.379739	-2.759696	0.900000
323	-5.379579	2.759741	0.900000
324	10.000000	2.964223	0.899735
325	-10.000000	2.957976	0.899736
326	10.000000	-0.949522	0.855326
327	-10.000000	-0.932500	0.852312
328	1.752707	-10.000000	0.368006
329	1.757452	-10.000000	0.523570
330	-1.757467	-10.000000	0.523570
331	-1.752729	-10.000000	0.368006
332	1.681121	-6.274035	0.937528
333	1.695829	-4.803366	0.937528
334	-1.696121	-4.803321	0.937528
335	-1.681241	-6.274007	0.937528
336	1.557125	-0.192642	0.490373
337	1.683642	-0.164727	0.476613
338	-2.186254	-0.150206	0.476939
339	-1.749319	-0.184833	0.491236
340	4.599180	-0.023717	0.431197
341	-3.851955	-0.008537	0.442348
342	-3.931731	0.031359	0.438246
343	4.299662	0.025714	0.432539
344	1.808383	0.143477	0.459022
345	1.785164	0.182079	0.476606
346	-1.517817	0.180700	0.479545
347	-1.508735	0.140364	0.461689
348	1.695845	4.803365	0.937528
349	1.681127	6.274035	0.937528
350	-1.681234	6.274009	0.937528
351	-1.696103	4.803326	0.937528
352	1.752731	10.000000	0.368009
353	-1.752729	10.000000	0.368009
354	-1.757470	10.000000	0.523571
355	1.757471	10.000000	0.523571
356	10.000000	-5.721176	0.355995
358	10.000000	-4.071925	0.320005
359	10.000000	-3.187065	0.442570
360	10.000000	-4.182112	0.550983
361	10.000000	-5.742039	0.506800
362	-10.000000	-5.720928	0.356038
363	-10.000000	-5.740889	0.506729
364	-10.000000	-4.181372	0.551074
365	-10.000000	-3.184638	0.443713
367	-10.000000	-4.075407	0.321694
368	10.000000	5.661913	0.352875
369	10.000000	5.720660	0.504864
370	10.000000	4.156561	0.547624
371	10.000000	3.112769	0.433188
373	10.000000	3.940780	0.311568
374	-10.000000	5.660470	0.352774
376	-10.000000	3.938643	0.310924
377	-10.000000	3.109843	0.432473
378	-10.000000	4.152966	0.547478
379	-10.000000	5.719096	0.504838
388	1.702468	-6.141754	0.000000
389	-1.707794	-6.140355	0.000000
390	-1.727808	-4.545662	0.000001
391	1.720592	-4.547662	0.000000
392	2.180809	-0.188418	-0.054229
393	-2.105494	-0.171971	-0.062996
394	-1.796141	0.339182	-0.215194
395	2.055276	0.249705	-0.205252
396	1.702902	6.147193	-0.000000
397	1.722235	4.557700	-0.000000
398	-1.722452	4.558044	-0.000000
399	-1.702416	6.147389	-0.000000
400	2.144120	-0.856215	0.824448
401	2.547606	-0.640980	0.738224
402	-2.591283	-0.638923	0.738487
403	-2.161742	-0.855305	0.824282
404	2.554585	0.640623	0.738065
405	2.146031	0.856112	0.824389
406	-2.160570	0.855418	0.824173
407	-2.587124	0.639522	0.737443
408	-0.000122	-10.000000	0.241775
409	-2.375391	-10.000000	0.129196
410	2.373989	-10.000000	0.129194
411	-0.000044	-7.530158	0.937526
412	-2.296336	-8.705642	0.937074
413	2.296247	-8.705653	0.937074
414	-0.004923	-1.144623	0.883945
415	-2.587165	-1.700304	0.910893
416	2.582258	-1.700877	0.910890
417	-0.024589	-0.237194	0.515405
418	-2.281936	-0.314202	0.556954
419	2.252003	-0.322180	0.557798
420	7.588535	0.065861	0.271411
421	8.864737	0.430645	0.124784
422	9.082297	-0.076865	0.136047
423	0.283132	0.109844	0.453885
424	-3.455288	0.140439	0.450649
425	2.137329	0.102557	0.443544
426	-0.031659	0.509927	0.668839
427	-3.255984	0.473924	0.640974
428	3.214275	0.476646	0.642931
429	-0.000360	3.695817	0.937419
430	-2.306204	2.976030	0.931246
431	2.304552	2.976233	0.931243
432	4.618283	10.000000	0.440958
433	7.214929	10.000000	0.529278
434	7.230954	10.000000	0.327972
435	10.000000	-7.175539	0.431188
436	10.000000	-8.573077	0.520340
437	10.000000	-8.588384	0.328555
438	-10.000000	-5.317391	0.223017
439	-10.000000	-4.754464	0.107799
440	-10.000000	-6.695104	0.120415
441	10.000000	5.196473	0.218906
442	10.000000	4.635659	0.103399
443	10.000000	6.649803	0.120477
444	-10.000000	7.155106	0.429859
445	-10.000000	8.567829	0.519807
446	-10.000000	8.575434	0.327968
453	4.535643	-5.483793	0.000002
454	7.178648	-4.797945	0.000281
455	7.157242	-6.738431	0.000001
456	5.333554	-0.021906	0.162118
457	7.583063	0.662544	0.262813
458	7.767368	-0.191089	0.109051
459	0.000311	7.496709	-0.000000
460	-2.312754	8.760230	-0.000000
461	2.313441	8.760143	-0.000000
462	7.231042	-10.000000	0.328000
463	7.214776	-10.000000	0.529307
464	4.618245	-10.000000	0.440960
465	2.435781	-10.000000	0.757580
466	-2.435838	-10.000000	0.757580
467	-0.000015	-10.000000	0.649598
468	-7.214849	-10.000000	0.529295
469	-7.231063	-10.000000	0.327993
470	-4.618267	-10.000000	0.440960
471	7.096436	-6.915532	0.937542
472	7.084785	-5.217844	0.937083
473	4.472990	-5.703810	0.937526
474	2.304444	-2.976239	0.931243
475	-2.306304	-2.976012	0.931246
476	-0.000407	-3.695814	0.937419
477	-7.085210	-5.217237	0.937084
478	-7.096642	-6.915261	0.937542
479	-4.473239	-5.703660	0.937526
480	7.765284	-0.528432	0.439979
481	8.325146	-0.625424	0.353674
482	5.085500	-0.295944	0.479146
483	2.688819	-0.142490	0.464242
484	-3.878642	-0.135278	0.468617
485	-0.152469	-0.126055	0.467800
487	-8.047116	-0.461686	0.473647
488	-5.064516	-0.229468	0.498467
489	5.045920	-0.168932	0.448555
490	-5.301974	-0.097978	0.453983
491	1.834650	-0.055555	0.451190
492	-9.004208	-0.043118	0.135649
493	-8.943322	0.493920	0.116230
494	-7.527648	0.103481	0.290080
495	-3.226183	0.084431	0.435527
496	3.288844	0.078989	0.427782
497	0.013520	0.024205	0.442493
498	8.181368	0.483901	0.269550
499	7.470391	0.405099	0.398721
500	5.320679	0.244437	0.440313
501	2.441316	0.318804	0.548594
502	-2.361300	0.315140	0.549868
503	0.061869	0.233866	0.508060
504	-7.492578	0.412072	0.386492
506	-4.388145	0.220118	0.465399
507	7.084806	5.217815	0.937083
508	7.096447	6.915519	0.937542
509	4.473001	5.703804	0.937526
510	2.296252	8.705653	0.937074
511	-2.296331	8.705643	0.937074
512	-0.000039	7.530159	0.937526
513	-7.096631	6.915277	0.937542
514	-7.085189	5.217271	0.937084
515	-4.473223	5.703671	0.937526
516	2.374332	10.000000	0.129209
517	-2.374156	10.000000	0.129209
518	0.000014	10.000000	0.241785
519	-7.230951	10.000000	0.327972
520	-7.214924	10.000000	0.529279
521	-4.618281	10.000000	0.440958
522	-2.435853	10.000000	0.757580
523	2.435839	10.000000	0.757580
524	-0.000000	10.000000	0.649598
525	10.000000	-6.704654	0.120742
526	10.000000	-4.766543	0.106921
527	10.000000	-5.313444	0.222657
531	10.000000	-1.796477	0.205432
532	10.000000	-1.091851	0.318070
533	10.000000	-2.479055	0.326359
534	10.000000	-1.599468	0.675815
535	10.000000	-2.506660	0.744345
536	10.000000	-2.723044	0.585286
537	10.000000	-5.190962	0.778029
538	10.000000	-6.873058	0.760163
539	10.000000	-5.452194	0.648369
540	-10.000000	-8.586785	0.328347
541	-10.000000	-8.572368	0.520215
542	-10.000000	-7.174083	0.431025
543	-10.000000	-6.872110	0.760124
544	-10.000000	-5.189148	0.778011
545	-10.000000	-5.450881	0.648320
546	-10.000000	-2.503536	0.744764
547	-10.000000	-1.600130	0.678230
548	-10.000000	-2.723480	0.585927
549	-10.000000	-1.032805	0.332465
550	-10.000000	-1.730998	0.224224
551	-10.000000	-2.457956	0.332202
555	10.000000	8.575626	0.327951
556	10.000000	8.568074	0.519796
557	10.000000	7.155753	0.429858
558	10.000000	6.870376	0.759840
559	10.000000	5.187721	0.777580
560	10.000000	5.443239	0.647279
561	10.000000	2.505505	0.742866
562	10.000000	1.599976	0.674053
563	10.000000	2.706228	0.580419
564	10.000000	0.927130	0.307396
565	10.000000	1.460483	0.154505
566	10.000000	2.282315	0.304960
570	-10.000000	6.648666	0.120469
571	-10.000000	4.626733	0.103002
572	-10.000000	5.193323	0.218604
576	-10.000000	1.457822	0.150904
577	-10.000000	0.927655	0.300542
578	-10.000000	2.282913	0.302791
579	-10.000000	1.590404	0.672430
580	-10.000000	2.497118	0.742588
581	-10.000000	2.699763	0.579820
582	-10.000000	5.185092	0.777543
583	-10.000000	6.869302	0.759831
584	-10.000000	5.440973	0.647251
603	2.313349	-8.758533	0.000000
604	-2.318685	-8.757878	0.000000
605	-0.002533	-7.493458	0.000000
606	-7.163129	-6.728188	0.000002
607	-7.185487	-4.778536	0.000606
608	-4.542773	-5.477725	0.000004
609	-2.373841	-2.409479	0.000094
610	2.368342	-2.417336	0.000048
611	-0.005016	-3.317094	0.000002
612	2.696466	-1.004371	0.020367
613	-2.599249	-0.992266	0.021362
614	-0.032902	-0.524113	-0.004894
615	-7.721939	-0.186618	0.046083
616	-7.643593	0.687852	0.284121
617	-5.241596	0.005684	0.058291
618	-2.487398	1.023652	-0.019223
619	2.477288	1.032254	-0.038917
620	0.035672	0.556258	-0.064216
621	7.155580	6.747182	-0.000000
622	7.178083	4.809150	-0.000000
623	4.534893	5.492668	-0.000000
624	2.342674	2.429239	-0.000000
625	-2.352564	2.430689	-0.000000
626	-0.001426	3.332358	-0.000000
627	-7.177730	4.811975	-0.000000
628	-7.154895	6.748568	-0.000000
629	-4.534479	5.493567	-0.000000
630	7.865065	-1.665698	0.936237
631	8.212047	-1.066468	0.881882
632	5.673394	-0.965993	0.856046
633	3.135265	-0.478529	0.643956
634	-3.271924	-0.470463	0.645976
635	-0.058738	-0.509117	0.670751
636	-8.216089	-1.055906	0.879864
637	-7.869020	-1.660173	0.936264
638	-5.686165	-0.961784	0.855301
639	8.211012	1.063425	0.881534
640	7.865352	1.664958	0.936237
641	5.674771	0.965104	0.856063
642	2.582591	1.700843	0.910890
643	-2.586836	1.700340	0.910892
644	-0.004185	1.144620	0.883943
645	-7.868941	1.660291	0.936261
646	-8.216185	1.055645	0.879922
647	-5.685723	0.961967	0.855327
648	7.674578	-10.050566	0.000000
649	7.631798	-9.897043	0.900000
650	7.958132	-0.573054	0.594353
651	9.181854	0.718597	0.100118
652	8.050569	0.536144	0.609200
653	7.631807	9.897040	0.900000
654	7.673510	10.050579	0.000000
655	10.000000	-10.000000	0.090304
656	-10.000000	-10.000000	0.090277
659	10.000000	10.000000	0.090284
660	-10.000000	10.000000	0.090287
661	10.000000	-9.173312	0.895424
662	-10.000000	-9.173110	0.895435
663	9.295453	-0.503410	0.540693
664	-9.254863	-0.484984	0.555109
667	10.000000	4.544388	0.899920
668	-10.000000	4.541649	0.899920
669	10.000000	-9.179564	0.000000
670	-10.000000	-9.173251	0.000000
671	10.000000	9.183015	0.000000
672	-10.000000	9.183895	0.000000
673	7.735217	2.129759	0.000000
676	10.000000	-1.576998	0.000000
677	-10.000000	-1.546513	0.000000
679	7.892416	-2.148078	0.000000
682	7.793096	-3.309677	0.900000
683	7.793207	3.309512	0.900000
684	10.000000	0.535571	0.698144
686	10.000000	-3.491675	0.899778
687	-10.000000	-3.486592	0.899777
688	8.246741	-10.000000	0.076763
689	8.193141	-10.000000	0.776007
690	-8.193193	-10.000000	0.776004
691	-8.247419	-10.000000	0.076781
692	8.096333	-9.224858	0.936219
693	8.170548	-3.822009	0.947690
694	-8.171479	-3.820000	0.947682
695	-8.096457	-9.224793	0.936220
696	8.303979	-0.559930	0.556873
699	-8.164230	-0.511304	0.559474
705	8.219813	0.497399	0.559752
706	-8.218709	0.493535	0.551018
708	8.170657	3.821887	0.947689
709	8.096338	9.224852	0.936219
710	-8.096450	9.224795	0.936220
711	-8.171513	3.820061	0.947680
712	8.246489	10.000000	0.076745
713	-8.246399	10.000000	0.076742
714	-8.193250	10.000000	0.775997
715	8.193235	10.000000	0.775996
716	10.000000	-9.236342	0.079895
718	10.000000	-2.491394	0.077973
719	10.000000	-0.529353	0.565360
720	10.000000	-3.800831	0.855660
721	10.000000	-9.171437	0.768933
722	-10.000000	-9.233435	0.079738
723	-10.000000	-9.171224	0.768912
724	-10.000000	-3.797129	0.855682
725	-10.000000	-0.521519	0.579358
728	10.000000	9.229410	0.080144
729	10.000000	9.170888	0.768822
730	10.000000	3.799687	0.855467
731	10.000000	0.497421	0.590775
733	10.000000	2.359930	0.035840
734	-10.000000	9.229542	0.080169
736	-10.000000	2.351471	0.034365
737	-10.000000	0.490146	0.580403
738	-10.000000	3.795301	0.855437
739	-10.000000	9.170723	0.768830
748	8.135853	-9.291408	0.000000
749	-8.139968	-9.288794	0.000000
750	-8.273394	-2.783385	-0.040241
751	8.275504	-2.822187	-0.023703
752	8.553908	-1.701108	-0.195087
753	-8.554331	-1.672389	-0.189670
754	-8.008615	1.864188	0.195660
755	8.034026	1.864256	0.256810
756	8.134071	9.293659	-0.000000
757	8.250099	2.818277	0.000000
758	-8.248259	2.824810	0.000000
759	-8.133533	9.294001	-0.000000
760	8.333538	-3.012093	0.908940
761	8.669576	-0.630558	0.677172
762	-8.665589	-0.604145	0.676120
763	-8.335280	-3.009028	0.908977
764	8.671644	0.609723	0.688080
765	8.333722	3.011872	0.908944
766	-8.335325	3.009113	0.908976
767	-8.675358	0.599874	0.680433
768	-2.644955	-10.047364	0.000000
769	-2.607462	-9.890454	0.900000
770	-2.998696	-0.407064	0.610562
771	-4.183833	0.132062	0.436525
772	-3.001023	0.411667	0.604842
773	-2.607456	9.890453	0.900000
774	-2.639545	10.047375	0.000000
775	10.000000	-10.000000	0.499498
776	-10.000000	-10.000000	0.499446
779	10.000000	10.000000	0.499323
780	-10.000000	10.000000	0.499328
781	10.000000	-5.896319	0.900000
782	-10.000000	-5.894676	0.900000
783	9.715372	-1.184483	0.154210
784	-9.690444	-0.932287	0.185567
785	9.373918	0.399575	0.263380
786	-9.363520	0.399460	0.250631
787	10.000000	7.525401	0.899993
788	-10.000000	7.524711	0.899993
789	10.000000	-5.191607	0.000000
790	-10.000000	-5.152900	0.000000
791	10.000000	5.204943	0.000000
792	-10.000000	5.212222	0.000000
793	-2.728197	1.569698	0.000000
796	10.000000	1.433686	0.000000
797	-10.000000	1.441151	0.000000
798	-5.487799	-0.133135	0.462247
799	-2.765056	-1.560078	0.000000
802	-2.760690	-2.406076	0.900000
803	-2.760468	2.406103	0.900000
804	10.000000	2.434332	0.899881
805	-10.000000	2.426194	0.899883
806	10.000000	-1.413663	0.900000
807	-10.000000	-1.399384	0.900000
808	2.822274	-10.000000	0.319820
809	2.833130	-10.000000	0.569288
810	-2.833157	-10.000000	0.569288
811	-2.822323	-10.000000	0.319822
812	2.720734	-6.774579	0.937528
813	2.722100	-4.452654	0.937548
814	-2.722550	-4.452546	0.937548
815	-2.720858	-6.774537	0.937528
816	2.664479	-0.228578	0.502347
817	2.639359	-0.177689	0.474846
818	-3.511373	-0.161341	0.479059
819	-2.749151	-0.214130	0.504276
820	6.049143	-0.067380	0.392855
821	-5.452973	-0.026480	0.429538
822	-5.343354	0.087339	0.419369
823	5.424302	0.074817	0.412229
824	3.381288	0.168504	0.453369
825	2.847636	0.214485	0.484910
826	-2.695813	0.212200	0.489661
827	-2.847688	0.157055	0.461633
828	2.722124	4.452651	0.937548
829	2.720740	6.774578	0.937528
830	-2.720849	6.774541	0.937528
831	-2.722523	4.452555	0.937548
832	2.822306	10.000000	0.319825
833	-2.822301	10.000000	0.319825
834	-2.833171	10.000000	0.569288
835	2.833172	10.000000	0.569288
836	10.000000	-6.371543	0.312846
838	10.000000	-3.786366	0.264415
839	10.000000	-2.501574	0.455141
840	10.000000	-3.995522	0.614318
841	10.000000	-6.392599	0.552280
842	-10.000000	-6.370407	0.312730
843	-10.000000	-6.391463	0.552180
844	-10.000000	-3.994432	0.614383
845	-10.000000	-2.496296	0.457034
847	-10.000000	-3.795967	0.267892
848	10.000000	6.316849	0.310659
849	10.000000	6.380149	0.551055
850	10.000000	3.980455	0.611836
851	10.000000	2.429733	0.443510
853	10.000000	3.603004	0.253114
854	-10.000000	6.315698	0.310602
856	-10.000000	3.599790	0.252012
857	-10.000000	2.426409	0.442144
858	-10.000000	3.976032	0.611700
859	-10.000000	6.378971	0.551050
868	2.750992	-6.673577	0.000000
869	-2.756512	-6.671479	0.000000
870	-2.780324	-4.137694	-0.000017
871	2.771793	-4.141977	-0.000007
872	3.376924	-0.350999	-0.223914
873	-3.351227	-0.328614	-0.170402
874	-3.166976	0.330453	-0.094779
875	3.301296	0.326802	-0.095117
876	2.750321	6.678411	-0.000000
877	2.772449	4.153464	0.000000
878	-2.773156	4.154239	0.000000
879	-2.749722	6.678701	-0.000000
880	3.359956	-1.040824	0.869441
881	3.965795	-0.646974	0.737993
882	-4.008097	-0.642640	0.738312
883	-3.372049	-1.039511	0.869231
884	3.974126	0.645649	0.738337
885	3.361191	1.040667	0.869426
886	-3.371353	1.039601	0.869236
887	-4.005094	0.643451	0.737048
888	-2.072671	-10.000000	0.248538
889	-1.273653	-10.000000	0.066126
890	3.284985	-10.000000	0.193789
891	-1.999161	-7.473852	0.937526
892	-1.232692	-9.315823	0.932347
893	3.178767	-8.045353	0.937500
894	-2.416647	-1.191227	0.890362
895	-1.346383	-1.950263	0.905846
896	3.674467	-1.499940	0.910688
897	-1.976038	-0.239464	0.516880
898	-1.310916	-0.352894	0.580130
899	3.086747	-0.296295	0.535998
900	7.156919	0.139481	0.318659
901	9.647553	0.727454	0.027888
902	8.394187	-0.185341	0.217291
903	-2.070203	0.129234	0.456243
904	-1.929638	0.094853	0.445292
905	3.532057	0.145900	0.440372
906	-3.045849	0.548538	0.687214
907	-1.690492	0.425077	0.618322
908	4.469517	0.551220	0.682814
909	-1.991120	3.813504	0.937359
910	-1.268912	2.565736	0.952376
911	3.162272	3.501795	0.939420
912	4.457307	10.000000	0.532379
913	8.630781	10.000000	0.467516
914	5.700141	10.000000	0.294794
915	10.000000	-7.144826	0.517501
916	10.000000	-9.295616	0.464099
917	10.000000	-7.840958	0.294946
918	-10.000000	-4.404625	0.215044
919	-10.000000	-5.447201	0.054518
920	-10.000000	-6.895427	0.189345
921	10.000000	4.221664	0.205484
922	10.000000	5.425557	0.053963
923	10.000000	6.843992	0.188833
924	-10.000000	7.132471	0.516453
925	-10.000000	9.292367	0.463705
926	-10.000000	7.815088	0.294105
933	4.381118	-4.580767	-0.000021
934	8.617247	-5.462778	0.000107
935	5.605639	-7.012807	-0.000000
936	5.098014	0.355597	0.050235
937	8.999610	0.737477	-0.047014
938	6.361145	-0.444992	0.187105
939	-2.016175	7.433505	0.000000
940	-1.243129	9.422555	0.000000
941	3.203271	8.044492	0.000000
942	8.640986	-10.000000	0.363899
943	5.697814	-10.000000	0.580002
944	4.454229	-10.000000	0.350488
945	1.274489	-10.000000	0.819969
946	-3.345162	-10.000000	0.693707
947	2.098243	-10.000000	0.641588
948	-8.630731	-10.000000	0.467568
949	-5.700240	-10.000000	0.294802
950	-4.457275	-10.000000	0.532381
951	8.557147	-6.754521	0.937592
952	5.532277	-4.621782	0.937022
953	4.315612	-6.534996	0.937528
954	1.266243	-2.565880	0.952377
955	-3.163352	-3.501556	0.939417
956	1.990393	-3.813597	0.937359
957	-8.556012	-5.909158	0.937534
958	-5.553211	-7.120911	0.937527
959	-4.307791	-4.885140	0.937567
960	8.983854	-0.670334	0.308019
961	6.309750	-0.362292	0.457740
962	4.555429	-0.284197	0.496106
963	0.082655	-0.092135	0.458859
964	-4.122388	-0.153822	0.474211
965	2.083090	-0.153932	0.470381
966	-9.276324	-0.813805	0.261219
967	-5.856771	-0.304870	0.524285
968	-5.308830	-0.219114	0.488921
971	5.175250	-0.101291	0.427670
972	-9.506394	0.218136	0.056381
973	-7.898604	0.309311	0.255585
974	-7.333462	-0.011139	0.331546
976	5.093651	0.116437	0.412956
977	-3.836430	0.064346	0.434427
978	8.998102	0.563347	0.179671
979	5.755745	0.308069	0.467542
981	1.371511	0.355738	0.576051
982	-3.245985	0.283059	0.524153
983	2.099257	0.240119	0.504964
984	-8.781112	0.485518	0.275105
985	-5.745653	0.266341	0.425675
986	-4.414603	0.237101	0.475330
987	8.555776	5.909962	0.937537
988	5.553047	7.121030	0.937527
989	4.307413	4.885333	0.937567
990	1.232615	9.315826	0.932347
991	-3.178866	8.045328	0.937500
992	1.999067	7.473872	0.937526
993	-8.557319	6.753975	0.937590
994	-5.532809	4.621404	0.937023
995	-4.315773	6.534906	0.937528
996	1.271554	10.000000	0.066139
997	-3.284997	10.000000	0.193798
998	2.072549	10.000000	0.248545
999	-8.640946	10.000000	0.363818
1000	-5.697941	10.000000	0.579993
1001	-4.454236	10.000000	0.350488
1002	-1.274550	10.000000	0.819969
1003	3.345192	10.000000	0.693706
1004	-2.098288	10.000000	0.641587
1005	10.000000	-6.472212	0.057847
1006	10.000000	-4.093277	0.158367
1007	10.000000	-6.206825	0.240260
1011	10.000000	-1.041273	0.182679
1012	10.000000	-1.462722	0.403321
1013	10.000000	-2.933899	0.265012
1014	10.000000	-1.631774	0.794965
1015	10.000000	-3.106913	0.701621
1016	10.000000	-2.269936	0.532980
1017	10.000000	-5.929971	0.836150
1018	10.000000	-6.976685	0.683648
1019	10.000000	-4.626847	0.663016
1020	-10.000000	-9.303020	0.363644
1021	-10.000000	-7.832592	0.566144
1022	-10.000000	-7.143120	0.345842
1023	-10.000000	-6.767271	0.831801
1024	-10.000000	-4.484658	0.725538
1025	-10.000000	-6.273889	0.629020
1026	-10.000000	-2.090779	0.812817
1027	-10.000000	-1.696317	0.569767
1028	-10.000000	-3.240487	0.632747
1029	-10.000000	-0.666726	0.225607
1030	-10.000000	-2.602681	0.223834
1031	-10.000000	-2.097424	0.398979
1035	10.000000	9.298854	0.363370
1036	10.000000	7.827320	0.565602
1037	10.000000	7.113338	0.344596
1038	10.000000	6.766877	0.831660
1039	10.000000	4.481286	0.724652
1040	10.000000	6.267118	0.628209
1041	10.000000	2.096253	0.811554
1042	10.000000	1.681508	0.561861
1043	10.000000	3.230046	0.629596
1044	10.000000	0.543271	0.194126
1045	10.000000	2.316735	0.182066
1046	10.000000	1.991667	0.377193
1050	-10.000000	6.440683	0.057951
1051	-10.000000	3.888752	0.148262
1052	-10.000000	6.129978	0.238119
1056	-10.000000	0.726236	0.091107
1057	-10.000000	1.365598	0.387507
1058	-10.000000	2.700281	0.243511
1059	-10.000000	1.620449	0.793584
1060	-10.000000	3.095714	0.699690
1061	-10.000000	2.235820	0.524281
1062	-10.000000	5.926679	0.835948
1063	-10.000000	6.971414	0.683129
1064	-10.000000	4.613997	0.661582
1083	1.242184	-9.421758	-0.000000
1084	-3.209775	-8.040223	-0.000000
1085	2.016717	-7.430056	-0.000000
1086	-8.611497	-6.444221	-0.000013
1087	-5.641554	-4.207409	0.000586
1088	-4.371706	-6.391684	-0.000000
1089	-1.288585	-1.895708	-0.000002
1090	3.246674	-3.031449	-0.000125
1091	-2.045233	-3.429558	0.000023
1092	1.407800	-1.205582	-0.258004
1093	-3.751856	-0.768694	-0.155762
1094	2.509090	-0.529174	-0.008857
1095	-8.821867	0.167383	0.111246
1096	-6.203502	0.580078	-0.118865
1097	-5.155407	-0.253319	-0.178162
1098	-1.331093	1.215106	0.202057
1099	3.547675	0.804400	0.138908
1100	-2.231968	0.581575	-0.117710
1101	8.606650	6.473519	0.000000
1102	5.632235	4.232321	-0.000000
1103	4.363957	6.402600	0.000000
1104	1.252230	1.910542	-0.000000
1105	-3.240718	3.045996	0.000000
1106	2.034532	3.446874	0.000000
1107	-8.616193	5.478575	-0.000000
1108	-5.602803	7.019944	0.000000
1109	-4.381171	4.592799	0.000000
1110	9.053449	-1.816490	0.939404
1111	7.019292	-0.825959	0.810478
1112	5.253134	-1.141275	0.888565
1113	1.563763	-0.426736	0.621892
1114	-4.507594	-0.545614	0.683700
1115	2.971920	-0.551442	0.688577
1116	-9.155591	-1.407786	0.920918
1117	-6.394949	-1.485908	0.919710
1118	-5.761364	-0.794365	0.802365
1119	9.153732	1.416338	0.921416
1120	6.389362	1.488819	0.919716
1121	5.744891	0.798432	0.803659
1122	1.342733	1.950515	0.905844
1123	-3.680411	1.498987	0.910666
1124	2.408099	1.191861	0.890430
1125	-9.055302	1.807858	0.939365
1126	-7.030887	0.816382	0.808851
1127	-5.262626	1.138643	0.888274
1128	2.639328	-10.047366	0.000000
1129	2.607368	-9.890454	0.900000
1130	2.855061	-0.416930	0.610336
1131	3.907947	0.124853	0.430082
1132	3.039912	0.415927	0.606479
1133	2.607376	9.890453	0.900000
1134	2.640286	10.047375	0.000000
1135	10.000000	-10.000000	0.294132
1136	-10.000000	-10.000000	0.294066
1139	10.000000	10.000000	0.293947
1140	-10.000000	10.000000	0.293953
1141	10.000000	-7.525458	0.899993
1142	-10.000000	-7.524700	0.899993
1143	9.482593	-0.615762	0.239958
1144	-9.456923	-0.531051	0.285393
1145	9.601487	0.734143	0.045943
1146	-9.501785	0.734680	0.051183
1147	10.000000	5.896210	0.900000
1148	-10.000000	5.894709	0.900000
1149	10.000000	-7.227304	0.000000
1150	-10.000000	-7.205813	0.000000
1151	10.000000	7.237509	0.000000
1152	-10.000000	7.240839	0.000000
1153	2.660376	1.568864	0.000000
1156	10.000000	0.430589	0.000000
1157	-10.000000	0.425010	0.000000
1158	3.953522	-0.160150	0.458688
1159	2.789549	-1.572607	0.000000
1162	2.757217	-2.406586	0.900000
1163	2.757433	2.406565	0.900000
1164	10.000000	1.409173	0.900000
1165	-10.000000	1.396698	0.900000
1166	10.000000	-2.436090	0.899879
1167	-10.000000	-2.427267	0.899882
1168	5.266469	-10.000000	0.210351
1169	5.295065	-10.000000	0.669178
1170	-5.295139	-10.000000	0.669175
1171	-5.266688	-10.000000	0.210358
1172	5.121467	-7.916531	0.937515
1173	5.100768	-3.903893	0.940609
1174	-5.101712	-3.903403	0.940603
1175	-5.121605	-7.916464	0.937515
1176	5.082451	-0.357781	0.523116
1177	6.508182	-0.373876	0.445622
1179	-5.034377	-0.311095	0.542082
1180	8.036826	-0.316439	0.284967
1181	-7.707821	-0.200266	0.372360
1182	-7.079190	0.269304	0.339166
1183	7.095445	0.247785	0.342109
1184	5.297568	0.216035	0.418271
1185	5.297787	0.325697	0.504127
1186	-5.258251	0.324570	0.500995
1187	-5.570975	0.246261	0.425635
1188	5.100823	3.903872	0.940608
1189	5.121474	7.916528	0.937515
1190	-5.121597	7.916469	0.937515
1191	-5.101670	3.903435	0.940603
1192	5.266385	10.000000	0.210350
1193	-5.266358	10.000000	0.210349
1194	-5.295210	10.000000	0.669172
1195	5.295212	10.000000	0.669172
1196	10.000000	-7.753542	0.210975
1198	10.000000	-3.153134	0.158281
1199	10.000000	-1.305807	0.497603
1200	10.000000	-3.722396	0.740706
1201	10.000000	-7.769980	0.656054
1202	-10.000000	-7.749711	0.210690
1203	-10.000000	-7.769291	0.655978
1204	-10.000000	-3.719904	0.740776
1205	-10.000000	-1.306818	0.505980
1207	-10.000000	-3.185607	0.169811
1208	10.000000	7.720624	0.210500
1209	10.000000	7.766375	0.655603
1210	10.000000	3.718420	0.739740
1211	10.000000	1.279734	0.496336
1213	10.000000	2.897237	0.137752
1214	-10.000000	7.720182	0.210513
1216	-10.000000	2.877566	0.135243
1217	-10.000000	1.275059	0.492155
1218	-10.000000	3.713150	0.739641
1219	-10.000000	7.765829	0.655607
1228	5.163043	-7.887773	0.000000
1229	-5.168801	-7.884588	0.000000
1230	-5.227866	-3.385287	-0.002112
1231	5.219717	-3.400804	-0.001006
1232	5.877339	-0.746931	-0.177653
1233	-5.837074	-0.745541	-0.170618
1234	-5.516248	0.782670	0.183433
1235	5.558439	0.868280	0.095806
1236	5.160689	7.891880	-0.000000
1237	5.213047	3.411484	0.000000
1238	-5.214938	3.414120	0.000000
1239	-5.159970	7.892307	-0.000000
1240	5.769323	-1.717527	0.917273
1241	6.598577	-0.671369	0.734515
1242	-6.621201	-0.658292	0.734600
1243	-5.774474	-1.715415	0.917302
1244	6.604439	0.664506	0.737321
1245	5.769721	1.717354	0.917275
1246	-5.774216	1.715537	0.917300
1247	-6.623069	0.658876	0.733555
1248	-7.678031	-10.050553	0.000000
1249	-7.631878	-9.897043	0.900000
1250	-7.955446	-0.532959	0.594893
1252	-8.038121	0.529468	0.599697
1253	-7.631876	9.897041	0.900000
1254	-7.673059	10.050580	0.000000
1255	10.000000	-10.000000	0.687948
1256	-10.000000	-10.000000	0.687932
1259	10.000000	10.000000	0.687891
1260	-10.000000	10.000000	0.687894
1261	10.000000	-4.544626	0.899920
1262	-10.000000	-4.541644	0.899920
1265	9.195554	0.446685	0.561463
1266	-9.197505	0.439114	0.551282
1267	10.000000	9.173300	0.895422
1268	-10.000000	9.173118	0.895433
1269	10.000000	-3.319419	0.000000
1270	-10.000000	-3.271344	0.000000
1271	10.000000	3.329485	0.000000
1272	-10.000000	3.341907	0.000000
1273	-7.700030	2.133394	0.000000
1275	-10.000000	-2.449978	0.114815
1276	10.000000	2.491595	0.000000
1277	-10.000000	2.507021	0.000000
1279	-7.894325	-2.112199	0.000000
1282	-7.794683	-3.307368	0.900000
1283	-7.794619	3.307402	0.900000
1284	10.000000	3.491019	0.899778
1285	-10.000000	3.486308	0.899778
1287	-10.000000	-0.535596	0.674888
1288	0.797357	-10.000000	0.410974
1289	0.798944	-10.000000	0.481902
1290	-0.798953	-10.000000	0.481902
1291	-0.797369	-10.000000	0.410974
1292	0.760968	-5.833902	0.937528
1293	0.774064	-5.157805	0.937528
1294	-0.774256	-5.157791	0.937528
1295	-0.761091	-5.833888	0.937528
1296	0.593217	-0.170478	0.482697
1297	0.490417	-0.156823	0.476693
1298	-1.099185	-0.151771	0.476959
1299	-0.927655	-0.166478	0.483032
1300	2.406101	-0.015049	0.440778
1301	-1.622775	-0.010292	0.445777
1302	-1.803619	-0.000527	0.444382
1303	2.524198	0.000776	0.439586
1304	0.908890	0.141942	0.461640
1305	0.812978	0.159470	0.469583
1306	-0.596021	0.158861	0.470739
1307	-0.690370	0.140829	0.462878
1308	0.774075	5.157806	0.937528
1309	0.760975	5.833903	0.937528
1310	-0.761083	5.833890	0.937528
1311	-0.774244	5.157793	0.937528
1312	0.797370	10.000000	0.410976
1313	-0.797369	10.000000	0.410976
1314	-0.798952	10.000000	0.481903
1315	0.798952	10.000000	0.481903
1316	10.000000	-5.108965	0.395348
1318	10.000000	-4.326945	0.376375
1319	10.000000	-3.880718	0.435132
1320	10.000000	-4.370842	0.489356
1321	10.000000	-5.124127	0.466360
1322	-10.000000	-5.108813	0.395537
1323	-10.000000	-5.123215	0.466391
1324	-10.000000	-4.370290	0.489526
1325	-10.000000	-3.880096	0.435791
1327	-10.000000	-4.327623	0.377114
1328	10.000000	5.050477	0.391423
1329	10.000000	5.089248	0.463356
1330	10.000000	4.332204	0.485272
1331	10.000000	3.815141	0.428473
1333	10.000000	4.240935	0.370134
1334	-10.000000	5.048735	0.391276
1336	-10.000000	4.238883	0.369779
1337	-10.000000	3.812541	0.428096
1338	-10.000000	4.329418	0.485108
1339	-10.000000	5.087335	0.463275
1348	0.770848	-5.673321	0.000000
1349	-0.776071	-5.672639	0.000000
1350	-0.788146	-4.942069	-0.000000
1351	0.782090	-4.942797	-0.000000
1352	0.884847	-0.067795	-0.062307
1353	-0.865492	-0.045680	-0.058608
1354	-0.907944	0.154693	0.093599
1355	0.990978	0.114550	0.077440
1356	0.772455	5.679649	-0.000000
1357	0.784314	4.951352	0.000000
1358	-0.784256	4.951469	0.000000
1359	-0.772106	5.679746	-0.000000
1360	0.988057	-0.740158	0.783812
1361	1.176625	-0.649639	0.743862
1362	-1.215630	-0.648925	0.743946
1363	-1.012343	-0.739675	0.783757
1364	1.181593	0.649700	0.743454
1365	0.990625	0.740178	0.783596
1366	-1.010368	0.739841	0.783460
1367	-1.211573	0.649283	0.743234
1368	2.072469	-10.000000	0.248536
1369	-3.285448	-10.000000	0.193793
1370	1.270228	-10.000000	0.066125
1371	1.999062	-7.473872	0.937526
1372	-3.178872	-8.045326	0.937500
1373	1.232610	-9.315826	0.932347
1374	2.407311	-1.191925	0.890436
1375	-3.680804	-1.498923	0.910663
1376	1.342478	-1.950525	0.905844
1377	1.915105	-0.247059	0.517090
1378	-3.104009	-0.280942	0.537728
1379	1.235681	-0.356434	0.581140
1380	7.580027	-0.059861	0.281973
1381	7.850880	0.267702	0.257467
1382	9.534892	0.218397	0.054680
1383	2.553092	0.135005	0.450418
1384	-3.568276	0.151853	0.453778
1385	0.643169	0.072689	0.447035
1386	2.997741	0.550313	0.688490
1387	-4.507612	0.547958	0.680274
1388	1.665775	0.427000	0.619105
1389	1.990436	3.813595	0.937359
1390	-3.163291	3.501574	0.939418
1391	1.266410	2.565878	0.952377
1392	4.454238	10.000000	0.350488
1393	5.697945	10.000000	0.579993
1394	8.640950	10.000000	0.363815
1395	10.000000	-7.145009	0.346037
1396	10.000000	-7.833421	0.566258
1397	10.000000	-9.303757	0.363791
1398	-10.000000	-6.205870	0.240131
1399	-10.000000	-4.108087	0.161654
1400	-10.000000	-6.452889	0.057631
1401	10.000000	6.131633	0.238216
1402	10.000000	3.900045	0.149353
1403	10.000000	6.440009	0.057932
1404	-10.000000	7.112670	0.344590
1405	-10.000000	7.826848	0.565610
1406	-10.000000	9.298774	0.363383
1413	4.365461	-6.396013	-0.000000
1414	5.633103	-4.221038	0.000266
1415	8.607471	-6.462601	-0.000006
1416	5.237358	-0.242646	-0.225328
1417	6.198525	0.568989	-0.272723
1418	8.800568	0.171946	0.109825
1419	2.016814	7.433353	0.000000
1420	-3.202584	8.044690	0.000000
1421	1.243833	9.422533	0.000000
1422	5.700204	-10.000000	0.294799
1423	8.630674	-10.000000	0.467598
1424	4.457239	-10.000000	0.532382
1425	3.345107	-10.000000	0.693708
1426	-1.274554	-10.000000	0.819969
1427	-2.098278	-10.000000	0.641587
1428	-5.697879	-10.000000	0.579998
1429	-8.641017	-10.000000	0.363869
1430	-4.454252	-10.000000	0.350489
1431	5.553039	-7.121036	0.937527
1432	8.555764	-5.910008	0.937537
1433	4.307393	-4.885340	0.937567
1434	3.162207	-3.501803	0.939420
1435	-1.269073	-2.565721	0.952376
1436	-1.991165	-3.813494	0.937359
1437	-5.532839	-4.621378	0.937023
1438	-8.557327	-6.753951	0.937590
1439	-4.315784	-6.534899	0.937528
1440	5.751943	-0.369744	0.493327
1441	9.144940	-0.823892	0.245839
1442	4.442823	-0.246118	0.477137
1443	3.992729	-0.205789	0.471841
1444	-3.075383	-0.104972	0.459868
1445	-2.361597	-0.132643	0.470854
1446	-6.077577	-0.237157	0.482613
1447	-8.962864	-0.602905	0.352346
1448	-4.528737	-0.237729	0.509818
1449	6.434471	-0.195534	0.397155
1451	-3.889020	-0.056172	0.451366
1452	-8.207392	-0.121236	0.260258
1453	-9.651218	0.690646	0.024975
1454	-7.154151	0.172336	0.327509
1455	-4.928637	0.120245	0.418286
1457	3.921246	0.057873	0.428840
1458	6.612380	0.295773	0.401676
1459	8.838411	0.480215	0.276866
1460	4.558845	0.242264	0.467567
1461	3.318061	0.287285	0.521273
1462	-1.301250	0.353502	0.576255
1463	-1.992940	0.237999	0.507613
1464	-5.731129	0.310831	0.461046
1465	-8.917920	0.570648	0.187889
1466	-4.537780	0.215523	0.456750
1467	5.532306	4.621764	0.937022
1468	8.557156	6.754489	0.937592
1469	4.315620	6.534992	0.937528
1470	3.178773	8.045352	0.937500
1471	-1.232687	9.315823	0.932347
1472	-1.999155	7.473854	0.937526
1473	-5.553201	7.120919	0.937527
1474	-8.556001	5.909195	0.937534
1475	-4.307767	4.885155	0.937567
1476	3.285053	10.000000	0.193799
1477	-1.271111	10.000000	0.066139
1478	-2.072525	10.000000	0.248545
1479	-5.700136	10.000000	0.294793
1480	-8.630777	10.000000	0.467519
1481	-4.457304	10.000000	0.532379
1482	-3.345193	10.000000	0.693706
1483	1.274505	10.000000	0.819969
1484	2.098288	10.000000	0.641587
1485	10.000000	-6.899842	0.189642
1486	10.000000	-5.474945	0.054508
1487	10.000000	-4.391903	0.213019
1491	10.000000	-2.595296	0.208934
1492	10.000000	-0.763369	0.206820
1493	10.000000	-2.116563	0.394786
1494	10.000000	-1.693134	0.566240
1495	10.000000	-2.096841	0.812342
1496	10.000000	-3.241261	0.632511
1497	10.000000	-4.486637	0.725535
1498	10.000000	-6.768295	0.831820
1499	10.000000	-6.274992	0.629094
1500	-10.000000	-7.838553	0.294704
1501	-10.000000	-9.295131	0.463983
1502	-10.000000	-7.143698	0.517371
1503	-10.000000	-6.975782	0.683583
1504	-10.000000	-5.928510	0.836136
1505	-10.000000	-4.625314	0.663007
1506	-10.000000	-3.104968	0.701840
1507	-10.000000	-1.625553	0.796034
1508	-10.000000	-2.270255	0.534593
1509	-10.000000	-1.439224	0.411473
1510	-10.000000	-0.885452	0.193275
1511	-10.000000	-2.933086	0.272689
1515	10.000000	7.815487	0.294095
1516	10.000000	9.292465	0.463694
1517	10.000000	7.133183	0.516449
1518	10.000000	6.972374	0.683132
1519	10.000000	5.928401	0.835965
1520	10.000000	4.617486	0.661646
1521	10.000000	3.102476	0.699891
1522	10.000000	1.631807	0.794253
1523	10.000000	2.241587	0.525555
1524	10.000000	1.366705	0.391863
1525	10.000000	0.739415	0.099292
1526	10.000000	2.702223	0.245565
1530	-10.000000	6.842895	0.188811
1531	-10.000000	5.425671	0.053930
1532	-10.000000	4.216355	0.204699
1536	-10.000000	2.309776	0.178975
1537	-10.000000	0.541532	0.184728
1538	-10.000000	1.990593	0.374725
1539	-10.000000	1.674548	0.559666
1540	-10.000000	2.086543	0.811293
1541	-10.000000	3.223949	0.629331
1542	-10.000000	4.477507	0.724587
1543	-10.000000	6.765749	0.831650
1544	-10.000000	6.265720	0.628200
1563	3.204342	-8.041711	-0.000000
1564	-1.247605	-9.421590	-0.000000
1565	-2.021960	-7.428921	-0.000000
1566	-5.611773	-7.007385	-0.000000
1567	-8.621370	-5.437628	0.000225
1568	-4.389392	-4.573236	-0.000049
1569	-3.255783	-3.022911	-0.000257
1570	1.293913	-1.901667	-0.000002
1571	2.035411	-3.433424	0.000011
1572	3.809351	-0.780225	-0.197735
1573	-1.319832	-1.201536	-0.231814
1574	-2.395708	-0.523585	0.003018
1575	-6.319036	-0.404252	0.200854
1576	-9.034413	0.740617	-0.099267
1577	-5.005521	0.355917	0.081343
1578	-3.567456	0.773055	0.027404
1579	1.260463	1.213592	0.216218
1580	2.453779	0.598588	-0.156527
1581	5.603508	7.019205	0.000000
1582	8.616713	5.474785	-0.000000
1583	4.381028	4.591588	0.000000
1584	3.236857	3.044276	0.000000
1585	-1.281923	1.910652	-0.000000
1586	-2.036906	3.447700	0.000000
1587	-5.632596	4.234446	-0.000000
1588	-8.606105	6.476126	0.000000
1589	-4.363335	6.403208	0.000000
1590	6.388840	-1.489195	0.919723
1591	9.154080	-1.418961	0.921658
1592	5.742758	-0.800319	0.803252
1593	4.435346	-0.554830	0.681841
1594	-1.731142	-0.422657	0.621966
1595	-3.053837	-0.546985	0.689741
1596	-7.030519	-0.816350	0.808798
1597	-9.055232	-1.808126	0.939351
1598	-5.263080	-1.138499	0.888250
1599	7.019008	0.822271	0.811247
1600	9.053531	1.815073	0.939407
1601	5.254160	1.140880	0.888539
1602	3.674947	1.499862	0.910687
1603	-1.346116	1.950282	0.905846
1604	-2.416045	1.191272	0.890368
1605	-6.394684	1.486062	0.919707
1606	-9.155643	1.407143	0.920835
1607	-5.760884	0.794669	0.802131
1608	-0.000770	-10.000000	0.126636
1609	1.119401	-10.000000	0.184910
1610	-1.120019	-10.000000	0.184911
1611	-0.000040	-8.729059	0.937030
1612	1.080494	-8.119582	0.937494
1613	-1.080580	-8.119574	0.937494
1614	-0.002578	-1.616976	0.907711
1615	1.266170	-1.374952	0.903139
1616	-1.273205	-1.374659	0.903128
1617	-0.017059	-0.309751	0.554924
1618	1.035105	-0.274505	0.534367
1619	-1.059994	-0.271259	0.533482
1620	9.091077	0.277253	0.098420
1621	8.475459	0.036601	0.177343
1622	8.300450	0.205349	0.191770
1623	-0.452941	0.090421	0.450621
1624	1.466085	0.106143	0.448785
1625	-0.875781	0.103296	0.453053
1626	-0.028266	0.446020	0.632213
1627	1.604913	0.485502	0.653520
1628	-1.665312	0.484398	0.652729
1629	-0.000874	2.865771	0.932168
1630	1.074224	3.285123	0.938716
1631	-1.075346	3.285059	0.938715
1632	7.296845	10.000000	0.427978
1633	5.924677	10.000000	0.387673
1634	5.921291	10.000000	0.484618
1635	10.000000	-8.595490	0.423881
1636	10.000000	-7.882134	0.383687
1637	10.000000	-7.876655	0.474909
1638	-10.000000	-5.732815	0.111644
1639	-10.000000	-5.989676	0.173220
1640	-10.000000	-5.050806	0.163526
1641	10.000000	5.659048	0.110692
1642	10.000000	5.903660	0.171743
1643	10.000000	4.913589	0.159159
1644	-10.000000	8.586963	0.423249
1645	-10.000000	7.864648	0.382730
1646	-10.000000	7.865799	0.474057
1653	7.240875	-5.759749	-0.000022
1654	5.840983	-6.078475	0.000002
1655	5.849267	-5.128834	-0.000031
1656	7.758399	0.327156	-0.122776
1657	6.595649	-0.060614	-0.055012
1658	6.489127	0.338955	0.258065
1659	0.000337	8.787308	0.000000
1660	1.088900	8.129471	-0.000000
1661	-1.088245	8.129528	-0.000000
1662	5.921210	-10.000000	0.484628
1663	5.924669	-10.000000	0.387683
1664	7.296795	-10.000000	0.428011
1665	-1.146107	-10.000000	0.704573
1666	1.146065	-10.000000	0.704573
1667	-0.000025	-10.000000	0.760182
1668	-5.924693	-10.000000	0.387681
1669	-5.921256	-10.000000	0.484624
1670	-7.296840	-10.000000	0.427999
1671	5.766558	-5.426945	0.937579
1672	5.774237	-6.277337	0.937528
1673	7.165458	-6.052892	0.937544
1674	-1.075419	-3.285050	0.938715
1675	1.074151	-3.285123	0.938716
1676	-0.000986	-2.865765	0.932168
1677	-5.774471	-6.277131	0.937528
1678	-5.766906	-5.426641	0.937579
1679	-7.165740	-6.052468	0.937544
1680	6.374937	-0.374119	0.459026
1681	6.771952	-0.423297	0.457420
1683	-1.410253	-0.115611	0.465878
1684	1.501902	-0.132858	0.465864
1685	-0.729209	-0.103860	0.462767
1686	-6.366091	-0.306492	0.503069
1687	-6.890445	-0.314572	0.486089
1690	3.979844	-0.106996	0.446197
1691	0.652807	-0.066963	0.452973
1692	-8.311206	0.248425	0.190394
1693	-8.374621	0.069006	0.189934
1694	-9.050291	0.286603	0.101371
1695	1.913476	0.043184	0.436776
1696	-1.849524	0.046459	0.440915
1697	0.010803	0.046647	0.444725
1698	6.278405	0.311221	0.432088
1699	7.014320	0.346940	0.384712
1700	8.060369	0.445812	0.327246
1701	-1.065445	0.269650	0.527528
1702	1.167351	0.271142	0.526487
1703	0.046087	0.308318	0.550017
1704	-6.129401	0.301643	0.419132
1705	-6.360039	0.324567	0.419867
1706	-7.963814	0.454890	0.307454
1707	5.774247	6.277328	0.937528
1708	5.766574	5.426932	0.937579
1709	7.165471	6.052871	0.937544
1710	-1.080574	8.119575	0.937494
1711	1.080499	8.119581	0.937494
1712	-0.000035	8.729059	0.937030
1713	-5.766885	5.426661	0.937579
1714	-5.774456	6.277145	0.937528
1715	-7.165725	6.052492	0.937544
1716	-1.119591	10.000000	0.184924
1717	1.119666	10.000000	0.184924
1718	0.000096	10.000000	0.126653
1719	-5.921287	10.000000	0.484618
1720	-5.924675	10.000000	0.387674
1721	-7.296841	10.000000	0.427979
1722	1.146102	10.000000	0.704573
1723	-1.146105	10.000000	0.704573
1724	-0.000007	10.000000	0.760181
1725	10.000000	-5.048106	0.162960
1726	10.000000	-5.992563	0.173389
1727	10.000000	-5.744402	0.111805
1731	10.000000	-1.754009	0.330113
1732	10.000000	-2.142637	0.266881
1733	10.000000	-1.419097	0.259308
1734	10.000000	-2.568537	0.663157
1735	10.000000	-2.102680	0.619900
1736	10.000000	-2.019335	0.715364
1737	10.000000	-6.144736	0.701829
1738	10.000000	-5.304716	0.714561
1739	10.000000	-6.021739	0.770553
1740	-10.000000	-7.875527	0.474753
1741	-10.000000	-7.880510	0.383488
1742	-10.000000	-8.594440	0.423713
1743	-10.000000	-5.303150	0.714528
1744	-10.000000	-6.143539	0.701778
1745	-10.000000	-6.020405	0.770521
1746	-10.000000	-2.104331	0.621339
1747	-10.000000	-2.568006	0.663734
1748	-10.000000	-2.017470	0.716393
1749	-10.000000	-2.102775	0.277893
1750	-10.000000	-1.707068	0.337932
1751	-10.000000	-1.332271	0.270766
1755	10.000000	7.866211	0.474047
1756	10.000000	7.865032	0.382719
1757	10.000000	8.587176	0.423236
1758	10.000000	5.299135	0.713818
1759	10.000000	6.139681	0.701219
1760	10.000000	6.018646	0.770171
1761	10.000000	2.096762	0.615840
1762	10.000000	2.563921	0.660311
1763	10.000000	2.019491	0.713343
1764	10.000000	1.863527	0.234382
1765	10.000000	1.549711	0.303282
1766	10.000000	1.125601	0.214598
1770	-10.000000	4.907875	0.158752
1771	-10.000000	5.901054	0.171616
1772	-10.000000	5.655660	0.110585
1776	-10.000000	1.550314	0.299284
1777	-10.000000	1.864714	0.231295
1778	-10.000000	1.124135	0.208771
1779	-10.000000	2.556057	0.659851
1780	-10.000000	2.088767	0.614791
1781	-10.000000	2.009872	0.712678
1782	-10.000000	6.138079	0.701203
1783	-10.000000	5.296604	0.713783
1784	-10.000000	6.016916	0.770150
1803	-1.092679	-8.126751	0.000000
1804	1.087511	-8.127186	0.000000
1805	-0.002620	-8.785708	-0.000000
1806	-5.857006	-5.117788	-0.000069
1807	-5.847814	-6.070318	0.000004
1808	-7.247326	-5.744999	-0.000049
1809	1.101369	-2.829538	-0.000007
1810	-1.111397	-2.826915	-0.000014
1811	-0.003934	-2.318658	0.000002
1812	-1.239931	-0.729670	-0.191729
1813	1.314390	-0.730100	-0.160857
1814	0.048318	-0.970439	0.011272
1815	-6.526209	0.272723	0.206964
1816	-6.568160	-0.032229	-0.125537
1817	-7.801834	0.320634	-0.024647
1818	1.292128	0.731371	0.053499
1819	-1.222680	0.718938	0.146124
1820	-0.028241	0.973289	-0.000394
1821	5.848764	5.139403	0.000000
1822	5.839602	6.087230	-0.000000
1823	7.240027	5.770481	0.000000
1824	-1.103544	2.845073	0.000000
1825	1.097388	2.844423	0.000000
1826	-0.007678	2.333994	0.000000
1827	-5.838976	6.088372	-0.000000
1828	-5.848414	5.141021	0.000000
1829	-7.239411	5.772541	0.000000
1830	7.049968	-1.027506	0.873204
1831	6.822971	-1.255556	0.908957
1832	8.107270	-1.356486	0.924926
1833	-1.691757	-0.482508	0.655936
1834	1.554538	-0.485547	0.654964
1835	-0.084863	-0.444796	0.634924
1836	-6.830109	-1.250603	0.908552
1837	-7.058466	-1.020466	0.871935
1838	-8.111422	-1.348653	0.924297
1839	6.823537	1.254729	0.908885
1840	7.050221	1.025740	0.873123
1841	8.107273	1.354952	0.924769
1842	-1.272724	1.374677	0.903129
1843	1.266684	1.374930	0.903139
1844	-0.002225	1.616978	0.907711
1845	-7.058325	1.020562	0.872022
1846	-6.829865	1.250761	0.908567
1847	-8.111350	1.348655	0.924282
1848	-0.000015	-10.000000	0.354536
1849	-0.976885	-10.000000	0.301696
1850	0.976805	-10.000000	0.301695
1851	-4.626897	-10.000000	0.136614
1852	-6.119389	-10.000000	0.071338
1853	-3.767320	-10.000000	0.067876
1854	4.625897	-10.000000	0.136607
1855	3.764320	-10.000000	0.067874
1856	6.117305	-10.000000	0.071331
1857	-0.000052	-6.387473	0.937528
1858	-0.938482	-6.923834	0.937528
1859	0.938383	-6.923846	0.937528
1860	-4.489139	-8.641568	0.937176
1861	-5.956287	-9.262137	0.933114
1862	-3.653629	-9.296063	0.932761
1863	4.489025	-8.641599	0.937176
1864	3.653533	-9.296073	0.932761
1865	5.956170	-9.262163	0.933114
1866	-0.009052	-0.838046	0.819092
1867	-1.174011	-0.980124	0.856598
1868	1.160739	-0.980497	0.856668
1869	-4.952713	-1.932342	0.912611
1870	-6.283598	-2.522828	0.905053
1871	-3.935435	-2.151859	0.907425
1872	4.948475	-1.933702	0.912603
1873	3.931910	-2.152739	0.907414
1874	6.280783	-2.524595	0.905046
1875	-0.093367	-0.184745	0.490180
1876	-0.952797	-0.207715	0.501346
1877	0.864703	-0.211082	0.501357
1878	-4.430651	-0.336439	0.562928
1879	-6.015451	-0.416032	0.583151
1880	-3.764209	-0.369437	0.585755
1881	4.447209	-0.365710	0.552890
1882	3.699498	-0.386003	0.582246
1883	6.030481	-0.462496	0.565582
1884	4.988246	0.007464	0.421209
1885	6.296227	0.055906	0.374999
1886	6.526506	-0.004743	0.361558
1887	8.384601	0.436358	0.201621
1890	9.105265	-0.426412	0.192374
1891	9.630372	-0.248362	0.077974
1892	9.640218	-0.895857	0.155398
1893	0.135169	0.129060	0.458338
1894	-0.811230	0.123417	0.457317
1895	1.389275	0.127912	0.455635
1896	-5.834557	0.253151	0.410334
1897	-7.114543	0.341860	0.351629
1898	-4.497424	0.158079	0.435907
1899	4.394747	0.160785	0.428776
1900	3.834008	0.127618	0.431837
1902	-0.022055	0.588528	0.712624
1903	-1.516598	0.558901	0.695823
1904	1.465697	0.559574	0.696290
1905	-5.831715	0.548095	0.667794
1906	-6.967602	0.540510	0.641626
1907	-4.660181	0.469074	0.625673
1908	5.808133	0.552927	0.672273
1909	4.649331	0.473524	0.629482
1910	6.961448	0.546621	0.648595
1911	-0.000139	4.638891	0.937528
1912	-0.942164	4.197795	0.937534
1913	0.941723	4.197824	0.937534
1914	-4.503677	3.293239	0.929176
1915	-6.057288	3.224105	0.953782
1916	-3.741638	2.793378	0.953666
1917	4.502281	3.293726	0.929169
1918	3.739458	2.793876	0.953668
1919	6.055673	3.225147	0.953788
1920	2.068895	10.000000	0.445601
1921	3.258265	10.000000	0.487179
1922	3.255711	10.000000	0.400849
1923	6.999291	10.000000	0.628082
1924	8.390329	10.000000	0.670119
1925	8.546208	10.000000	0.570019
1926	7.020877	10.000000	0.233638
1927	8.578281	10.000000	0.262303
1928	8.447461	10.000000	0.166761
1929	10.000000	-5.792520	0.430861
1930	10.000000	-6.465721	0.472038
1931	10.000000	-6.462294	0.390961
1932	10.000000	-8.530630	0.616597
1933	10.000000	-9.234176	0.663787
1934	10.000000	-9.271433	0.563938
1935	10.000000	-8.548867	0.236505
1936	10.000000	-9.294353	0.264789
1937	10.000000	-9.268387	0.169547
1938	-10.000000	-4.916698	0.331628
1939	-10.000000	-4.676818	0.271614
1940	-10.000000	-5.545803	0.287004
1941	-10.000000	-3.788928	0.110847
1942	-10.000000	-3.474269	0.060529
1943	-10.000000	-4.447499	0.054410
1944	-10.000000	-7.615423	0.133227
1945	-10.000000	-7.435853	0.063050
1946	-10.000000	-8.369848	0.070446
1947	10.000000	4.821749	0.326069
1948	10.000000	4.537201	0.264289
1949	10.000000	5.455624	0.283283
1950	10.000000	3.596647	0.095976
1951	10.000000	3.395487	0.046413
1952	10.000000	4.408074	0.050831
1953	10.000000	7.588461	0.133524
1954	10.000000	7.427855	0.063525
1955	10.000000	8.364400	0.070910
1956	-10.000000	5.755219	0.428272
1957	-10.000000	6.443747	0.470382
1958	-10.000000	6.426091	0.388907
1959	-10.000000	8.527445	0.616212
1960	-10.000000	9.232964	0.663585
1961	-10.000000	9.269425	0.563631
1962	-10.000000	8.531393	0.236178
1963	-10.000000	9.287412	0.264506
1964	-10.000000	9.260161	0.169536
1983	2.018587	-5.341828	-0.000000
1984	3.191179	-4.962410	0.000001
1985	3.181042	-5.837183	-0.000000
1986	6.982728	-3.899953	-0.001931
1987	8.447133	-3.614461	0.007088
1988	8.560646	-4.502021	-0.001134
1989	6.929006	-7.686009	-0.000000
1990	8.526749	-7.458806	0.000000
1991	8.373981	-8.412048	-0.000000
1992	2.561420	-0.051252	-0.246233
1993	3.873632	0.165921	-0.346492
1994	3.965537	-0.101549	-0.074005
1995	7.254686	1.046618	0.063717
1996	8.780702	1.685583	-0.026638
1997	8.612149	1.144771	0.074296
1998	7.637011	-0.655432	-0.135362
1999	8.979463	-0.347088	-0.196392
2000	8.830355	-1.048494	0.167339
2001	0.000246	6.273294	0.000000
2002	-0.947996	6.846180	0.000000
2003	0.948573	6.846095	0.000000
2004	-4.520893	8.684235	0.000000
2005	-5.997724	9.354164	0.000000
2006	-3.683224	9.398311	-0.000000
2007	4.521604	8.684022	0.000000
2008	3.683929	9.398234	-0.000000
2009	5.998396	9.353997	0.000000
2010	8.447796	-10.000000	0.166797
2011	8.578492	-10.000000	0.262369
2012	7.021091	-10.000000	0.233658
2013	8.546004	-10.000000	0.570083
2014	8.390078	-10.000000	0.670156
2015	6.999078	-10.000000	0.628102
2016	3.255686	-10.000000	0.400847
2017	3.258233	-10.000000	0.487178
2018	2.068877	-10.000000	0.445599
2019	6.169152	-10.000000	0.817531
2020	3.784185	-10.000000	0.819955
2021	4.723730	-10.000000	0.748565
2022	-3.784253	-10.000000	0.819955
2023	-6.169219	-10.000000	0.817530
2024	-4.723803	-10.000000	0.748563
2025	0.983910	-10.000000	0.590280
2026	-0.983932	-10.000000	0.590280
2027	-0.000007	-10.000000	0.538305
2028	-8.390170	-10.000000	0.670143
2029	-8.546083	-10.000000	0.570060
2030	-6.999171	-10.000000	0.628094
2031	-8.578508	-10.000000	0.262347
2032	-8.447882	-10.000000	0.166793
2033	-7.021150	-10.000000	0.233660
2034	-3.258250	-10.000000	0.487178
2035	-3.255701	-10.000000	0.400848
2036	-2.068887	-10.000000	0.445600
2037	8.336102	-8.449192	0.938795
2038	8.484566	-7.614354	0.938040
2039	6.878945	-7.760687	0.937468
2040	8.484647	-5.121650	0.938713
2041	8.354064	-4.420503	0.936214
2042	6.866152	-4.452912	0.939730
2043	3.139111	-6.004497	0.937528
2044	3.142755	-5.202022	0.937527
2045	1.990550	-5.535003	0.937528
2046	6.055539	-3.225204	0.953788
2047	3.739305	-2.793898	0.953668
2048	4.502185	-3.293749	0.929169
2049	-3.741757	-2.793342	0.953666
2050	-6.057333	-3.224047	0.953783
2051	-4.503744	-3.293203	0.929177
2052	0.941695	-4.197823	0.937534
2053	-0.942194	-4.197790	0.937534
2054	-0.000158	-4.638889	0.937528
2055	-8.354643	-4.418917	0.936209
2056	-8.485015	-5.120459	0.938708
2057	-6.866834	-4.452105	0.939725
2058	-8.484711	-7.614003	0.938039
2059	-8.336230	-8.449007	0.938795
2060	-6.879109	-7.760532	0.937468
2061	-3.143019	-5.201925	0.937527
2062	-3.139281	-6.004426	0.937528
2063	-1.990723	-5.534960	0.937528
2064	8.393111	-0.554888	0.487422
2065	8.746507	-0.583839	0.401084
2066	7.082650	-0.478194	0.487474
2067	9.357467	-1.046841	0.197906
2068	9.160027	-0.894418	0.228556
2070	3.184160	-0.218991	0.490225
2071	3.475867	-0.215544	0.481976
2072	1.882262	-0.179013	0.481838
2073	7.379265	-0.448123	0.415796
2074	3.925393	-0.159980	0.462438
2075	4.754555	-0.228799	0.458176
2076	-5.481524	-0.158918	0.469714
2078	-5.948197	-0.210706	0.475604
2079	0.754977	-0.142110	0.470852
2080	-1.384732	-0.134887	0.471309
2081	-0.253177	-0.143306	0.473725
2085	-8.742159	-0.504549	0.438549
2086	-8.247761	-0.490304	0.508379
2087	-6.838759	-0.385290	0.523365
2088	-3.711378	-0.180331	0.486263
2089	-3.357839	-0.194770	0.494370
2090	-2.286575	-0.166738	0.483432
2091	8.099211	-0.523514	0.350199
2092	6.251328	-0.289212	0.422361
2093	7.283047	-0.330644	0.368630
2096	-7.383939	-0.231616	0.423339
2097	3.572411	-0.047712	0.444337
2098	-1.910252	-0.034686	0.450657
2099	0.759681	-0.027858	0.447464
2100	-9.637216	-0.792451	0.157104
2101	-9.604372	-0.208782	0.077467
2102	-9.002210	-0.348409	0.193080
2103	-9.449905	0.847671	0.051331
2104	-9.145131	0.799471	0.101348
2105	-8.498463	0.495850	0.193520
2106	-6.260350	0.027943	0.395703
2107	-6.223019	0.081900	0.393256
2108	-4.741809	0.024457	0.429593
2111	-5.851049	0.196557	0.387678
2112	4.354145	0.131365	0.421472
2113	7.050145	0.316863	0.376500
2114	6.110185	0.199020	0.394925
2115	-2.206894	0.023993	0.442200
2116	2.390220	0.020843	0.438018
2117	-0.047697	0.004080	0.444966
2121	8.473628	0.452020	0.385140
2122	8.204715	0.462091	0.475953
2123	7.028037	0.397710	0.456972
2124	3.379001	0.177915	0.458404
2125	3.420635	0.195498	0.467314
2126	2.097184	0.162775	0.465175
2127	6.228007	0.435931	0.563267
2128	3.926388	0.380777	0.575075
2129	4.684636	0.350381	0.540836
2130	-3.869845	0.375948	0.573410
2131	-6.196207	0.432021	0.556850
2132	-4.631028	0.346573	0.538999
2133	1.022726	0.205075	0.491202
2134	-0.862471	0.204396	0.492651
2135	0.111054	0.178759	0.479924
2136	-8.204464	0.462237	0.468157
2137	-8.463527	0.455450	0.378701
2138	-7.017885	0.400435	0.449088
2140	-8.869278	0.691283	0.136469
2142	-2.943343	0.189094	0.475304
2143	-2.938529	0.170017	0.466594
2144	-1.811263	0.160039	0.468868
2145	8.354112	4.420413	0.936214
2146	8.484669	5.121586	0.938712
2147	6.866193	4.452872	0.939729
2148	8.484575	7.614333	0.938040
2149	8.336112	8.449181	0.938795
2150	6.878955	7.760679	0.937468
2151	3.142768	5.202019	0.937527
2152	3.139119	6.004495	0.937528
2153	1.990559	5.535002	0.937528
2154	5.956176	9.262161	0.933114
2155	3.653538	9.296072	0.932761
2156	4.489030	8.641597	0.937176
2157	-3.653623	9.296064	0.932761
2158	-5.956280	9.262138	0.933114
2159	-4.489132	8.641570	0.937176
2160	0.938388	6.923846	0.937528
2161	-0.938475	6.923836	0.937528
2162	-0.000046	6.387473	0.937528
2163	-8.336227	8.449016	0.938795
2164	-8.484706	7.614018	0.938039
2165	-6.879102	7.760541	0.937468
2166	-8.485004	5.120509	0.938708
2167	-8.354642	4.418976	0.936209
2168	-6.866810	4.452149	0.939725
2169	-3.139270	6.004432	0.937528
2170	-3.143002	5.201933	0.937527
2171	-1.990711	5.534964	0.937528
2172	6.116926	10.000000	0.071332
2173	3.764511	10.000000	0.067884
2174	4.625833	10.000000	0.136614
2175	-3.764122	10.000000	0.067884
2176	-6.116653	10.000000	0.071331
2177	-4.625706	10.000000	0.136614
2178	0.976852	10.000000	0.301702
2179	-0.976843	10.000000	0.301702
2180	0.000002	10.000000	0.354540
2181	-8.447446	10.000000	0.166761
2182	-8.578277	10.000000	0.262305
2183	-7.020867	10.000000	0.233638
2184	-8.546203	10.000000	0.570022
2185	-8.390327	10.000000	0.670120
2186	-6.999287	10.000000	0.628083
2187	-3.255709	10.000000	0.400849
2188	-3.258264	10.000000	0.487179
2189	-2.068894	10.000000	0.445601
2190	-6.169249	10.000000	0.817529
2191	-3.784263	10.000000	0.819955
2192	-4.723858	10.000000	0.748562
2193	3.784219	10.000000	0.819955
2194	6.169214	10.000000	0.817528
2195	4.723848	10.000000	0.748562
2196	-0.983929	10.000000	0.590281
2197	0.983930	10.000000	0.590281
2198	0.000000	10.000000	0.538306
2199	10.000000	-8.377218	0.070630
2200	10.000000	-7.448587	0.063265
2201	10.000000	-7.622315	0.133526
2202	10.000000	-4.484896	0.053234
2203	10.000000	-3.516853	0.054517
2204	10.000000	-3.798092	0.105866
2205	10.000000	-5.544174	0.286822
2206	10.000000	-4.670302	0.270503
2207	10.000000	-4.914586	0.331104
2218	10.000000	-1.391399	0.145258
2219	10.000000	-2.221018	0.151683
2220	10.000000	-0.562544	0.289345
2221	10.000000	-0.477057	0.439649
2222	10.000000	-0.905915	0.410276
2223	10.000000	-3.254554	0.320799
2224	10.000000	-2.823622	0.384505
2225	10.000000	-3.562860	0.377335
2226	10.000000	-0.891537	0.677227
2227	10.000000	-1.228316	0.757151
2228	10.000000	-1.234807	0.615806
2229	10.000000	-2.606385	0.825158
2230	10.000000	-3.165095	0.837773
2231	10.000000	-3.063817	0.770798
2232	10.000000	-2.929439	0.511988
2233	10.000000	-3.425401	0.564858
2234	10.000000	-3.634924	0.499095
2235	10.000000	-4.422805	0.844116
2236	10.000000	-5.140677	0.839481
2237	10.000000	-4.407797	0.785993
2238	10.000000	-7.626286	0.824796
2239	10.000000	-8.461571	0.811015
2240	10.000000	-7.710301	0.743512
2241	10.000000	-4.797145	0.598787
2242	10.000000	-5.607208	0.579156
2243	10.000000	-4.972070	0.533256
2244	-10.000000	-9.266601	0.169367
2245	-10.000000	-9.293216	0.264619
2246	-10.000000	-8.546367	0.236264
2247	-10.000000	-9.271102	0.563857
2248	-10.000000	-9.233931	0.663737
2249	-10.000000	-8.530111	0.616512
2250	-10.000000	-6.460945	0.390842
2251	-10.000000	-6.464445	0.471921
2252	-10.000000	-5.791496	0.430821
2253	-10.000000	-8.461163	0.810994
2254	-10.000000	-7.625606	0.824775
2255	-10.000000	-7.709649	0.743466
2256	-10.000000	-5.138664	0.839474
2257	-10.000000	-4.420081	0.844123
2258	-10.000000	-4.405388	0.786002
2259	-10.000000	-5.606061	0.579092
2260	-10.000000	-4.795987	0.598770
2261	-10.000000	-4.971137	0.533248
2262	-10.000000	-3.160466	0.837852
2263	-10.000000	-2.600919	0.825360
2264	-10.000000	-3.060331	0.770959
2265	-10.000000	-1.223660	0.759226
2266	-10.000000	-0.888267	0.682952
2267	-10.000000	-1.238007	0.621659
2268	-10.000000	-3.424939	0.565121
2269	-10.000000	-2.928576	0.512742
2270	-10.000000	-3.634260	0.499493
2271	-10.000000	-0.466918	0.473496
2272	-10.000000	-0.518302	0.329527
2273	-10.000000	-0.892459	0.429732
2274	-10.000000	-1.176641	0.174552
2275	-10.000000	-1.530558	0.156197
2276	-10.000000	-2.235070	0.180474
2277	-10.000000	-2.815164	0.387254
2278	-10.000000	-3.252540	0.324526
2279	-10.000000	-3.561680	0.378998
2289	10.000000	9.260180	0.169515
2290	10.000000	9.287473	0.264490
2291	10.000000	8.531567	0.236156
2292	10.000000	9.269544	0.563622
2293	10.000000	9.233107	0.663578
2294	10.000000	8.527733	0.616203
2295	10.000000	6.427073	0.388934
2296	10.000000	6.444763	0.470392
2297	10.000000	5.756590	0.428322
2298	10.000000	8.460672	0.810888
2299	10.000000	7.625107	0.824656
2300	10.000000	7.708110	0.743229
2301	10.000000	5.139102	0.839272
2302	10.000000	4.421381	0.843896
2303	10.000000	4.404872	0.785492
2304	10.000000	5.593408	0.577675
2305	10.000000	4.781840	0.596871
2306	10.000000	4.948681	0.530799
2307	10.000000	3.163773	0.837415
2308	10.000000	2.605242	0.824582
2309	10.000000	3.061800	0.769892
2310	10.000000	1.227645	0.757677
2311	10.000000	0.880890	0.684426
2312	10.000000	1.230674	0.617368
2313	10.000000	3.401052	0.560475
2314	10.000000	2.888328	0.504629
2315	10.000000	3.591650	0.493310
2316	10.000000	0.425455	0.486238
2317	10.000000	0.435520	0.337607
2318	10.000000	0.846747	0.422760
2319	10.000000	1.013235	0.060895
2320	10.000000	1.414401	0.052663
2321	10.000000	1.939866	0.116724
2322	10.000000	2.698774	0.370215
2323	10.000000	3.087845	0.306967
2324	10.000000	3.454645	0.367610
2334	-10.000000	8.364834	0.070939
2335	-10.000000	7.428529	0.063554
2336	-10.000000	7.588148	0.133546
2337	-10.000000	4.406587	0.050625
2338	-10.000000	3.391097	0.045737
2339	-10.000000	3.574896	0.094784
2340	-10.000000	5.453704	0.283096
2341	-10.000000	4.534364	0.263797
2342	-10.000000	4.819766	0.325791
2352	-10.000000	1.298763	0.044662
2353	-10.000000	0.968754	0.056801
2354	-10.000000	1.910275	0.112138
2355	-10.000000	0.434290	0.326195
2356	-10.000000	0.420531	0.474677
2357	-10.000000	0.844394	0.415425
2358	-10.000000	3.086548	0.305702
2359	-10.000000	2.697470	0.368896
2360	-10.000000	3.452694	0.366893
2361	-10.000000	0.870223	0.679118
2362	-10.000000	1.216243	0.755412
2363	-10.000000	1.222232	0.613908
2364	-10.000000	2.597433	0.824472
2365	-10.000000	3.157762	0.837364
2366	-10.000000	3.055066	0.769770
2367	-10.000000	2.883629	0.503951
2368	-10.000000	3.396086	0.560166
2369	-10.000000	3.587968	0.492969
2370	-10.000000	4.417972	0.843861
2371	-10.000000	5.136614	0.839245
2372	-10.000000	4.401105	0.785436
2373	-10.000000	7.624421	0.824652
2374	-10.000000	8.460311	0.810891
2375	-10.000000	7.707490	0.743230
2376	-10.000000	4.778846	0.596810
2377	-10.000000	5.591495	0.577652
2378	-10.000000	4.946251	0.530736
2433	6.000417	-9.352544	-0.000000
2434	3.684675	-9.397283	0.000000
2435	4.523501	-8.681753	-0.000000
2436	-3.690083	-9.396704	0.000000
2437	-6.005595	-9.351281	-0.000000
2438	-4.529030	-8.680153	-0.000000
2439	0.947160	-6.842045	-0.000000
2440	-0.952257	-6.841418	-0.000000
2441	-0.002532	-6.268053	-0.000000
2442	-8.377863	-8.405208	-0.000000
2443	-8.530624	-7.446660	0.000000
2444	-6.934526	-7.679661	-0.000000
2445	-8.564298	-4.470332	-0.002280
2446	-8.448631	-3.577560	0.013302
2447	-6.988915	-3.876299	-0.003989
2448	-3.187158	-5.834006	-0.000000
2449	-3.198311	-4.958391	0.000003
2450	-2.024554	-5.339836	-0.000000
2451	-6.175037	-2.376187	-0.004661
2452	-3.812376	-2.067107	-0.000229
2453	-4.627438	-2.672446	0.001629
2454	3.814809	-2.082642	-0.000132
2455	6.178225	-2.404219	-0.002677
2456	4.622197	-2.688668	0.000849
2457	-0.965618	-3.882015	-0.000001
2458	0.956830	-3.883375	-0.000001
2459	-0.003701	-4.376518	0.000000
2460	6.388235	-1.521312	-0.158324
2461	4.029108	-1.303909	-0.240616
2462	5.038007	-1.067841	0.137233
2463	-3.985781	-1.289674	-0.212173
2464	-6.379310	-1.502402	-0.151552
2465	-5.010158	-1.070638	0.141118
2466	1.136884	-0.361154	-0.125191
2467	-1.120559	-0.371567	-0.155735
2468	-0.053573	-0.241263	0.037076
2469	-8.826021	-1.034563	0.177322
2470	-8.965770	-0.351526	-0.191804
2471	-7.589869	-0.663742	-0.084803
2472	-8.648873	1.141987	0.085143
2473	-8.799337	1.680822	0.009302
2474	-7.336959	1.043396	-0.024793
2475	-3.797863	-0.083167	-0.015287
2476	-3.708700	0.154774	-0.255561
2477	-2.392751	0.000465	-0.271598
2478	-5.904082	1.547231	0.127648
2479	-3.730834	1.301970	0.275125
2480	-4.675582	1.124975	-0.127691
2481	3.712018	1.312846	0.225115
2482	5.931084	1.559529	0.163603
2483	4.644595	1.145636	-0.137618
2484	-1.020099	0.412855	0.041123
2485	1.267346	0.412580	0.055776
2486	0.104445	0.200106	-0.040698
2487	8.372319	8.417313	0.000000
2488	8.525459	7.467189	-0.000000
2489	6.926707	7.692117	0.000000
2490	8.559320	4.512708	0.000000
2491	8.441071	3.620384	-0.000000
2492	6.979600	3.909381	0.000000
2493	3.180442	5.844136	0.000000
2494	3.191376	4.971717	-0.000000
2495	2.019195	5.349436	0.000000
2496	6.104928	2.402510	-0.000000
2497	3.740138	2.086745	0.000000
2498	4.591924	2.697595	-0.000000
2499	-3.751035	2.089534	0.000000
2500	-6.100660	2.405868	-0.000000
2501	-4.596151	2.700736	-0.000000
2502	0.959301	3.895903	-0.000000
2503	-0.960398	3.896175	-0.000000
2504	-0.000175	4.387528	0.000000
2505	-8.440917	3.626662	-0.000000
2506	-8.558944	4.517818	0.000000
2507	-6.979900	3.912953	0.000000
2508	-8.524934	7.468837	-0.000000
2509	-8.371803	8.418218	0.000000
2510	-6.926016	7.692962	0.000000
2511	-3.191274	4.972355	-0.000000
2512	-3.179976	5.844597	0.000000
2513	-2.018933	5.349737	0.000000
2514	8.653981	-2.629006	0.921838
2515	8.887936	-2.225064	0.935832
2516	7.494355	-1.974306	0.926791
2517	9.191796	-1.055539	0.874314
2518	9.173350	-0.762691	0.779003
2519	8.162524	-0.826680	0.806538
2520	4.044927	-0.902562	0.838034
2521	4.317552	-0.769140	0.793048
2522	2.736397	-0.745889	0.785256
2523	6.908828	-0.566347	0.640539
2524	4.533906	-0.479393	0.629698
2525	5.766377	-0.561939	0.668964
2526	-4.656552	-0.462708	0.634498
2527	-6.944129	-0.538956	0.644657
2528	-5.820910	-0.545117	0.672191
2529	1.448463	-0.559567	0.697037
2530	-1.527836	-0.557995	0.697566
2531	-0.031580	-0.588142	0.713579
2532	-9.170018	-0.744619	0.775321
2533	-9.192346	-1.041195	0.871786
2534	-8.165394	-0.812660	0.803702
2535	-8.889774	-2.219001	0.935974
2536	-8.655784	-2.624699	0.921965
2537	-7.497977	-1.970545	0.926948
2538	-4.341123	-0.765812	0.792675
2539	-4.060935	-0.900360	0.837638
2540	-2.761742	-0.744295	0.785131
2541	9.168915	0.753606	0.781946
2542	9.190258	1.050899	0.873559
2543	8.159142	0.820416	0.807876
2544	8.888131	2.224313	0.935852
2545	8.654183	2.628606	0.921851
2546	7.494655	1.973952	0.926804
2547	4.320822	0.768316	0.793205
2548	4.046868	0.902188	0.838041
2549	2.739654	0.745640	0.785182
2550	6.280971	2.524489	0.905047
2551	3.932130	2.152692	0.907415
2552	4.948764	1.933615	0.912605
2553	-3.935199	2.151907	0.907424
2554	-6.283461	2.522910	0.905055
2555	-4.952463	1.932423	0.912612
2556	1.161919	0.980462	0.856645
2557	-1.173051	0.980157	0.856578
2558	-0.007482	0.838078	0.818990
2559	-8.655851	2.624749	0.921961
2560	-8.889854	2.218947	0.935977
2561	-7.497894	1.970690	0.926938
2562	-9.192654	1.039944	0.871530
2563	-9.171965	0.741812	0.776768
2564	-8.166527	0.811832	0.804345
2565	-4.060133	0.900525	0.837583
2566	-4.339895	0.766151	0.792307
2567	-2.760004	0.744575	0.784733
