1	10.000000	-15.000000	0.000000
2	-10.000000	-15.000000	0.000000
3	10.000000	15.000000	0.000000
4	-10.000000	15.000000	0.000000
5	10.000000	-10.058336	0.000000
6	-10.000000	-10.058304	0.000000
7	10.000000	10.058348	0.000000
8	-10.000000	10.058353	0.000000
9	10.000000	-9.885325	0.725668
10	-10.000000	-9.885324	0.725669
11	10.000000	-0.719963	0.655598
14	-10.000000	0.639870	0.690030
15	10.000000	9.885304	0.725642
16	-10.000000	9.885307	0.725647
17	10.000000	-4.501957	0.900000
18	-10.000000	-4.497017	0.900000
19	10.000000	4.498676	0.900000
20	-10.000000	4.494228	0.900000
27	10.000000	-1.892479	0.086239
28	-10.000000	-1.808841	0.078674
29	-0.000022	-10.000000	0.443162
30	-0.000303	-5.762019	0.953672
31	-0.309707	-0.218297	0.571898
32	0.459779	-0.000477	0.535427
33	0.342998	0.193121	0.558076
34	-0.000273	5.762015	0.953672
35	0.000001	10.000000	0.443166
36	10.000000	-4.728426	0.438105
37	-10.000000	-4.735068	0.439698
38	10.000000	4.640958	0.431035
39	-10.000000	4.636601	0.430506
42	-0.005209	-5.510395	0.000000
43	0.021831	-0.094432	0.313185
44	0.000484	5.520650	-0.000000
45	-0.021682	-0.995813	0.840013
46	-0.010406	0.995201	0.839246
47	0.000000	0.000000	0.000000
48	-0.005692	-10.051541	0.000000
49	-0.000195	-9.863447	0.900000
50	-0.105396	-0.497429	0.676702
51	-0.486221	0.083313	0.536232
52	0.034514	0.489996	0.669684
53	-0.000172	9.863444	0.900000
54	0.000944	10.051551	0.000000
55	10.000000	-10.000000	0.376866
56	-10.000000	-10.000000	0.376836
59	10.000000	10.000000	0.376573
60	-10.000000	10.000000	0.376575
61	10.000000	-7.090367	0.899997
62	-10.000000	-7.088555	0.899997
63	9.574466	-1.037059	0.200042
65	9.615319	0.740917	0.155240
66	-9.528369	0.703243	0.134146
67	10.000000	7.089772	0.899997
68	-10.000000	7.088058	0.899997
69	10.000000	-6.332296	0.000000
70	-10.000000	-6.308615	0.000000
71	10.000000	6.332631	0.000000
72	-10.000000	6.339178	0.000000
73	-0.005760	1.911046	0.000000
78	-1.010578	-0.104674	0.549145
79	-0.006933	-1.901717	0.000000
82	-0.003032	-3.119601	0.900000
83	-0.002445	3.119390	0.900000
84	10.000000	2.346741	0.899977
85	-10.000000	2.337312	0.899978
86	10.000000	-2.364502	0.899971
87	-10.000000	-2.353316	0.899974
88	3.961743	-10.000000	0.266396
89	4.013559	-10.000000	0.608155
90	-4.013653	-10.000000	0.608154
91	-3.962242	-10.000000	0.266409
92	3.777462	-7.502434	0.953640
93	3.934298	-4.700550	0.952963
94	-3.935871	-4.699965	0.952965
95	-3.777927	-7.502260	0.953640
96	3.723787	-0.368164	0.601201
97	4.106147	-0.297436	0.565340
98	-4.298687	-0.233090	0.576797
99	-3.796596	-0.328362	0.610774
100	7.000018	-0.186340	0.429667
101	-6.430235	-0.099494	0.503905
102	-6.256543	0.198396	0.491895
103	6.267025	0.144320	0.488553
104	4.471181	0.219720	0.549796
105	3.933960	0.323245	0.591622
106	-3.729463	0.327500	0.585387
107	-3.787141	0.234771	0.550704
108	3.934541	4.700458	0.952963
109	3.777507	7.502417	0.953640
110	-3.777932	7.502260	0.953640
111	-3.935967	4.699924	0.952965
112	3.961769	10.000000	0.266402
113	-3.961700	10.000000	0.266400
114	-4.013828	10.000000	0.608146
115	4.013812	10.000000	0.608146
116	10.000000	-7.166029	0.265771
118	10.000000	-3.692408	0.213451
119	10.000000	-2.034669	0.481982
120	10.000000	-4.195402	0.682408
121	10.000000	-7.263391	0.596867
122	-10.000000	-7.169289	0.265711
123	-10.000000	-7.264192	0.596912
124	-10.000000	-4.199265	0.683134
125	-10.000000	-2.038538	0.492567
127	-10.000000	-3.718718	0.222992
128	10.000000	7.105129	0.264140
129	10.000000	7.244602	0.595142
130	10.000000	4.172149	0.679054
131	10.000000	1.941458	0.473657
133	10.000000	3.466639	0.197828
134	-10.000000	7.102402	0.264049
136	-10.000000	3.453316	0.195898
137	-10.000000	1.933925	0.470029
138	-10.000000	4.165096	0.678753
139	-10.000000	7.242656	0.595115
148	3.865001	-7.399363	0.000000
149	-3.875065	-7.394840	0.000000
150	-4.028080	-4.086869	0.001068
151	4.020243	-4.097783	0.000521
152	4.355103	-0.669400	-0.055396
153	-4.264391	-0.673775	-0.013747
154	-4.167788	0.809703	-0.273007
155	4.241174	0.813625	-0.139042
156	3.867918	7.403974	-0.000000
157	4.024066	4.104679	-0.000000
158	-4.023338	4.107454	-0.000000
159	-3.866285	7.404827	-0.000000
160	4.217474	-1.852184	0.925403
161	5.237513	-0.938340	0.819104
162	-5.289215	-0.925064	0.821582
163	-4.228384	-1.849181	0.925388
164	5.258778	0.927792	0.819350
165	4.221211	1.851050	0.925404
166	-4.228762	1.848999	0.925392
167	-5.273988	0.923969	0.817427
168	5.183463	-10.053416	0.000000
169	5.089673	-9.867788	0.900000
170	5.426449	-0.595376	0.664965
172	5.636433	0.559511	0.661003
173	5.089719	9.867781	0.900000
174	5.186472	10.053426	0.000000
175	10.000000	-10.000000	0.181950
176	-10.000000	-10.000000	0.181916
179	10.000000	10.000000	0.181848
180	-10.000000	10.000000	0.181852
181	10.000000	-8.565733	0.899924
182	-10.000000	-8.564957	0.899925
183	9.348977	-0.718979	0.398839
184	-9.249419	-0.684232	0.480820
186	-9.613483	1.079777	0.082266
187	10.000000	5.680753	0.900000
188	-10.000000	5.677799	0.900000
189	10.000000	-8.314759	0.000000
190	-10.000000	-8.302968	0.000000
191	10.000000	8.316034	0.000000
192	-10.000000	8.319198	0.000000
193	5.347856	2.086392	0.000000
196	10.000000	-0.497310	0.000000
197	-10.000000	-0.476357	0.000000
199	5.452962	-2.101122	0.000000
202	5.325155	-3.512082	0.900000
203	5.326216	3.511398	0.900000
204	10.000000	1.178270	0.872886
205	-10.000000	1.165701	0.869955
206	10.000000	-3.477345	0.899844
207	-10.000000	-3.469857	0.899843
208	6.640858	-10.000000	0.148237
209	6.673631	-10.000000	0.709980
210	-6.673776	-10.000000	0.709976
211	-6.642234	-10.000000	0.148269
212	6.419941	-8.664148	0.951642
213	6.690930	-4.460637	0.949147
214	-6.692615	-4.458763	0.949142
215	-6.420366	-8.663952	0.951643
216	6.362626	-0.563781	0.593284
218	-7.682347	-0.458465	0.554752
219	-6.183869	-0.484636	0.632087
220	8.660512	-0.606694	0.302662
221	-8.600498	-0.503128	0.367029
222	-7.646576	0.432715	0.401893
223	7.663085	0.396162	0.399203
225	6.537254	0.493470	0.586963
226	-6.509678	0.499172	0.571599
228	6.691616	4.460159	0.949148
229	6.419997	8.664120	0.951642
230	-6.420392	8.663942	0.951643
231	-6.693107	4.458433	0.949144
232	6.640979	10.000000	0.148233
233	-6.640770	10.000000	0.148227
234	-6.674154	10.000000	0.709950
235	6.674093	10.000000	0.709949
236	10.000000	-8.541940	0.148129
238	10.000000	-3.068748	0.109908
239	10.000000	-1.081439	0.536262
240	10.000000	-4.214167	0.803382
241	10.000000	-8.611066	0.699827
242	-10.000000	-8.539778	0.147816
243	-10.000000	-8.610958	0.699816
244	-10.000000	-4.214057	0.803729
245	-10.000000	-1.090956	0.563088
247	-10.000000	-3.052804	0.130455
248	10.000000	8.517694	0.148200
249	10.000000	8.605487	0.699129
250	10.000000	4.204545	0.802134
251	10.000000	1.010375	0.559421
253	10.000000	2.798924	0.084756
254	-10.000000	8.516849	0.148249
256	-10.000000	2.732398	0.082469
257	-10.000000	1.003286	0.552623
258	-10.000000	4.197958	0.801997
259	-10.000000	8.604667	0.699135
268	6.524759	-8.655665	0.000000
269	-6.532947	-8.650980	0.000000
270	-6.774128	-3.360644	0.020526
271	6.774781	-3.382393	0.011091
272	7.058126	-1.288432	-0.058950
273	-7.030663	-1.299601	-0.019560
274	-6.573130	1.489144	0.127154
275	6.614485	1.540336	0.031238
276	6.526119	8.658067	-0.000000
277	6.769020	3.375412	-0.000000
278	-6.764936	3.379645	-0.000000
279	-6.524542	8.659000	-0.000000
280	6.699921	-2.869565	0.916525
281	7.616826	-0.896832	0.773448
282	-7.634598	-0.864895	0.779401
283	-6.704361	-2.865731	0.916576
284	7.624502	0.865255	0.779015
285	6.702007	2.868138	0.916558
286	-6.705631	2.865036	0.916596
287	-7.630279	0.859443	0.773524
288	-5.192382	-10.053412	0.000000
289	-5.090018	-9.867788	0.900000
290	-5.492497	-0.547024	0.681728
292	-5.592556	0.559691	0.650319
293	-5.090027	9.867783	0.900000
294	-5.184896	10.053426	0.000000
295	10.000000	-10.000000	0.563495
296	-10.000000	-10.000000	0.563482
299	10.000000	10.000000	0.563284
300	-10.000000	10.000000	0.563288
301	10.000000	-5.682147	0.900000
302	-10.000000	-5.678951	0.900000
304	-9.754081	-1.348780	0.192872
305	9.253097	0.552689	0.436988
306	-9.257857	0.547078	0.421831
307	10.000000	8.565531	0.899924
308	-10.000000	8.564795	0.899925
309	10.000000	-4.311006	0.000000
310	-10.000000	-4.280438	0.000000
311	10.000000	4.305088	0.000000
312	-10.000000	4.314392	0.000000
313	-5.247833	2.084396	0.000000
318	-7.644690	-0.402610	0.530020
319	-5.444333	-2.085092	0.000000
322	-5.329386	-3.510061	0.900000
323	-5.329655	3.509509	0.900000
324	10.000000	3.469675	0.899848
325	-10.000000	3.463086	0.899848
326	10.000000	-1.216422	0.872559
327	-10.000000	-1.200559	0.872007
328	1.738451	-10.000000	0.366050
329	1.751251	-10.000000	0.517619
330	-1.751287	-10.000000	0.517619
331	-1.738581	-10.000000	0.366053
332	1.640547	-6.499761	0.953671
333	1.705271	-5.197278	0.953669
334	-1.706257	-5.197139	0.953669
335	-1.641043	-6.499665	0.953671
336	1.533815	-0.262137	0.579246
337	1.619753	-0.229125	0.566932
338	-2.271120	-0.208200	0.573156
339	-1.873102	-0.244492	0.584548
340	4.118485	-0.044303	0.524240
341	-3.248709	-0.010061	0.537394
342	-3.772028	0.055136	0.533467
343	4.151587	0.023698	0.527008
344	2.265071	0.192303	0.556115
345	1.904010	0.234291	0.570075
346	-1.317827	0.233449	0.568779
347	-1.357919	0.190061	0.555110
348	1.705344	5.197257	0.953669
349	1.640583	6.499752	0.953671
350	-1.641032	6.499666	0.953671
351	-1.706237	5.197131	0.953669
352	1.738504	10.000000	0.366058
353	-1.738489	10.000000	0.366058
354	-1.751306	10.000000	0.517621
355	1.751301	10.000000	0.517621
356	10.000000	-5.874325	0.359974
358	10.000000	-4.238896	0.327262
359	10.000000	-3.353303	0.451664
360	10.000000	-4.412563	0.556526
361	10.000000	-5.937715	0.508059
362	-10.000000	-5.882148	0.360759
363	-10.000000	-5.941129	0.508451
364	-10.000000	-4.417749	0.557634
365	-10.000000	-3.357624	0.455689
367	-10.000000	-4.251686	0.331280
368	10.000000	5.787806	0.355464
369	10.000000	5.892703	0.504471
370	10.000000	4.360690	0.550732
371	10.000000	3.242890	0.439739
373	10.000000	4.080082	0.316507
374	-10.000000	5.784080	0.355159
376	-10.000000	4.074121	0.315388
377	-10.000000	3.236936	0.438325
378	-10.000000	4.354999	0.550302
379	-10.000000	5.889429	0.504322
388	1.686881	-6.319808	0.000000
389	-1.697062	-6.317328	0.000000
390	-1.750531	-4.823886	0.000015
391	1.739429	-4.827330	0.000007
392	2.054232	-0.285207	0.015174
393	-1.838635	-0.275884	-0.079105
394	-1.666531	0.484944	-0.243778
395	1.935216	0.400787	-0.185768
396	1.691524	6.326960	-0.000000
397	1.745165	4.837588	-0.000000
398	-1.744228	4.838381	-0.000000
399	-1.690209	6.327448	-0.000000
400	1.980503	-1.266637	0.889249
401	2.449516	-0.932242	0.822708
402	-2.509996	-0.928468	0.823612
403	-2.004320	-1.264773	0.889189
404	2.470248	0.929454	0.822112
405	1.987391	1.265642	0.889105
406	-2.001322	1.264605	0.888972
407	-2.492131	0.927946	0.821554
408	-0.000434	-10.000000	0.242994
409	-2.360142	-10.000000	0.131623
410	2.356523	-10.000000	0.131615
411	-0.000204	-7.649296	0.953633
412	-2.237286	-8.758837	0.951650
413	2.236885	-8.758877	0.951649
414	-0.006698	-1.693393	0.917904
415	-2.382476	-2.390994	0.916301
416	2.375175	-2.392070	0.916280
417	-0.070831	-0.302816	0.600630
418	-2.126764	-0.390951	0.637134
419	2.104238	-0.409296	0.634157
420	7.457543	0.042649	0.361630
421	8.812878	0.417997	0.223849
422	9.030892	-0.107498	0.142044
423	0.328327	0.154569	0.549802
424	-3.336892	0.189345	0.543145
425	1.497761	0.129955	0.543987
426	-0.008838	0.714651	0.754640
427	-3.147906	0.631134	0.717368
428	3.156115	0.633088	0.719988
429	-0.000993	4.251321	0.953431
430	-2.418500	3.695990	0.951443
431	2.415198	3.696476	0.951449
432	4.592473	10.000000	0.434729
433	7.191362	10.000000	0.515290
434	7.199094	10.000000	0.320509
435	10.000000	-7.303867	0.428506
436	10.000000	-8.651285	0.507553
437	10.000000	-8.644458	0.321505
438	-10.000000	-5.497079	0.228785
439	-10.000000	-4.952263	0.110307
440	-10.000000	-6.838385	0.122092
441	10.000000	5.356719	0.222605
442	10.000000	4.850981	0.104535
443	10.000000	6.789557	0.121787
444	-10.000000	7.264332	0.426272
445	-10.000000	8.638328	0.506460
446	-10.000000	8.621921	0.320655
453	4.547065	-5.735514	0.000017
454	7.237249	-5.068735	0.000869
455	7.152247	-6.932667	0.000007
456	4.919015	-0.033991	0.123326
457	7.323278	0.697490	0.266281
458	7.499785	-0.243657	0.189224
459	0.000817	7.606132	-0.000000
460	-2.285211	8.821651	-0.000000
461	2.286982	8.821446	-0.000000
462	7.199395	-10.000000	0.320560
463	7.191111	-10.000000	0.515358
464	4.592453	-10.000000	0.434737
465	2.441196	-10.000000	0.747133
466	-2.441389	-10.000000	0.747133
467	-0.000046	-10.000000	0.640400
468	-7.191199	-10.000000	0.515350
469	-7.199542	-10.000000	0.320566
470	-4.592512	-10.000000	0.434741
471	7.037640	-7.228118	0.953677
472	7.120354	-5.738019	0.953161
473	4.438704	-6.070896	0.953663
474	2.414694	-3.696604	0.951450
475	-2.418395	-3.696076	0.951443
476	-0.001096	-4.251357	0.953431
477	-7.121141	-5.736797	0.953162
478	-7.038130	-7.227501	0.953677
479	-4.439410	-6.070495	0.953663
480	7.182081	-0.591405	0.541500
481	7.985392	-0.694442	0.443779
482	4.869996	-0.365326	0.576758
483	2.170358	-0.194168	0.555826
484	-3.812129	-0.188048	0.568789
485	-0.282140	-0.181075	0.562244
487	-7.562998	-0.482819	0.589816
488	-4.921180	-0.299742	0.588935
489	5.072681	-0.218602	0.538273
490	-5.224616	-0.128792	0.550419
491	1.405590	-0.081333	0.544479
492	-8.907388	-0.060448	0.163141
493	-8.871693	0.499847	0.167458
494	-7.285035	0.104980	0.404894
495	-3.383863	0.120246	0.529076
496	2.988751	0.086931	0.532463
497	0.100509	0.042632	0.535659
498	7.041851	0.373423	0.470283
499	7.396140	0.458302	0.486897
500	5.012947	0.271056	0.559551
501	2.307138	0.391413	0.626721
502	-2.209675	0.390844	0.624898
503	0.114489	0.292136	0.591686
506	-4.013155	0.275063	0.560650
507	7.120561	5.737782	0.953161
508	7.037731	7.228027	0.953677
509	4.438793	6.070849	0.953663
510	2.236913	8.758873	0.951649
511	-2.237277	8.758836	0.951650
512	-0.000185	7.649295	0.953633
513	-7.038186	7.227458	0.953677
514	-7.121276	5.736653	0.953162
515	-4.439436	6.070483	0.953663
516	2.358103	10.000000	0.131631
517	-2.357560	10.000000	0.131630
518	0.000060	10.000000	0.243008
519	-7.199074	10.000000	0.320507
520	-7.191366	10.000000	0.515290
521	-4.592471	10.000000	0.434729
522	-2.441494	10.000000	0.747131
523	2.441386	10.000000	0.747130
524	-0.000012	10.000000	0.640400
525	10.000000	-6.845842	0.122249
526	10.000000	-4.966971	0.108381
527	10.000000	-5.485237	0.227375
531	10.000000	-2.027672	0.200033
532	10.000000	-1.301546	0.310907
533	10.000000	-2.657404	0.329822
534	10.000000	-1.873918	0.691242
535	10.000000	-2.922541	0.752605
536	10.000000	-2.965771	0.596642
537	10.000000	-5.628168	0.777411
538	10.000000	-7.175736	0.756044
539	10.000000	-5.750086	0.647722
540	-10.000000	-8.645000	0.321323
541	-10.000000	-8.651584	0.507488
542	-10.000000	-7.306182	0.428548
543	-10.000000	-7.175647	0.756088
544	-10.000000	-5.628373	0.777577
545	-10.000000	-5.751968	0.647977
546	-10.000000	-2.926028	0.754016
547	-10.000000	-1.883792	0.697184
548	-10.000000	-2.973901	0.599536
549	-10.000000	-1.259048	0.345353
550	-10.000000	-1.967356	0.226044
551	-10.000000	-2.644189	0.341074
555	10.000000	8.622869	0.320649
556	10.000000	8.639135	0.506457
557	10.000000	7.266286	0.426328
558	10.000000	7.166724	0.755101
559	10.000000	5.617213	0.776171
560	10.000000	5.726091	0.645208
561	10.000000	2.908889	0.750144
562	10.000000	1.851048	0.690385
563	10.000000	2.923404	0.589869
564	10.000000	1.102125	0.311229
565	10.000000	1.699411	0.159240
566	10.000000	2.437196	0.308651
570	-10.000000	6.786954	0.121735
571	-10.000000	4.840126	0.103991
572	-10.000000	5.350237	0.222056
576	-10.000000	1.663614	0.151507
577	-10.000000	1.087621	0.301861
578	-10.000000	2.427858	0.305303
579	-10.000000	1.841057	0.688341
580	-10.000000	2.899348	0.749652
581	-10.000000	2.915143	0.588734
582	-10.000000	5.612976	0.776089
583	-10.000000	7.164574	0.755074
584	-10.000000	5.722058	0.645098
603	2.282769	-8.819058	0.000000
604	-2.293721	-8.817877	0.000000
605	-0.005343	-7.600690	0.000000
606	-7.159050	-6.920291	0.000015
607	-7.242269	-5.049078	0.001777
608	-4.556511	-5.726625	0.000037
609	-2.449793	-2.816204	0.000376
610	2.451533	-2.823778	0.000214
611	-0.004612	-3.680114	0.000029
612	2.590122	-1.322012	-0.005245
613	-2.495517	-1.312667	-0.092720
614	-0.020818	-0.824444	0.025597
615	-7.474328	-0.222676	0.098143
616	-7.335509	0.752723	0.287014
617	-4.844330	0.034801	0.042322
618	-2.344927	1.371392	-0.034666
619	2.383656	1.385711	-0.093235
620	0.066195	0.851843	-0.038939
621	7.153987	6.936684	-0.000000
622	7.239589	5.070223	-0.000000
623	4.551066	5.741936	-0.000000
624	2.441787	2.832515	-0.000000
625	-2.434673	2.834838	-0.000000
626	0.000865	3.694750	-0.000000
627	-7.239073	5.074633	-0.000000
628	-7.152734	6.939377	-0.000000
629	-4.549949	5.743841	-0.000000
630	7.617485	-2.181432	0.941226
631	8.088949	-1.461062	0.929590
632	5.422512	-1.379232	0.907921
633	3.034587	-0.644486	0.723322
634	-3.219585	-0.630974	0.727867
635	-0.080135	-0.717031	0.758164
636	-8.093913	-1.446201	0.928505
637	-7.622387	-2.173836	0.941462
638	-5.439876	-1.372117	0.907643
639	8.091546	1.447292	0.928702
640	7.620819	2.176780	0.941352
641	5.429743	1.374974	0.907774
642	2.376598	2.391723	0.916287
643	-2.382104	2.390830	0.916302
644	-0.004530	1.693124	0.917899
645	-7.624893	2.171672	0.941519
646	-8.097207	1.439974	0.928018
647	-5.440334	1.371386	0.907444
648	7.654085	-10.055614	0.000000
649	7.572939	-9.874121	0.900000
650	7.827730	-0.728438	0.593799
652	7.942900	0.658096	0.607573
653	7.572978	9.874109	0.900000
654	7.655554	10.055624	0.000000
655	10.000000	-10.000000	0.085603
656	-10.000000	-10.000000	0.085588
659	10.000000	10.000000	0.085616
660	-10.000000	10.000000	0.085620
661	10.000000	-9.263240	0.882396
662	-10.000000	-9.262879	0.882429
663	9.326720	-0.698090	0.535303
664	-9.251819	-0.664449	0.577463
667	10.000000	5.055107	0.900000
668	-10.000000	5.051436	0.900000
669	10.000000	-9.225188	0.000000
670	-10.000000	-9.219488	0.000000
671	10.000000	9.225899	0.000000
672	-10.000000	9.227410	0.000000
673	7.809751	2.265269	0.000000
676	10.000000	-1.533247	0.000000
677	-10.000000	-1.516132	0.000000
679	7.927711	-2.294823	0.000000
682	7.766015	-3.955626	0.900000
683	7.766895	3.954098	0.900000
684	10.000000	0.652333	0.698822
686	10.000000	-4.000527	0.899868
687	-10.000000	-3.994451	0.899868
688	8.233338	-10.000000	0.076049
689	8.176643	-10.000000	0.760328
690	-8.176753	-10.000000	0.760326
691	-8.235019	-10.000000	0.076083
692	8.034531	-9.282463	0.941123
693	8.287173	-4.457852	0.957947
694	-8.288312	-4.454729	0.957940
695	-8.034854	-9.282313	0.941128
696	8.164226	-0.725817	0.563061
699	-7.763519	-0.624560	0.597308
705	8.143071	0.626976	0.567165
706	-8.140795	0.631861	0.555991
708	8.287960	4.456616	0.957916
709	8.034573	9.282432	0.941123
710	-8.034874	9.282296	0.941128
711	-8.288932	4.453753	0.957911
712	8.233846	10.000000	0.076046
713	-8.233569	10.000000	0.076040
714	-8.176884	10.000000	0.760304
715	8.176806	10.000000	0.760302
716	10.000000	-9.268807	0.078258
718	10.000000	-2.477825	0.083901
719	10.000000	-0.736014	0.553763
720	10.000000	-4.339552	0.856844
721	10.000000	-9.236792	0.749826
722	-10.000000	-9.266566	0.078059
723	-10.000000	-9.236625	0.749830
724	-10.000000	-4.336910	0.856998
725	-10.000000	-0.726857	0.582458
728	10.000000	9.259884	0.078526
729	10.000000	9.234805	0.749509
730	10.000000	4.333583	0.856324
731	10.000000	0.641069	0.596700
733	10.000000	2.464863	0.037136
734	-10.000000	9.259842	0.078579
736	-10.000000	2.416103	0.037032
737	-10.000000	0.633693	0.587003
738	-10.000000	4.327965	0.856264
739	-10.000000	9.234413	0.749528
748	8.119941	-9.340635	0.000000
749	-8.125299	-9.337404	0.000000
750	-8.327549	-2.959212	-0.053298
751	8.330216	-2.983395	-0.031891
752	8.504966	-1.754336	-0.250928
753	-8.496839	-1.739070	-0.250400
754	-7.935641	1.977100	0.313183
755	7.982193	1.943389	0.333123
756	8.120888	9.341785	-0.000000
757	8.318091	2.961624	0.000000
758	-8.310465	2.967852	0.000000
759	-8.119738	9.342484	-0.000000
760	8.188391	-3.593038	0.912986
761	8.578713	-0.820953	0.701435
762	-8.571405	-0.776274	0.711618
763	-8.190664	-3.588728	0.913023
764	8.583644	0.772344	0.713747
765	8.189872	3.591044	0.913022
766	-8.191889	3.587331	0.913051
767	-8.585018	0.765949	0.706007
768	-2.627359	-10.052019	0.000000
769	-2.559929	-9.864502	0.900000
770	-2.934976	-0.504684	0.680784
771	-3.945670	0.157766	0.527950
772	-2.918967	0.505671	0.669039
773	-2.559923	9.864499	0.900000
774	-2.619567	10.052030	0.000000
775	10.000000	-10.000000	0.472484
776	-10.000000	-10.000000	0.472462
779	10.000000	10.000000	0.472198
780	-10.000000	10.000000	0.472201
781	10.000000	-6.365358	0.900000
782	-10.000000	-6.362901	0.900000
783	9.696864	-1.347213	0.166884
784	-9.715386	-1.117995	0.206199
785	9.433878	0.597079	0.296808
786	-9.383248	0.581977	0.271003
787	10.000000	7.832528	0.899990
788	-10.000000	7.831335	0.899990
789	10.000000	-5.311418	0.000000
790	-10.000000	-5.283150	0.000000
791	10.000000	5.309422	0.000000
792	-10.000000	5.317441	0.000000
793	-2.751728	1.958653	0.000000
796	10.000000	1.404071	0.000000
797	-10.000000	1.423598	0.000000
798	-5.245216	-0.173730	0.561203
799	-2.808615	-1.947678	0.000000
802	-2.718364	-3.220479	0.900000
803	-2.718212	3.220206	0.900000
804	10.000000	2.919750	0.899867
805	-10.000000	2.911813	0.899867
806	10.000000	-1.785845	0.900000
807	-10.000000	-1.772371	0.900000
808	2.799590	-10.000000	0.318475
809	2.829171	-10.000000	0.561494
810	-2.829229	-10.000000	0.561494
811	-2.799849	-10.000000	0.318482
812	2.654190	-6.976915	0.953668
813	2.761501	-4.926760	0.953744
814	-2.762778	-4.926459	0.953744
815	-2.654665	-6.976776	0.953668
816	2.596881	-0.307062	0.588604
817	2.666006	-0.248640	0.565109
818	-3.455390	-0.220187	0.576105
819	-2.769110	-0.278655	0.596413
820	5.736613	-0.093521	0.493206
821	-4.998877	-0.034066	0.528495
822	-5.232181	0.114857	0.519282
823	5.381135	0.069920	0.513200
824	3.572195	0.208781	0.554360
825	2.865887	0.272052	0.579513
826	-2.418787	0.272674	0.577096
827	-2.478942	0.203219	0.553577
828	2.761633	4.926715	0.953744
829	2.654230	6.976903	0.953668
830	-2.654662	6.976778	0.953668
831	-2.762790	4.926442	0.953744
832	2.799641	10.000000	0.318483
833	-2.799607	10.000000	0.318482
834	-2.829304	10.000000	0.561492
835	2.829296	10.000000	0.561492
836	10.000000	-6.508266	0.315325
838	10.000000	-3.973471	0.270136
839	10.000000	-2.667686	0.464620
840	10.000000	-4.283644	0.619342
841	10.000000	-6.592442	0.550278
842	-10.000000	-6.514488	0.315646
843	-10.000000	-6.594321	0.550437
844	-10.000000	-4.288383	0.620245
845	-10.000000	-2.669443	0.470848
847	-10.000000	-3.991171	0.276429
848	10.000000	6.431889	0.312319
849	10.000000	6.562536	0.547773
850	10.000000	4.247870	0.614720
851	10.000000	2.558823	0.451826
853	10.000000	3.775128	0.257126
854	-10.000000	6.428553	0.312124
856	-10.000000	3.766671	0.255593
857	-10.000000	2.551893	0.449500
858	-10.000000	4.241354	0.614348
859	-10.000000	6.559926	0.547704
868	2.723408	-6.834379	0.000000
869	-2.733595	-6.830750	0.000000
870	-2.832251	-4.453098	-0.000143
871	2.821967	-4.459663	-0.000068
872	3.122218	-0.494638	-0.357573
873	-3.027369	-0.467170	-0.312929
874	-2.982302	0.534754	-0.108293
875	3.131520	0.491590	-0.047395
876	2.727259	6.840166	-0.000000
877	2.827338	4.469011	0.000000
878	-2.826525	4.470652	0.000000
879	-2.725760	6.840861	-0.000000
880	3.082347	-1.514020	0.913487
881	3.864698	-0.932300	0.821102
882	-3.924648	-0.924680	0.822746
883	-3.098706	-1.511510	0.913385
884	3.887547	0.926677	0.820876
885	3.087482	1.512932	0.913444
886	-3.097902	1.511380	0.913356
887	-3.906814	0.924072	0.819775
888	-2.055822	-10.000000	0.249232
889	-1.268098	-10.000000	0.067996
890	3.260200	-10.000000	0.195091
891	-1.942767	-7.608897	0.953635
892	-1.203534	-9.326425	0.941639
893	3.097459	-8.153291	0.953399
894	-2.185050	-1.734685	0.920547
895	-1.270142	-2.724361	0.907768
896	3.359912	-2.106610	0.922884
897	-1.934536	-0.303742	0.605127
898	-1.245047	-0.440542	0.655541
899	2.956713	-0.381619	0.616715
900	7.058141	0.124198	0.417620
901	9.604772	0.720497	0.075904
902	8.310830	-0.219193	0.259022
903	-1.831395	0.177067	0.550408
904	-2.165283	0.131180	0.537661
905	3.139469	0.168699	0.546671
906	-2.981618	0.771996	0.771603
907	-1.592965	0.546281	0.690482
908	4.408130	0.757673	0.762307
909	-2.056487	4.372117	0.953310
910	-1.317171	3.350166	0.960347
911	3.285608	4.146314	0.955471
912	4.442714	10.000000	0.523984
913	8.610158	10.000000	0.449882
914	5.665512	10.000000	0.291285
915	10.000000	-7.299132	0.513138
916	10.000000	-9.327810	0.446732
917	10.000000	-7.926768	0.292439
918	-10.000000	-4.608194	0.221736
919	-10.000000	-5.610107	0.055558
920	-10.000000	-7.026578	0.191185
921	10.000000	4.413284	0.209001
922	10.000000	5.598871	0.054291
923	10.000000	6.961238	0.190292
924	-10.000000	7.270511	0.511068
925	-10.000000	9.320380	0.446008
926	-10.000000	7.886652	0.291293
933	4.434059	-4.883609	-0.000139
934	8.645405	-5.671929	0.000284
935	5.579038	-7.186036	-0.000001
936	4.742100	0.459150	0.043627
937	8.824058	0.737716	-0.072263
938	6.020972	-0.580884	0.185833
939	-1.991010	7.552443	0.000000
940	-1.229290	9.453872	0.000000
941	3.168409	8.142393	0.000000
942	8.619815	-10.000000	0.350754
943	5.684915	-10.000000	0.568741
944	4.423673	-10.000000	0.346947
945	1.258635	-10.000000	0.811480
946	-3.360999	-10.000000	0.683213
947	2.105277	-10.000000	0.632327
948	-8.610155	-10.000000	0.450016
949	-5.665982	-10.000000	0.291312
950	-4.442624	-10.000000	0.523994
951	8.535785	-7.128255	0.952448
952	5.601238	-5.170762	0.952898
953	4.241745	-6.802383	0.953668
954	1.312152	-3.350639	0.960343
955	-3.287689	-4.145827	0.955471
956	2.054486	-4.372421	0.953309
957	-8.564453	-6.380019	0.952120
958	-5.466921	-7.362817	0.953640
959	-4.333617	-5.352216	0.953787
960	8.863324	-0.834491	0.369952
961	6.128879	-0.424947	0.576084
962	4.445543	-0.367911	0.587061
963	0.603547	-0.141778	0.550638
964	-4.128430	-0.215404	0.573667
965	1.870842	-0.214288	0.561321
966	-9.290703	-0.829459	0.351366
967	-5.675284	-0.387812	0.604492
968	-5.083087	-0.282474	0.581280
971	4.886626	-0.131988	0.520552
972	-9.458064	0.210590	0.059715
973	-7.802707	0.324801	0.355717
974	-7.044490	-0.014360	0.444094
976	5.129465	0.128736	0.526241
977	-3.830359	0.096698	0.530718
979	5.709136	0.369610	0.574033
981	1.313484	0.437605	0.647392
982	-3.044715	0.354464	0.604373
983	2.043102	0.299597	0.592206
984	-8.747884	0.641163	0.340372
985	-5.484346	0.319147	0.544602
986	-4.017467	0.301709	0.570326
987	8.564161	6.381172	0.952124
988	5.466485	7.363116	0.953640
989	4.332742	5.352658	0.953787
990	1.203171	9.326432	0.941638
991	-3.097881	8.153198	0.953399
992	1.942372	7.608965	0.953635
993	-8.536209	7.127014	0.952443
994	-5.602530	5.169777	0.952901
995	-4.242303	6.802099	0.953668
996	1.264409	10.000000	0.068006
997	-3.260453	10.000000	0.195102
998	2.055352	10.000000	0.249239
999	-8.619592	10.000000	0.350621
1000	-5.685232	10.000000	0.568714
1001	-4.423592	10.000000	0.346944
1002	-1.258928	10.000000	0.811479
1003	3.361139	10.000000	0.683208
1004	-2.105452	10.000000	0.632325
1005	10.000000	-6.619094	0.058533
1006	10.000000	-4.311905	0.160856
1007	10.000000	-6.351263	0.243571
1011	10.000000	-1.243041	0.168637
1012	10.000000	-1.647682	0.404544
1013	10.000000	-3.132195	0.268018
1014	10.000000	-2.000444	0.803782
1015	10.000000	-3.495659	0.708795
1016	10.000000	-2.466198	0.545173
1017	10.000000	-6.364608	0.835012
1018	10.000000	-7.220708	0.678296
1019	10.000000	-4.962085	0.664714
1020	-10.000000	-9.330913	0.350513
1021	-10.000000	-7.968093	0.557599
1022	-10.000000	-7.263824	0.345296
1023	-10.000000	-7.125715	0.829650
1024	-10.000000	-4.899567	0.727222
1025	-10.000000	-6.525919	0.626386
1026	-10.000000	-2.535585	0.819299
1027	-10.000000	-1.914692	0.588765
1028	-10.000000	-3.550973	0.642144
1029	-10.000000	-0.884151	0.254469
1030	-10.000000	-2.836348	0.227737
1031	-10.000000	-2.273921	0.410505
1035	10.000000	9.321620	0.349995
1036	10.000000	7.951718	0.556200
1037	10.000000	7.210515	0.343234
1038	10.000000	7.121307	0.829115
1039	10.000000	4.881016	0.724730
1040	10.000000	6.503146	0.624182
1041	10.000000	2.524057	0.816942
1042	10.000000	1.855852	0.576921
1043	10.000000	3.513755	0.635730
1044	10.000000	0.745518	0.203612
1045	10.000000	2.553889	0.184585
1046	10.000000	2.123617	0.383505
1050	-10.000000	6.589040	0.058412
1051	-10.000000	4.117764	0.150130
1052	-10.000000	6.256592	0.240656
1056	-10.000000	0.917112	0.098714
1057	-10.000000	1.496424	0.393120
1058	-10.000000	2.879609	0.245946
1059	-10.000000	1.972635	0.802435
1060	-10.000000	3.468714	0.705124
1061	-10.000000	2.396799	0.534841
1062	-10.000000	6.355997	0.834414
1063	-10.000000	7.205385	0.676918
1064	-10.000000	4.931541	0.661517
1083	1.225613	-9.452534	-0.000000
1084	-3.175678	-8.136305	-0.000000
1085	1.988389	-7.547347	-0.000000
1086	-8.621271	-6.631086	-0.000047
1087	-5.723501	-4.521247	0.002019
1088	-4.354253	-6.585168	-0.000003
1089	-1.327456	-2.320195	0.000001
1090	3.349998	-3.411119	-0.000639
1091	-2.105004	-3.787704	0.000221
1092	1.361765	-1.611100	-0.243280
1093	-3.542440	-1.015945	-0.275564
1094	2.354546	-0.768835	-0.011169
1095	-8.669602	0.172778	0.196624
1096	-5.888139	0.688337	-0.127777
1097	-4.766585	-0.334637	-0.263749
1098	-1.271211	1.608828	0.229151
1099	3.383843	1.080855	0.141339
1100	-2.047608	0.857645	-0.160206
1101	8.618613	6.651582	0.000000
1102	5.720374	4.540468	-0.000000
1103	4.347803	6.597583	0.000000
1104	1.314327	2.334965	-0.000000
1105	-3.346061	3.421520	0.000000
1106	2.100304	3.804122	-0.000000
1107	-8.645924	5.678240	-0.000000
1108	-5.579723	7.192171	0.000000
1109	-4.437991	4.892769	0.000000
1110	8.935196	-2.313496	0.948097
1111	6.895933	-1.164006	0.878493
1112	4.925072	-1.613378	0.922142
1113	1.460676	-0.556956	0.697242
1114	-4.454908	-0.754812	0.767753
1115	2.909026	-0.780172	0.774032
1116	-9.071930	-1.841242	0.946148
1117	-6.051112	-2.008158	0.930478
1118	-5.610287	-1.138163	0.874053
1119	9.072359	1.839679	0.945939
1120	6.046769	2.010935	0.930423
1121	5.593961	1.140984	0.873741
1122	1.264748	2.724621	0.907767
1123	-3.368757	2.104603	0.922907
1124	2.175457	1.735498	0.920559
1125	-8.939391	2.297141	0.948343
1126	-6.912139	1.145383	0.877005
1127	-4.939287	1.608323	0.922012
1128	2.616564	-10.052019	0.000000
1129	2.559548	-9.864502	0.900000
1130	2.765054	-0.524966	0.679195
1131	2.904733	0.111083	0.535893
1132	2.980469	0.507174	0.671746
1133	2.559585	9.864498	0.900000
1134	2.621386	10.052030	0.000000
1135	10.000000	-10.000000	0.279033
1136	-10.000000	-10.000000	0.278997
1139	10.000000	10.000000	0.278810
1140	-10.000000	10.000000	0.278813
1141	10.000000	-7.832901	0.899990
1142	-10.000000	-7.831647	0.899990
1143	9.480984	-0.830136	0.261255
1144	-9.362962	-0.752003	0.382927
1145	9.627333	0.939817	0.112453
1146	-9.551241	0.878928	0.085052
1147	10.000000	6.364447	0.900000
1148	-10.000000	6.362146	0.900000
1149	10.000000	-7.343185	0.000000
1150	-10.000000	-7.325239	0.000000
1151	10.000000	7.344477	0.000000
1152	-10.000000	7.349365	0.000000
1153	2.731298	1.958147	0.000000
1156	10.000000	0.447583	0.000000
1157	-10.000000	0.450651	0.000000
1158	3.574341	-0.192263	0.542780
1159	2.840155	-1.959834	0.000000
1162	2.712788	-3.221409	0.900000
1163	2.713708	3.221089	0.900000
1164	10.000000	1.759475	0.900000
1165	-10.000000	1.748495	0.900000
1166	10.000000	-2.931497	0.899861
1167	-10.000000	-2.922304	0.899861
1168	5.233334	-10.000000	0.209848
1169	5.299168	-10.000000	0.657641
1170	-5.299298	-10.000000	0.657638
1171	-5.234217	-10.000000	0.209871
1172	5.022198	-8.067349	0.953416
1173	5.238562	-4.540319	0.956483
1174	-5.240330	-4.539248	0.956479
1175	-5.022653	-8.067153	0.953416
1176	5.032150	-0.452256	0.611310
1177	6.287057	-0.423482	0.566353
1179	-4.906700	-0.394914	0.623396
1180	7.955479	-0.354843	0.347786
1181	-7.577997	-0.233337	0.458406
1182	-7.038536	0.305317	0.450163
1183	6.931496	0.246511	0.453479
1184	4.917602	0.211285	0.540810
1185	5.136144	0.393668	0.599923
1186	-5.080886	0.399438	0.587472
1187	-5.551333	0.312288	0.539457
1188	5.238996	4.540119	0.956482
1189	5.022250	8.067328	0.953416
1190	-5.022669	8.067149	0.953416
1191	-5.240589	4.539136	0.956479
1192	5.233342	10.000000	0.209849
1193	-5.233215	10.000000	0.209845
1194	-5.299606	10.000000	0.657622
1195	5.299574	10.000000	0.657621
1196	10.000000	-7.843570	0.210335
1198	10.000000	-3.384358	0.158786
1199	10.000000	-1.496892	0.504611
1200	10.000000	-4.166959	0.744344
1201	10.000000	-7.941324	0.647212
1202	-10.000000	-7.843577	0.210057
1203	-10.000000	-7.941498	0.647209
1204	-10.000000	-4.169156	0.744887
1205	-10.000000	-1.506700	0.523064
1207	-10.000000	-3.421116	0.172675
1208	10.000000	7.800993	0.209766
1209	10.000000	7.930371	0.646063
1210	10.000000	4.152076	0.742146
1211	10.000000	1.421508	0.509128
1213	10.000000	3.155519	0.139574
1214	-10.000000	7.799137	0.209761
1216	-10.000000	3.135003	0.137430
1217	-10.000000	1.414297	0.504003
1218	-10.000000	4.144979	0.741926
1219	-10.000000	7.929028	0.646057
1228	5.122813	-8.007716	0.000000
1229	-5.132354	-8.002744	0.000000
1230	-5.341057	-3.726972	-0.005660
1231	5.337383	-3.743449	-0.002873
1232	5.652042	-0.924759	-0.286229
1233	-5.591949	-0.924115	-0.186812
1234	-5.235356	1.050857	0.150278
1235	5.348958	1.029121	0.185238
1236	5.124828	8.011246	-0.000000
1237	5.337447	3.745147	0.000000
1238	-5.336218	3.749141	0.000000
1239	-5.123146	8.012194	-0.000000
1240	5.405870	-2.297460	0.923601
1241	6.500783	-0.932496	0.808124
1242	-6.538234	-0.911274	0.812027
1243	-5.412993	-2.294040	0.923651
1244	6.516556	0.913735	0.809887
1245	5.408617	2.296252	0.923627
1246	-5.413969	2.293694	0.923661
1247	-6.527160	0.908785	0.806525
1248	-7.659544	-10.055601	0.000000
1249	-7.573185	-9.874121	0.900000
1250	-7.765703	-0.648263	0.617615
1252	-7.921402	0.658979	0.596094
1253	-7.573201	9.874112	0.900000
1254	-7.654511	10.055626	0.000000
1255	10.000000	-10.000000	0.654464
1256	-10.000000	-10.000000	0.654459
1259	10.000000	10.000000	0.654354
1260	-10.000000	10.000000	0.654358
1261	10.000000	-5.057246	0.900000
1262	-10.000000	-5.053218	0.900000
1265	9.212589	0.587572	0.565785
1266	-9.217270	0.582200	0.554788
1267	10.000000	9.263167	0.882380
1268	-10.000000	9.262830	0.882413
1269	10.000000	-3.356234	0.000000
1270	-10.000000	-3.327824	0.000000
1271	10.000000	3.343680	0.000000
1272	-10.000000	3.354755	0.000000
1273	-7.763698	2.271632	0.000000
1275	-10.000000	-2.458012	0.118136
1276	10.000000	2.446694	0.000000
1277	-10.000000	2.461540	0.000000
1279	-7.919651	-2.275398	0.000000
1282	-7.768302	-3.952262	0.900000
1283	-7.768777	3.951015	0.900000
1284	10.000000	3.995539	0.899871
1285	-10.000000	3.990117	0.899871
1287	-10.000000	-0.705065	0.653854
1288	0.791140	-10.000000	0.408289
1289	0.794670	-10.000000	0.477413
1290	-0.794702	-10.000000	0.477414
1291	-0.791208	-10.000000	0.408290
1292	0.744047	-6.086475	0.953672
1293	0.772437	-5.486546	0.953672
1294	-0.773193	-5.486496	0.953672
1295	-0.744583	-6.086427	0.953672
1296	0.560761	-0.232994	0.573894
1297	0.521915	-0.218222	0.569082
1298	-1.176426	-0.208991	0.571697
1299	-1.069622	-0.224567	0.576481
1300	2.225735	-0.018767	0.533856
1301	-1.313891	-0.004176	0.538478
1302	-1.694975	0.018811	0.537176
1303	2.471885	0.002913	0.533078
1304	1.255539	0.189738	0.557201
1305	1.028957	0.207949	0.562893
1306	-0.398697	0.207441	0.562297
1307	-0.453955	0.188602	0.556458
1308	0.772481	5.486536	0.953672
1309	0.744079	6.086469	0.953672
1310	-0.744564	6.086426	0.953672
1311	-0.773164	5.486491	0.953672
1312	0.791180	10.000000	0.408295
1313	-0.791173	10.000000	0.408295
1314	-0.794694	10.000000	0.477417
1315	0.794693	10.000000	0.477417
1316	10.000000	-5.274746	0.400673
1318	10.000000	-4.490892	0.383794
1319	10.000000	-4.052370	0.443123
1320	10.000000	-4.565114	0.495442
1321	10.000000	-5.310344	0.470572
1322	-10.000000	-5.282494	0.401904
1323	-10.000000	-5.315509	0.471406
1324	-10.000000	-4.570871	0.496794
1325	-10.000000	-4.058903	0.445727
1327	-10.000000	-4.500194	0.386316
1328	10.000000	5.184818	0.394756
1329	10.000000	5.245988	0.465484
1330	10.000000	4.495447	0.488801
1331	10.000000	3.951377	0.433688
1333	10.000000	4.371161	0.375031
1334	-10.000000	5.180803	0.394340
1336	-10.000000	4.366326	0.374255
1337	-10.000000	3.946278	0.432829
1338	-10.000000	4.490559	0.488320
1339	-10.000000	5.242124	0.465190
1348	0.764457	-5.870150	0.000000
1349	-0.774682	-5.868934	0.000000
1350	-0.795231	-5.185341	-0.000001
1351	0.784349	-5.186703	-0.000001
1352	0.861186	-0.095071	-0.008196
1353	-0.703863	-0.061006	-0.073720
1354	-0.782338	0.276937	0.258842
1355	0.879725	0.229045	0.222810
1356	0.769694	5.878847	-0.000000
1357	0.790023	5.197079	0.000000
1358	-0.789066	5.197365	0.000000
1359	-0.768579	5.879092	-0.000000
1360	0.923944	-1.096990	0.861461
1361	1.109910	-0.952141	0.828783
1362	-1.163520	-0.950771	0.829060
1363	-0.957028	-1.095987	0.861476
1364	1.126017	0.950836	0.827971
1365	0.932841	1.096177	0.861057
1366	-0.950518	1.095671	0.860959
1367	-1.148288	0.950195	0.827774
1368	2.055066	-10.000000	0.249225
1369	-3.261673	-10.000000	0.195104
1370	1.260491	-10.000000	0.067994
1371	1.942342	-7.608971	0.953635
1372	-3.097884	-8.153198	0.953399
1373	1.203146	-9.326435	0.941638
1374	2.172304	-1.736054	0.920564
1375	-3.368826	-2.104754	0.922905
1376	1.263881	-2.724852	0.907764
1377	1.810547	-0.321922	0.600436
1378	-2.955812	-0.352259	0.622786
1379	1.158747	-0.449693	0.654559
1380	7.417675	-0.086237	0.371271
1381	7.739028	0.255309	0.351323
1382	9.505549	0.207279	0.058419
1383	2.518679	0.171576	0.550256
1384	-3.721284	0.220643	0.547018
1385	0.445084	0.104244	0.540433
1386	2.963894	0.773990	0.773032
1387	-4.418120	0.754762	0.759452
1388	1.629715	0.547430	0.691518
1389	2.054681	4.372367	0.953309
1390	-3.287827	4.145767	0.955471
1391	1.312708	3.350486	0.960340
1392	4.423611	10.000000	0.346945
1393	5.685222	10.000000	0.568714
1394	8.619602	10.000000	0.350620
1395	10.000000	-7.260596	0.345285
1396	10.000000	-7.967569	0.557620
1397	10.000000	-9.330795	0.350630
1398	-10.000000	-6.357723	0.243914
1399	-10.000000	-4.328932	0.166017
1400	-10.000000	-6.600015	0.058503
1401	10.000000	6.260847	0.240902
1402	10.000000	4.131890	0.151373
1403	10.000000	6.588496	0.058417
1404	-10.000000	7.208264	0.343158
1405	-10.000000	7.950419	0.556192
1406	-10.000000	9.321204	0.350004
1413	4.344580	-6.591919	-0.000001
1414	5.716993	-4.536975	0.000980
1415	8.617621	-6.648982	-0.000023
1416	4.864694	-0.327633	-0.398774
1417	5.899861	0.686850	-0.331722
1418	8.625892	0.168410	0.187753
1419	1.992650	7.552071	0.000000
1420	-3.166682	8.142861	0.000000
1421	1.231097	9.453820	0.000000
1422	5.665714	-10.000000	0.291297
1423	8.610085	-10.000000	0.450032
1424	4.442563	-10.000000	0.523994
1425	3.360863	-10.000000	0.683214
1426	-1.258930	-10.000000	0.811480
1427	-2.105370	-10.000000	0.632327
1428	-5.685009	-10.000000	0.568738
1429	-8.619905	-10.000000	0.350741
1430	-4.423823	-10.000000	0.346956
1431	5.466418	-7.363154	0.953640
1432	8.564026	-6.381540	0.952126
1433	4.332599	-5.352728	0.953788
1434	3.285229	-4.146424	0.955471
1435	-1.317286	-3.350295	0.960350
1436	-2.056479	-4.372147	0.953310
1437	-5.602394	-5.169854	0.952900
1438	-8.536140	-7.127174	0.952444
1439	-4.242289	-6.802102	0.953668
1440	5.634403	-0.454089	0.587957
1442	4.402779	-0.323359	0.569384
1443	3.664374	-0.265667	0.560658
1444	-2.597376	-0.139168	0.557336
1445	-2.404753	-0.187948	0.568039
1446	-5.993105	-0.313425	0.575448
1447	-8.690297	-0.707065	0.458485
1448	-4.449417	-0.312850	0.598824
1449	6.290285	-0.230285	0.493010
1451	-3.669210	-0.074884	0.546645
1452	-8.047038	-0.133472	0.348915
1453	-9.614229	0.691567	0.038037
1454	-7.008029	0.186271	0.435965
1455	-5.086426	0.167421	0.521193
1457	4.026192	0.068814	0.530046
1458	5.830315	0.266741	0.543526
1459	9.109899	0.653650	0.319108
1460	4.562765	0.298058	0.575365
1461	3.162819	0.353124	0.608418
1462	-1.230636	0.436793	0.646809
1463	-1.815830	0.300236	0.590920
1464	-5.601297	0.378665	0.560991
1465	-8.919090	0.691518	0.295312
1466	-4.072033	0.259266	0.554003
1467	5.601481	5.170611	0.952898
1468	8.535879	7.128025	0.952447
1469	4.241806	6.802354	0.953668
1470	3.097494	8.153282	0.953399
1471	-1.203519	9.326423	0.941639
1472	-1.942758	7.608898	0.953635
1473	-5.466949	7.362808	0.953640
1474	-8.564551	6.379754	0.952119
1475	-4.333668	5.352191	0.953787
1476	3.260665	10.000000	0.195104
1477	-1.263210	10.000000	0.068006
1478	-2.055247	10.000000	0.249238
1479	-5.665475	10.000000	0.291282
1480	-8.610157	10.000000	0.449883
1481	-4.442719	10.000000	0.523984
1482	-3.361183	10.000000	0.683209
1483	1.258685	10.000000	0.811479
1484	2.105430	10.000000	0.632325
1485	10.000000	-7.026087	0.191328
1486	10.000000	-5.638667	0.055102
1487	10.000000	-4.588563	0.217781
1491	10.000000	-2.821395	0.207843
1492	10.000000	-0.978652	0.197140
1493	10.000000	-2.284272	0.399871
1494	10.000000	-1.902319	0.579657
1495	10.000000	-2.536643	0.818064
1496	10.000000	-3.544763	0.640684
1497	10.000000	-4.897802	0.726865
1498	10.000000	-7.126407	0.829615
1499	10.000000	-6.524691	0.626255
1500	-10.000000	-7.928243	0.292256
1501	-10.000000	-9.327915	0.446658
1502	-10.000000	-7.300558	0.513185
1503	-10.000000	-7.221062	0.678341
1504	-10.000000	-6.363728	0.835075
1505	-10.000000	-4.964875	0.665157
1506	-10.000000	-3.500227	0.709892
1507	-10.000000	-2.000858	0.806271
1508	-10.000000	-2.474464	0.550779
1509	-10.000000	-1.636753	0.424070
1510	-10.000000	-1.096400	0.203941
1511	-10.000000	-3.137990	0.280108
1515	10.000000	7.888333	0.291313
1516	10.000000	9.320773	0.446002
1517	10.000000	7.272385	0.511105
1518	10.000000	7.207455	0.676944
1519	10.000000	6.358900	0.834451
1520	10.000000	4.937029	0.661707
1521	10.000000	3.477193	0.705545
1522	10.000000	1.983775	0.803238
1523	10.000000	2.404691	0.536934
1524	10.000000	1.505502	0.399055
1525	10.000000	0.964703	0.114396
1526	10.000000	2.890639	0.248538
1530	-10.000000	6.958128	0.190206
1531	-10.000000	5.598113	0.054195
1532	-10.000000	4.403763	0.207911
1536	-10.000000	2.534945	0.181436
1537	-10.000000	0.720461	0.188363
1538	-10.000000	2.115532	0.379730
1539	-10.000000	1.847511	0.573933
1540	-10.000000	2.514011	0.816552
1541	-10.000000	3.505739	0.635143
1542	-10.000000	4.875331	0.724573
1543	-10.000000	7.119224	0.829093
1544	-10.000000	6.500306	0.624124
1563	3.165135	-8.138909	-0.000000
1564	-1.236852	-9.452230	-0.000000
1565	-1.998937	-7.545296	-0.000000
1566	-5.587974	-7.178170	-0.000002
1567	-8.648417	-5.649469	0.000571
1568	-4.443158	-4.873186	-0.000295
1569	-3.354243	-3.401077	-0.001224
1570	1.334745	-2.323401	-0.000002
1571	2.096232	-3.793298	0.000112
1572	3.574365	-1.031747	-0.304676
1573	-1.319975	-1.622889	-0.285590
1574	-2.189050	-0.766034	-0.069249
1575	-5.999317	-0.500023	0.215694
1576	-8.859855	0.751482	-0.135125
1577	-4.625700	0.463475	0.003310
1578	-3.353405	1.055741	-0.016918
1579	1.254451	1.596821	0.217526
1580	2.295698	0.844835	-0.158487
1581	5.581257	7.190593	0.000000
1582	8.646424	5.672712	-0.000000
1583	4.438685	4.890359	0.000000
1584	3.348611	3.418661	0.000000
1585	-1.311093	2.334451	-0.000000
1586	-2.098945	3.805759	-0.000000
1587	-5.719970	4.544076	-0.000000
1588	-8.617884	6.655938	0.000000
1589	-4.346358	6.598936	0.000000
1590	6.042949	-2.013243	0.930383
1591	9.070652	-1.854619	0.946382
1592	5.584017	-1.148296	0.873862
1593	4.347410	-0.769962	0.762664
1594	-1.704809	-0.548938	0.698185
1595	-3.024670	-0.772630	0.776899
1596	-6.912391	-1.148702	0.878483
1597	-8.936993	-2.303414	0.948285
1598	-4.938493	-1.608665	0.922022
1599	6.901796	1.151082	0.878471
1600	8.937333	2.304279	0.948223
1601	4.930486	1.611143	0.922096
1602	3.362291	2.106012	0.922894
1603	-1.269631	2.724182	0.907770
1604	-2.184112	1.734545	0.920546
1605	-6.052728	2.007523	0.930491
1606	-9.074680	1.831163	0.945788
1607	-5.607268	1.136931	0.872817
1608	-0.001980	-10.000000	0.129381
1609	1.109764	-10.000000	0.187100
1610	-1.111617	-10.000000	0.187104
1611	-0.000195	-8.774146	0.951580
1612	1.048884	-8.204058	0.953375
1613	-1.049284	-8.204031	0.953375
1614	-0.003844	-2.323329	0.914752
1615	1.138430	-1.999728	0.920120
1616	-1.148309	-1.999145	0.920130
1617	-0.024965	-0.389620	0.633434
1618	0.956581	-0.349681	0.615063
1619	-1.012791	-0.340795	0.616858
1620	9.035303	0.259434	0.132508
1621	8.386994	0.010492	0.221583
1622	8.220733	0.188858	0.260733
1623	-0.902361	0.134244	0.543856
1624	0.905376	0.142711	0.547352
1625	-1.479651	0.158861	0.547551
1626	0.006726	0.593740	0.710584
1627	1.599581	0.665235	0.736141
1628	-1.605698	0.664153	0.735093
1629	-0.001837	3.585668	0.952174
1630	1.124431	3.926367	0.954696
1631	-1.127112	3.926197	0.954697
1632	7.267612	10.000000	0.416750
1633	5.892281	10.000000	0.380920
1634	5.895992	10.000000	0.475067
1635	10.000000	-8.658961	0.413635
1636	10.000000	-7.973486	0.378790
1637	10.000000	-7.983920	0.467758
1638	-10.000000	-5.908917	0.114119
1639	-10.000000	-6.156174	0.176825
1640	-10.000000	-5.248005	0.168069
1641	10.000000	5.839929	0.112272
1642	10.000000	6.060270	0.174358
1643	10.000000	5.109661	0.161863
1644	-10.000000	8.641325	0.412547
1645	-10.000000	7.941362	0.377287
1646	-10.000000	7.960040	0.466179
1653	7.264402	-5.999518	-0.000098
1654	5.841753	-6.306746	0.000015
1655	5.889465	-5.406517	-0.000159
1656	7.489896	0.311255	-0.205434
1657	6.241487	-0.107430	-0.051472
1658	6.164281	0.376884	0.285427
1659	0.000885	8.843961	0.000000
1660	1.074716	8.213999	-0.000000
1661	-1.072997	8.214140	-0.000000
1662	5.895890	-10.000000	0.475096
1663	5.892388	-10.000000	0.380944
1664	7.267659	-10.000000	0.416819
1665	-1.153138	-10.000000	0.694027
1666	1.153002	-10.000000	0.694027
1667	-0.000098	-10.000000	0.749496
1668	-5.892482	-10.000000	0.380950
1669	-5.895960	-10.000000	0.475096
1670	-7.267743	-10.000000	0.416815
1671	5.766240	-5.877335	0.953783
1672	5.720229	-6.622411	0.953666
1673	7.145853	-6.473241	0.953704
1674	-1.127161	-3.926248	0.954697
1675	1.124189	-3.926433	0.954696
1676	-0.002057	-3.585754	0.952174
1677	-5.720833	-6.621896	0.953666
1678	-5.767039	-5.876622	0.953782
1679	-7.146448	-6.472339	0.953703
1680	6.049944	-0.426471	0.578601
1681	6.311566	-0.470140	0.574408
1683	-1.679003	-0.169587	0.563085
1684	1.086783	-0.185826	0.558745
1685	-0.901519	-0.153163	0.557863
1686	-5.971039	-0.369225	0.590975
1687	-6.413480	-0.367864	0.579969
1690	3.666610	-0.142834	0.537979
1691	0.139486	-0.093152	0.546650
1692	-8.191569	0.252314	0.272385
1693	-8.215425	0.063498	0.273013
1694	-8.964808	0.280216	0.128699
1695	2.009929	0.058872	0.532468
1696	-1.908546	0.073203	0.532918
1697	-0.111586	0.067657	0.536496
1698	6.004137	0.346040	0.550449
1699	6.264375	0.330046	0.529087
1700	7.426950	0.438031	0.462331
1701	-0.968927	0.335722	0.606976
1702	1.113582	0.335889	0.607331
1703	0.053747	0.381427	0.625642
1704	-5.461927	0.329692	0.549295
1705	-5.426086	0.343159	0.555764
1706	-7.272799	0.451868	0.476415
1707	5.720320	6.622346	0.953666
1708	5.766381	5.877231	0.953783
1709	7.145981	6.473088	0.953704
1710	-1.049270	8.204031	0.953375
1711	1.048907	8.204056	0.953375
1712	-0.000176	8.774144	0.951580
1713	-5.767110	5.876577	0.953782
1714	-5.720875	6.621875	0.953666
1715	-7.146527	6.472255	0.953703
1716	-1.110412	10.000000	0.187116
1717	1.110678	10.000000	0.187116
1718	0.000295	10.000000	0.129397
1719	-5.895993	10.000000	0.475067
1720	-5.892272	10.000000	0.380919
1721	-7.267607	10.000000	0.416750
1722	1.153122	10.000000	0.694026
1723	-1.153174	10.000000	0.694026
1724	-0.000058	10.000000	0.749495
1725	10.000000	-5.241401	0.166383
1726	10.000000	-6.154022	0.176489
1727	10.000000	-5.919980	0.113755
1731	10.000000	-1.943552	0.328223
1732	10.000000	-2.350166	0.265256
1733	10.000000	-1.629580	0.250474
1734	10.000000	-2.890962	0.674205
1735	10.000000	-2.359360	0.633884
1736	10.000000	-2.366286	0.727342
1737	10.000000	-6.456105	0.698917
1738	10.000000	-5.672044	0.713684
1739	10.000000	-6.398502	0.768272
1740	-10.000000	-7.984904	0.467710
1741	-10.000000	-7.974939	0.378692
1742	-10.000000	-8.659477	0.413523
1743	-10.000000	-5.673189	0.713896
1744	-10.000000	-6.456769	0.699029
1745	-10.000000	-6.398525	0.768366
1746	-10.000000	-2.369812	0.638383
1747	-10.000000	-2.898393	0.676425
1748	-10.000000	-2.372612	0.730213
1749	-10.000000	-2.314887	0.282816
1750	-10.000000	-1.907340	0.345152
1751	-10.000000	-1.543920	0.274877
1755	10.000000	7.961356	0.466194
1756	10.000000	7.942807	0.377308
1757	10.000000	8.642174	0.412546
1758	10.000000	5.655278	0.711801
1759	10.000000	6.440769	0.697321
1760	10.000000	6.388209	0.767182
1761	10.000000	2.329039	0.629192
1762	10.000000	2.868251	0.669892
1763	10.000000	2.349937	0.724796
1764	10.000000	2.063431	0.236477
1765	10.000000	1.716449	0.306767
1766	10.000000	1.333647	0.218614
1770	-10.000000	5.100889	0.161246
1771	-10.000000	6.055046	0.174094
1772	-10.000000	5.834689	0.112057
1776	-10.000000	1.703800	0.300889
1777	-10.000000	2.046679	0.231613
1778	-10.000000	1.310370	0.209452
1779	-10.000000	2.858942	0.669064
1780	-10.000000	2.319846	0.627573
1781	-10.000000	2.339569	0.723817
1782	-10.000000	6.437721	0.697265
1783	-10.000000	5.651003	0.711702
1784	-10.000000	6.385103	0.767130
1803	-1.080415	-8.209434	0.000000
1804	1.069485	-8.210240	0.000000
1805	-0.005601	-8.841165	-0.000000
1806	-5.897241	-5.392759	-0.000338
1807	-5.850160	-6.295784	0.000032
1808	-7.270504	-5.983162	-0.000206
1809	1.144799	-3.225088	-0.000063
1810	-1.149120	-3.221646	-0.000113
1811	0.001918	-2.738627	0.000013
1812	-1.130115	-1.020952	-0.353969
1813	1.223914	-1.029971	-0.233841
1814	-0.017589	-1.299703	-0.020250
1815	-6.158277	0.310316	0.239104
1816	-6.210692	-0.037882	-0.185383
1817	-7.502058	0.334898	-0.074069
1818	1.209875	1.074477	0.113383
1819	-1.102150	1.047610	0.222459
1820	-0.026824	1.328734	-0.027772
1821	5.893039	5.411278	0.000000
1822	5.844639	6.311832	-0.000000
1823	7.266658	6.003021	0.000000
1824	-1.143516	3.238964	0.000000
1825	1.145892	3.237755	0.000000
1826	0.000713	2.753649	0.000000
1827	-5.843370	6.314144	-0.000000
1828	-5.892213	5.414311	0.000000
1829	-7.265721	6.006680	0.000000
1830	6.854532	-1.439924	0.920918
1831	6.541424	-1.727903	0.933527
1832	7.922048	-1.821900	0.947709
1833	-1.688298	-0.665686	0.741294
1834	1.499691	-0.670765	0.739190
1835	-0.121700	-0.598153	0.715831
1836	-6.550782	-1.720376	0.933488
1837	-6.865863	-1.429042	0.920416
1838	-7.926984	-1.811190	0.947629
1839	6.546240	1.723505	0.933489
1840	6.859844	1.432014	0.920619
1841	7.925514	1.813626	0.947590
1842	-1.147296	1.998975	0.920131
1843	1.140224	1.999423	0.920124
1844	-0.002879	2.323134	0.914755
1845	-6.868020	1.426732	0.920203
1846	-6.553006	1.719117	0.933485
1847	-7.930089	1.807339	0.947578
1848	-0.000080	-10.000000	0.353254
1849	-0.968586	-10.000000	0.301520
1850	0.968226	-10.000000	0.301518
1851	-4.601124	-10.000000	0.138062
1852	-6.101992	-10.000000	0.072108
1853	-3.750920	-10.000000	0.069409
1854	4.598452	-10.000000	0.138043
1855	3.744382	-10.000000	0.069402
1856	6.097534	-10.000000	0.072091
1857	-0.000232	-6.587912	0.953671
1858	-0.911280	-7.087732	0.953667
1859	0.910845	-7.087774	0.953667
1860	-4.394727	-8.717881	0.951805
1861	-5.866523	-9.296610	0.942292
1862	-3.578220	-9.314920	0.942018
1863	4.394304	-8.717979	0.951804
1864	3.577825	-9.314955	0.942016
1865	5.866133	-9.296685	0.942288
1866	-0.012219	-1.248648	0.886355
1867	-1.065746	-1.454907	0.907533
1868	1.047849	-1.455687	0.907566
1869	-4.645046	-2.583082	0.916885
1870	-6.077076	-3.190060	0.908231
1871	-3.748468	-2.887301	0.908846
1872	4.638860	-2.585395	0.916856
1873	3.742933	-2.888846	0.908828
1874	6.072904	-3.192854	0.908214
1875	-0.186150	-0.244830	0.580677
1876	-1.015270	-0.268102	0.590916
1877	0.780647	-0.276841	0.588363
1878	-4.157621	-0.416140	0.641655
1879	-5.596627	-0.500109	0.658548
1880	-3.528717	-0.456001	0.660005
1881	4.226342	-0.458207	0.633509
1882	3.519799	-0.485791	0.655826
1883	5.774797	-0.565921	0.630795
1884	4.711365	-0.006444	0.514962
1885	6.140016	0.038179	0.477707
1886	6.243289	-0.029221	0.467688
1887	8.228960	0.415326	0.321167
1890	9.065287	-0.475902	0.190634
1891	9.604091	-0.273825	0.065727
1892	9.626203	-0.965004	0.141895
1893	0.480494	0.175179	0.553834
1894	-0.535132	0.169211	0.551975
1895	1.596265	0.171233	0.552451
1896	-5.683779	0.301264	0.530504
1897	-6.628497	0.334434	0.508468
1898	-4.422083	0.207425	0.532558
1899	3.648901	0.163450	0.541787
1900	3.048251	0.132793	0.539555
1902	-0.012608	0.851261	0.799873
1903	-1.471674	0.798321	0.782597
1904	1.448273	0.799249	0.783132
1905	-5.707946	0.731210	0.735875
1906	-6.822518	0.692881	0.686241
1907	-4.506100	0.599759	0.692248
1908	5.706547	0.734261	0.741351
1909	4.530070	0.601511	0.697957
1910	6.830849	0.694588	0.695441
1911	-0.000494	5.035190	0.953671
1912	-0.963656	4.670753	0.953702
1913	0.962287	4.670840	0.953702
1914	-4.674398	4.003552	0.949683
1915	-6.201868	3.946851	0.964176
1916	-3.861983	3.562079	0.962095
1917	4.671955	4.004619	0.949690
1918	3.858405	3.563120	0.962082
1919	6.199580	3.948763	0.964168
1920	2.055571	10.000000	0.441569
1921	3.242509	10.000000	0.481212
1922	3.232962	10.000000	0.397144
1923	6.984359	10.000000	0.613224
1924	8.370825	10.000000	0.649439
1925	8.526180	10.000000	0.549392
1926	6.988753	10.000000	0.230125
1927	8.557011	10.000000	0.254063
1928	8.427635	10.000000	0.163137
1929	10.000000	-5.959487	0.433482
1930	10.000000	-6.629843	0.471404
1931	10.000000	-6.605314	0.391951
1932	10.000000	-8.631513	0.602669
1933	10.000000	-9.289077	0.642228
1934	10.000000	-9.312505	0.543453
1935	10.000000	-8.604232	0.232555
1936	10.000000	-9.319403	0.256131
1937	10.000000	-9.294881	0.164948
1938	-10.000000	-5.086819	0.339250
1939	-10.000000	-4.858577	0.279447
1940	-10.000000	-5.710274	0.292780
1941	-10.000000	-3.994709	0.112583
1942	-10.000000	-3.565773	0.062369
1943	-10.000000	-4.597874	0.055298
1944	-10.000000	-7.719542	0.133512
1945	-10.000000	-7.550625	0.063413
1946	-10.000000	-8.444322	0.069982
1947	10.000000	4.953742	0.330407
1948	10.000000	4.689927	0.268714
1949	10.000000	5.588833	0.286931
1950	10.000000	3.833451	0.096579
1951	10.000000	3.550610	0.046319
1952	10.000000	4.587049	0.050759
1953	10.000000	7.685416	0.133764
1954	10.000000	7.539817	0.063758
1955	10.000000	8.435055	0.070459
1956	-10.000000	5.893218	0.429175
1957	-10.000000	6.585165	0.468429
1958	-10.000000	6.544045	0.388733
1959	-10.000000	8.622299	0.601733
1960	-10.000000	9.285246	0.641721
1961	-10.000000	9.307047	0.542787
1962	-10.000000	8.578262	0.232161
1963	-10.000000	9.308019	0.255777
1964	-10.000000	9.283139	0.164973
1983	2.018048	-5.570741	-0.000001
1984	3.211705	-5.230563	0.000013
1985	3.170687	-6.050460	-0.000001
1986	7.074520	-4.184597	-0.004448
1987	8.506891	-3.805205	0.011593
1988	8.607696	-4.712053	-0.002301
1989	6.905283	-7.827455	-0.000000
1990	8.523097	-7.605441	0.000001
1991	8.361708	-8.510317	-0.000000
1992	2.318256	-0.004227	-0.337195
1993	3.578772	0.298530	-0.504871
1994	3.612924	-0.128302	-0.125879
1995	7.017403	1.150552	0.045513
1996	8.656070	1.732724	-0.074904
1997	8.461561	1.190649	0.113224
1998	7.409860	-0.720983	-0.207458
1999	8.824238	-0.338486	-0.256284
2000	8.715772	-1.057472	0.215496
2001	0.000667	6.438752	0.000000
2002	-0.936445	6.986272	0.000000
2003	0.937953	6.986059	0.000000
2004	-4.481896	8.758051	0.000000
2005	-5.965689	9.396903	0.000000
2006	-3.650815	9.434052	-0.000000
2007	4.483639	8.757568	0.000000
2008	3.652572	9.433876	-0.000000
2009	5.967281	9.396539	0.000000
2010	8.427942	-10.000000	0.163167
2011	8.557413	-10.000000	0.254149
2012	6.989097	-10.000000	0.230150
2013	8.525824	-10.000000	0.549522
2014	8.370300	-10.000000	0.649523
2015	6.983877	-10.000000	0.613277
2016	3.232948	-10.000000	0.397141
2017	3.242447	-10.000000	0.481212
2018	2.055538	-10.000000	0.441564
2019	6.135049	-10.000000	0.811388
2020	3.746709	-10.000000	0.812203
2021	4.735801	-10.000000	0.738587
2022	-3.746980	-10.000000	0.812203
2023	-6.135263	-10.000000	0.811387
2024	-4.735978	-10.000000	0.738585
2025	0.984335	-10.000000	0.582705
2026	-0.984392	-10.000000	0.582705
2027	-0.000018	-10.000000	0.532345
2028	-8.370390	-10.000000	0.649515
2029	-8.525900	-10.000000	0.549508
2030	-6.983991	-10.000000	0.613270
2031	-8.557589	-10.000000	0.254148
2032	-8.428406	-10.000000	0.163186
2033	-6.989514	-10.000000	0.230172
2034	-3.242489	-10.000000	0.481214
2035	-3.233029	-10.000000	0.397146
2036	-2.055584	-10.000000	0.441566
2037	8.280509	-8.605808	0.952287
2038	8.442436	-7.879546	0.953035
2039	6.796390	-7.967428	0.953415
2040	8.531328	-5.671359	0.952666
2041	8.443453	-5.024767	0.952255
2042	6.968101	-5.058468	0.955314
2043	3.088500	-6.292400	0.953672
2044	3.134273	-5.584828	0.953665
2045	1.966956	-5.843094	0.953672
2046	6.198614	-3.949359	0.964186
2047	3.857544	-3.563399	0.962088
2048	4.671284	-4.004860	0.949690
2049	-3.861668	-3.562276	0.962104
2050	-6.201263	-3.947287	0.964195
2051	-4.674027	-4.003701	0.949682
2052	0.962188	-4.670867	0.953702
2053	-0.963699	-4.670772	0.953702
2054	-0.000546	-5.035203	0.953671
2055	-8.444224	-5.022199	0.952240
2056	-8.531885	-5.669338	0.952658
2057	-6.969224	-5.056911	0.955313
2058	-8.442756	-7.878841	0.953032
2059	-8.280822	-8.605413	0.952288
2060	-6.796832	-7.967048	0.953416
2061	-3.135100	-5.584551	0.953665
2062	-3.089088	-6.292187	0.953672
2063	-1.967609	-5.842956	0.953672
2064	8.345804	-0.726303	0.516124
2065	8.641892	-0.767426	0.446467
2067	9.212147	-1.041889	0.290395
2068	9.102743	-0.927820	0.324767
2070	3.214176	-0.300806	0.578715
2071	3.377030	-0.287837	0.571161
2072	1.978303	-0.251555	0.571978
2073	6.682612	-0.425814	0.548670
2074	3.613031	-0.217998	0.551800
2075	4.639224	-0.297132	0.556115
2076	-5.215168	-0.208371	0.568912
2078	-6.027467	-0.292490	0.567631
2079	0.686981	-0.200967	0.563823
2080	-1.452915	-0.190004	0.567351
2081	-0.343291	-0.200405	0.567295
2086	-8.145086	-0.625678	0.573436
2087	-6.819480	-0.478889	0.606409
2088	-3.775729	-0.246006	0.582072
2089	-3.442831	-0.261817	0.588742
2090	-2.445657	-0.227194	0.579033
2091	7.953245	-0.584205	0.412383
2092	6.166360	-0.328901	0.534487
2093	7.231700	-0.378359	0.455045
2096	-7.159066	-0.275405	0.513483
2097	2.972642	-0.070410	0.536217
2098	-1.547528	-0.047566	0.544278
2099	0.619703	-0.034468	0.539780
2100	-9.615681	-0.822012	0.163887
2101	-9.560129	-0.226646	0.073775
2102	-8.925232	-0.379800	0.233880
2103	-9.395500	0.850877	0.116864
2105	-8.448269	0.509301	0.292300
2106	-5.795251	0.028610	0.503232
2107	-5.925248	0.092593	0.496433
2108	-4.159280	0.032314	0.528660
2111	-6.037682	0.252927	0.509454
2112	3.550202	0.113778	0.531591
2113	6.090343	0.246826	0.534226
2114	5.884429	0.196973	0.527836
2115	-2.145044	0.047800	0.535037
2116	2.515458	0.032196	0.533386
2117	0.401342	0.019327	0.536420
2121	8.409434	0.573981	0.429658
2122	8.163746	0.589023	0.503723
2123	6.908083	0.465611	0.543234
2124	3.553801	0.226334	0.560035
2125	3.520936	0.250765	0.568304
2126	2.365531	0.214084	0.562202
2127	6.029528	0.519887	0.626033
2128	3.767811	0.462046	0.648083
2129	4.479557	0.423424	0.624423
2130	-3.698182	0.461468	0.642667
2131	-5.985630	0.522457	0.612774
2132	-4.414140	0.425306	0.615424
2133	1.081243	0.258729	0.579527
2134	-0.699700	0.258718	0.579028
2135	0.262193	0.228612	0.569701
2136	-8.166251	0.602865	0.492176
2137	-8.398480	0.601350	0.420491
2138	-6.907957	0.474461	0.526670
2142	-2.744899	0.248830	0.566005
2143	-2.788841	0.226384	0.558159
2144	-1.641197	0.212317	0.560643
2145	8.443868	5.023911	0.952247
2146	8.531555	5.670791	0.952662
2147	6.968474	5.058120	0.955314
2148	8.442515	7.879413	0.953034
2149	8.280578	8.605741	0.952286
2150	6.796464	7.967378	0.953415
2151	3.134356	5.584794	0.953665
2152	3.088556	6.292379	0.953672
2153	1.967007	5.843078	0.953672
2154	5.866175	9.296670	0.942289
2155	3.577859	9.314949	0.942017
2156	4.394344	8.717967	0.951804
2157	-3.578217	9.314918	0.942018
2158	-5.866533	9.296604	0.942292
2159	-4.394731	8.717879	0.951805
2160	0.910871	7.087770	0.953667
2161	-0.911265	7.087732	0.953667
2162	-0.000210	6.587910	0.953671
2163	-8.280875	8.605374	0.952287
2164	-8.442816	7.878754	0.953031
2165	-6.796876	7.967029	0.953416
2166	-8.532052	5.668917	0.952655
2167	-8.444543	5.021544	0.952234
2168	-6.969482	5.056685	0.955312
2169	-3.089090	6.292185	0.953672
2170	-3.135107	5.584543	0.953665
2171	-1.967598	5.842954	0.953672
2172	6.098939	10.000000	0.072096
2173	3.746994	10.000000	0.069411
2174	4.599244	10.000000	0.138053
2175	-3.745943	10.000000	0.069411
2176	-6.098198	10.000000	0.072093
2177	-4.598837	10.000000	0.138050
2178	0.968396	10.000000	0.301529
2179	-0.968348	10.000000	0.301529
2180	0.000010	10.000000	0.353262
2181	-8.427557	10.000000	0.163133
2182	-8.556981	10.000000	0.254062
2183	-6.988690	10.000000	0.230121
2184	-8.526186	10.000000	0.549394
2185	-8.370849	10.000000	0.649441
2186	-6.984378	10.000000	0.613225
2187	-3.232954	10.000000	0.397144
2188	-3.242511	10.000000	0.481211
2189	-2.055569	10.000000	0.441569
2190	-6.135360	10.000000	0.811383
2191	-3.747029	10.000000	0.812202
2192	-4.736226	10.000000	0.738578
2193	3.746808	10.000000	0.812202
2194	6.135190	10.000000	0.811383
2195	4.736137	10.000000	0.738577
2196	-0.984406	10.000000	0.582706
2197	0.984395	10.000000	0.582706
2198	-0.000003	10.000000	0.532348
2199	10.000000	-8.450778	0.070197
2200	10.000000	-7.562549	0.063593
2201	10.000000	-7.724013	0.133816
2202	10.000000	-4.637703	0.053294
2203	10.000000	-3.611814	0.054706
2204	10.000000	-4.011714	0.106078
2205	10.000000	-5.699569	0.291692
2206	10.000000	-4.842668	0.276633
2207	10.000000	-5.075242	0.337354
2218	10.000000	-1.578440	0.141011
2219	10.000000	-2.433131	0.147039
2220	10.000000	-0.779271	0.279456
2221	10.000000	-0.682830	0.425339
2222	10.000000	-1.108171	0.406141
2223	10.000000	-3.426243	0.327190
2224	10.000000	-2.984727	0.391993
2225	10.000000	-3.724502	0.385471
2226	10.000000	-1.119306	0.690534
2227	10.000000	-1.511950	0.772563
2228	10.000000	-1.458357	0.629770
2229	10.000000	-3.099019	0.828729
2230	10.000000	-3.690982	0.839874
2231	10.000000	-3.536304	0.775785
2232	10.000000	-3.120185	0.522289
2233	10.000000	-3.660904	0.573171
2234	10.000000	-3.827164	0.507256
2235	10.000000	-4.950144	0.844970
2236	10.000000	-5.632693	0.839381
2237	10.000000	-4.889901	0.787104
2238	10.000000	-7.893575	0.821044
2239	10.000000	-8.620985	0.802251
2240	10.000000	-7.926171	0.736184
2241	10.000000	-5.065567	0.601123
2242	10.000000	-5.846221	0.579264
2243	10.000000	-5.190460	0.536486
2244	-10.000000	-9.294104	0.164730
2245	-10.000000	-9.319317	0.255959
2246	-10.000000	-8.604136	0.232289
2247	-10.000000	-9.312533	0.543409
2248	-10.000000	-9.289017	0.642208
2249	-10.000000	-8.631594	0.602635
2250	-10.000000	-6.609870	0.392222
2251	-10.000000	-6.632792	0.471613
2252	-10.000000	-5.964633	0.434032
2253	-10.000000	-8.620673	0.802259
2254	-10.000000	-7.893064	0.821060
2255	-10.000000	-7.926051	0.736195
2256	-10.000000	-5.631576	0.839483
2257	-10.000000	-4.948585	0.845112
2258	-10.000000	-4.890227	0.787363
2259	-10.000000	-5.848782	0.579573
2260	-10.000000	-5.069099	0.601662
2261	-10.000000	-5.194689	0.537150
2262	-10.000000	-3.688633	0.840198
2263	-10.000000	-3.097093	0.829360
2264	-10.000000	-3.537718	0.776488
2265	-10.000000	-1.515319	0.777894
2266	-10.000000	-1.128492	0.703828
2267	-10.000000	-1.471261	0.642326
2268	-10.000000	-3.667149	0.574971
2269	-10.000000	-3.126160	0.525728
2270	-10.000000	-3.833023	0.509446
2271	-10.000000	-0.660464	0.482350
2272	-10.000000	-0.733312	0.352642
2273	-10.000000	-1.101029	0.443942
2274	-10.000000	-1.398175	0.176044
2275	-10.000000	-1.758557	0.155692
2276	-10.000000	-2.477565	0.181227
2277	-10.000000	-2.983611	0.398881
2278	-10.000000	-3.432423	0.334550
2279	-10.000000	-3.731320	0.389901
2289	10.000000	9.283533	0.164936
2290	10.000000	9.308464	0.255759
2291	10.000000	8.579295	0.232138
2292	10.000000	9.307436	0.542779
2293	10.000000	9.285645	0.641709
2294	10.000000	8.623110	0.601728
2295	10.000000	6.546797	0.388872
2296	10.000000	6.587697	0.468525
2297	10.000000	5.896467	0.429383
2298	10.000000	8.617793	0.801856
2299	10.000000	7.889331	0.820598
2300	10.000000	7.918781	0.735364
2301	10.000000	5.626677	0.838768
2302	10.000000	4.944069	0.844347
2303	10.000000	4.879168	0.785776
2304	10.000000	5.813133	0.576175
2305	10.000000	5.029779	0.597275
2306	10.000000	5.141732	0.531941
2307	10.000000	3.682888	0.839063
2308	10.000000	3.088925	0.827673
2309	10.000000	3.524483	0.773909
2310	10.000000	1.486695	0.774688
2311	10.000000	1.067951	0.704781
2312	10.000000	1.417679	0.635741
2313	10.000000	3.610151	0.566325
2314	10.000000	3.046572	0.512660
2315	10.000000	3.751653	0.498742
2316	10.000000	0.556651	0.489674
2317	10.000000	0.600070	0.334014
2318	10.000000	0.984459	0.429318
2319	10.000000	1.221295	0.076995
2320	10.000000	1.824042	0.063087
2321	10.000000	2.198010	0.121513
2322	10.000000	2.825782	0.376031
2323	10.000000	3.234203	0.311516
2324	10.000000	3.582081	0.373145
2334	-10.000000	8.435404	0.070511
2335	-10.000000	7.540490	0.063794
2336	-10.000000	7.684001	0.133785
2337	-10.000000	4.582656	0.050481
2338	-10.000000	3.539000	0.045745
2339	-10.000000	3.811482	0.095429
2340	-10.000000	5.584060	0.286504
2341	-10.000000	4.683402	0.267865
2342	-10.000000	4.948874	0.329797
2352	-10.000000	1.510289	0.063526
2353	-10.000000	1.155809	0.061609
2354	-10.000000	2.181457	0.119025
2355	-10.000000	0.589765	0.322408
2356	-10.000000	0.547857	0.479615
2357	-10.000000	0.976452	0.421312
2358	-10.000000	3.227105	0.309599
2359	-10.000000	2.819214	0.373794
2360	-10.000000	3.576536	0.371822
2361	-10.000000	1.057564	0.699641
2362	-10.000000	1.475802	0.772378
2363	-10.000000	1.408771	0.631829
2364	-10.000000	3.080298	0.827470
2365	-10.000000	3.675742	0.838953
2366	-10.000000	3.516290	0.773655
2367	-10.000000	3.039537	0.511319
2368	-10.000000	3.603103	0.565602
2369	-10.000000	3.745704	0.497928
2370	-10.000000	4.939288	0.844283
2371	-10.000000	5.622854	0.838716
2372	-10.000000	4.873706	0.785660
2373	-10.000000	7.887949	0.820588
2374	-10.000000	8.617002	0.801861
2375	-10.000000	7.917398	0.735356
2376	-10.000000	5.024796	0.597057
2377	-10.000000	5.809494	0.576053
2378	-10.000000	5.137371	0.531693
2433	5.965398	-9.395359	-0.000000
2434	3.649159	-9.432703	0.000000
2435	4.481218	-8.755224	-0.000000
2436	-3.659612	-9.431716	0.000000
2437	-5.974035	-9.393458	-0.000000
2438	-4.491292	-8.752582	-0.000000
2439	0.932806	-6.979855	-0.000000
2440	-0.943187	-6.978708	-0.000000
2441	-0.005108	-6.430737	-0.000000
2442	-8.366438	-8.502586	-0.000000
2443	-8.527266	-7.592658	0.000003
2444	-6.912755	-7.819136	-0.000001
2445	-8.609587	-4.686314	-0.004451
2446	-8.506425	-3.778396	0.021115
2447	-7.077414	-4.162921	-0.008748
2448	-3.180771	-6.045224	-0.000003
2449	-3.221992	-5.224189	0.000029
2450	-2.028491	-5.567285	-0.000002
2451	-6.260044	-2.668134	-0.008163
2452	-3.894195	-2.445898	-0.000512
2453	-4.742075	-3.034864	0.004332
2454	3.906551	-2.460041	-0.000324
2455	6.268230	-2.687424	-0.004847
2456	4.744539	-3.050585	0.002382
2457	-0.989242	-4.204327	-0.000029
2458	0.978050	-4.206572	-0.000016
2459	-0.005800	-4.659426	0.000004
2460	6.366554	-1.754046	-0.220949
2461	3.958645	-1.663427	-0.302565
2462	4.903717	-1.327570	0.019617
2463	-3.948853	-1.658830	-0.287845
2464	-6.330149	-1.737393	-0.233158
2465	-4.860259	-1.351957	0.091608
2466	1.103227	-0.525566	-0.112732
2467	-0.962059	-0.536790	-0.252545
2468	-0.004214	-0.379653	0.095976
2469	-8.722622	-1.057186	0.229680
2470	-8.829196	-0.346371	-0.254773
2471	-7.389275	-0.743513	-0.135122
2472	-8.474862	1.189920	0.129917
2473	-8.649969	1.731291	-0.017004
2474	-7.085232	1.156942	-0.101240
2475	-3.419320	-0.106031	-0.032743
2476	-3.362806	0.238449	-0.437263
2477	-2.074615	0.031248	-0.338709
2478	-5.836752	1.802954	0.210938
2479	-3.676487	1.638890	0.300658
2480	-4.503305	1.459648	-0.178196
2481	3.708223	1.666095	0.231481
2482	5.954735	1.817940	0.273070
2483	4.603600	1.427001	-0.088427
2484	-0.949742	0.654629	0.058783
2485	1.212536	0.657583	0.112041
2486	0.100763	0.398391	-0.018913
2487	8.362441	8.512540	0.000000
2488	8.523902	7.608321	-0.000000
2489	6.906628	7.830934	0.000000
2490	8.608084	4.708874	0.000000
2491	8.504845	3.795136	-0.000000
2492	7.075439	4.182442	0.000000
2493	3.174844	6.057425	0.000000
2494	3.216643	5.238714	-0.000000
2495	2.023001	5.579273	0.000000
2496	6.225932	2.677819	-0.000000
2497	3.865047	2.458793	-0.000000
2498	4.729544	3.051143	-0.000000
2499	-3.845765	2.463943	-0.000000
2500	-6.205522	2.680365	-0.000000
2501	-4.723601	3.055461	-0.000000
2502	0.984097	4.218834	0.000000
2503	-0.982899	4.219426	0.000000
2504	0.000526	4.671947	-0.000000
2505	-8.503339	3.801566	-0.000000
2506	-8.607681	4.715144	0.000000
2507	-7.074784	4.187121	0.000000
2508	-8.523004	7.611349	-0.000000
2509	-8.361415	8.514306	0.000000
2510	-6.905183	7.832672	0.000000
2511	-3.215690	5.240139	-0.000000
2512	-3.173580	6.058501	0.000000
2513	-2.021934	5.580002	0.000000
2514	8.492585	-3.186257	0.924543
2515	8.740058	-2.758898	0.937422
2516	7.206929	-2.530774	0.927496
2517	9.132891	-1.401945	0.917246
2518	9.109635	-1.007058	0.825344
2519	8.069256	-1.132947	0.869450
2520	3.794970	-1.312939	0.896883
2521	4.139617	-1.117669	0.866561
2522	2.585618	-1.095852	0.861504
2523	6.762476	-0.736895	0.688363
2524	4.388332	-0.623146	0.701773
2525	5.643319	-0.757505	0.739610
2526	-4.534461	-0.595779	0.710879
2527	-6.802428	-0.690335	0.702134
2528	-5.728855	-0.730345	0.748434
2529	1.403674	-0.802083	0.784697
2530	-1.512587	-0.799345	0.785873
2531	-0.042912	-0.852503	0.801622
2532	-9.104551	-0.983210	0.825676
2533	-9.133019	-1.384360	0.915728
2534	-8.074017	-1.112155	0.868988
2535	-8.742133	-2.751341	0.937612
2536	-8.494792	-3.180581	0.924646
2537	-7.211649	-2.525403	0.927653
2538	-4.172298	-1.111608	0.866841
2539	-3.816717	-1.308832	0.896742
2540	-2.620350	-1.092743	0.861690
2541	9.106760	0.974365	0.826559
2542	9.133312	1.379257	0.915046
2543	8.069664	1.111635	0.869518
2544	8.742131	2.753405	0.937553
2545	8.494389	3.183010	0.924615
2546	7.209683	2.528229	0.927576
2547	4.151331	1.113797	0.866408
2548	3.802746	1.310797	0.896773
2549	2.596769	1.093967	0.861217
2550	6.074273	3.191916	0.908229
2551	3.744070	2.888398	0.908835
2552	4.640657	2.584705	0.916871
2553	-3.748439	2.887033	0.908849
2554	-6.077673	3.189482	0.908242
2555	-4.645437	2.582812	0.916892
2556	1.051908	1.455182	0.907521
2557	-1.063257	1.454690	0.907489
2558	-0.007198	1.248235	0.886176
2559	-8.496380	3.178356	0.924696
2560	-8.744119	2.747589	0.937696
2561	-7.213505	2.524221	0.927694
2562	-9.136288	1.369436	0.914063
2563	-9.110356	0.964007	0.822613
2564	-8.076866	1.103913	0.867161
2565	-3.815390	1.308609	0.896519
2566	-4.167206	1.111147	0.865816
2567	-2.614215	1.092481	0.860893
