1	10.000000	-15.000000	0.000000
2	-10.000000	-15.000000	0.000000
3	10.000000	15.000000	0.000000
4	-10.000000	15.000000	0.000000
5	10.000000	-10.051353	0.000000
6	-10.000000	-10.051327	0.000000
7	10.000000	10.051372	0.000000
8	-10.000000	10.051375	0.000000
9	10.000000	-9.909100	0.769413
10	-10.000000	-9.909099	0.769413
11	10.000000	-0.529724	0.677270
14	-10.000000	0.501268	0.685135
15	10.000000	9.909096	0.769409
16	-10.000000	9.909097	0.769411
17	10.000000	-3.900983	0.900000
18	-10.000000	-3.897391	0.900000
19	10.000000	3.900727	0.900000
20	-10.000000	3.897435	0.900000
27	10.000000	-1.753143	0.093367
28	-10.000000	-1.684466	0.118168
29	-0.000003	-10.000000	0.447059
30	-0.000047	-5.442742	0.934869
31	-0.185613	-0.151556	0.459032
32	0.690768	-0.009385	0.424464
33	0.072785	0.141940	0.446559
34	-0.000041	5.442743	0.934869
35	0.000000	10.000000	0.447060
36	10.000000	-4.519437	0.430091
37	-10.000000	-4.517950	0.430196
38	10.000000	4.472715	0.426067
39	-10.000000	4.470870	0.425921
42	-0.002258	-5.262733	0.000000
43	-0.038359	-0.089706	0.112986
44	0.000091	5.269348	-0.000000
45	-0.014634	-0.633304	0.741895
46	-0.012178	0.633459	0.741577
47	0.000000	0.000000	0.000000
48	-0.002470	-10.045820	0.000000
49	-0.000031	-9.894628	0.900000
50	-0.061487	-0.384023	0.594247
51	0.173608	0.055705	0.425244
52	0.018657	0.385442	0.592368
53	-0.000026	9.894628	0.900000
54	0.000321	10.045828	0.000000
55	10.000000	-10.000000	0.401487
56	-10.000000	-10.000000	0.401424
59	10.000000	10.000000	0.401314
60	-10.000000	10.000000	0.401320
61	10.000000	-6.605933	0.900000
62	-10.000000	-6.604926	0.900000
63	9.575276	-0.808949	0.182334
64	-9.540203	-0.663865	0.199904
65	9.486470	0.487380	0.112077
66	-9.465429	0.492918	0.102619
67	10.000000	6.605873	0.900000
68	-10.000000	6.604964	0.900000
69	10.000000	-6.161909	0.000000
70	-10.000000	-6.131952	0.000000
71	10.000000	6.176355	0.000000
72	-10.000000	6.180574	0.000000
73	-0.024869	1.392025	0.000000
78	-0.595790	-0.072257	0.434645
79	0.032442	-1.386598	0.000000
82	-0.001630	-2.128549	0.900000
83	-0.001422	2.128556	0.900000
84	10.000000	1.814914	0.900000
85	-10.000000	1.804598	0.900000
86	10.000000	-1.816684	0.900000
87	-10.000000	-1.805396	0.900000
88	3.998110	-10.000000	0.267250
89	4.013466	-10.000000	0.619530
90	-4.013504	-10.000000	0.619529
91	-3.998185	-10.000000	0.267253
92	3.886342	-7.298671	0.934868
93	3.839992	-4.047941	0.934551
94	-3.840535	-4.047754	0.934552
95	-3.886436	-7.298631	0.934868
96	3.837931	-0.268406	0.500154
97	4.259402	-0.215078	0.458459
98	-4.346379	-0.163283	0.458517
99	-3.900724	-0.247179	0.504603
100	7.169190	-0.150387	0.323196
101	-6.700875	-0.084498	0.381854
102	-6.318085	0.161375	0.362712
103	6.371297	0.147049	0.359177
104	4.516997	0.185846	0.419030
105	4.045114	0.253019	0.478635
106	-3.985079	0.249444	0.482339
107	-4.052658	0.170488	0.433146
108	3.840019	4.047934	0.934551
109	3.886346	7.298669	0.934868
110	-3.886430	7.298634	0.934868
111	-3.840500	4.047769	0.934552
112	3.998123	10.000000	0.267254
113	-3.998115	10.000000	0.267254
114	-4.013525	10.000000	0.619528
115	4.013527	10.000000	0.619528
116	10.000000	-7.025139	0.264310
118	10.000000	-3.431559	0.209607
119	10.000000	-1.837137	0.470815
120	10.000000	-3.762604	0.677012
121	10.000000	-7.032252	0.602914
122	-10.000000	-7.021416	0.264050
123	-10.000000	-7.031300	0.602817
124	-10.000000	-3.760434	0.677027
125	-10.000000	-1.833094	0.473727
127	-10.000000	-3.450074	0.215410
128	10.000000	6.983824	0.263136
129	10.000000	7.027004	0.602315
130	10.000000	3.756618	0.675692
131	10.000000	1.792730	0.461219
133	10.000000	3.204909	0.194940
134	-10.000000	6.983321	0.263132
136	-10.000000	3.198728	0.193324
137	-10.000000	1.789126	0.458940
138	-10.000000	3.751996	0.675591
139	-10.000000	7.026332	0.602318
148	3.916061	-7.234613	0.000000
149	-3.920901	-7.232257	0.000000
150	-3.926464	-3.678321	0.000166
151	3.917920	-3.685660	0.000073
152	4.725786	-0.453656	0.003577
153	-4.671017	-0.471390	0.053650
154	-4.516291	0.542772	-0.132041
155	4.494522	0.571617	-0.068908
156	3.913914	7.238701	-0.000000
157	3.915193	3.698428	-0.000000
158	-3.916710	3.699704	-0.000000
159	-3.913332	7.239018	-0.000000
160	4.657364	-1.231787	0.898785
161	5.289575	-0.616993	0.723053
162	-5.323821	-0.610409	0.722487
163	-4.664902	-1.230266	0.898675
164	5.296007	0.614564	0.724019
165	4.657883	1.231659	0.898776
166	-4.664408	1.230360	0.898684
167	-5.323209	0.611080	0.721671
168	5.223223	-10.047436	0.000000
169	5.178558	-9.897566	0.900000
170	5.545668	-0.457528	0.597607
172	5.738885	0.448982	0.599676
173	5.178565	9.897565	0.900000
174	5.222125	10.047444	0.000000
175	10.000000	-10.000000	0.192449
176	-10.000000	-10.000000	0.192393
179	10.000000	10.000000	0.192345
180	-10.000000	10.000000	0.192351
181	10.000000	-8.323776	0.899979
182	-10.000000	-8.323395	0.899979
183	9.318373	-0.461395	0.390510
184	-9.325925	-0.435472	0.428577
185	9.673253	0.962934	0.039941
186	-9.555795	0.949991	0.043672
187	10.000000	5.067810	0.900000
188	-10.000000	5.065961	0.900000
189	10.000000	-8.204907	0.000000
190	-10.000000	-8.192101	0.000000
191	10.000000	8.212913	0.000000
192	-10.000000	8.214537	0.000000
193	5.202492	1.724066	0.000000
196	10.000000	-0.539930	0.000000
197	-10.000000	-0.526117	0.000000
199	5.407871	-1.741791	0.000000
202	5.390579	-2.616975	0.900000
203	5.390710	2.616925	0.900000
204	10.000000	0.893333	0.848341
205	-10.000000	0.878899	0.844432
206	10.000000	-2.853895	0.899718
207	-10.000000	-2.847353	0.899719
208	6.674939	-10.000000	0.147877
209	6.679295	-10.000000	0.725870
210	-6.679369	-10.000000	0.725866
211	-6.675253	-10.000000	0.147887
212	6.533979	-8.534207	0.934362
213	6.502642	-3.658725	0.925619
214	-6.503652	-3.657881	0.925630
215	-6.534087	-8.534151	0.934362
216	6.661330	-0.443593	0.518738
218	-7.785194	-0.346293	0.455033
219	-6.524603	-0.383964	0.538546
220	8.723149	-0.541422	0.261902
221	-8.702150	-0.460336	0.278103
222	-7.813317	0.403718	0.266577
223	7.833302	0.391993	0.262131
225	6.708411	0.396136	0.507765
226	-6.692238	0.395086	0.500915
228	6.502700	3.658688	0.925619
229	6.533985	8.534204	0.934362
230	-6.534081	8.534155	0.934362
231	-6.503610	3.657936	0.925630
232	6.674718	10.000000	0.147868
233	-6.674678	10.000000	0.147866
234	-6.679439	10.000000	0.725862
235	6.679437	10.000000	0.725862
236	10.000000	-8.465417	0.149794
238	10.000000	-2.792404	0.110482
239	10.000000	-0.852593	0.531567
240	10.000000	-3.598450	0.800354
241	10.000000	-8.455927	0.714633
242	-10.000000	-8.460946	0.149566
243	-10.000000	-8.455543	0.714588
244	-10.000000	-3.594982	0.800378
245	-10.000000	-0.856029	0.543608
247	-10.000000	-2.779122	0.130972
248	10.000000	8.447703	0.149844
249	10.000000	8.454724	0.714447
250	10.000000	3.597011	0.799977
251	10.000000	0.842726	0.542345
253	10.000000	2.485421	0.082544
254	-10.000000	8.447770	0.149871
256	-10.000000	2.438223	0.079306
257	-10.000000	0.836705	0.535893
258	-10.000000	3.592341	0.799920
259	-10.000000	8.454466	0.714451
268	6.570049	-8.549892	0.000000
269	-6.574725	-8.547008	0.000000
270	-6.644630	-3.001474	0.010261
271	6.639859	-3.027438	0.005254
272	7.216667	-1.106171	-0.092555
273	-7.224392	-1.109390	-0.048699
274	-6.774972	1.258525	0.097949
275	6.800363	1.307351	0.057282
276	6.567071	8.553380	-0.000000
277	6.622959	3.034888	-0.000000
278	-6.624679	3.038409	-0.000000
279	-6.566471	8.553768	-0.000000
280	7.056272	-2.158798	0.913053
281	7.693967	-0.626914	0.704999
282	-7.703807	-0.609997	0.703304
283	-7.059260	-2.156488	0.913123
284	7.695826	0.616663	0.710202
285	7.056438	2.158667	0.913056
286	-7.059103	2.156632	0.913117
287	-7.707093	0.608930	0.704474
288	-5.227493	-10.047430	0.000000
289	-5.178626	-9.897566	0.900000
290	-5.648893	-0.434180	0.603283
292	-5.712918	0.443105	0.593305
293	-5.178623	9.897566	0.900000
294	-5.221560	10.047444	0.000000
295	10.000000	-10.000000	0.601136
296	-10.000000	-10.000000	0.601104
299	10.000000	10.000000	0.601041
300	-10.000000	10.000000	0.601045
301	10.000000	-5.067919	0.900000
302	-10.000000	-5.065881	0.900000
304	-9.718680	-1.146655	0.174177
305	9.199326	0.362347	0.428132
306	-9.201120	0.358012	0.416388
307	10.000000	8.323749	0.899979
308	-10.000000	8.323407	0.899979
309	10.000000	-4.190599	0.000000
310	-10.000000	-4.142572	0.000000
311	10.000000	4.205645	0.000000
312	-10.000000	4.214241	0.000000
313	-5.192886	1.722843	0.000000
318	-7.789702	-0.324882	0.434565
319	-5.380539	-1.712188	0.000000
322	-5.392987	-2.615905	0.900000
323	-5.392823	2.615962	0.900000
324	10.000000	2.853190	0.899719
325	-10.000000	2.847130	0.899720
326	10.000000	-0.897645	0.848751
327	-10.000000	-0.880843	0.845266
328	1.756293	-10.000000	0.368211
329	1.759678	-10.000000	0.524373
330	-1.759689	-10.000000	0.524373
331	-1.756308	-10.000000	0.368211
332	1.691842	-6.245483	0.934869
333	1.698619	-4.746699	0.934869
334	-1.698832	-4.746665	0.934869
335	-1.691926	-6.245462	0.934869
336	1.553004	-0.185278	0.472028
337	1.696347	-0.155481	0.456984
338	-2.164322	-0.143286	0.456323
339	-1.690168	-0.179422	0.472161
340	4.618176	-0.021450	0.411797
341	-3.959344	-0.009713	0.421278
342	-3.981912	0.028055	0.417385
343	4.288971	0.024176	0.412589
344	1.787987	0.136686	0.439334
345	1.789416	0.177778	0.459459
346	-1.567206	0.176257	0.463122
347	-1.572096	0.133705	0.442936
348	1.698631	4.746699	0.934869
349	1.691846	6.245482	0.934869
350	-1.691920	6.245464	0.934869
351	-1.698818	4.746669	0.934869
352	1.756312	10.000000	0.368214
353	-1.756311	10.000000	0.368214
354	-1.759691	10.000000	0.524373
355	1.759692	10.000000	0.524373
356	10.000000	-5.690034	0.354861
358	10.000000	-4.040440	0.318285
359	10.000000	-3.160861	0.440521
360	10.000000	-4.140575	0.549797
361	10.000000	-5.704518	0.506279
362	-10.000000	-5.688377	0.354793
363	-10.000000	-5.703010	0.506164
364	-10.000000	-4.139275	0.549787
365	-10.000000	-3.158049	0.441241
367	-10.000000	-4.041890	0.319537
368	10.000000	5.637161	0.352044
369	10.000000	5.687163	0.504652
370	10.000000	4.119438	0.546941
371	10.000000	3.094384	0.431955
373	10.000000	3.917096	0.310492
374	-10.000000	5.636056	0.351974
376	-10.000000	3.915522	0.309952
377	-10.000000	3.091740	0.431358
378	-10.000000	4.116199	0.546829
379	-10.000000	5.685842	0.504638
388	1.709693	-6.116686	0.000000
389	-1.714198	-6.115492	0.000000
390	-1.727273	-4.500859	0.000000
391	1.721160	-4.502576	0.000000
392	2.230958	-0.165513	-0.057009
393	-2.150215	-0.149177	-0.054271
394	-1.827238	0.309744	-0.206786
395	2.074865	0.228391	-0.194638
396	1.709577	6.121505	-0.000000
397	1.721994	4.512050	-0.000000
398	-1.722210	4.512335	-0.000000
399	-1.709154	6.121669	-0.000000
400	2.174363	-0.797452	0.811278
401	2.530955	-0.601170	0.723266
402	-2.572458	-0.599526	0.723259
403	-2.190963	-0.796695	0.811083
404	2.536232	0.600949	0.723133
405	2.175847	0.797384	0.811232
406	-2.189903	0.796781	0.811016
407	-2.569239	0.599999	0.722526
408	-0.000092	-10.000000	0.241403
409	-2.377969	-10.000000	0.127843
410	2.376836	-10.000000	0.127841
411	-0.000030	-7.517329	0.934868
412	-2.308998	-8.700043	0.934546
413	2.308937	-8.700051	0.934546
414	-0.004617	-1.059662	0.874814
415	-2.642604	-1.582244	0.908941
416	2.638117	-1.582731	0.908942
417	-0.011024	-0.231708	0.498652
418	-2.311409	-0.305801	0.541900
419	2.293008	-0.311937	0.543673
420	7.600232	0.066810	0.259198
421	8.877637	0.431091	0.118464
422	9.086422	-0.071941	0.136345
423	0.237147	0.103159	0.433910
424	-3.388129	0.128220	0.429163
425	2.257726	0.097667	0.421836
426	-0.034842	0.483442	0.654609
427	-3.215113	0.451474	0.627702
428	3.163640	0.453963	0.629762
429	-0.000274	3.608947	0.934790
430	-2.288856	2.851094	0.928616
431	2.287505	2.851256	0.928613
432	4.624651	10.000000	0.441864
433	7.220356	10.000000	0.531537
434	7.237641	10.000000	0.329081
435	10.000000	-7.149463	0.431269
436	10.000000	-8.557253	0.522209
437	10.000000	-8.576022	0.329426
438	-10.000000	-5.277692	0.221535
439	-10.000000	-4.703510	0.107066
440	-10.000000	-6.659733	0.119815
441	10.000000	5.163783	0.217883
442	10.000000	4.583817	0.103057
443	10.000000	6.616575	0.119915
444	-10.000000	7.132527	0.430124
445	-10.000000	8.553169	0.521780
446	-10.000000	8.565031	0.328911
453	4.542002	-5.438979	0.000001
454	7.171482	-4.735949	0.000211
455	7.165017	-6.697846	0.000001
456	5.407479	-0.035744	0.146026
457	7.642561	0.648151	0.250402
458	7.806382	-0.183698	0.096778
459	0.000261	7.482782	-0.000000
460	-2.321161	8.751812	-0.000000
461	2.321735	8.751739	-0.000000
462	7.237696	-10.000000	0.329104
463	7.220231	-10.000000	0.531559
464	4.624618	-10.000000	0.441865
465	2.432372	-10.000000	0.761035
466	-2.432411	-10.000000	0.761035
467	-0.000011	-10.000000	0.651066
468	-7.220297	-10.000000	0.531549
469	-7.237713	-10.000000	0.329096
470	-4.624638	-10.000000	0.441865
471	7.112709	-6.860735	0.934879
472	7.085045	-5.122749	0.934464
473	4.487007	-5.646665	0.934867
474	2.287419	-2.851260	0.928613
475	-2.288949	-2.851077	0.928617
476	-0.000311	-3.608944	0.934790
477	-7.085408	-5.122247	0.934465
478	-7.112874	-6.860519	0.934879
479	-4.487199	-5.646549	0.934867
480	7.791491	-0.499614	0.419901
481	8.344916	-0.607061	0.338080
482	4.996576	-0.275363	0.464091
483	2.670835	-0.134148	0.445305
484	-3.888747	-0.131009	0.448020
485	-0.173358	-0.119375	0.447509
487	-8.079705	-0.447424	0.458273
488	-4.981258	-0.217543	0.478800
489	5.032885	-0.159693	0.430819
490	-5.332067	-0.096729	0.433584
491	1.786131	-0.052275	0.430749
492	-9.013218	-0.040802	0.134160
493	-8.948732	0.489754	0.111780
494	-7.544218	0.099365	0.270728
495	-3.258589	0.079433	0.416849
496	3.344249	0.075691	0.406217
497	-0.044825	0.021223	0.421948
498	8.243422	0.480152	0.244027
499	7.469337	0.385542	0.384519
500	5.243745	0.231603	0.421798
501	2.460096	0.309878	0.535418
502	-2.382536	0.306326	0.536337
503	0.058452	0.228786	0.492885
504	-7.473707	0.390291	0.374151
506	-4.445743	0.210182	0.444144
507	7.085061	5.122727	0.934464
508	7.112717	6.860725	0.934879
509	4.487016	5.646661	0.934867
510	2.308941	8.700050	0.934546
511	-2.308994	8.700044	0.934546
512	-0.000026	7.517329	0.934868
513	-7.112864	6.860533	0.934879
514	-7.085386	5.122281	0.934465
515	-4.487186	5.646558	0.934867
516	2.377073	10.000000	0.127855
517	-2.376937	10.000000	0.127855
518	0.000010	10.000000	0.241412
519	-7.237639	10.000000	0.329082
520	-7.220351	10.000000	0.531538
521	-4.624649	10.000000	0.441864
522	-2.432419	10.000000	0.761035
523	2.432411	10.000000	0.761035
524	0.000000	10.000000	0.651066
525	10.000000	-6.670371	0.120147
526	10.000000	-4.717045	0.106446
527	10.000000	-5.276505	0.221379
531	10.000000	-1.750861	0.207396
532	10.000000	-1.058910	0.320502
533	10.000000	-2.450459	0.325503
534	10.000000	-1.553933	0.671723
535	10.000000	-2.425530	0.742332
536	10.000000	-2.682961	0.582721
537	10.000000	-5.103419	0.778115
538	10.000000	-6.813048	0.760802
539	10.000000	-5.395111	0.648369
540	-10.000000	-8.574230	0.329223
541	-10.000000	-8.556546	0.522089
542	-10.000000	-7.147689	0.431087
543	-10.000000	-6.812159	0.760763
544	-10.000000	-5.101575	0.778087
545	-10.000000	-5.393654	0.648303
546	-10.000000	-2.421573	0.742627
547	-10.000000	-1.553372	0.673615
548	-10.000000	-2.682764	0.583103
549	-10.000000	-0.999321	0.333366
550	-10.000000	-1.682033	0.224911
551	-10.000000	-2.428987	0.330337
555	10.000000	8.565139	0.328893
556	10.000000	8.553351	0.521770
557	10.000000	7.133018	0.430118
558	10.000000	6.811110	0.760563
559	10.000000	5.101059	0.777779
560	10.000000	5.388217	0.647509
561	10.000000	2.425350	0.741109
562	10.000000	1.556222	0.670083
563	10.000000	2.669806	0.578449
564	10.000000	0.904649	0.309616
565	10.000000	1.418814	0.156233
566	10.000000	2.260944	0.304954
570	-10.000000	6.615938	0.119912
571	-10.000000	4.576039	0.102707
572	-10.000000	5.161479	0.217637
576	-10.000000	1.418189	0.152676
577	-10.000000	0.906123	0.303018
578	-10.000000	2.262310	0.302967
579	-10.000000	1.546837	0.668523
580	-10.000000	2.417287	0.740856
581	-10.000000	2.663669	0.577929
582	-10.000000	5.098737	0.777747
583	-10.000000	6.810213	0.760556
584	-10.000000	5.386255	0.647487
603	2.322036	-8.750371	0.000000
604	-2.326517	-8.749806	0.000000
605	-0.002118	-7.480059	0.000000
606	-7.170407	-6.688702	0.000001
607	-7.178557	-4.718022	0.000465
608	-4.548307	-5.433692	0.000003
609	-2.356230	-2.326576	0.000066
610	2.351394	-2.333511	0.000033
611	-0.004012	-3.252434	0.000001
612	2.697407	-0.931947	0.009567
613	-2.630857	-0.924497	0.009830
614	-0.028009	-0.480492	0.035356
615	-7.768772	-0.179380	0.038805
616	-7.706827	0.668251	0.270092
617	-5.335179	0.018490	0.062489
618	-2.502341	0.947067	-0.019525
619	2.484878	0.958497	-0.036053
620	0.067568	0.509653	-0.051987
621	7.162822	6.707089	-0.000000
622	7.170437	4.748772	-0.000000
623	4.540365	5.447761	-0.000000
624	2.323262	2.346312	-0.000000
625	-2.334922	2.347796	-0.000000
626	-0.001436	3.267401	-0.000000
627	-7.170278	4.751129	-0.000000
628	-7.162259	6.708290	-0.000000
629	-4.540025	5.448522	-0.000000
630	7.915290	-1.569381	0.934124
631	8.215527	-0.993735	0.868861
632	5.704026	-0.898805	0.843398
633	3.098063	-0.455070	0.630545
634	-3.222435	-0.448655	0.631255
635	-0.054377	-0.482687	0.656087
636	-8.219872	-0.983902	0.866664
637	-7.919095	-1.564162	0.934081
638	-5.716488	-0.895067	0.842555
639	8.214414	0.991564	0.868574
640	7.915427	1.568863	0.934118
641	5.704986	0.898162	0.843410
642	2.638389	1.582705	0.908942
643	-2.642289	1.582278	0.908941
644	-0.003980	1.059661	0.874813
645	-7.918867	1.564375	0.934083
646	-8.219489	0.983913	0.866752
647	-5.715824	0.895228	0.842612
648	7.681955	-10.049241	0.000000
649	7.645135	-9.901706	0.900000
650	7.969433	-0.543345	0.596089
651	9.182113	0.720457	0.085139
652	8.057641	0.513538	0.609917
653	7.645141	9.901705	0.900000
654	7.680557	10.049252	0.000000
655	10.000000	-10.000000	0.090777
656	-10.000000	-10.000000	0.090749
659	10.000000	10.000000	0.090756
660	-10.000000	10.000000	0.090759
661	10.000000	-9.154717	0.896696
662	-10.000000	-9.154548	0.896705
663	9.276590	-0.470238	0.541148
664	-9.236467	-0.453547	0.552980
667	10.000000	4.434816	0.899896
668	-10.000000	4.432317	0.899896
669	10.000000	-9.166563	0.000000
670	-10.000000	-9.160631	0.000000
671	10.000000	9.170499	0.000000
672	-10.000000	9.171238	0.000000
673	7.722797	2.088251	0.000000
676	10.000000	-1.575290	0.000000
677	-10.000000	-1.542081	0.000000
679	7.896615	-2.106741	0.000000
682	7.799914	-3.179992	0.900000
683	7.799993	3.179878	0.900000
684	10.000000	0.515697	0.694726
686	10.000000	-3.381932	0.899748
687	-10.000000	-3.377085	0.899747
688	8.245850	-10.000000	0.076100
689	8.192117	-10.000000	0.780287
690	-8.192162	-10.000000	0.780284
691	-8.246383	-10.000000	0.076116
692	8.110672	-9.214906	0.935021
693	8.147645	-3.693172	0.946158
694	-8.148534	-3.691397	0.946148
695	-8.110769	-9.214855	0.935022
696	8.298990	-0.526805	0.556578
699	-8.180929	-0.486991	0.556137
705	8.213247	0.472852	0.559433
706	-8.212562	0.468070	0.550570
708	8.147717	3.693085	0.946157
709	8.110677	9.214902	0.935021
710	-8.110763	9.214857	0.935022
711	-8.148530	3.691486	0.946148
712	8.245560	10.000000	0.076081
713	-8.245489	10.000000	0.076079
714	-8.192205	10.000000	0.780279
715	8.192195	10.000000	0.780278
716	10.000000	-9.227276	0.080001
718	10.000000	-2.484648	0.076244
719	10.000000	-0.503020	0.565583
720	10.000000	-3.687760	0.855391
721	10.000000	-9.157190	0.771912
722	-10.000000	-9.224317	0.079866
723	-10.000000	-9.157011	0.771894
724	-10.000000	-3.684069	0.855401
725	-10.000000	-0.493922	0.577592
728	10.000000	9.220942	0.080240
729	10.000000	9.156807	0.771831
730	10.000000	3.686992	0.855249
731	10.000000	0.478447	0.587503
733	10.000000	2.324529	0.035910
734	-10.000000	9.221120	0.080261
736	-10.000000	2.321948	0.034393
737	-10.000000	0.470857	0.577219
738	-10.000000	3.682911	0.855222
739	-10.000000	9.156676	0.771838
748	8.143351	-9.280978	0.000000
749	-8.146967	-9.278662	0.000000
750	-8.258032	-2.734335	-0.037883
751	8.259323	-2.775158	-0.022202
752	8.574333	-1.678699	-0.185740
753	-8.574978	-1.647938	-0.179542
754	-8.029627	1.827264	0.180969
755	8.057418	1.833919	0.233760
756	8.141183	9.283338	-0.000000
757	8.231932	2.773628	0.000000
758	-8.231213	2.779563	0.000000
759	-8.140723	9.283643	-0.000000
760	8.369501	-2.898445	0.908429
761	8.661179	-0.597267	0.672426
762	-8.658548	-0.574302	0.669961
763	-8.371118	-2.895630	0.908468
764	8.662989	0.580765	0.682025
765	8.369619	2.898291	0.908431
766	-8.371098	2.895768	0.908465
767	-8.666731	0.570691	0.674253
768	-2.650719	-10.046237	0.000000
769	-2.617685	-9.895360	0.900000
770	-2.987441	-0.394372	0.597951
771	-4.226891	0.124970	0.419353
772	-2.997441	0.398339	0.593816
773	-2.617681	9.895360	0.900000
774	-2.645800	10.046247	0.000000
775	10.000000	-10.000000	0.504233
776	-10.000000	-10.000000	0.504182
779	10.000000	10.000000	0.504088
780	-10.000000	10.000000	0.504093
781	10.000000	-5.797266	0.900000
782	-10.000000	-5.795803	0.900000
783	9.712727	-1.147793	0.158144
784	-9.688861	-0.896872	0.185497
785	9.352933	0.367683	0.266044
786	-9.346510	0.368461	0.253341
787	10.000000	7.461400	0.899994
788	-10.000000	7.460812	0.899994
789	10.000000	-5.150703	0.000000
790	-10.000000	-5.111182	0.000000
791	10.000000	5.166375	0.000000
792	-10.000000	5.172537	0.000000
793	-2.702972	1.481419	0.000000
796	10.000000	1.429086	0.000000
797	-10.000000	1.438566	0.000000
798	-5.507272	-0.130926	0.442625
799	-2.759008	-1.472390	0.000000
802	-2.772339	-2.254303	0.900000
803	-2.772133	2.254332	0.900000
804	10.000000	2.326761	0.899920
805	-10.000000	2.318716	0.899923
806	10.000000	-1.335288	0.900000
807	-10.000000	-1.321060	0.900000
808	2.827671	-10.000000	0.319933
809	2.835318	-10.000000	0.570410
810	-2.835339	-10.000000	0.570410
811	-2.827705	-10.000000	0.319935
812	2.737047	-6.748169	0.934869
813	2.721858	-4.379686	0.934883
814	-2.722202	-4.379602	0.934883
815	-2.737135	-6.748138	0.934869
816	2.673376	-0.219022	0.485206
817	2.608751	-0.166644	0.455730
818	-3.485000	-0.153842	0.458214
819	-2.718053	-0.207902	0.485734
820	6.076540	-0.062991	0.374609
821	-5.525025	-0.028161	0.407463
822	-5.361312	0.082406	0.398366
823	5.421891	0.072452	0.392303
824	3.294637	0.157881	0.433344
825	2.871719	0.208793	0.468342
826	-2.736363	0.206334	0.473617
827	-2.869715	0.147395	0.441874
828	2.721876	4.379683	0.934883
829	2.737051	6.748168	0.934869
830	-2.737129	6.748141	0.934869
831	-2.722179	4.379609	0.934883
832	2.827699	10.000000	0.319937
833	-2.827696	10.000000	0.319937
834	-2.835347	10.000000	0.570410
835	2.835348	10.000000	0.570410
836	10.000000	-6.342679	0.311958
838	10.000000	-3.750009	0.263026
839	10.000000	-2.478765	0.452873
840	10.000000	-3.942481	0.613271
841	10.000000	-6.354011	0.552360
842	-10.000000	-6.340157	0.311777
843	-10.000000	-6.352741	0.552244
844	-10.000000	-3.940874	0.613262
845	-10.000000	-2.473863	0.454131
847	-10.000000	-3.757245	0.265888
848	10.000000	6.293358	0.309955
849	10.000000	6.344244	0.551360
850	10.000000	3.930460	0.611210
851	10.000000	2.414498	0.442046
853	10.000000	3.572290	0.252365
854	-10.000000	6.292551	0.309920
856	-10.000000	3.569944	0.251388
857	-10.000000	2.411429	0.440842
858	-10.000000	3.926441	0.611102
859	-10.000000	6.343269	0.551359
868	2.761959	-6.650114	0.000000
869	-2.766627	-6.648311	0.000000
870	-2.775034	-4.082480	-0.000010
871	2.767684	-4.086180	-0.000004
872	3.474686	-0.325336	-0.196478
873	-3.407179	-0.302368	-0.142029
874	-3.203399	0.316505	-0.071092
875	3.321897	0.302715	-0.067183
876	2.760740	6.654459	-0.000000
877	2.767231	4.097525	0.000000
878	-2.767961	4.098169	0.000000
879	-2.760225	6.654704	-0.000000
880	3.419881	-0.968394	0.859045
881	3.931864	-0.605420	0.722384
882	-3.972829	-0.601887	0.722206
883	-3.431330	-0.967264	0.858820
884	3.938297	0.604473	0.722654
885	3.420822	0.968282	0.859031
886	-3.430621	0.967337	0.858833
887	-3.970449	0.602503	0.721365
888	-2.076544	-10.000000	0.248254
889	-1.274280	-10.000000	0.064590
890	3.290185	-10.000000	0.193166
891	-2.011941	-7.457940	0.934868
892	-1.238839	-9.315888	0.930553
893	3.196694	-8.031877	0.934852
894	-2.473781	-1.106022	0.882243
895	-1.367930	-1.812653	0.905254
896	3.754364	-1.399473	0.906940
897	-1.981997	-0.233823	0.499733
898	-1.313456	-0.342502	0.566170
899	3.138345	-0.285767	0.521456
900	7.166282	0.137690	0.302759
901	9.649204	0.726403	0.027034
902	8.400106	-0.178247	0.213287
903	-2.196364	0.121889	0.436762
904	-1.720617	0.085167	0.425305
905	3.563667	0.139473	0.419688
906	-2.999496	0.517412	0.672340
907	-1.678779	0.408588	0.605559
908	4.409307	0.519921	0.668391
909	-1.984537	3.724868	0.934742
910	-1.261022	2.425281	0.951062
911	3.145898	3.393076	0.936527
912	4.461663	10.000000	0.533630
913	8.635235	10.000000	0.470345
914	5.707739	10.000000	0.295236
915	10.000000	-7.114401	0.517939
916	10.000000	-9.288959	0.466758
917	10.000000	-7.822148	0.294985
918	-10.000000	-4.360297	0.213380
919	-10.000000	-5.401562	0.054180
920	-10.000000	-6.865201	0.188627
921	10.000000	4.183537	0.204681
922	10.000000	5.377638	0.053776
923	10.000000	6.818172	0.188172
924	-10.000000	7.104612	0.517074
925	-10.000000	9.286385	0.466435
926	-10.000000	7.799496	0.294222
933	4.378346	-4.524271	-0.000014
934	8.614372	-5.408841	0.000082
935	5.618505	-6.981631	-0.000000
936	5.138699	0.330598	0.050670
937	9.034102	0.729941	-0.044761
938	6.405303	-0.415021	0.170703
939	-2.024827	7.417289	0.000000
940	-1.247164	9.418222	0.000000
941	3.215040	8.030252	0.000000
942	8.645323	-10.000000	0.365922
943	5.701722	-10.000000	0.581835
944	4.461363	-10.000000	0.350967
945	1.276387	-10.000000	0.824297
946	-3.342577	-10.000000	0.695928
947	2.097951	-10.000000	0.643075
948	-8.635192	-10.000000	0.470383
949	-5.707801	-10.000000	0.295242
950	-4.461642	-10.000000	0.533631
951	8.564733	-6.682775	0.935046
952	5.528115	-4.526872	0.934442
953	4.335240	-6.495362	0.934869
954	1.258792	-2.425397	0.951064
955	-3.146779	-3.392885	0.936525
956	1.983976	-3.724940	0.934742
957	-8.558337	-5.817526	0.935033
958	-5.574658	-7.082766	0.934869
959	-4.311766	-4.810055	0.934898
960	8.962236	-0.634545	0.304602
961	6.273549	-0.344574	0.440925
962	4.522978	-0.266570	0.480661
963	0.050781	-0.087304	0.438546
964	-4.106500	-0.147595	0.453495
965	2.065916	-0.144678	0.451148
966	-9.283644	-0.810892	0.244407
967	-5.852430	-0.291973	0.506483
968	-5.234740	-0.207624	0.468948
971	5.180947	-0.095147	0.409374
972	-9.510151	0.218201	0.057069
973	-7.902526	0.302927	0.240387
974	-7.370650	-0.014208	0.308647
976	5.096789	0.111779	0.391346
977	-3.866005	0.059859	0.414248
978	8.998469	0.544098	0.166191
979	5.788975	0.297347	0.450169
981	1.376307	0.345167	0.563474
982	-3.277240	0.275225	0.509629
983	2.123426	0.234407	0.489557
984	-8.751587	0.455381	0.270677
985	-5.832293	0.256055	0.404237
986	-4.466044	0.229472	0.456907
987	8.558130	5.818213	0.935034
988	5.574532	7.082858	0.934869
989	4.311467	4.810206	0.934898
990	1.238788	9.315890	0.930553
991	-3.196763	8.031859	0.934852
992	2.011876	7.457954	0.934868
993	-8.564877	6.682325	0.935044
994	-5.528553	4.526569	0.934443
995	-4.335361	6.495294	0.934869
996	1.272469	10.000000	0.064603
997	-3.290190	10.000000	0.193175
998	2.076456	10.000000	0.248261
999	-8.645306	10.000000	0.365856
1000	-5.701816	10.000000	0.581829
1001	-4.461376	10.000000	0.350967
1002	-1.276426	10.000000	0.824297
1003	3.342595	10.000000	0.695928
1004	-2.097982	10.000000	0.643075
1005	10.000000	-6.432549	0.057542
1006	10.000000	-4.044058	0.157714
1007	10.000000	-6.175330	0.239222
1011	10.000000	-0.997887	0.187618
1012	10.000000	-1.438851	0.402966
1013	10.000000	-2.897122	0.264295
1014	10.000000	-1.559857	0.792467
1015	10.000000	-3.032534	0.700020
1016	10.000000	-2.242046	0.530046
1017	10.000000	-5.841184	0.836346
1018	10.000000	-6.928865	0.684413
1019	10.000000	-4.562844	0.662629
1020	-10.000000	-9.297003	0.365585
1021	-10.000000	-7.806054	0.567341
1022	-10.000000	-7.118024	0.345521
1023	-10.000000	-6.694747	0.832165
1024	-10.000000	-4.403784	0.725216
1025	-10.000000	-6.225674	0.629332
1026	-10.000000	-2.000618	0.811183
1027	-10.000000	-1.667424	0.565529
1028	-10.000000	-3.184805	0.630866
1029	-10.000000	-0.625671	0.227749
1030	-10.000000	-2.554433	0.223117
1031	-10.000000	-2.075558	0.396649
1035	10.000000	9.293710	0.365368
1036	10.000000	7.802195	0.566928
1037	10.000000	7.093009	0.344443
1038	10.000000	6.694672	0.832069
1039	10.000000	4.402010	0.724553
1040	10.000000	6.220831	0.628718
1041	10.000000	2.007508	0.810160
1042	10.000000	1.657186	0.558599
1043	10.000000	3.177688	0.628299
1044	10.000000	0.511885	0.198739
1045	10.000000	2.272523	0.182621
1046	10.000000	1.977424	0.376591
1050	-10.000000	6.400877	0.057681
1051	-10.000000	3.840262	0.147997
1052	-10.000000	6.103605	0.237249
1056	-10.000000	0.693348	0.093935
1057	-10.000000	1.351910	0.387460
1058	-10.000000	2.669318	0.243616
1059	-10.000000	1.549639	0.791177
1060	-10.000000	3.023209	0.698436
1061	-10.000000	2.213382	0.522113
1062	-10.000000	5.838562	0.836195
1063	-10.000000	6.924894	0.684018
1064	-10.000000	4.552493	0.661485
1083	1.246538	-9.417561	-0.000000
1084	-3.221087	-8.026513	-0.000000
1085	2.025717	-7.414319	-0.000000
1086	-8.613165	-6.399488	-0.000010
1087	-5.630034	-4.142853	0.000439
1088	-4.382828	-6.359492	-0.000000
1089	-1.281064	-1.806340	-0.000002
1090	3.227468	-2.955572	-0.000083
1091	-2.035102	-3.364439	0.000013
1092	1.388313	-1.120457	-0.291926
1093	-3.804856	-0.710984	-0.136980
1094	2.579170	-0.481025	-0.006400
1095	-8.854378	0.167110	0.098560
1096	-6.300505	0.547041	-0.083978
1097	-5.231165	-0.235492	-0.152408
1098	-1.326843	1.132193	0.221153
1099	3.587246	0.748459	0.165380
1100	-2.224344	0.534867	-0.100884
1101	8.608113	6.428865	0.000000
1102	5.619963	4.167509	-0.000000
1103	4.375256	6.369547	0.000000
1104	1.241775	1.820945	-0.000000
1105	-3.220775	2.970877	-0.000000
1106	2.024774	3.381326	0.000000
1107	-8.613239	5.425843	-0.000000
1108	-5.615184	6.988578	0.000000
1109	-4.377411	4.536334	0.000000
1110	9.075760	-1.716374	0.936494
1111	7.001811	-0.768390	0.794610
1112	5.317601	-1.064473	0.879883
1113	1.558713	-0.409637	0.608639
1114	-4.450101	-0.515108	0.668132
1115	2.927123	-0.519710	0.673706
1116	-9.165676	-1.321339	0.913585
1117	-6.469739	-1.395322	0.916509
1118	-5.750889	-0.739319	0.786417
1119	9.163660	1.330376	0.914247
1120	6.464271	1.398068	0.916546
1121	5.733872	0.743075	0.787945
1122	1.364675	1.812865	0.905252
1123	-3.759860	1.398650	0.906911
1124	2.465636	1.106570	0.882317
1125	-9.077443	1.708341	0.936392
1126	-7.013322	0.759936	0.792747
1127	-5.326549	1.062122	0.879558
1128	2.645919	-10.046239	0.000000
1129	2.617621	-9.895360	0.900000
1130	2.865966	-0.402242	0.598756
1131	4.164344	0.128895	0.405962
1132	3.031960	0.402497	0.595883
1133	2.617626	9.895360	0.900000
1134	2.646427	10.046246	0.000000
1135	10.000000	-10.000000	0.296357
1136	-10.000000	-10.000000	0.296290
1139	10.000000	10.000000	0.296194
1140	-10.000000	10.000000	0.296200
1141	10.000000	-7.461443	0.899994
1142	-10.000000	-7.460791	0.899994
1143	9.462862	-0.574006	0.241188
1144	-9.444447	-0.492018	0.277719
1145	9.586485	0.702925	0.045086
1146	-9.502817	0.707626	0.047076
1147	10.000000	5.797187	0.900000
1148	-10.000000	5.795863	0.900000
1149	10.000000	-7.192505	0.000000
1150	-10.000000	-7.171667	0.000000
1151	10.000000	7.204207	0.000000
1152	-10.000000	7.206951	0.000000
1153	2.635180	1.479914	0.000000
1156	10.000000	0.425455	0.000000
1157	-10.000000	0.420889	0.000000
1158	4.004141	-0.154201	0.441473
1159	2.755765	-1.483345	0.000000
1162	2.769307	-2.254733	0.900000
1163	2.769485	2.254719	0.900000
1164	10.000000	1.332503	0.900000
1165	-10.000000	1.319858	0.900000
1166	10.000000	-2.327887	0.899919
1167	-10.000000	-2.319191	0.899923
1168	5.273457	-10.000000	0.210071
1169	5.295237	-10.000000	0.671503
1170	-5.295296	-10.000000	0.671501
1171	-5.273617	-10.000000	0.210077
1172	5.144101	-7.894147	0.934868
1173	5.082570	-3.791792	0.937718
1174	-5.083370	-3.791394	0.937713
1175	-5.144203	-7.894098	0.934868
1176	5.134994	-0.342590	0.509639
1177	6.490201	-0.359315	0.428058
1179	-5.068676	-0.300706	0.525252
1180	8.039486	-0.306428	0.277900
1181	-7.731628	-0.200557	0.350818
1182	-7.096492	0.264547	0.318868
1183	7.126519	0.247201	0.320028
1184	5.342058	0.212205	0.395111
1185	5.323796	0.314698	0.490559
1186	-5.288282	0.312820	0.488018
1187	-5.507749	0.226572	0.408733
1188	5.082611	3.791776	0.937718
1189	5.144106	7.894145	0.934868
1190	-5.144196	7.894102	0.934868
1191	-5.083324	3.791423	0.937713
1192	5.273392	10.000000	0.210071
1193	-5.273374	10.000000	0.210070
1194	-5.295340	10.000000	0.671500
1195	5.295342	10.000000	0.671499
1196	10.000000	-7.733032	0.210710
1198	10.000000	-3.101021	0.158229
1199	10.000000	-1.283329	0.495672
1200	10.000000	-3.634560	0.739915
1201	10.000000	-7.736164	0.657325
1202	-10.000000	-7.728418	0.210433
1203	-10.000000	-7.735520	0.657253
1204	-10.000000	-3.631671	0.739945
1205	-10.000000	-1.285004	0.502762
1207	-10.000000	-3.130131	0.169095
1208	10.000000	7.702836	0.210256
1209	10.000000	7.733504	0.656980
1210	10.000000	3.631748	0.739161
1211	10.000000	1.264240	0.493965
1213	10.000000	2.842936	0.137924
1214	-10.000000	7.702642	0.210274
1216	-10.000000	2.824558	0.135497
1217	-10.000000	1.259661	0.489984
1218	-10.000000	3.626878	0.739077
1219	-10.000000	7.733069	0.656984
1228	5.177456	-7.867627	0.000000
1229	-5.182367	-7.864855	0.000000
1230	-5.205334	-3.312826	-0.001687
1231	5.196817	-3.326844	-0.000786
1232	5.942892	-0.655046	-0.151687
1233	-5.900736	-0.709122	-0.149265
1234	-5.590422	0.780655	0.175759
1235	5.597703	0.826934	0.111316
1236	5.174636	7.871530	-0.000000
1237	5.189466	3.339256	0.000000
1238	-5.191645	3.341443	0.000000
1239	-5.174017	7.871903	-0.000000
1240	5.856851	-1.617536	0.915847
1241	6.558221	-0.628072	0.719915
1242	-6.581025	-0.616948	0.718894
1243	-5.861664	-1.615632	0.915870
1244	6.562912	0.622763	0.722318
1245	5.857127	1.617406	0.915848
1246	-5.861346	1.615755	0.915868
1247	-6.582582	0.617322	0.718465
1248	-7.684921	-10.049228	0.000000
1249	-7.645195	-9.901706	0.900000
1250	-7.972090	-0.510820	0.594415
1252	-8.047349	0.506142	0.600416
1253	-7.645192	9.901705	0.900000
1254	-7.680165	10.049254	0.000000
1255	10.000000	-10.000000	0.694823
1256	-10.000000	-10.000000	0.694808
1259	10.000000	10.000000	0.694778
1260	-10.000000	10.000000	0.694780
1261	10.000000	-4.434978	0.899896
1262	-10.000000	-4.432234	0.899896
1265	9.182417	0.423762	0.560329
1266	-9.184265	0.415834	0.550071
1267	10.000000	9.154708	0.896695
1268	-10.000000	9.154556	0.896703
1269	10.000000	-3.298257	0.000000
1270	-10.000000	-3.245735	0.000000
1271	10.000000	3.310948	0.000000
1272	-10.000000	3.322308	0.000000
1273	-7.696433	2.091426	0.000000
1275	-10.000000	-2.437744	0.113309
1276	10.000000	2.489197	0.000000
1277	-10.000000	2.503534	0.000000
1279	-7.890578	-2.066513	0.000000
1282	-7.801346	-3.177910	0.900000
1283	-7.801263	3.177990	0.900000
1284	10.000000	3.381502	0.899748
1285	-10.000000	3.377031	0.899748
1287	-10.000000	-0.510015	0.675194
1288	0.799003	-10.000000	0.411282
1289	0.800286	-10.000000	0.482478
1290	-0.800293	-10.000000	0.482478
1291	-0.799011	-10.000000	0.411283
1292	0.765888	-5.802117	0.934869
1293	0.776346	-5.113475	0.934869
1294	-0.776481	-5.113464	0.934869
1295	-0.765973	-5.802107	0.934869
1296	0.602549	-0.163511	0.463282
1297	0.581643	-0.149613	0.456595
1298	-1.071281	-0.144726	0.456477
1299	-0.849646	-0.160366	0.463288
1300	2.354360	-0.015064	0.420703
1301	-1.734047	-0.011373	0.424990
1302	-1.898599	-0.002385	0.423668
1303	2.477372	-0.000388	0.419536
1304	0.876648	0.136615	0.442974
1305	0.808932	0.155778	0.452161
1306	-0.636755	0.155099	0.453742
1307	-0.714579	0.135512	0.444676
1308	0.776354	5.113475	0.934869
1309	0.765893	5.802118	0.934869
1310	-0.765967	5.802108	0.934869
1311	-0.776473	5.113466	0.934869
1312	0.799013	10.000000	0.411284
1313	-0.799012	10.000000	0.411284
1314	-0.800291	10.000000	0.482479
1315	0.800292	10.000000	0.482479
1316	10.000000	-5.076582	0.394014
1318	10.000000	-4.296261	0.374649
1319	10.000000	-3.850585	0.433353
1320	10.000000	-4.335619	0.487997
1321	10.000000	-5.088720	0.465289
1322	-10.000000	-5.075203	0.394052
1323	-10.000000	-5.087148	0.465226
1324	-10.000000	-4.334384	0.488030
1325	-10.000000	-3.849109	0.433736
1327	-10.000000	-4.295477	0.375105
1328	10.000000	5.025065	0.390517
1329	10.000000	5.059414	0.462702
1330	10.000000	4.302812	0.484459
1331	10.000000	3.792639	0.427382
1333	10.000000	4.218368	0.369012
1334	-10.000000	5.023636	0.390410
1336	-10.000000	4.216681	0.368732
1337	-10.000000	3.790336	0.427083
1338	-10.000000	4.300333	0.484336
1339	-10.000000	5.057772	0.462647
1348	0.774250	-5.645859	0.000000
1349	-0.778683	-5.645280	0.000000
1350	-0.788743	-4.905673	-0.000000
1351	0.783603	-4.906294	-0.000000
1352	0.870732	-0.064873	-0.068521
1353	-0.893761	-0.041781	-0.066533
1354	-0.905355	0.152726	0.099176
1355	0.952885	0.098109	0.066448
1356	0.775362	5.651431	-0.000000
1357	0.785287	4.914073	0.000000
1358	-0.785235	4.914170	0.000000
1359	-0.775054	5.651512	-0.000000
1360	0.996438	-0.691996	0.769756
1361	1.173912	-0.609923	0.729403
1362	-1.210458	-0.609358	0.729395
1363	-1.019150	-0.691604	0.769672
1364	1.177658	0.610001	0.729092
1365	0.998439	0.692025	0.769595
1366	-1.017522	0.691735	0.769461
1367	-1.207343	0.609650	0.728882
1368	2.076395	-10.000000	0.248253
1369	-3.290543	-10.000000	0.193169
1370	1.271448	-10.000000	0.064590
1371	2.011872	-7.457955	0.934868
1372	-3.196768	-8.031858	0.934852
1373	1.238785	-9.315890	0.930553
1374	2.465010	-1.106616	0.882322
1375	-3.760265	-1.398592	0.906908
1376	1.364459	-1.812872	0.905252
1377	1.948811	-0.239494	0.500713
1378	-3.140971	-0.273549	0.521377
1379	1.257340	-0.345203	0.567540
1380	7.596280	-0.055701	0.269729
1381	7.865092	0.265205	0.244017
1382	9.537613	0.219168	0.055336
1383	2.520932	0.126928	0.429955
1384	-3.370055	0.133582	0.434583
1385	0.729869	0.066669	0.425887
1386	2.947116	0.518975	0.673607
1387	-4.451918	0.516909	0.665819
1388	1.641492	0.410367	0.606503
1389	1.984009	3.724939	0.934742
1390	-3.146722	3.392902	0.936525
1391	1.258932	2.425396	0.951064
1392	4.461377	10.000000	0.350967
1393	5.701820	10.000000	0.581828
1394	8.645310	10.000000	0.365854
1395	10.000000	-7.120604	0.345742
1396	10.000000	-7.806878	0.567453
1397	10.000000	-9.297783	0.365728
1398	-10.000000	-6.172377	0.239019
1399	-10.000000	-4.056179	0.160495
1400	-10.000000	-6.413286	0.057314
1401	10.000000	6.104713	0.237317
1402	10.000000	3.850179	0.148992
1403	10.000000	6.400087	0.057665
1404	-10.000000	7.092548	0.344446
1405	-10.000000	7.801828	0.566936
1406	-10.000000	9.293665	0.365381
1413	4.377438	-6.363249	-0.000000
1414	5.621662	-4.155055	0.000195
1415	8.609209	-6.416642	-0.000004
1416	5.312753	-0.228739	-0.261903
1417	6.250286	0.559921	-0.244021
1418	8.831785	0.170024	0.098465
1419	2.025367	7.417160	0.000000
1420	-3.214459	8.030422	0.000000
1421	1.247749	9.418203	0.000000
1422	5.707778	-10.000000	0.295240
1423	8.635137	-10.000000	0.470410
1424	4.461611	-10.000000	0.533632
1425	3.342537	-10.000000	0.695929
1426	-1.276429	-10.000000	0.824297
1427	-2.097977	-10.000000	0.643075
1428	-5.701776	-10.000000	0.581831
1429	-8.645352	-10.000000	0.365893
1430	-4.461380	-10.000000	0.350968
1431	5.574526	-7.082862	0.934869
1432	8.558121	-5.818248	0.935035
1433	4.311452	-4.810212	0.934898
1434	3.145849	-3.393082	0.936527
1435	-1.261167	-2.425268	0.951062
1436	-1.984575	-3.724860	0.934742
1437	-5.528583	-4.526546	0.934443
1438	-8.564886	-6.682299	0.935044
1439	-4.335370	-6.495288	0.934869
1440	5.743536	-0.350277	0.478264
1441	9.143541	-0.796586	0.240774
1442	4.427185	-0.231464	0.460450
1443	4.006800	-0.194592	0.454641
1444	-3.090562	-0.102975	0.439592
1445	-2.321043	-0.126346	0.450067
1446	-6.077605	-0.227980	0.463315
1447	-8.971023	-0.584256	0.331037
1448	-4.472379	-0.227381	0.490608
1449	6.434658	-0.186859	0.381369
1451	-3.957333	-0.056071	0.430627
1452	-8.226097	-0.121773	0.244032
1453	-9.653932	0.687780	0.025221
1454	-7.163656	0.166587	0.307546
1455	-4.934452	0.113788	0.398038
1457	3.917265	0.054535	0.408050
1458	6.635106	0.290375	0.376262
1459	8.801396	0.451110	0.272220
1460	4.576900	0.233252	0.450305
1461	3.347983	0.279128	0.507354
1462	-1.308110	0.342978	0.563469
1463	-2.021855	0.232051	0.492627
1464	-5.772442	0.297760	0.446104
1465	-8.930910	0.545739	0.174986
1466	-4.473194	0.199559	0.435925
1467	5.528137	4.526859	0.934442
1468	8.564740	6.682750	0.935046
1469	4.335246	6.495359	0.934869
1470	3.196698	8.031876	0.934852
1471	-1.238835	9.315888	0.930553
1472	-2.011937	7.457942	0.934868
1473	-5.574649	7.082773	0.934869
1474	-8.558324	5.817567	0.935033
1475	-4.311745	4.810067	0.934898
1476	3.290231	10.000000	0.193175
1477	-1.272113	10.000000	0.064603
1478	-2.076440	10.000000	0.248260
1479	-5.707736	10.000000	0.295235
1480	-8.635231	10.000000	0.470347
1481	-4.461660	10.000000	0.533630
1482	-3.342595	10.000000	0.695928
1483	1.276397	10.000000	0.824297
1484	2.097983	10.000000	0.643075
1485	10.000000	-6.871054	0.188937
1486	10.000000	-5.429126	0.054255
1487	10.000000	-4.350498	0.211803
1491	10.000000	-2.549355	0.209296
1492	10.000000	-0.721348	0.211498
1493	10.000000	-2.093894	0.393455
1494	10.000000	-1.664518	0.562756
1495	10.000000	-2.007352	0.810822
1496	10.000000	-3.186274	0.630751
1497	10.000000	-4.405989	0.725237
1498	10.000000	-6.695684	0.832185
1499	10.000000	-6.226828	0.629414
1500	-10.000000	-7.819206	0.294741
1501	-10.000000	-9.288471	0.466647
1502	-10.000000	-7.113170	0.517800
1503	-10.000000	-6.927996	0.684349
1504	-10.000000	-5.839803	0.836328
1505	-10.000000	-4.561022	0.662588
1506	-10.000000	-3.029889	0.700150
1507	-10.000000	-1.552696	0.793310
1508	-10.000000	-2.242331	0.531145
1509	-10.000000	-1.416752	0.409848
1510	-10.000000	-0.840003	0.195426
1511	-10.000000	-2.894803	0.271022
1515	10.000000	7.799725	0.294207
1516	10.000000	9.286452	0.466425
1517	10.000000	7.105177	0.517068
1518	10.000000	6.925684	0.684021
1519	10.000000	5.840060	0.836211
1520	10.000000	4.555603	0.661536
1521	10.000000	3.029569	0.698610
1522	10.000000	1.560888	0.791835
1523	10.000000	2.218931	0.523255
1524	10.000000	1.352617	0.391574
1525	10.000000	0.701780	0.102016
1526	10.000000	2.670377	0.245533
1530	-10.000000	6.817535	0.188161
1531	-10.000000	5.377924	0.053749
1532	-10.000000	4.179331	0.203992
1536	-10.000000	2.266473	0.179585
1537	-10.000000	0.511959	0.189608
1538	-10.000000	1.976795	0.374333
1539	-10.000000	1.650372	0.556542
1540	-10.000000	1.997991	0.809911
1541	-10.000000	3.172000	0.628076
1542	-10.000000	4.398608	0.724499
1543	-10.000000	6.693716	0.832061
1544	-10.000000	6.219657	0.628712
1563	3.216518	-8.027799	-0.000000
1564	-1.251111	-9.417416	-0.000000
1565	-2.030114	-7.413344	-0.000000
1566	-5.623848	-6.976891	-0.000000
1567	-8.618718	-5.384783	0.000177
1568	-4.385841	-4.517692	-0.000033
1569	-3.235777	-2.948118	-0.000174
1570	1.285193	-1.812284	-0.000001
1571	2.026871	-3.367767	0.000006
1572	3.884977	-0.716284	-0.183294
1573	-1.328849	-1.117134	-0.252987
1574	-2.458463	-0.475306	0.003334
1575	-6.387489	-0.378796	0.181548
1576	-9.069148	0.733267	-0.095056
1577	-5.074480	0.326801	0.075625
1578	-3.609724	0.718066	0.028582
1579	1.251408	1.131900	0.238850
1580	2.496876	0.559174	-0.135718
1581	5.615788	6.987936	0.000000
1582	8.613638	5.422724	-0.000000
1583	4.377190	4.535317	0.000000
1584	3.216425	2.969360	-0.000000
1585	-1.272376	1.821364	-0.000000
1586	-2.027197	3.382012	0.000000
1587	-5.620511	4.169294	-0.000000
1588	-8.607682	6.431051	0.000000
1589	-4.374719	6.370067	0.000000
1590	6.463932	-1.398342	0.916555
1591	9.164076	-1.332134	0.914451
1592	5.732341	-0.744471	0.787592
1593	4.381516	-0.522556	0.667582
1594	-1.704924	-0.406398	0.608222
1595	-3.004657	-0.516177	0.674133
1596	-7.013591	-0.759882	0.792548
1597	-9.077515	-1.708283	0.936369
1598	-5.327124	-1.061989	0.879530
1599	7.001267	0.765617	0.795293
1600	9.075745	1.715433	0.936493
1601	5.318329	1.064188	0.879858
1602	3.754734	1.399415	0.906938
1603	-1.367690	1.812671	0.905254
1604	-2.473200	1.106060	0.882250
1605	-6.469362	1.395489	0.916507
1606	-9.165498	1.321226	0.913544
1607	-5.750105	0.739549	0.786346
1608	-0.000623	-10.000000	0.125209
1609	1.121349	-10.000000	0.184123
1610	-1.121832	-10.000000	0.184124
1611	-0.000026	-8.725040	0.934505
1612	1.087340	-8.110730	0.934848
1613	-1.087397	-8.110725	0.934848
1614	-0.002357	-1.496895	0.905069
1615	1.299890	-1.273280	0.897646
1616	-1.306437	-1.273034	0.897632
1617	-0.008828	-0.301223	0.539946
1618	1.061987	-0.267084	0.518641
1619	-1.069357	-0.264712	0.517482
1620	9.096925	0.277204	0.097162
1621	8.483901	0.039362	0.172898
1622	8.311387	0.204802	0.184401
1623	-0.296863	0.082488	0.430244
1624	1.458847	0.099230	0.428300
1625	-0.840146	0.096009	0.433154
1626	-0.034963	0.426529	0.618637
1627	1.568466	0.461396	0.639460
1628	-1.638220	0.460431	0.638655
1629	-0.000704	2.742432	0.929569
1630	1.067573	3.179693	0.935873
1631	-1.068455	3.179642	0.935872
1632	7.303045	10.000000	0.429729
1633	5.931918	10.000000	0.388688
1634	5.927292	10.000000	0.486085
1635	10.000000	-8.582038	0.425302
1636	10.000000	-7.862844	0.384154
1637	10.000000	-7.854853	0.475799
1638	-10.000000	-5.688480	0.110898
1639	-10.000000	-5.950787	0.172178
1640	-10.000000	-5.004494	0.162305
1641	10.000000	5.615676	0.110128
1642	10.000000	5.869283	0.170893
1643	10.000000	4.870850	0.158402
1644	-10.000000	8.575105	0.424770
1645	-10.000000	7.848180	0.383320
1646	-10.000000	7.846151	0.475089
1653	7.242587	-5.707179	-0.000015
1654	5.849139	-6.034864	0.000001
1655	5.849118	-5.073116	-0.000020
1656	7.807743	0.319232	-0.111930
1657	6.640445	-0.057606	-0.072498
1658	6.549010	0.319414	0.239994
1659	0.000278	8.780070	0.000000
1660	1.093479	8.118603	-0.000000
1661	-1.092934	8.118651	-0.000000
1662	5.927224	-10.000000	0.486092
1663	5.931901	-10.000000	0.388695
1664	7.302992	-10.000000	0.429754
1665	-1.144897	-10.000000	0.706817
1666	1.144867	-10.000000	0.706817
1667	-0.000017	-10.000000	0.763708
1668	-5.931923	-10.000000	0.388693
1669	-5.927265	-10.000000	0.486089
1670	-7.303035	-10.000000	0.429743
1671	5.774866	-5.350711	0.934909
1672	5.791161	-6.220603	0.934869
1673	7.175451	-5.977434	0.934877
1674	-1.068516	-3.179634	0.935872
1675	1.067515	-3.179692	0.935873
1676	-0.000799	-2.742427	0.929569
1677	-5.791346	-6.220441	0.934869
1678	-5.775149	-5.350468	0.934909
1679	-7.175685	-5.977089	0.934877
1680	6.354635	-0.357487	0.441521
1681	6.778224	-0.405220	0.439216
1683	-1.397787	-0.109967	0.445030
1684	1.531174	-0.125991	0.446041
1685	-0.703836	-0.098917	0.442181
1686	-6.327386	-0.292087	0.485459
1687	-6.872580	-0.300822	0.468330
1690	3.986700	-0.100690	0.426831
1691	0.662360	-0.064097	0.432825
1692	-8.317909	0.243923	0.180051
1693	-8.388425	0.067707	0.179566
1694	-9.056214	0.284809	0.099752
1695	1.897805	0.039567	0.415721
1696	-1.907125	0.042835	0.420944
1697	-0.024222	0.043304	0.423019
1698	6.277331	0.299120	0.411627
1699	7.057031	0.339341	0.360156
1700	8.078329	0.426659	0.307840
1701	-1.080148	0.262914	0.513175
1702	1.179196	0.264532	0.511949
1703	0.045254	0.300004	0.536292
1704	-6.112806	0.281510	0.401294
1705	-6.360420	0.305446	0.403014
1706	-8.031838	0.440081	0.282677
1707	5.791170	6.220596	0.934869
1708	5.774879	5.350700	0.934909
1709	7.175461	5.977419	0.934877
1710	-1.087394	8.110726	0.934848
1711	1.087343	8.110730	0.934848
1712	-0.000023	8.725041	0.934505
1713	-5.775130	5.350486	0.934909
1714	-5.791333	6.220453	0.934869
1715	-7.175670	5.977112	0.934877
1716	-1.121496	10.000000	0.184135
1717	1.121551	10.000000	0.184135
1718	0.000074	10.000000	0.125225
1719	-5.927288	10.000000	0.486085
1720	-5.931916	10.000000	0.388688
1721	-7.303041	10.000000	0.429730
1722	1.144893	10.000000	0.706817
1723	-1.144894	10.000000	0.706817
1724	-0.000004	10.000000	0.763708
1725	10.000000	-5.004382	0.161986
1726	10.000000	-5.955822	0.172428
1727	10.000000	-5.701414	0.111149
1731	10.000000	-1.725116	0.330611
1732	10.000000	-2.105770	0.267442
1733	10.000000	-1.382032	0.261999
1734	10.000000	-2.510371	0.660567
1735	10.000000	-2.061092	0.616456
1736	10.000000	-1.955284	0.712275
1737	10.000000	-6.083992	0.702247
1738	10.000000	-5.232948	0.714662
1739	10.000000	-5.946763	0.770919
1740	-10.000000	-7.853637	0.475642
1741	-10.000000	-7.860951	0.383950
1742	-10.000000	-8.580919	0.425138
1743	-10.000000	-5.231294	0.714617
1744	-10.000000	-6.082790	0.702191
1745	-10.000000	-5.945462	0.770883
1746	-10.000000	-2.061903	0.617498
1747	-10.000000	-2.508929	0.660951
1748	-10.000000	-1.952309	0.713043
1749	-10.000000	-2.064361	0.277250
1750	-10.000000	-1.677664	0.337128
1751	-10.000000	-1.292227	0.271830
1755	10.000000	7.846460	0.475079
1756	10.000000	7.848443	0.383307
1757	10.000000	8.575251	0.424757
1758	10.000000	5.228766	0.714092
1759	10.000000	6.080231	0.701782
1760	10.000000	5.944512	0.770635
1761	10.000000	2.057868	0.612837
1762	10.000000	2.507656	0.658143
1763	10.000000	1.956653	0.710525
1764	10.000000	1.831515	0.235505
1765	10.000000	1.528018	0.304256
1766	10.000000	1.093426	0.217123
1770	-10.000000	4.866275	0.158052
1771	-10.000000	5.867451	0.170793
1772	-10.000000	5.613080	0.110039
1776	-10.000000	1.529548	0.300481
1777	-10.000000	1.833920	0.232570
1778	-10.000000	1.093468	0.211492
1779	-10.000000	2.500146	0.657733
1780	-10.000000	2.050129	0.611872
1781	-10.000000	1.947294	0.709897
1782	-10.000000	6.078871	0.701769
1783	-10.000000	5.226552	0.714062
1784	-10.000000	5.943025	0.770618
1803	-1.096847	-8.116322	0.000000
1804	1.092524	-8.116695	0.000000
1805	-0.002196	-8.778750	-0.000000
1806	-5.856398	-5.063309	-0.000047
1807	-5.855290	-6.027684	0.000003
1808	-7.248814	-5.693802	-0.000034
1809	1.094537	-2.754190	-0.000004
1810	-1.102660	-2.751948	-0.000008
1811	-0.003241	-2.234662	0.000002
1812	-1.264371	-0.661707	-0.164624
1813	1.343836	-0.661149	-0.134688
1814	0.048788	-0.903503	0.000948
1815	-6.598355	0.245814	0.243450
1816	-6.631830	-0.014854	-0.164134
1817	-7.840620	0.309896	-0.018915
1818	1.318170	0.658531	0.041135
1819	-1.223594	0.654712	0.158393
1820	-0.029048	0.902731	0.003603
1821	5.847759	5.084297	0.000000
1822	5.847017	6.043797	-0.000000
1823	7.241177	5.718903	0.000000
1824	-1.095571	2.769959	0.000000
1825	1.089356	2.769429	0.000000
1826	-0.007342	2.250235	0.000000
1827	-5.846499	6.044779	-0.000000
1828	-5.847540	5.085669	0.000000
1829	-7.240711	5.720651	0.000000
1830	7.065333	-0.955668	0.860328
1831	6.872134	-1.172948	0.901473
1832	8.134940	-1.269187	0.917392
1833	-1.655935	-0.458825	0.641034
1834	1.529656	-0.461203	0.640632
1835	-0.076729	-0.425285	0.620735
1836	-6.879074	-1.168377	0.900984
1837	-7.073889	-0.949257	0.858911
1838	-8.139081	-1.261790	0.916631
1839	6.872460	1.172354	0.901404
1840	7.065334	0.954391	0.860257
1841	8.134794	1.268112	0.917249
1842	-1.305995	1.273050	0.897633
1843	1.300321	1.273265	0.897646
1844	-0.002046	1.496898	0.905069
1845	-7.073375	0.949408	0.859019
1846	-6.878627	1.168570	0.901004
1847	-8.138759	1.261964	0.916632
1848	-0.000010	-10.000000	0.354633
1849	-0.978900	-10.000000	0.301616
1850	0.978842	-10.000000	0.301615
1851	-4.631281	-10.000000	0.135492
1852	-6.119573	-10.000000	0.070188
1853	-3.768743	-10.000000	0.066463
1854	4.630480	-10.000000	0.135486
1855	3.766265	-10.000000	0.066461
1856	6.117860	-10.000000	0.070182
1857	-0.000036	-6.363734	0.934869
1858	-0.944951	-6.904890	0.934869
1859	0.944884	-6.904898	0.934869
1860	-4.509819	-8.631294	0.934638
1861	-5.975986	-9.257397	0.931344
1862	-3.669722	-9.294527	0.930969
1863	4.509737	-8.631316	0.934638
1864	3.669656	-9.294534	0.930969
1865	5.975900	-9.257416	0.931344
1866	-0.008478	-0.780495	0.805722
1867	-1.198959	-0.909893	0.844968
1868	1.186485	-0.910205	0.845042
1869	-5.031793	-1.818659	0.911632
1870	-6.336381	-2.398982	0.904502
1871	-3.985855	-2.019506	0.907149
1872	5.027908	-1.819854	0.911628
1873	3.982709	-2.020263	0.907140
1874	6.333835	-2.400552	0.904495
1875	-0.063048	-0.179577	0.471629
1876	-0.932501	-0.202984	0.483546
1877	0.884771	-0.205440	0.483881
1878	-4.487281	-0.326866	0.547756
1879	-6.063757	-0.403736	0.570506
1880	-3.793893	-0.358699	0.572018
1881	4.501440	-0.351816	0.540661
1882	3.740336	-0.372325	0.570502
1883	6.076466	-0.442744	0.558719
1884	5.000779	0.008025	0.402037
1885	6.303422	0.055599	0.357095
1886	6.547579	-0.002423	0.344148
1887	8.403605	0.435777	0.188728
1890	9.107075	-0.415556	0.195205
1891	9.632627	-0.243253	0.081347
1892	9.640310	-0.881252	0.164726
1893	0.102638	0.122729	0.439092
1894	-0.914543	0.116744	0.438000
1895	1.295922	0.119878	0.435623
1896	-5.651498	0.229004	0.399626
1897	-7.134338	0.336297	0.328945
1898	-4.510600	0.147233	0.419392
1899	4.462462	0.157393	0.406460
1900	3.951804	0.124337	0.411874
1902	-0.022552	0.554693	0.698323
1903	-1.493792	0.527436	0.681283
1904	1.440076	0.528005	0.681733
1905	-5.785716	0.518459	0.655529
1906	-6.946919	0.514233	0.634315
1907	-4.632709	0.448823	0.614808
1908	5.758544	0.523155	0.660059
1909	4.614651	0.453112	0.618843
1910	6.938647	0.520543	0.641319
1911	-0.000100	4.582781	0.934869
1912	-0.941061	4.127046	0.934873
1913	0.940733	4.127068	0.934873
1914	-4.476582	3.165560	0.926388
1915	-6.031065	3.085563	0.952395
1916	-3.721182	2.652388	0.952466
1917	4.475396	3.165955	0.926380
1918	3.719316	2.652796	0.952471
1919	6.029623	3.086442	0.952403
1920	2.072567	10.000000	0.446121
1921	3.262773	10.000000	0.488010
1922	3.261427	10.000000	0.401339
1923	7.003397	10.000000	0.630826
1924	8.394303	10.000000	0.674473
1925	8.550984	10.000000	0.573606
1926	7.027430	10.000000	0.233927
1927	8.582459	10.000000	0.263419
1928	8.450172	10.000000	0.166788
1929	10.000000	-5.759630	0.430020
1930	10.000000	-6.433399	0.471794
1931	10.000000	-6.433149	0.390369
1932	10.000000	-8.510946	0.618677
1933	10.000000	-9.224610	0.667289
1934	10.000000	-9.263744	0.567183
1935	10.000000	-8.536314	0.236853
1936	10.000000	-9.288671	0.265960
1937	10.000000	-9.262288	0.170023
1938	-10.000000	-4.882757	0.329853
1939	-10.000000	-4.639152	0.269750
1940	-10.000000	-5.511147	0.285531
1941	-10.000000	-3.733918	0.110379
1942	-10.000000	-3.440129	0.060168
1943	-10.000000	-4.402047	0.054149
1944	-10.000000	-7.590229	0.132883
1945	-10.000000	-7.405783	0.062821
1946	-10.000000	-8.350596	0.070366
1947	10.000000	4.797273	0.324971
1948	10.000000	4.508464	0.263209
1949	10.000000	5.429358	0.282244
1950	10.000000	3.539663	0.096011
1951	10.000000	3.346781	0.046591
1952	10.000000	4.356563	0.050828
1953	10.000000	7.565636	0.133158
1954	10.000000	7.398420	0.063288
1955	10.000000	8.346027	0.070801
1956	-10.000000	5.727961	0.427768
1957	-10.000000	6.415392	0.470387
1958	-10.000000	6.402063	0.388556
1959	-10.000000	8.508562	0.618381
1960	-10.000000	9.223722	0.667137
1961	-10.000000	9.262218	0.566942
1962	-10.000000	8.520880	0.236552
1963	-10.000000	9.282704	0.265709
1964	-10.000000	9.254969	0.170014
1983	2.023891	-5.306913	-0.000000
1984	3.194449	-4.917283	0.000001
1985	3.190228	-5.803426	-0.000000
1986	6.964842	-3.832220	-0.001572
1987	8.432360	-3.560420	0.006287
1988	8.551810	-4.445232	-0.000945
1989	6.940235	-7.658035	-0.000000
1990	8.531621	-7.424209	0.000000
1991	8.380719	-8.389960	-0.000000
1992	2.581614	-0.060624	-0.231291
1993	3.889295	0.156715	-0.317462
1994	4.064704	-0.097415	-0.073727
1995	7.315175	1.022790	0.066446
1996	8.813205	1.666029	-0.022432
1997	8.650548	1.128076	0.069676
1998	7.682537	-0.636731	-0.123813
1999	9.005843	-0.344001	-0.186975
2000	8.854520	-1.037299	0.160076
2001	0.000213	6.251058	0.000000
2002	-0.952362	6.827603	0.000000
2003	0.952854	6.827532	0.000000
2004	-4.533957	8.672479	0.000000
2005	-6.009157	9.346493	0.000000
2006	-3.693337	9.392802	-0.000000
2007	4.534564	8.672294	0.000000
2008	3.693932	9.392735	-0.000000
2009	6.009736	9.346345	0.000000
2010	8.450469	-10.000000	0.166821
2011	8.582624	-10.000000	0.263475
2012	7.027598	-10.000000	0.233943
2013	8.550821	-10.000000	0.573656
2014	8.394112	-10.000000	0.674502
2015	7.003237	-10.000000	0.630841
2016	3.261406	-10.000000	0.401337
2017	3.262748	-10.000000	0.488010
2018	2.072554	-10.000000	0.446119
2019	6.170261	-10.000000	0.820666
2020	3.787987	-10.000000	0.823965
2021	4.717701	-10.000000	0.751770
2022	-3.788033	-10.000000	0.823965
2023	-6.170312	-10.000000	0.820665
2024	-4.717756	-10.000000	0.751769
2025	0.984431	-10.000000	0.591344
2026	-0.984448	-10.000000	0.591344
2027	-0.000005	-10.000000	0.539097
2028	-8.394192	-10.000000	0.674491
2029	-8.550893	-10.000000	0.573635
2030	-7.003315	-10.000000	0.630833
2031	-8.582631	-10.000000	0.263453
2032	-8.450519	-10.000000	0.166816
2033	-7.027631	-10.000000	0.233944
2034	-3.262763	-10.000000	0.488010
2035	-3.261418	-10.000000	0.401338
2036	-2.072562	-10.000000	0.446120
2037	8.349388	-8.420322	0.936296
2038	8.495613	-7.564274	0.935458
2039	6.898759	-7.725624	0.934814
2040	8.479453	-5.013318	0.936276
2041	8.339180	-4.299813	0.933440
2042	6.853239	-4.340424	0.936983
2043	3.154282	-5.963809	0.934869
2044	3.151386	-5.145044	0.934868
2045	1.999503	-5.492818	0.934869
2046	6.029528	-3.086485	0.952404
2047	3.719198	-2.652814	0.952472
2048	4.475324	-3.165973	0.926379
2049	-3.721306	-2.652355	0.952465
2050	-6.031138	-3.085501	0.952395
2051	-4.476657	-3.165528	0.926388
2052	0.940712	-4.127067	0.934873
2053	-0.941084	-4.127042	0.934873
2054	-0.000114	-4.582779	0.934869
2055	-8.339721	-4.298427	0.933437
2056	-8.479787	-5.012289	0.936271
2057	-6.853840	-4.339749	0.936979
2058	-8.495731	-7.563986	0.935457
2059	-8.349489	-8.420172	0.936295
2060	-6.898886	-7.725503	0.934814
2061	-3.151584	-5.144970	0.934868
2062	-3.154407	-5.963756	0.934869
2063	-1.999627	-5.492786	0.934869
2064	8.351888	-0.519561	0.483915
2065	8.697612	-0.545729	0.398126
2066	7.091605	-0.452925	0.474729
2067	9.371922	-1.035165	0.192634
2068	9.159649	-0.883497	0.223266
2070	3.122749	-0.205525	0.472320
2071	3.422943	-0.201311	0.463757
2072	1.868119	-0.169698	0.462769
2073	7.414088	-0.442008	0.398062
2074	3.947090	-0.151971	0.444379
2075	4.727278	-0.215568	0.441379
2076	-5.508682	-0.155218	0.449892
2078	-5.895104	-0.199960	0.456360
2079	0.749960	-0.134551	0.450648
2080	-1.357866	-0.128460	0.450539
2081	-0.239356	-0.136232	0.453483
2085	-8.749093	-0.480198	0.422600
2086	-8.248745	-0.465991	0.497845
2087	-6.850704	-0.370312	0.507421
2088	-3.600871	-0.170999	0.465666
2089	-3.273286	-0.186795	0.474531
2090	-2.186467	-0.159947	0.463242
2091	8.117678	-0.515384	0.340589
2092	6.257282	-0.279417	0.405388
2093	7.288628	-0.320697	0.355650
2096	-7.404195	-0.228598	0.402788
2097	3.600299	-0.044604	0.424420
2098	-2.055241	-0.034276	0.429995
2099	0.685589	-0.027370	0.427031
2100	-9.639556	-0.781558	0.160654
2101	-9.609314	-0.204536	0.079714
2102	-9.012519	-0.342725	0.189822
2103	-9.454055	0.847486	0.047321
2104	-9.117110	0.781547	0.097156
2105	-8.504564	0.489820	0.182638
2106	-6.315079	0.024786	0.372805
2107	-6.248878	0.077743	0.371715
2108	-4.829829	0.022131	0.408108
2111	-5.844012	0.188306	0.366926
2112	4.463550	0.130338	0.399989
2113	7.131976	0.325728	0.339823
2114	6.113750	0.195777	0.367413
2115	-2.268756	0.021111	0.421633
2116	2.366043	0.018517	0.417417
2117	-0.130698	0.002179	0.424422
2121	8.437513	0.424266	0.381772
2122	8.182484	0.435887	0.473840
2123	7.026737	0.378812	0.447433
2124	3.330984	0.169171	0.439134
2125	3.407654	0.188454	0.449252
2126	2.084403	0.157194	0.446660
2127	6.244299	0.419608	0.557427
2128	3.940878	0.368970	0.564181
2129	4.708179	0.339333	0.529214
2130	-3.888526	0.364250	0.562018
2131	-6.216652	0.415568	0.550652
2132	-4.659174	0.335470	0.527057
2133	1.028685	0.200887	0.475162
2134	-0.886208	0.200026	0.476997
2135	0.092390	0.175242	0.463505
2136	-8.183796	0.434984	0.465911
2137	-8.429722	0.426714	0.375189
2138	-7.015157	0.380729	0.440442
2140	-8.874928	0.671875	0.125925
2142	-3.020988	0.183147	0.457673
2143	-2.999199	0.162288	0.447507
2144	-1.865369	0.154464	0.451156
2145	8.339212	4.299747	0.933440
2146	8.479469	5.013269	0.936275
2147	6.853269	4.340394	0.936983
2148	8.495620	7.564258	0.935458
2149	8.349395	8.420313	0.936296
2150	6.898766	7.725618	0.934814
2151	3.151396	5.145042	0.934868
2152	3.154288	5.963808	0.934869
2153	1.999509	5.492818	0.934869
2154	5.975904	9.257415	0.931344
2155	3.669659	9.294534	0.930969
2156	4.509741	8.631315	0.934638
2157	-3.669718	9.294527	0.930969
2158	-5.975980	9.257398	0.931344
2159	-4.509814	8.631296	0.934638
2160	0.944887	6.904898	0.934869
2161	-0.944947	6.904891	0.934869
2162	-0.000032	6.363734	0.934869
2163	-8.349485	8.420181	0.936295
2164	-8.495725	7.564002	0.935457
2165	-6.898879	7.725511	0.934814
2166	-8.479770	5.012347	0.936271
2167	-8.339704	4.298502	0.933437
2168	-6.853808	4.339793	0.936979
2169	-3.154398	5.963761	0.934869
2170	-3.151570	5.144977	0.934868
2171	-1.999618	5.492789	0.934869
2172	6.117346	10.000000	0.070183
2173	3.766239	10.000000	0.066471
2174	4.630377	10.000000	0.135493
2175	-3.765924	10.000000	0.066470
2176	-6.117124	10.000000	0.070182
2177	-4.630279	10.000000	0.135492
2178	0.978878	10.000000	0.301621
2179	-0.978872	10.000000	0.301620
2180	0.000001	10.000000	0.354636
2181	-8.450163	10.000000	0.166789
2182	-8.582456	10.000000	0.263421
2183	-7.027424	10.000000	0.233927
2184	-8.550979	10.000000	0.573608
2185	-8.394299	10.000000	0.674475
2186	-7.003392	10.000000	0.630826
2187	-3.261426	10.000000	0.401339
2188	-3.262772	10.000000	0.488010
2189	-2.072566	10.000000	0.446121
2190	-6.170333	10.000000	0.820664
2191	-3.788039	10.000000	0.823965
2192	-4.717789	10.000000	0.751768
2193	3.788011	10.000000	0.823965
2194	6.170309	10.000000	0.820664
2195	4.717784	10.000000	0.751768
2196	-0.984445	10.000000	0.591344
2197	0.984446	10.000000	0.591344
2198	0.000000	10.000000	0.539098
2199	10.000000	-8.357965	0.070527
2200	10.000000	-7.418499	0.063020
2201	10.000000	-7.597819	0.133161
2202	10.000000	-4.439223	0.053172
2203	10.000000	-3.482248	0.054572
2204	10.000000	-3.745179	0.105814
2205	10.000000	-5.511739	0.285504
2206	10.000000	-4.635362	0.268977
2207	10.000000	-4.882666	0.329563
2218	10.000000	-1.350145	0.148060
2219	10.000000	-2.172520	0.152927
2220	10.000000	-0.527960	0.295791
2221	10.000000	-0.450791	0.444167
2222	10.000000	-0.880529	0.411939
2223	10.000000	-3.224606	0.319270
2224	10.000000	-2.799132	0.382715
2225	10.000000	-3.535088	0.375462
2226	10.000000	-0.857093	0.672601
2227	10.000000	-1.178269	0.752683
2228	10.000000	-1.203577	0.611928
2229	10.000000	-2.504271	0.824283
2230	10.000000	-3.055293	0.837293
2231	10.000000	-2.968961	0.769651
2232	10.000000	-2.899877	0.509692
2233	10.000000	-3.384756	0.563097
2234	10.000000	-3.602298	0.497340
2235	10.000000	-4.313349	0.843924
2236	10.000000	-5.039397	0.839488
2237	10.000000	-4.310515	0.785742
2238	10.000000	-7.572338	0.825376
2239	10.000000	-8.428246	0.812224
2240	10.000000	-7.667143	0.744580
2241	10.000000	-4.746914	0.598229
2242	10.000000	-5.561797	0.578936
2243	10.000000	-4.931342	0.532451
2244	-10.000000	-9.260370	0.169859
2245	-10.000000	-9.287436	0.265797
2246	-10.000000	-8.533479	0.236624
2247	-10.000000	-9.263431	0.567107
2248	-10.000000	-9.224393	0.667244
2249	-10.000000	-8.510463	0.618599
2250	-10.000000	-6.431041	0.390199
2251	-10.000000	-6.431784	0.471645
2252	-10.000000	-5.757872	0.429907
2253	-10.000000	-8.427892	0.812205
2254	-10.000000	-7.571733	0.825356
2255	-10.000000	-7.666552	0.744538
2256	-10.000000	-5.037439	0.839474
2257	-10.000000	-4.310643	0.843920
2258	-10.000000	-4.307977	0.785733
2259	-10.000000	-5.560435	0.578844
2260	-10.000000	-4.745404	0.598167
2261	-10.000000	-4.929959	0.532379
2262	-10.000000	-3.050495	0.837346
2263	-10.000000	-2.498404	0.824430
2264	-10.000000	-2.964963	0.769755
2265	-10.000000	-1.172498	0.754245
2266	-10.000000	-0.852267	0.677106
2267	-10.000000	-1.205715	0.616764
2268	-10.000000	-3.383684	0.563197
2269	-10.000000	-2.898682	0.510107
2270	-10.000000	-3.601028	0.497521
2271	-10.000000	-0.440985	0.474563
2272	-10.000000	-0.483891	0.333549
2273	-10.000000	-0.868228	0.429432
2274	-10.000000	-1.129458	0.175965
2275	-10.000000	-1.480165	0.156726
2276	-10.000000	-2.177762	0.180746
2277	-10.000000	-2.790574	0.384754
2278	-10.000000	-3.221340	0.322285
2279	-10.000000	-3.532872	0.376656
2289	10.000000	9.254931	0.169993
2290	10.000000	9.282719	0.265693
2291	10.000000	8.520935	0.236530
2292	10.000000	9.262306	0.566935
2293	10.000000	9.223831	0.667131
2294	10.000000	8.508782	0.618374
2295	10.000000	6.402812	0.388568
2296	10.000000	6.416212	0.470389
2297	10.000000	5.729082	0.427799
2298	10.000000	8.427612	0.812132
2299	10.000000	7.571502	0.825275
2300	10.000000	7.665568	0.744372
2301	10.000000	5.038274	0.839335
2302	10.000000	4.312354	0.843763
2303	10.000000	4.308423	0.785366
2304	10.000000	5.550914	0.577732
2305	10.000000	4.734700	0.596660
2306	10.000000	4.912208	0.530391
2307	10.000000	3.054475	0.837017
2308	10.000000	2.503737	0.823820
2309	10.000000	2.967785	0.768935
2310	10.000000	1.179214	0.753112
2311	10.000000	0.850591	0.678645
2312	10.000000	1.202903	0.613002
2313	10.000000	3.364695	0.559303
2314	10.000000	2.864674	0.503073
2315	10.000000	3.565137	0.492228
2316	10.000000	0.410768	0.485385
2317	10.000000	0.413433	0.341973
2318	10.000000	0.832661	0.422661
2319	10.000000	0.972901	0.062144
2320	10.000000	1.369921	0.051815
2321	10.000000	1.886101	0.117115
2322	10.000000	2.682778	0.369316
2323	10.000000	3.065470	0.306250
2324	10.000000	3.435403	0.366517
2334	-10.000000	8.346528	0.070825
2335	-10.000000	7.399187	0.063312
2336	-10.000000	7.565608	0.133180
2337	-10.000000	4.355541	0.050645
2338	-10.000000	3.344149	0.045947
2339	-10.000000	3.519551	0.094896
2340	-10.000000	5.427978	0.282103
2341	-10.000000	4.506377	0.262801
2342	-10.000000	4.795757	0.324754
2352	-10.000000	1.265112	0.042932
2353	-10.000000	0.937549	0.058000
2354	-10.000000	1.857864	0.112328
2355	-10.000000	0.412745	0.330723
2356	-10.000000	0.405657	0.474049
2357	-10.000000	0.830489	0.415576
2358	-10.000000	3.064786	0.305130
2359	-10.000000	2.681876	0.368160
2360	-10.000000	3.433827	0.365916
2361	-10.000000	0.839931	0.673295
2362	-10.000000	1.167919	0.750832
2363	-10.000000	1.194559	0.609646
2364	-10.000000	2.496194	0.823721
2365	-10.000000	3.048772	0.836974
2366	-10.000000	2.961410	0.768829
2367	-10.000000	2.860259	0.502499
2368	-10.000000	3.360096	0.559052
2369	-10.000000	3.561767	0.491957
2370	-10.000000	4.309247	0.843732
2371	-10.000000	5.036059	0.839310
2372	-10.000000	4.305007	0.785317
2373	-10.000000	7.570935	0.825272
2374	-10.000000	8.427320	0.812135
2375	-10.000000	7.665066	0.744372
2376	-10.000000	4.732054	0.596615
2377	-10.000000	5.549274	0.577717
2378	-10.000000	4.910082	0.530347
2433	6.012177	-9.344947	-0.000000
2434	3.695068	-9.391896	0.000000
2435	4.536859	-8.670216	-0.000000
2436	-3.699642	-9.391394	0.000000
2437	-6.016591	-9.343845	-0.000000
2438	-4.541533	-8.668827	-0.000000
2439	0.951911	-6.824073	-0.000000
2440	-0.956186	-6.823538	-0.000000
2441	-0.002133	-6.246558	-0.000000
2442	-8.384195	-8.383811	-0.000000
2443	-8.535229	-7.413110	0.000000
2444	-6.945097	-7.652436	-0.000000
2445	-8.556093	-4.414079	-0.001930
2446	-8.434886	-3.523013	0.011936
2447	-6.971897	-3.809920	-0.003309
2448	-3.195472	-5.800690	-0.000000
2449	-3.200627	-4.913813	0.000001
2450	-2.028982	-5.305209	-0.000000
2451	-6.154398	-2.305978	-0.004109
2452	-3.794272	-1.983709	-0.000192
2453	-4.600543	-2.593747	0.001281
2454	3.796170	-1.997764	-0.000107
2455	6.157057	-2.334186	-0.002330
2456	4.594712	-2.608591	0.000654
2457	-0.962399	-3.827675	-0.000001
2458	0.955156	-3.828845	-0.000000
2459	-0.003097	-4.331843	0.000000
2460	6.426287	-1.471108	-0.148748
2461	4.038166	-1.232946	-0.213355
2462	5.126492	-0.994203	0.119624
2463	-3.989752	-1.214133	-0.239493
2464	-6.401236	-1.448149	-0.138336
2465	-5.048062	-1.019145	0.124672
2466	1.180195	-0.325260	-0.093139
2467	-1.157582	-0.326833	-0.150079
2468	-0.072955	-0.201788	0.039742
2469	-8.855285	-1.020425	0.169663
2470	-8.997256	-0.345821	-0.182195
2471	-7.652258	-0.645421	-0.077066
2472	-8.693516	1.125784	0.078991
2473	-8.829154	1.662366	0.010803
2474	-7.415384	1.017206	-0.014696
2475	-3.858383	-0.078645	0.001517
2476	-3.729640	0.145588	-0.223788
2477	-2.397084	0.001532	-0.252261
2478	-5.949276	1.487495	0.116191
2479	-3.761602	1.229006	0.243155
2480	-4.746651	1.053429	-0.116487
2481	3.719135	1.239462	0.192367
2482	5.960548	1.503917	0.146754
2483	4.686448	1.071209	-0.124609
2484	-0.998748	0.369268	0.034112
2485	1.290521	0.366620	0.039309
2486	0.098829	0.163304	-0.046644
2487	8.378723	8.395624	0.000000
2488	8.530027	7.433394	-0.000000
2489	6.937458	7.664298	0.000000
2490	8.550448	4.458345	0.000000
2491	8.426311	3.569092	-0.000000
2492	6.961450	3.843884	0.000000
2493	3.188913	5.809930	0.000000
2494	3.193732	4.926260	-0.000000
2495	2.023832	5.313916	0.000000
2496	6.076567	2.333974	-0.000000
2497	3.715156	2.003293	0.000000
2498	4.562798	2.619533	0.000000
2499	-3.730029	2.005580	0.000000
2500	-6.076721	2.337313	-0.000000
2501	-4.567993	2.622008	0.000000
2502	0.956666	3.840908	-0.000000
2503	-0.957761	3.841134	-0.000000
2504	-0.000170	4.342082	0.000000
2505	-8.426283	3.574394	-0.000000
2506	-8.550177	4.462545	0.000000
2507	-6.962002	3.846866	0.000000
2508	-8.529598	7.434809	-0.000000
2509	-8.378290	8.396416	0.000000
2510	-6.936871	7.665042	0.000000
2511	-3.193662	4.926792	-0.000000
2512	-3.188507	5.810318	0.000000
2513	-2.023601	5.314166	0.000000
2514	8.692411	-2.519155	0.922139
2515	8.920634	-2.118327	0.935759
2516	7.560248	-1.871849	0.927194
2517	9.191164	-0.989061	0.863144
2518	9.169135	-0.719076	0.768244
2519	8.148259	-0.772295	0.791884
2520	4.084199	-0.840440	0.825203
2521	4.319963	-0.716921	0.778045
2522	2.748072	-0.696734	0.770869
2523	6.891681	-0.536080	0.634161
2524	4.512378	-0.457198	0.618735
2525	5.723104	-0.530057	0.657207
2526	-4.622076	-0.443767	0.620947
2527	-6.924010	-0.513539	0.635571
2528	-5.774141	-0.516268	0.658301
2529	1.427313	-0.527910	0.682334
2530	-1.501803	-0.526682	0.682566
2531	-0.029516	-0.554349	0.699043
2532	-9.166832	-0.702173	0.764024
2533	-9.192046	-0.975367	0.860389
2534	-8.152062	-0.759579	0.788612
2535	-8.922392	-2.112516	0.935875
2536	-8.694108	-2.515102	0.922268
2537	-7.563661	-1.868344	0.927338
2538	-4.342768	-0.714117	0.777467
2539	-4.099500	-0.838548	0.824746
2540	-2.772071	-0.695426	0.770627
2541	9.164962	0.712409	0.770977
2542	9.189622	0.985903	0.862543
2543	8.144971	0.767572	0.793111
2544	8.920732	2.117827	0.935774
2545	8.692531	2.518883	0.922149
2546	7.560428	1.871596	0.927202
2547	4.322437	0.716331	0.778171
2548	4.085654	0.840175	0.825206
2549	2.750556	0.696571	0.770808
2550	6.333970	2.400473	0.904496
2551	3.982883	2.020227	0.907141
2552	5.028122	1.819788	0.911628
2553	-3.985626	2.019556	0.907148
2554	-6.336220	2.399076	0.904504
2555	-5.031523	1.818739	0.911633
2556	1.187441	0.910181	0.845025
2557	-1.198109	0.909920	0.844957
2558	-0.007190	0.780522	0.805650
2559	-8.694095	2.515254	0.922261
2560	-8.922369	2.112651	0.935876
2561	-7.563480	1.868533	0.927327
2562	-9.191890	0.974947	0.860233
2563	-9.167790	0.700588	0.765491
2564	-8.152282	0.759098	0.789338
2565	-4.098645	0.838676	0.824732
2566	-4.341540	0.714370	0.777256
2567	-2.770554	0.695640	0.770363
