1	10.000000	-15.000000	0.000000
2	-10.000000	-15.000000	0.000000
3	10.000000	15.000000	0.000000
4	-10.000000	15.000000	0.000000
5	10.000000	-10.055303	0.000000
6	-10.000000	-10.055270	0.000000
7	10.000000	10.055320	0.000000
8	-10.000000	10.055325	0.000000
9	10.000000	-9.897918	0.749136
10	-10.000000	-9.897916	0.749136
11	10.000000	-0.606658	0.672532
14	-10.000000	0.560109	0.692322
15	10.000000	9.897907	0.749124
16	-10.000000	9.897909	0.749128
17	10.000000	-4.196766	0.900000
18	-10.000000	-4.192492	0.900000
19	10.000000	4.195895	0.900000
20	-10.000000	4.191934	0.900000
27	10.000000	-1.827142	0.089865
28	-10.000000	-1.762350	0.089753
29	-0.000008	-10.000000	0.445657
30	-0.000128	-5.562285	0.942906
31	-0.302288	-0.176196	0.513497
32	0.650025	-0.004078	0.479625
33	0.164472	0.160547	0.497541
34	-0.000114	5.562286	0.942906
35	0.000001	10.000000	0.445659
36	10.000000	-4.614309	0.434221
37	-10.000000	-4.615923	0.434910
38	10.000000	4.547597	0.428657
39	-10.000000	4.544793	0.428353
42	-0.003605	-5.361302	0.000000
43	-0.007178	-0.076093	0.205804
44	0.000159	5.370184	-0.000000
45	-0.017731	-0.769963	0.785841
46	-0.012489	0.770091	0.785227
47	0.000000	0.000000	0.000000
48	-0.003880	-10.048859	0.000000
49	-0.000085	-9.880446	0.900000
50	-0.099777	-0.426438	0.631583
51	-0.214640	0.068160	0.479555
52	0.025861	0.426052	0.627043
53	-0.000073	9.880446	0.900000
54	0.000519	10.048870	0.000000
55	10.000000	-10.000000	0.390854
56	-10.000000	-10.000000	0.390797
59	10.000000	10.000000	0.390601
60	-10.000000	10.000000	0.390606
61	10.000000	-6.842125	0.899999
62	-10.000000	-6.840715	0.899999
63	9.576628	-0.919817	0.180356
64	-9.565530	-0.763833	0.220997
65	9.526538	0.588258	0.115459
66	-9.481458	0.587471	0.107386
67	10.000000	6.841970	0.899999
68	-10.000000	6.840659	0.899999
69	10.000000	-6.264979	0.000000
70	-10.000000	-6.236055	0.000000
71	10.000000	6.273614	0.000000
72	-10.000000	6.279938	0.000000
73	-0.014324	1.654730	0.000000
78	-0.654130	-0.082850	0.490145
79	0.013283	-1.648321	0.000000
82	-0.002309	-2.580539	0.900000
83	-0.002001	2.580528	0.900000
84	10.000000	2.082960	0.900000
85	-10.000000	2.072887	0.900000
86	10.000000	-2.089167	0.900000
87	-10.000000	-2.077588	0.900000
88	3.980908	-10.000000	0.267337
89	4.013062	-10.000000	0.614274
90	-4.013131	-10.000000	0.614272
91	-3.981103	-10.000000	0.267343
92	3.829732	-7.378302	0.942901
93	3.871136	-4.327948	0.942361
94	-3.872102	-4.327603	0.942363
95	-3.829952	-7.378212	0.942901
96	3.739015	-0.308371	0.544527
97	4.255625	-0.256527	0.506384
98	-4.379825	-0.188996	0.516060
99	-3.880930	-0.275713	0.555670
100	7.123254	-0.168617	0.364428
101	-6.589083	-0.084182	0.442880
102	-6.275175	0.179737	0.424740
103	6.335231	0.147980	0.420471
104	4.629903	0.208279	0.479014
105	3.935559	0.279249	0.527014
106	-3.843718	0.276632	0.530532
107	-3.842102	0.193636	0.492073
108	3.871202	4.327931	0.942361
109	3.829744	7.378298	0.942901
110	-3.829941	7.378218	0.942901
111	-3.872072	4.327620	0.942363
112	3.980905	10.000000	0.267342
113	-3.980880	10.000000	0.267341
114	-4.013207	10.000000	0.614270
115	4.013207	10.000000	0.614270
116	10.000000	-7.095380	0.265654
118	10.000000	-3.557666	0.211663
119	10.000000	-1.909662	0.476813
120	10.000000	-3.962579	0.679643
121	10.000000	-7.140470	0.600661
122	-10.000000	-7.095134	0.265470
123	-10.000000	-7.139801	0.600591
124	-10.000000	-3.962236	0.679872
125	-10.000000	-1.904719	0.482540
127	-10.000000	-3.582354	0.219430
128	10.000000	7.043272	0.264246
129	10.000000	7.129820	0.599573
130	10.000000	3.950138	0.677368
131	10.000000	1.843241	0.466463
133	10.000000	3.326299	0.195799
134	-10.000000	7.041759	0.264203
136	-10.000000	3.317602	0.193929
137	-10.000000	1.838858	0.463627
138	-10.000000	3.944344	0.677196
139	-10.000000	7.128644	0.599569
148	3.882011	-7.303667	0.000000
149	-3.889425	-7.300194	0.000000
150	-3.971028	-3.869364	0.000421
151	3.961290	-3.879410	0.000197
152	4.552925	-0.565560	0.009678
153	-4.493400	-0.566278	0.023685
154	-4.303371	0.647408	-0.201328
155	4.408473	0.682449	-0.097397
156	3.881708	7.308500	-0.000000
157	3.961542	3.889984	-0.000000
158	-3.962459	3.891996	-0.000000
159	-3.880755	7.309010	-0.000000
160	4.429845	-1.495739	0.913706
161	5.353400	-0.750724	0.768893
162	-5.391771	-0.740513	0.770303
163	-4.438724	-1.493614	0.913638
164	5.365822	0.745562	0.770017
165	4.431163	1.495407	0.913698
166	-4.438450	1.493712	0.913644
167	-5.388667	0.741517	0.767895
168	5.198788	-10.050670	0.000000
169	5.134335	-9.883841	0.900000
170	5.501891	-0.516527	0.622047
172	5.714531	0.497816	0.620932
173	5.134353	9.883838	0.900000
174	5.199225	10.050680	0.000000
175	10.000000	-10.000000	0.188240
176	-10.000000	-10.000000	0.188190
179	10.000000	10.000000	0.188119
180	-10.000000	10.000000	0.188123
181	10.000000	-8.441008	0.899960
182	-10.000000	-8.440434	0.899960
183	9.359419	-0.575288	0.387656
184	-9.377226	-0.545755	0.442340
185	9.693559	1.037761	0.047058
186	-9.544575	0.999775	0.057377
187	10.000000	5.369186	0.900000
188	-10.000000	5.366752	0.900000
189	10.000000	-8.268781	0.000000
190	-10.000000	-8.255145	0.000000
191	10.000000	8.273974	0.000000
192	-10.000000	8.276622	0.000000
193	5.261686	1.916520	0.000000
196	10.000000	-0.526215	0.000000
197	-10.000000	-0.510342	0.000000
199	5.413587	-1.930170	0.000000
202	5.354374	-3.032881	0.900000
203	5.354683	3.032737	0.900000
204	10.000000	1.031954	0.864412
205	-10.000000	1.018242	0.861057
206	10.000000	-3.163607	0.899773
207	-10.000000	-3.156539	0.899773
208	6.661551	-10.000000	0.148689
209	6.680089	-10.000000	0.717974
210	-6.680205	-10.000000	0.717968
211	-6.662232	-10.000000	0.148707
212	6.475563	-8.589161	0.942015
213	6.585063	-4.029004	0.935317
214	-6.586390	-4.027688	0.935323
215	-6.475788	-8.589048	0.942015
216	6.584577	-0.502524	0.543446
218	-7.731417	-0.399142	0.503834
219	-6.320105	-0.422441	0.580508
220	8.701645	-0.570558	0.273551
221	-8.666642	-0.480645	0.315387
222	-7.706440	0.413797	0.327279
223	7.735720	0.383515	0.328392
225	6.673102	0.444787	0.534087
226	-6.647998	0.449956	0.523496
228	6.585243	4.028905	0.935318
229	6.475578	8.589153	0.942015
230	-6.475782	8.589052	0.942015
231	-6.586454	4.027707	0.935323
232	6.661344	10.000000	0.148679
233	-6.661251	10.000000	0.148677
234	-6.680402	10.000000	0.717956
235	6.680386	10.000000	0.717956
236	10.000000	-8.505906	0.149543
238	10.000000	-2.937529	0.110258
239	10.000000	-0.935906	0.534313
240	10.000000	-3.893952	0.801870
241	10.000000	-8.529946	0.708629
242	-10.000000	-8.502586	0.149252
243	-10.000000	-8.529496	0.708579
244	-10.000000	-3.891448	0.801994
245	-10.000000	-0.941339	0.552024
247	-10.000000	-2.934908	0.130700
248	10.000000	8.484364	0.149610
249	10.000000	8.527134	0.708231
250	10.000000	3.889941	0.801109
251	10.000000	0.903613	0.551027
253	10.000000	2.640549	0.082490
254	-10.000000	8.483982	0.149646
256	-10.000000	2.584300	0.079595
257	-10.000000	0.897520	0.544195
258	-10.000000	3.884296	0.801024
259	-10.000000	8.526652	0.708239
268	6.539025	-8.598815	0.000000
269	-6.545735	-8.594790	0.000000
270	-6.714655	-3.189359	0.014521
271	6.712380	-3.215389	0.007692
272	7.137915	-1.209932	-0.082828
273	-7.120169	-1.205170	-0.039198
274	-6.623301	1.359030	0.105661
275	6.703422	1.426533	0.050251
276	6.537641	8.602136	-0.000000
277	6.699286	3.216042	-0.000000
278	-6.699253	3.220333	-0.000000
279	-6.536658	8.602723	-0.000000
280	6.866933	-2.480344	0.913693
281	7.721990	-0.745883	0.737428
282	-7.732582	-0.721122	0.739454
283	-6.870595	-2.477366	0.913750
284	7.725391	0.727157	0.743977
285	6.867503	2.479984	0.913701
286	-6.870736	2.477394	0.913751
287	-7.735167	0.719654	0.738637
288	-5.205313	-10.050664	0.000000
289	-5.134501	-9.883841	0.900000
290	-5.619313	-0.479069	0.637373
292	-5.674288	0.493529	0.614323
293	-5.134497	9.883839	0.900000
294	-5.198330	10.050681	0.000000
295	10.000000	-10.000000	0.584000
296	-10.000000	-10.000000	0.583970
299	10.000000	10.000000	0.583841
300	-10.000000	10.000000	0.583846
301	10.000000	-5.369522	0.900000
302	-10.000000	-5.366901	0.900000
304	-9.710650	-1.224433	0.181269
305	9.251204	0.440546	0.426006
306	-9.250670	0.436446	0.414415
307	10.000000	8.440948	0.899960
308	-10.000000	8.440416	0.899960
309	10.000000	-4.272515	0.000000
310	-10.000000	-4.231792	0.000000
311	10.000000	4.278548	0.000000
312	-10.000000	4.288721	0.000000
313	-5.217976	1.913184	0.000000
318	-7.734309	-0.358790	0.479870
319	-5.403775	-1.909253	0.000000
322	-5.357675	-3.031354	0.900000
323	-5.357569	3.031327	0.900000
324	10.000000	3.161229	0.899775
325	-10.000000	3.154742	0.899775
326	10.000000	-1.047100	0.864965
327	-10.000000	-1.029509	0.862855
328	1.746867	-10.000000	0.367567
329	1.754408	-10.000000	0.521647
330	-1.754430	-10.000000	0.521647
331	-1.746911	-10.000000	0.367568
332	1.663389	-6.340237	0.942906
333	1.694959	-4.926300	0.942905
334	-1.695446	-4.926228	0.942905
335	-1.663606	-6.340189	0.942906
336	1.547992	-0.212817	0.522542
337	1.677211	-0.185476	0.509670
338	-2.250070	-0.166746	0.513146
339	-1.840343	-0.200638	0.525833
340	4.455771	-0.029630	0.464510
341	-3.581888	-0.006915	0.478606
342	-3.868229	0.040322	0.475025
343	4.261741	0.027956	0.466578
344	1.983893	0.160456	0.492808
345	1.804759	0.196566	0.508557
346	-1.444934	0.194439	0.511735
347	-1.429095	0.156017	0.496100
348	1.694987	4.926298	0.942905
349	1.663401	6.340235	0.942906
350	-1.663593	6.340193	0.942906
351	-1.695420	4.926234	0.942905
352	1.746900	10.000000	0.367573
353	-1.746895	10.000000	0.367572
354	-1.754439	10.000000	0.521648
355	1.754439	10.000000	0.521648
356	10.000000	-5.777875	0.357812
358	10.000000	-4.130860	0.322972
359	10.000000	-3.240292	0.446170
360	10.000000	-4.262090	0.553119
361	10.000000	-5.812558	0.507541
362	-10.000000	-5.780540	0.358101
363	-10.000000	-5.812551	0.507594
364	-10.000000	-4.262802	0.553481
365	-10.000000	-3.239121	0.448235
367	-10.000000	-4.137913	0.325508
368	10.000000	5.707495	0.354148
369	10.000000	5.782961	0.505004
370	10.000000	4.227527	0.548813
371	10.000000	3.151989	0.435472
373	10.000000	3.987197	0.313442
374	-10.000000	5.705290	0.353978
376	-10.000000	3.984029	0.312615
377	-10.000000	3.148406	0.434528
378	-10.000000	4.223233	0.548583
379	-10.000000	5.780857	0.504945
388	1.692477	-6.197367	0.000000
389	-1.699589	-6.195545	0.000000
390	-1.733139	-4.638506	0.000002
391	1.723815	-4.641081	0.000001
392	2.139687	-0.232394	-0.031232
393	-2.022155	-0.209560	-0.051571
394	-1.747847	0.384796	-0.240593
395	2.051986	0.318111	-0.202025
396	1.694261	6.203753	-0.000000
397	1.727073	4.651709	-0.000000
398	-1.727100	4.652196	-0.000000
399	-1.693576	6.204034	-0.000000
400	2.084682	-0.983628	0.849538
401	2.543955	-0.729346	0.768464
402	-2.592768	-0.726571	0.769156
403	-2.104273	-0.982404	0.849421
404	2.555256	0.728527	0.768212
405	2.087796	0.983386	0.849451
406	-2.102726	0.982535	0.849253
407	-2.585408	0.727193	0.767604
408	-0.000201	-10.000000	0.242557
409	-2.370615	-10.000000	0.130295
410	2.368557	-10.000000	0.130291
411	-0.000084	-7.562686	0.942900
412	-2.273325	-8.719845	0.942100
413	2.273158	-8.719865	0.942099
414	-0.005491	-1.322409	0.899080
415	-2.498150	-1.935977	0.913522
416	2.492449	-1.936722	0.913511
417	-0.056863	-0.253969	0.546233
418	-2.227781	-0.335252	0.585687
419	2.190856	-0.347414	0.584389
420	7.550899	0.059879	0.298793
421	8.847582	0.429378	0.145253
422	9.068707	-0.086675	0.136074
423	0.320045	0.124391	0.488336
424	-3.519981	0.161897	0.486638
425	1.855195	0.112766	0.480281
426	-0.024169	0.570545	0.698353
427	-3.262991	0.522550	0.667440
428	3.239472	0.525382	0.669318
429	-0.000557	3.876938	0.942724
430	-2.343766	3.224017	0.937328
431	2.341504	3.224310	0.937328
432	4.607251	10.000000	0.438980
433	7.205899	10.000000	0.524365
434	7.219223	10.000000	0.325725
435	10.000000	-7.223298	0.430673
436	10.000000	-8.601749	0.516299
437	10.000000	-8.610093	0.326537
438	-10.000000	-5.387512	0.225501
439	-10.000000	-4.839346	0.108934
440	-10.000000	-6.755144	0.121308
441	10.000000	5.256183	0.220553
442	10.000000	4.724287	0.103928
443	10.000000	6.707174	0.121267
444	-10.000000	7.195969	0.429002
445	-10.000000	8.593975	0.515557
446	-10.000000	8.593483	0.325832
453	4.531961	-5.572538	0.000004
454	7.197240	-4.906631	0.000446
455	7.148839	-6.812985	0.000002
456	5.180049	-0.034453	0.175721
457	7.490786	0.678689	0.286835
458	7.657019	-0.210040	0.135489
459	0.000436	7.529399	-0.000000
460	-2.299254	8.779353	-0.000000
461	2.300216	8.779236	-0.000000
462	7.219386	-10.000000	0.325765
463	7.205695	-10.000000	0.524410
464	4.607209	-10.000000	0.438983
465	2.439441	-10.000000	0.753663
466	-2.439539	-10.000000	0.753663
467	-0.000026	-10.000000	0.646118
468	-7.205778	-10.000000	0.524397
469	-7.219428	-10.000000	0.325759
470	-4.607239	-10.000000	0.438983
471	7.069904	-7.023729	0.942925
472	7.091156	-5.401897	0.942403
473	4.453272	-5.823299	0.942902
474	2.341330	-3.224327	0.937327
475	-2.343851	-3.224002	0.937328
476	-0.000623	-3.876936	0.942724
477	-7.091701	-5.401075	0.942404
478	-7.070198	-7.023341	0.942925
479	-4.453654	-5.823071	0.942902
480	7.448847	-0.538917	0.484559
481	8.247620	-0.665696	0.369952
482	5.075358	-0.323436	0.512146
483	2.520761	-0.160461	0.497848
484	-3.953493	-0.151039	0.506521
485	-0.139813	-0.142761	0.502813
487	-7.966224	-0.493155	0.501402
488	-5.116694	-0.253595	0.533198
489	5.066701	-0.188268	0.480118
490	-5.258978	-0.103963	0.490565
491	1.779278	-0.063843	0.486442
492	-8.978468	-0.048798	0.141220
493	-8.916294	0.495427	0.128763
494	-7.463751	0.107276	0.329936
495	-3.295713	0.098902	0.470331
496	3.085421	0.080935	0.466408
497	0.071565	0.030931	0.477020
498	7.918808	0.465625	0.327981
499	7.407571	0.431289	0.431713
500	5.334186	0.256879	0.485399
501	2.392111	0.340029	0.574614
502	-2.307312	0.336416	0.576608
503	0.069950	0.248920	0.537106
504	-7.453069	0.454351	0.412557
506	-4.432782	0.244628	0.499178
507	7.091201	5.401842	0.942403
508	7.069924	7.023705	0.942925
509	4.453293	5.823288	0.942902
510	2.273167	8.719864	0.942100
511	-2.273316	8.719847	0.942100
512	-0.000074	7.562687	0.942900
513	-7.070191	7.023355	0.942925
514	-7.091698	5.401096	0.942404
515	-4.453637	5.823084	0.942902
516	2.369215	10.000000	0.130308
517	-2.368946	10.000000	0.130308
518	0.000025	10.000000	0.242570
519	-7.219217	10.000000	0.325726
520	-7.205895	10.000000	0.524367
521	-4.607249	10.000000	0.438980
522	-2.439577	10.000000	0.753662
523	2.439543	10.000000	0.753662
524	-0.000002	10.000000	0.646118
525	10.000000	-6.763322	0.121597
526	10.000000	-4.850431	0.107642
527	10.000000	-5.379439	0.224748
531	10.000000	-1.880561	0.202425
532	10.000000	-1.160720	0.313938
533	10.000000	-2.537091	0.327772
534	10.000000	-1.691360	0.682354
535	10.000000	-2.658239	0.747684
536	10.000000	-2.803576	0.589766
537	10.000000	-5.352809	0.777837
538	10.000000	-6.984660	0.758845
539	10.000000	-5.559791	0.648262
540	-10.000000	-8.609123	0.326330
541	-10.000000	-8.601205	0.516179
542	-10.000000	-7.222867	0.430567
543	-10.000000	-6.983765	0.758817
544	-10.000000	-5.351335	0.777857
545	-10.000000	-5.559117	0.648279
546	-10.000000	-2.656969	0.748382
547	-10.000000	-1.694419	0.685819
548	-10.000000	-2.805591	0.591034
549	-10.000000	-1.104624	0.332949
550	-10.000000	-1.820492	0.223757
551	-10.000000	-2.517989	0.335487
555	10.000000	8.593904	0.325819
556	10.000000	8.594379	0.515547
557	10.000000	7.197008	0.429017
558	10.000000	6.980158	0.758327
559	10.000000	5.347394	0.777132
560	10.000000	5.546170	0.646687
561	10.000000	2.654151	0.745750
562	10.000000	1.686275	0.680583
563	10.000000	2.778734	0.583916
564	10.000000	0.978570	0.305306
565	10.000000	1.541253	0.153011
566	10.000000	2.329003	0.305421
570	-10.000000	6.705293	0.121247
571	-10.000000	4.713721	0.103443
572	-10.000000	5.251680	0.220147
576	-10.000000	1.532196	0.149368
577	-10.000000	0.976159	0.298094
578	-10.000000	2.327929	0.302969
579	-10.000000	1.676492	0.678815
580	-10.000000	2.645265	0.745408
581	-10.000000	2.771700	0.583149
582	-10.000000	5.344181	0.777083
583	-10.000000	6.978720	0.758314
584	-10.000000	5.543297	0.646638
603	2.298969	-8.777228	0.000000
604	-2.306237	-8.776375	0.000000
605	-0.003489	-7.525191	0.000000
606	-7.155324	-6.801194	0.000005
607	-7.203413	-4.885837	0.000938
608	-4.540322	-5.565080	0.000010
609	-2.406517	-2.563139	0.000165
610	2.403697	-2.571911	0.000089
611	-0.006132	-3.444739	0.000005
612	2.653352	-1.132269	0.010451
613	-2.548964	-1.110758	-0.021539
614	-0.001218	-0.644980	0.003342
615	-7.640149	-0.204106	0.061894
616	-7.569203	0.712043	0.313721
617	-5.093408	-0.013475	0.050796
618	-2.418311	1.138284	-0.023732
619	2.426312	1.166776	-0.049135
620	0.004864	0.671023	-0.071828
621	7.148248	6.820425	-0.000000
622	7.197514	4.914688	-0.000000
623	4.532881	5.581036	-0.000000
624	2.381488	2.582302	-0.000000
625	-2.386227	2.584055	-0.000000
626	-0.001037	3.460193	-0.000000
627	-7.196994	4.918408	-0.000000
628	-7.147284	6.822323	-0.000000
629	-4.532208	5.582281	-0.000000
630	7.770830	-1.849466	0.938748
631	8.185008	-1.207231	0.903022
632	5.596093	-1.103018	0.877757
633	3.138766	-0.529562	0.671060
634	-3.299946	-0.518914	0.675014
635	-0.068198	-0.570113	0.700994
636	-8.188755	-1.195059	0.901301
637	-7.775080	-1.843288	0.938880
638	-5.609883	-1.097826	0.877187
639	8.184619	1.201639	0.902467
640	7.771697	1.847983	0.938772
641	5.598823	1.101406	0.877736
642	2.492980	1.936651	0.913512
643	-2.497798	1.936002	0.913521
644	-0.004450	1.322383	0.899077
645	-7.775526	1.843058	0.938879
646	-8.190039	1.193810	0.901239
647	-5.609911	1.097978	0.877146
648	7.663703	-10.052760	0.000000
649	7.608818	-9.888835	0.900000
650	7.922354	-0.628269	0.592869
651	9.188463	0.711227	0.159826
652	8.025398	0.579759	0.608303
653	7.608833	9.888829	0.900000
654	7.663431	10.052772	0.000000
655	10.000000	-10.000000	0.088699
656	-10.000000	-10.000000	0.088675
659	10.000000	10.000000	0.088686
660	-10.000000	10.000000	0.088690
661	10.000000	-9.207377	0.892156
662	-10.000000	-9.207114	0.892173
663	9.320494	-0.568328	0.538175
664	-9.268382	-0.544181	0.559301
667	10.000000	4.740697	0.899956
668	-10.000000	4.737553	0.899956
669	10.000000	-9.200326	0.000000
670	-10.000000	-9.193830	0.000000
671	10.000000	9.202899	0.000000
672	-10.000000	9.204116	0.000000
673	7.779044	2.194708	0.000000
676	10.000000	-1.568108	0.000000
677	-10.000000	-1.543649	0.000000
679	7.907839	-2.215576	0.000000
682	7.781483	-3.549095	0.900000
683	7.781717	3.548733	0.900000
684	10.000000	0.573674	0.701731
686	10.000000	-3.687593	0.899821
687	-10.000000	-3.682110	0.899821
688	8.241475	-10.000000	0.076527
689	8.186340	-10.000000	0.770619
690	-8.186410	-10.000000	0.770615
691	-8.242481	-10.000000	0.076552
692	8.071162	-9.244666	0.938352
693	8.214398	-4.059333	0.951178
694	-8.215399	-4.056897	0.951171
695	-8.071347	-9.244571	0.938355
696	8.281584	-0.619697	0.558189
699	-8.103466	-0.555228	0.568050
705	8.224354	0.544544	0.561740
706	-8.224380	0.543624	0.553026
708	8.214637	4.059061	0.951173
709	8.071171	9.244655	0.938353
710	-8.071341	9.244572	0.938355
711	-8.215550	4.056818	0.951166
712	8.241403	10.000000	0.076513
713	-8.241266	10.000000	0.076509
714	-8.186498	10.000000	0.770603
715	8.186468	10.000000	0.770602
716	10.000000	-9.250313	0.079525
718	10.000000	-2.497616	0.080799
719	10.000000	-0.591564	0.562268
720	10.000000	-4.005270	0.856124
721	10.000000	-9.195774	0.762846
722	-10.000000	-9.247604	0.079338
723	-10.000000	-9.195527	0.762827
724	-10.000000	-4.001738	0.856179
725	-10.000000	-0.584083	0.580244
728	10.000000	9.242471	0.079789
729	10.000000	9.194818	0.762667
730	10.000000	4.003040	0.855819
731	10.000000	0.540795	0.595032
733	10.000000	2.410120	0.036041
734	-10.000000	9.242533	0.079825
736	-10.000000	2.390678	0.034802
737	-10.000000	0.533944	0.584646
738	-10.000000	3.998139	0.855781
739	-10.000000	9.194580	0.762679
748	8.125366	-9.310529	0.000000
749	-8.130191	-9.307483	0.000000
750	-8.299484	-2.862276	-0.044658
751	8.300957	-2.896180	-0.026518
752	8.536963	-1.733463	-0.212969
753	-8.531583	-1.708070	-0.209356
754	-7.940800	1.903980	0.230573
755	8.012366	1.909269	0.304500
756	8.124427	9.312480	-0.000000
757	8.281071	2.886211	0.000000
758	-8.276280	2.891403	0.000000
759	-8.123659	9.312946	-0.000000
760	8.272536	-3.224315	0.910209
761	8.660064	-0.695902	0.686642
762	-8.654652	-0.662549	0.688774
763	-8.274496	-3.220799	0.910243
764	8.662555	0.666519	0.698955
765	8.272953	3.223830	0.910217
766	-8.274756	3.220664	0.910247
767	-8.665991	0.657436	0.691563
768	-2.636130	-10.049322	0.000000
769	-2.589091	-9.881274	0.900000
770	-2.999391	-0.435985	0.635445
771	-4.155661	0.148616	0.470674
772	-2.980452	0.440698	0.626998
773	-2.589083	9.881273	0.900000
774	-2.629774	10.049334	0.000000
775	10.000000	-10.000000	0.490173
776	-10.000000	-10.000000	0.490127
779	10.000000	10.000000	0.489945
780	-10.000000	10.000000	0.489950
781	10.000000	-6.075273	0.900000
782	-10.000000	-6.073310	0.900000
783	9.712010	-1.251894	0.150627
784	-9.686157	-0.992707	0.189327
785	9.410157	0.460952	0.262617
786	-9.393439	0.458689	0.249661
787	10.000000	7.641818	0.899992
788	-10.000000	7.640935	0.899992
789	10.000000	-5.251937	0.000000
790	-10.000000	-5.216071	0.000000
791	10.000000	5.260267	0.000000
792	-10.000000	5.268647	0.000000
793	-2.738207	1.725340	0.000000
796	10.000000	1.433803	0.000000
797	-10.000000	1.446657	0.000000
798	-5.447542	-0.144165	0.499042
799	-2.775847	-1.717064	0.000000
802	-2.741764	-2.696917	0.900000
803	-2.741534	2.696917	0.900000
804	10.000000	2.624912	0.899848
805	-10.000000	2.616732	0.899850
806	10.000000	-1.556351	0.900000
807	-10.000000	-1.541803	0.900000
808	2.813527	-10.000000	0.319653
809	2.830991	-10.000000	0.566550
810	-2.831031	-10.000000	0.566550
811	-2.813620	-10.000000	0.319656
812	2.692860	-6.834941	0.942906
813	2.729712	-4.605954	0.942941
814	-2.730411	-4.605788	0.942941
815	-2.693076	-6.834871	0.942906
816	2.625425	-0.252569	0.532742
817	2.620094	-0.200140	0.507534
818	-3.545796	-0.178676	0.516171
819	-2.797192	-0.231535	0.538543
820	5.969348	-0.076215	0.426690
821	-5.281483	-0.025527	0.467747
822	-5.295949	0.098010	0.458211
823	5.425281	0.076513	0.448170
824	3.496776	0.184495	0.488132
825	2.823541	0.231111	0.516642
826	-2.601765	0.228219	0.521798
827	-2.824221	0.174900	0.497224
828	2.729754	4.605947	0.942941
829	2.692871	6.834938	0.942906
830	-2.693064	6.834876	0.942906
831	-2.730379	4.605799	0.942941
832	2.813562	10.000000	0.319659
833	-2.813551	10.000000	0.319659
834	-2.831062	10.000000	0.566550
835	2.831063	10.000000	0.566550
836	10.000000	-6.423404	0.314166
838	10.000000	-3.854019	0.266794
839	10.000000	-2.551546	0.458990
840	10.000000	-4.096990	0.616225
841	10.000000	-6.465085	0.551874
842	-10.000000	-6.425076	0.314196
843	-10.000000	-6.464582	0.551835
844	-10.000000	-4.097295	0.616499
845	-10.000000	-2.546723	0.462230
847	-10.000000	-3.867454	0.271365
848	10.000000	6.359609	0.311657
849	10.000000	6.446865	0.550197
850	10.000000	4.075304	0.612927
851	10.000000	2.465763	0.446262
853	10.000000	3.662191	0.254485
854	-10.000000	6.357693	0.311553
856	-10.000000	3.657705	0.253196
857	-10.000000	2.461790	0.444592
858	-10.000000	4.070134	0.612723
859	-10.000000	6.445239	0.550178
868	2.735079	-6.724814	0.000000
869	-2.742360	-6.722105	0.000000
870	-2.796143	-4.247639	-0.000038
871	2.785917	-4.253010	-0.000017
872	3.323643	-0.411009	-0.272096
873	-3.235668	-0.391860	-0.217283
874	-3.062915	0.407998	-0.099414
875	3.258902	0.390339	-0.058689
876	2.735797	6.730321	-0.000000
877	2.788436	4.264209	0.000000
878	-2.788851	4.265283	0.000000
879	-2.734956	6.730728	-0.000000
880	3.251407	-1.192868	0.887764
881	3.976867	-0.736464	0.768483
882	-4.023787	-0.730729	0.769599
883	-3.264800	-1.191172	0.887588
884	3.989942	0.734138	0.768800
885	3.253513	1.192556	0.887740
886	-3.264104	1.191278	0.887581
887	-4.017823	0.731620	0.767587
888	-2.066794	-10.000000	0.249144
889	-1.271075	-10.000000	0.066860
890	3.277316	-10.000000	0.194614
891	-1.976539	-7.512263	0.942900
892	-1.221390	-9.317254	0.935801
893	3.146646	-8.076836	0.942837
894	-2.320161	-1.368301	0.903780
895	-1.312528	-2.220011	0.906619
896	3.541678	-1.703294	0.916372
897	-1.973738	-0.256032	0.548963
898	-1.299592	-0.377732	0.607000
899	3.050248	-0.322423	0.563769
900	7.130566	0.136244	0.352914
901	9.639497	0.725841	0.035187
902	8.373890	-0.197350	0.227087
903	-1.923582	0.143588	0.491352
904	-1.982628	0.107922	0.480579
905	3.490154	0.157808	0.478509
906	-3.073718	0.617098	0.717106
907	-1.673799	0.461736	0.643535
908	4.506924	0.617216	0.711086
909	-2.009563	3.997061	0.942640
910	-1.285620	2.840230	0.955221
911	3.200898	3.720570	0.945104
912	4.450672	10.000000	0.529461
913	8.623150	10.000000	0.461469
914	5.687595	10.000000	0.293942
915	10.000000	-7.201355	0.516348
916	10.000000	-9.307481	0.458395
917	10.000000	-7.874329	0.294513
918	-10.000000	-4.483626	0.217859
919	-10.000000	-5.520376	0.055021
920	-10.000000	-6.948222	0.190389
921	10.000000	4.291941	0.206857
922	10.000000	5.502956	0.054199
923	10.000000	6.889971	0.189755
924	-10.000000	7.183551	0.514934
925	-10.000000	9.302813	0.457865
926	-10.000000	7.842742	0.293544
933	4.394594	-4.690091	-0.000045
934	8.625532	-5.552252	0.000161
935	5.588106	-7.074374	-0.000000
936	4.971979	0.396028	0.044455
937	8.937193	0.745038	-0.052898
938	6.220035	-0.499702	0.214625
939	-2.002969	7.470231	0.000000
940	-1.236507	9.432380	0.000000
941	3.185118	8.075778	0.000000
942	8.633168	-10.000000	0.359619
943	5.692879	-10.000000	0.575904
944	4.442150	-10.000000	0.349555
945	1.268733	-10.000000	0.817181
946	-3.353458	-10.000000	0.689621
947	2.101464	-10.000000	0.638084
948	-8.623099	-10.000000	0.461552
949	-5.687796	-10.000000	0.293956
950	-4.450617	-10.000000	0.529464
951	8.545816	-6.890136	0.942669
952	5.549174	-4.810489	0.942251
953	4.283191	-6.619950	0.942906
954	1.282092	-2.840444	0.955219
955	-3.202378	-3.720229	0.945101
956	2.008455	-3.997205	0.942639
957	-8.555271	-6.081255	0.942518
958	-5.516727	-7.200230	0.942901
959	-4.308863	-5.039681	0.942970
960	8.912802	-0.728625	0.328615
961	6.438693	-0.398839	0.497178
962	4.512650	-0.313152	0.527107
963	0.316066	-0.107375	0.494086
964	-4.130959	-0.169876	0.511766
965	2.127665	-0.176639	0.503697
966	-9.257378	-0.837531	0.294559
967	-5.817963	-0.331637	0.555903
968	-5.329368	-0.241554	0.523902
971	5.120258	-0.112879	0.459790
972	-9.494795	0.215508	0.055901
973	-7.870278	0.319425	0.287991
974	-7.246294	-0.008319	0.373589
976	5.126294	0.122084	0.453641
977	-3.826607	0.076298	0.471129
978	8.950435	0.596877	0.222139
979	5.696057	0.327006	0.509300
981	1.353193	0.380071	0.600406
982	-3.164157	0.302789	0.553213
983	2.049911	0.256409	0.534263
984	-8.816995	0.545102	0.287070
985	-5.587052	0.281180	0.467314
986	-4.320341	0.257805	0.510546
987	8.554991	6.082263	0.942521
988	5.516475	7.200412	0.942901
989	4.308311	5.039964	0.942970
990	1.221240	9.317259	0.935801
991	-3.146824	8.076793	0.942837
992	1.976368	7.512297	0.942900
993	-8.546055	6.889385	0.942666
994	-5.549917	4.809941	0.942253
995	-4.283453	6.619807	0.942906
996	1.268397	10.000000	0.066873
997	-3.277367	10.000000	0.194625
998	2.066579	10.000000	0.249152
999	-8.633070	10.000000	0.359512
1000	-5.693077	10.000000	0.575889
1001	-4.442134	10.000000	0.349555
1002	-1.268852	10.000000	0.817180
1003	3.353522	10.000000	0.689619
1004	-2.101548	10.000000	0.638083
1005	10.000000	-6.536998	0.058264
1006	10.000000	-4.180086	0.159463
1007	10.000000	-6.262748	0.241873
1011	10.000000	-1.117497	0.174953
1012	10.000000	-1.517733	0.403659
1013	10.000000	-3.003894	0.266267
1014	10.000000	-1.766869	0.798813
1015	10.000000	-3.246993	0.704420
1016	10.000000	-2.330323	0.537927
1017	10.000000	-6.092748	0.835762
1018	10.000000	-7.066020	0.682005
1019	10.000000	-4.747573	0.663693
1020	-10.000000	-9.313550	0.359458
1021	-10.000000	-7.881873	0.563532
1022	-10.000000	-7.188759	0.346093
1023	-10.000000	-6.900885	0.831075
1024	-10.000000	-4.635856	0.726139
1025	-10.000000	-6.364887	0.628274
1026	-10.000000	-2.256597	0.815432
1027	-10.000000	-1.761151	0.576941
1028	-10.000000	-3.348157	0.636213
1029	-10.000000	-0.743478	0.226737
1030	-10.000000	-2.691669	0.225188
1031	-10.000000	-2.148400	0.403094
1035	10.000000	9.307581	0.359081
1036	10.000000	7.873256	0.562705
1037	10.000000	7.149974	0.344539
1038	10.000000	6.899521	0.830821
1039	10.000000	4.628370	0.724745
1040	10.000000	6.353445	0.627021
1041	10.000000	2.258098	0.813743
1042	10.000000	1.734770	0.567447
1043	10.000000	3.330026	0.631890
1044	10.000000	0.609631	0.190034
1045	10.000000	2.400296	0.181812
1046	10.000000	2.027293	0.378664
1050	-10.000000	6.506003	0.058297
1051	-10.000000	3.976113	0.148813
1052	-10.000000	6.177738	0.239428
1056	-10.000000	0.789403	0.089381
1057	-10.000000	1.400856	0.388272
1058	-10.000000	2.761696	0.243770
1059	-10.000000	1.751879	0.797322
1060	-10.000000	3.231342	0.701810
1061	-10.000000	2.284785	0.528109
1062	-10.000000	6.087898	0.835437
1063	-10.000000	7.057716	0.681210
1064	-10.000000	4.729190	0.661649
1083	1.234689	-9.431340	-0.000000
1084	-3.192265	-8.070607	-0.000000
1085	2.002547	-7.465987	-0.000000
1086	-8.611769	-6.521201	-0.000023
1087	-5.669067	-4.326470	0.000956
1088	-4.357667	-6.457529	-0.000001
1089	-1.301684	-2.059941	-0.000001
1090	3.286081	-3.173341	-0.000244
1091	-2.067284	-3.556830	0.000058
1092	1.392142	-1.362430	-0.248241
1093	-3.656948	-0.860454	-0.193852
1094	2.460648	-0.618852	-0.024225
1095	-8.771512	0.168473	0.137157
1096	-6.109724	0.609018	-0.052718
1097	-5.021255	-0.301681	-0.227237
1098	-1.311016	1.372733	0.211754
1099	3.484071	0.902059	0.139457
1100	-2.110479	0.680198	-0.138052
1101	8.607523	6.548918	0.000000
1102	5.661490	4.350720	-0.000000
1103	4.349937	6.469645	0.000000
1104	1.276163	2.075100	-0.000000
1105	-3.281076	3.186497	0.000000
1106	2.056980	3.574481	-0.000000
1107	-8.624839	5.565614	-0.000000
1108	-5.586314	7.081519	0.000000
1109	-4.396101	4.701583	0.000000
1110	9.009926	-2.001450	0.943439
1111	7.011309	-0.941420	0.838382
1112	5.130178	-1.297662	0.903014
1113	1.533389	-0.465528	0.648090
1114	-4.545777	-0.611101	0.714127
1115	2.997390	-0.621408	0.718588
1116	-9.130148	-1.568906	0.932262
1117	-6.259733	-1.664745	0.924478
1118	-5.741086	-0.907661	0.831033
1119	9.128842	1.575575	0.932464
1120	6.254168	1.667873	0.924441
1121	5.725313	0.912002	0.831784
1122	1.308171	2.220324	0.906616
1123	-3.548499	1.702061	0.916364
1124	2.311030	1.369082	0.903830
1125	-9.012310	1.991124	0.943507
1126	-7.023943	0.929283	0.836974
1127	-5.140954	1.294401	0.902784
1128	2.628639	-10.049324	0.000000
1129	2.588920	-9.881274	0.900000
1130	2.821667	-0.450008	0.633736
1131	3.568152	0.119884	0.467333
1132	3.029731	0.444596	0.628144
1133	2.588935	9.881273	0.900000
1134	2.630782	10.049334	0.000000
1135	10.000000	-10.000000	0.289090
1136	-10.000000	-10.000000	0.289030
1139	10.000000	10.000000	0.288874
1140	-10.000000	10.000000	0.288879
1141	10.000000	-7.641923	0.899992
1142	-10.000000	-7.640972	0.899992
1143	9.479870	-0.692742	0.242965
1144	-9.459457	-0.606168	0.309058
1145	9.628016	0.795482	0.051071
1146	-9.495116	0.783261	0.060390
1147	10.000000	6.075049	0.900000
1148	-10.000000	6.073225	0.900000
1149	10.000000	-7.281458	0.000000
1150	-10.000000	-7.260211	0.000000
1151	10.000000	7.288858	0.000000
1152	-10.000000	7.293213	0.000000
1153	2.685642	1.724688	0.000000
1156	10.000000	0.438994	0.000000
1157	-10.000000	0.434466	0.000000
1158	3.839096	-0.172813	0.488799
1159	2.828255	-1.728232	0.000000
1162	2.737496	-2.697582	0.900000
1163	2.737827	2.697532	0.900000
1164	10.000000	1.546552	0.900000
1165	-10.000000	1.534561	0.900000
1166	10.000000	-2.628784	0.899845
1167	-10.000000	-2.619700	0.899847
1168	5.256143	-10.000000	0.210545
1169	5.298992	-10.000000	0.664791
1170	-5.299094	-10.000000	0.664787
1171	-5.256525	-10.000000	0.210556
1172	5.081529	-7.964439	0.942852
1173	5.143954	-4.124886	0.946233
1174	-5.145183	-4.124201	0.946226
1175	-5.081755	-7.964332	0.942852
1176	5.164874	-0.392465	0.551030
1177	6.525793	-0.398705	0.487923
1179	-4.970587	-0.334791	0.573128
1180	8.017065	-0.331034	0.302170
1181	-7.665496	-0.207367	0.406369
1182	-7.056570	0.284405	0.379197
1183	7.054918	0.242265	0.386713
1184	5.354365	0.219918	0.465639
1185	5.227756	0.346764	0.537955
1186	-5.176335	0.349823	0.529435
1187	-5.758094	0.285568	0.457216
1188	5.144064	4.124845	0.946232
1189	5.081542	7.964433	0.942852
1190	-5.081746	7.964338	0.942852
1191	-5.145178	4.124227	0.946226
1192	5.256039	10.000000	0.210544
1193	-5.255988	10.000000	0.210542
1194	-5.299237	10.000000	0.664781
1195	5.299233	10.000000	0.664780
1196	10.000000	-7.789556	0.211161
1198	10.000000	-3.245170	0.158512
1199	10.000000	-1.360149	0.500421
1200	10.000000	-3.885572	0.742105
1201	10.000000	-7.832829	0.653313
1202	-10.000000	-7.787304	0.210865
1203	-10.000000	-7.832213	0.653244
1204	-10.000000	-3.884226	0.742290
1205	-10.000000	-1.361693	0.511563
1207	-10.000000	-3.282127	0.171010
1208	10.000000	7.752311	0.210648
1209	10.000000	7.827006	0.652629
1210	10.000000	3.878635	0.740695
1211	10.000000	1.318454	0.500614
1213	10.000000	2.995362	0.137853
1214	-10.000000	7.751334	0.210655
1216	-10.000000	2.973667	0.135366
1217	-10.000000	1.313392	0.496075
1218	-10.000000	3.872663	0.740563
1219	-10.000000	7.826213	0.652633
1228	5.141319	-7.928998	0.000000
1229	-5.148654	-7.925002	0.000000
1230	-5.272030	-3.516910	-0.003104
1231	5.265131	-3.533996	-0.001526
1232	5.782309	-0.813877	-0.216189
1233	-5.753330	-0.806855	-0.160804
1234	-5.377528	0.886373	0.179077
1235	5.493112	0.916272	0.144031
1236	5.140220	7.933190	-0.000000
1237	5.260300	3.541506	0.000000
1238	-5.261642	3.544934	0.000000
1239	-5.139210	7.933768	-0.000000
1240	5.619450	-1.915717	0.919678
1241	6.614574	-0.759060	0.762201
1242	-6.639966	-0.742445	0.764060
1243	-5.625242	-1.913182	0.919714
1244	6.623445	0.748757	0.765109
1245	5.620275	1.915383	0.919684
1246	-5.625203	1.913265	0.919714
1247	-6.639944	0.742998	0.761605
1248	-7.668050	-10.052744	0.000000
1249	-7.608948	-9.888835	0.900000
1250	-7.915271	-0.574204	0.599097
1252	-8.009432	0.575345	0.598762
1253	-7.608946	9.888831	0.900000
1254	-7.662808	10.052774	0.000000
1255	10.000000	-10.000000	0.676249
1256	-10.000000	-10.000000	0.676235
1259	10.000000	10.000000	0.676170
1260	-10.000000	10.000000	0.676173
1261	10.000000	-4.741230	0.899955
1262	-10.000000	-4.737839	0.899955
1265	9.215650	0.492267	0.562959
1266	-9.218558	0.485516	0.553040
1267	10.000000	9.207358	0.892150
1268	-10.000000	9.207117	0.892168
1269	10.000000	-3.347229	0.000000
1270	-10.000000	-3.306265	0.000000
1271	10.000000	3.348430	0.000000
1272	-10.000000	3.359781	0.000000
1273	-7.722368	2.197121	0.000000
1275	-10.000000	-2.465254	0.116920
1276	10.000000	2.484100	0.000000
1277	-10.000000	2.497369	0.000000
1279	-7.902095	-2.185287	0.000000
1282	-7.783340	-3.546381	0.900000
1283	-7.783362	3.546224	0.900000
1284	10.000000	3.686150	0.899822
1285	-10.000000	3.681077	0.899822
1287	-10.000000	-0.587545	0.670861
1288	0.794661	-10.000000	0.410263
1289	0.796959	-10.000000	0.480559
1290	-0.796973	-10.000000	0.480560
1291	-0.794684	-10.000000	0.410264
1292	0.753148	-5.907669	0.942906
1293	0.771605	-5.257051	0.942906
1294	-0.771946	-5.257027	0.942906
1295	-0.753375	-5.907645	0.942906
1296	0.566927	-0.188130	0.516153
1297	0.470567	-0.174752	0.511124
1298	-1.155738	-0.167976	0.512529
1299	-1.030004	-0.182256	0.517723
1300	2.455601	-0.013659	0.475497
1301	-1.430618	-0.006493	0.480947
1302	-1.792560	0.007288	0.479534
1303	2.672653	0.002978	0.473979
1304	1.002070	0.157015	0.495940
1305	0.876258	0.173090	0.502220
1306	-0.536841	0.172189	0.503601
1307	-0.597780	0.155457	0.497586
1308	0.771624	5.257051	0.942906
1309	0.753160	5.907669	0.942906
1310	-0.753362	5.907648	0.942906
1311	-0.771927	5.257030	0.942906
1312	0.794681	10.000000	0.410267
1313	-0.794679	10.000000	0.410267
1314	-0.796971	10.000000	0.480561
1315	0.796972	10.000000	0.480561
1316	10.000000	-5.168815	0.397594
1318	10.000000	-4.384459	0.379372
1319	10.000000	-3.938873	0.438281
1320	10.000000	-4.438232	0.491756
1321	10.000000	-5.190604	0.468151
1322	-10.000000	-5.171298	0.398117
1323	-10.000000	-5.191399	0.468416
1324	-10.000000	-4.439354	0.492267
1325	-10.000000	-3.940184	0.439557
1327	-10.000000	-4.388032	0.380711
1328	10.000000	5.097874	0.392887
1329	10.000000	5.144941	0.464360
1330	10.000000	4.388313	0.486665
1331	10.000000	3.859535	0.430418
1333	10.000000	4.284549	0.372063
1334	-10.000000	5.095414	0.392651
1336	-10.000000	4.281699	0.371559
1337	-10.000000	3.856265	0.429880
1338	-10.000000	4.384875	0.486403
1339	-10.000000	5.142416	0.464215
1348	0.766304	-5.734431	0.000000
1349	-0.773346	-5.733542	0.000000
1350	-0.789146	-5.020227	-0.000000
1351	0.781042	-5.021184	-0.000000
1352	0.866580	-0.076648	-0.045043
1353	-0.810226	-0.062718	-0.071011
1354	-0.876800	0.204387	0.149290
1355	0.969472	0.156062	0.107906
1356	0.769112	5.741965	-0.000000
1357	0.784529	5.030854	0.000000
1358	-0.784338	5.031021	0.000000
1359	-0.768613	5.742106	-0.000000
1360	0.968015	-0.847613	0.812191
1361	1.166395	-0.739507	0.773823
1362	-1.210279	-0.738532	0.774048
1363	-0.995212	-0.846950	0.812181
1364	1.174604	0.739387	0.773248
1365	0.972176	0.847531	0.811888
1366	-0.992190	0.847112	0.811757
1367	-1.203389	0.738860	0.773027
1368	2.066455	-10.000000	0.249140
1369	-3.278049	-10.000000	0.194620
1370	1.266312	-10.000000	0.066859
1371	1.976358	-7.512298	0.942900
1372	-3.146834	-8.076790	0.942837
1373	1.221230	-9.317259	0.935801
1374	2.309749	-1.369215	0.903836
1375	-3.548841	-1.702003	0.916362
1376	1.307804	-2.220355	0.906616
1377	1.851566	-0.268133	0.546673
1378	-3.047529	-0.300167	0.568587
1379	1.197880	-0.383377	0.607034
1380	7.537513	-0.068399	0.307581
1381	7.827100	0.265062	0.289284
1382	9.526968	0.214711	0.054009
1383	2.564165	0.148777	0.485438
1384	-3.589872	0.172586	0.491277
1385	0.642455	0.085780	0.480885
1386	3.035204	0.619146	0.718364
1387	-4.535890	0.613721	0.708629
1388	1.672803	0.463684	0.644095
1389	2.008525	3.997199	0.942639
1390	-3.202331	3.720247	0.945101
1391	1.282329	2.840430	0.955218
1392	4.442139	10.000000	0.349555
1393	5.693080	10.000000	0.575889
1394	8.633073	10.000000	0.359510
1395	10.000000	-7.188945	0.346224
1396	10.000000	-7.882493	0.563633
1397	10.000000	-9.314074	0.359602
1398	-10.000000	-6.265180	0.241905
1399	-10.000000	-4.198336	0.163534
1400	-10.000000	-6.517612	0.058097
1401	10.000000	6.180425	0.239580
1402	10.000000	3.989107	0.150039
1403	10.000000	6.505385	0.058281
1404	-10.000000	7.148795	0.344510
1405	-10.000000	7.872540	0.562711
1406	-10.000000	9.307405	0.359093
1413	4.349925	-6.462951	-0.000000
1414	5.661041	-4.341924	0.000448
1415	8.607798	-6.540590	-0.000011
1416	5.108727	-0.283933	-0.285372
1417	6.080769	0.625899	-0.335687
1418	8.736898	0.171371	0.133483
1419	2.003865	7.470019	0.000000
1420	-3.184156	8.076050	0.000000
1421	1.237484	9.432350	0.000000
1422	5.687714	-10.000000	0.293951
1423	8.623039	-10.000000	0.461581
1424	4.450570	-10.000000	0.529466
1425	3.353373	-10.000000	0.689622
1426	-1.268856	-10.000000	0.817181
1427	-2.101521	-10.000000	0.638083
1428	-5.692961	-10.000000	0.575899
1429	-8.633208	-10.000000	0.359590
1430	-4.442196	-10.000000	0.349558
1431	5.516459	-7.200421	0.942901
1432	8.554963	-6.082353	0.942522
1433	4.308275	-5.039979	0.942970
1434	3.200784	-3.720588	0.945104
1435	-1.285788	-2.840223	0.955221
1436	-2.009614	-3.997051	0.942640
1437	-5.549931	-4.809918	0.942253
1438	-8.546054	-6.889380	0.942666
1439	-4.283467	-6.619798	0.942906
1440	5.668220	-0.396236	0.524912
1441	9.133989	-0.881548	0.258719
1442	4.438250	-0.273841	0.508713
1443	3.967907	-0.231817	0.502865
1444	-2.893764	-0.113148	0.496356
1445	-2.407940	-0.148078	0.507468
1446	-6.064255	-0.261168	0.516695
1447	-8.931872	-0.645812	0.387351
1448	-4.573078	-0.260706	0.544331
1449	6.399813	-0.209606	0.428058
1451	-3.771889	-0.058945	0.487426
1452	-8.160646	-0.122483	0.291571
1453	-9.642834	0.693869	0.026359
1454	-7.111795	0.180282	0.366482
1455	-4.987716	0.139783	0.457272
1457	3.929762	0.062917	0.465202
1458	6.484645	0.287981	0.463771
1459	8.862957	0.531670	0.293281
1460	4.580799	0.260737	0.506114
1461	3.245898	0.306490	0.550031
1462	-1.278847	0.377835	0.601140
1463	-1.923409	0.254138	0.537495
1464	-5.643478	0.336894	0.493898
1465	-8.889029	0.622835	0.210756
1466	-4.472795	0.234978	0.493252
1467	5.549232	4.810456	0.942251
1468	8.545836	6.890076	0.942669
1469	4.283206	6.619943	0.942906
1470	3.146656	8.076834	0.942837
1471	-1.221381	9.317254	0.935801
1472	-1.976529	7.512265	0.942900
1473	-5.516717	7.200240	0.942901
1474	-8.555274	6.081258	0.942518
1475	-4.308840	5.039697	0.942970
1476	3.277462	10.000000	0.194626
1477	-1.267767	10.000000	0.066873
1478	-2.066537	10.000000	0.249152
1479	-5.687583	10.000000	0.293941
1480	-8.623147	10.000000	0.461471
1481	-4.450671	10.000000	0.529461
1482	-3.353530	10.000000	0.689619
1483	1.268759	10.000000	0.817180
1484	2.101546	10.000000	0.638083
1485	10.000000	-6.950264	0.190647
1486	10.000000	-5.548451	0.054853
1487	10.000000	-4.466700	0.215059
1491	10.000000	-2.679613	0.208468
1492	10.000000	-0.841107	0.199460
1493	10.000000	-2.166903	0.396905
1494	10.000000	-1.756649	0.571819
1495	10.000000	-2.261241	0.814730
1496	10.000000	-3.347234	0.635658
1497	10.000000	-4.637022	0.726057
1498	10.000000	-6.901959	0.831086
1499	10.000000	-6.365580	0.628307
1500	-10.000000	-7.873260	0.294285
1501	-10.000000	-9.307103	0.458283
1502	-10.000000	-7.200769	0.516259
1503	-10.000000	-7.065259	0.681957
1504	-10.000000	-6.091284	0.835762
1505	-10.000000	-4.747002	0.663787
1506	-10.000000	-3.246748	0.704866
1507	-10.000000	-1.762474	0.800316
1508	-10.000000	-2.331520	0.540696
1509	-10.000000	-1.494863	0.414754
1510	-10.000000	-0.965731	0.191365
1511	-10.000000	-3.006209	0.275602
1515	10.000000	7.843563	0.293544
1516	10.000000	9.302992	0.457855
1517	10.000000	7.184611	0.514940
1518	10.000000	7.059036	0.681217
1519	10.000000	6.090052	0.835459
1520	10.000000	4.733397	0.661746
1521	10.000000	3.238778	0.702075
1522	10.000000	1.763268	0.798030
1523	10.000000	2.291014	0.529647
1524	10.000000	1.403321	0.393043
1525	10.000000	0.814906	0.098576
1526	10.000000	2.765130	0.245980
1530	-10.000000	6.888023	0.189711
1531	-10.000000	5.502637	0.054144
1532	-10.000000	4.285150	0.205917
1536	-10.000000	2.391281	0.178791
1537	-10.000000	0.602186	0.180239
1538	-10.000000	2.025045	0.375829
1539	-10.000000	1.727513	0.564977
1540	-10.000000	2.248159	0.813444
1541	-10.000000	3.323226	0.631529
1542	-10.000000	4.623889	0.724656
1543	-10.000000	6.898055	0.830809
1544	-10.000000	6.351576	0.627001
1563	3.184977	-8.072532	-0.000000
1564	-1.242072	-9.431121	-0.000000
1565	-2.009662	-7.464505	-0.000000
1566	-5.595539	-7.067726	-0.000000
1567	-8.629201	-5.526738	0.000330
1568	-4.403762	-4.680973	-0.000099
1569	-3.294838	-3.163322	-0.000484
1570	1.318572	-2.065663	-0.000002
1571	2.055866	-3.561673	0.000028
1572	3.721863	-0.873997	-0.232949
1573	-1.322972	-1.363693	-0.274970
1574	-2.346705	-0.622573	-0.017102
1575	-6.192954	-0.452855	0.237073
1576	-8.982169	0.750788	-0.109466
1577	-4.832095	0.381382	0.044273
1578	-3.465060	0.860784	0.004001
1579	1.247085	1.362817	0.215302
1580	2.386279	0.683823	-0.140664
1581	5.587314	7.080511	0.000000
1582	8.625437	5.560682	-0.000000
1583	4.396231	4.699928	0.000000
1584	3.278792	3.184259	0.000000
1585	-1.299095	2.073503	-0.000000
1586	-2.058678	3.575612	-0.000000
1587	-5.661595	4.353555	-0.000000
1588	-8.606825	6.552444	0.000000
1589	-4.349047	6.470487	0.000000
1590	6.253009	-1.668596	0.924440
1591	9.128804	-1.580969	0.932792
1592	5.721219	-0.915191	0.831449
1593	4.460872	-0.623149	0.710227
1594	-1.748719	-0.459844	0.648949
1595	-3.091457	-0.615481	0.720908
1596	-7.022682	-0.929594	0.837316
1597	-9.011741	-1.992488	0.943501
1598	-5.141085	-1.294269	0.902769
1599	7.012321	0.935367	0.839022
1600	9.010416	1.998441	0.943461
1601	5.132152	1.296919	0.902979
1602	3.542517	1.703143	0.916372
1603	-1.312202	2.220016	0.906620
1604	-2.319486	1.368348	0.903783
1605	-6.259844	1.664818	0.924475
1606	-9.130908	1.566468	0.932082
1607	-5.740783	0.907935	0.830464
1608	-0.001128	-10.000000	0.127847
1609	1.116447	-10.000000	0.186041
1610	-1.117404	-10.000000	0.186043
1611	-0.000078	-8.740243	0.942048
1612	1.068123	-8.142304	0.942827
1613	-1.068286	-8.142291	0.942827
1614	-0.002995	-1.857396	0.911225
1615	1.211394	-1.582726	0.911333
1616	-1.219341	-1.582337	0.911329
1617	-0.028740	-0.331591	0.583072
1618	0.996946	-0.294920	0.563262
1619	-1.047736	-0.289407	0.563541
1620	9.075477	0.272923	0.103635
1621	8.451032	0.028992	0.188072
1622	8.277336	0.201592	0.210462
1623	-0.713631	0.106948	0.485143
1624	1.397105	0.119447	0.484256
1625	-0.952710	0.118714	0.488450
1626	-0.015260	0.490141	0.659433
1627	1.633320	0.539612	0.682080
1628	-1.674683	0.538361	0.681292
1629	-0.001224	3.112008	0.938188
1630	1.089897	3.499816	0.944336
1631	-1.091544	3.499719	0.944335
1632	7.285287	10.000000	0.424271
1633	5.911752	10.000000	0.385590
1634	5.910680	10.000000	0.481378
1635	10.000000	-8.619288	0.420748
1636	10.000000	-7.916756	0.382423
1637	10.000000	-7.916385	0.472837
1638	-10.000000	-5.807306	0.112811
1639	-10.000000	-6.057031	0.174890
1640	-10.000000	-5.130929	0.165525
1641	10.000000	5.733414	0.111522
1642	10.000000	5.964790	0.173040
1643	10.000000	4.989633	0.160366
1644	-10.000000	8.607543	0.419931
1645	-10.000000	7.893844	0.381247
1646	-10.000000	7.901060	0.471713
1653	7.243982	-5.853997	-0.000041
1654	5.833425	-6.162048	0.000004
1655	5.857613	-5.233020	-0.000060
1656	7.663060	0.329671	-0.147568
1657	6.454054	-0.090867	-0.073426
1658	6.367988	0.359846	0.218613
1659	0.000473	8.804369	0.000000
1660	1.081703	8.154918	-0.000000
1661	-1.080782	8.154997	-0.000000
1662	5.910579	-10.000000	0.481396
1663	5.911773	-10.000000	0.385606
1664	7.285256	-10.000000	0.424319
1665	-1.149789	-10.000000	0.700448
1666	1.149715	-10.000000	0.700449
1667	-0.000046	-10.000000	0.756172
1668	-5.911808	-10.000000	0.385604
1669	-5.910632	-10.000000	0.481391
1670	-7.285308	-10.000000	0.424307
1671	5.758581	-5.580045	0.942980
1672	5.748024	-6.392913	0.942904
1673	7.152195	-6.200207	0.942935
1674	-1.091629	-3.499712	0.944335
1675	1.089790	-3.499819	0.944336
1676	-0.001367	-3.112008	0.938188
1677	-5.748369	-6.392607	0.942904
1678	-5.759070	-5.579607	0.942980
1679	-7.152577	-6.199618	0.942935
1680	6.352895	-0.396897	0.500872
1681	6.637932	-0.439697	0.499396
1683	-1.488934	-0.130620	0.502488
1684	1.472279	-0.151472	0.500238
1685	-0.834949	-0.118600	0.498712
1686	-6.348149	-0.334780	0.534758
1687	-6.824810	-0.341721	0.518248
1690	3.932750	-0.120839	0.479491
1691	0.553193	-0.074492	0.488488
1692	-8.278668	0.251696	0.215449
1693	-8.333688	0.069086	0.214614
1694	-9.030643	0.286173	0.106861
1695	1.942086	0.049650	0.471726
1696	-1.886021	0.056414	0.475360
1697	-0.076010	0.054523	0.478562
1698	6.250118	0.326551	0.479520
1699	6.843209	0.345727	0.443359
1700	7.921840	0.469320	0.368568
1701	-1.031783	0.287325	0.555529
1702	1.138312	0.288906	0.554097
1703	0.046842	0.328891	0.576317
1704	-5.998625	0.322106	0.456712
1705	-6.209889	0.348154	0.457689
1706	-7.901483	0.495819	0.344530
1707	5.748045	6.392897	0.942904
1708	5.758613	5.580021	0.942980
1709	7.152221	6.200170	0.942935
1710	-1.068277	8.142292	0.942827
1711	1.068132	8.142303	0.942827
1712	-0.000069	8.740243	0.942048
1713	-5.759055	5.579627	0.942980
1714	-5.748356	6.392623	0.942904
1715	-7.152570	6.199637	0.942935
1716	-1.116755	10.000000	0.186057
1717	1.116877	10.000000	0.186057
1718	0.000147	10.000000	0.127865
1719	-5.910677	10.000000	0.481379
1720	-5.911749	10.000000	0.385590
1721	-7.285283	10.000000	0.424272
1722	1.149781	10.000000	0.700448
1723	-1.149793	10.000000	0.700448
1724	-0.000018	10.000000	0.756172
1725	10.000000	-5.124960	0.164517
1726	10.000000	-6.056920	0.174884
1727	10.000000	-5.817596	0.112788
1731	10.000000	-1.814650	0.329162
1732	10.000000	-2.214203	0.265997
1733	10.000000	-1.491925	0.254866
1734	10.000000	-2.681005	0.667570
1735	10.000000	-2.187259	0.625612
1736	10.000000	-2.142171	0.720338
1737	10.000000	-6.258423	0.700928
1738	10.000000	-5.438856	0.714312
1739	10.000000	-6.160813	0.769804
1740	-10.000000	-7.915723	0.472703
1741	-10.000000	-7.916001	0.382250
1742	-10.000000	-8.618603	0.420588
1743	-10.000000	-5.437794	0.714329
1744	-10.000000	-6.257506	0.700907
1745	-10.000000	-6.159643	0.769795
1746	-10.000000	-2.190822	0.627928
1747	-10.000000	-2.682505	0.668601
1748	-10.000000	-2.142588	0.721907
1749	-10.000000	-2.177549	0.279245
1750	-10.000000	-1.770335	0.339649
1751	-10.000000	-1.408395	0.269932
1755	10.000000	7.901733	0.471708
1756	10.000000	7.894545	0.381246
1757	10.000000	8.607935	0.419921
1758	10.000000	5.429969	0.713191
1759	10.000000	6.250308	0.699996
1760	10.000000	6.155662	0.769197
1761	10.000000	2.174577	0.620946
1762	10.000000	2.671502	0.664003
1763	10.000000	2.138496	0.717921
1764	10.000000	1.928576	0.233364
1765	10.000000	1.598880	0.302616
1766	10.000000	1.193134	0.212344
1770	-10.000000	4.982372	0.159855
1771	-10.000000	5.960962	0.172859
1772	-10.000000	5.728931	0.111372
1776	-10.000000	1.597015	0.298242
1777	-10.000000	1.926687	0.230084
1778	-10.000000	1.186517	0.206109
1779	-10.000000	2.663078	0.663430
1780	-10.000000	2.166180	0.619710
1781	-10.000000	2.128524	0.717157
1782	-10.000000	6.248217	0.699972
1783	-10.000000	5.426821	0.713140
1784	-10.000000	6.153449	0.769169
1803	-1.086286	-8.151393	0.000000
1804	1.079173	-8.151964	0.000000
1805	-0.003608	-8.802252	-0.000000
1806	-5.865685	-5.220161	-0.000131
1807	-5.841153	-6.152300	0.000009
1808	-7.250477	-5.837590	-0.000088
1809	1.116973	-2.973663	-0.000017
1810	-1.127395	-2.970384	-0.000033
1811	-0.001483	-2.475846	0.000005
1812	-1.199404	-0.843046	-0.243865
1813	1.291538	-0.850112	-0.209314
1814	0.026363	-1.098045	0.001014
1815	-6.396754	0.272518	0.245256
1816	-6.443628	-0.057331	-0.112833
1817	-7.710147	0.331977	-0.039187
1818	1.215948	0.855721	0.070393
1819	-1.195784	0.818964	0.220567
1820	-0.071551	1.105702	-0.017002
1821	5.858516	5.241948	0.000000
1822	5.833465	6.169949	-0.000000
1823	7.244130	5.862540	0.000000
1824	-1.119167	2.988639	0.000000
1825	1.114641	2.987733	0.000000
1826	-0.006712	2.490542	0.000000
1827	-5.832548	6.171516	-0.000000
1828	-5.857895	5.244152	0.000000
1829	-7.243271	5.865338	0.000000
1830	6.997556	-1.169686	0.894212
1831	6.722859	-1.418180	0.920325
1832	8.045667	-1.523260	0.935918
1833	-1.721836	-0.536666	0.685914
1834	1.560720	-0.540706	0.684076
1835	-0.104178	-0.489796	0.663226
1836	-6.730530	-1.412400	0.920066
1837	-7.006384	-1.161303	0.893207
1838	-8.049922	-1.514460	0.935514
1839	6.724297	1.416625	0.920248
1840	6.998874	1.166512	0.894055
1841	8.046343	1.520286	0.935740
1842	-1.218750	1.582345	0.911329
1843	1.212159	1.582673	0.911333
1844	-0.002522	1.857381	0.911225
1845	-7.007143	1.161115	0.893225
1846	-6.730897	1.412395	0.920073
1847	-8.050645	1.513842	0.935471
1848	-0.000028	-10.000000	0.354322
1849	-0.973737	-10.000000	0.301920
1850	0.973592	-10.000000	0.301919
1851	-4.619054	-10.000000	0.137365
1852	-6.111755	-10.000000	0.071664
1853	-3.760111	-10.000000	0.068488
1854	4.617562	-10.000000	0.137356
1855	3.755952	-10.000000	0.068485
1856	6.108866	-10.000000	0.071654
1857	-0.000097	-6.444438	0.942906
1858	-0.927274	-6.969990	0.942906
1859	0.927092	-6.970010	0.942906
1860	-4.451989	-8.664541	0.942218
1861	-5.920969	-9.272686	0.936513
1862	-3.624290	-9.300583	0.936205
1863	4.451792	-8.664591	0.942218
1864	3.624116	-9.300601	0.936205
1865	5.920774	-9.272727	0.936512
1866	-0.010102	-0.964201	0.844921
1867	-1.130314	-1.130213	0.877560
1868	1.115550	-1.130716	0.877619
1869	-4.821861	-2.156650	0.914251
1870	-6.195719	-2.760193	0.906166
1871	-3.854048	-2.409631	0.907884
1872	4.816964	-2.158336	0.914237
1873	3.849817	-2.410751	0.907870
1874	6.192412	-2.762330	0.906156
1875	-0.149259	-0.200423	0.523251
1876	-0.997462	-0.222953	0.534011
1877	0.817623	-0.228496	0.532786
1878	-4.322246	-0.359001	0.591737
1879	-5.902557	-0.442721	0.608515
1880	-3.697176	-0.394544	0.612436
1881	4.386259	-0.395197	0.578889
1882	3.631343	-0.416613	0.606561
1883	5.951911	-0.497993	0.583362
1884	4.980214	0.005650	0.452465
1885	6.255350	0.052898	0.410681
1886	6.447594	-0.011656	0.397034
1887	8.353297	0.434534	0.234262
1890	9.096927	-0.444390	0.188634
1891	9.623565	-0.257141	0.072294
1892	9.638000	-0.922843	0.143271
1893	0.256319	0.144591	0.492409
1894	-0.734980	0.138390	0.492690
1895	1.449394	0.142524	0.490216
1896	-5.975666	0.289617	0.444487
1897	-7.092220	0.366376	0.397613
1898	-4.484015	0.179250	0.471415
1899	4.160135	0.163474	0.471091
1900	3.601090	0.132537	0.471016
1902	-0.019690	0.665969	0.742748
1903	-1.528604	0.630269	0.725975
1904	1.485732	0.631104	0.726453
1905	-5.842329	0.608498	0.691884
1906	-6.952506	0.592667	0.656707
1907	-4.643854	0.511104	0.647781
1908	5.825842	0.613212	0.696314
1909	4.646320	0.515171	0.651597
1910	6.950990	0.597812	0.663830
1911	-0.000237	4.761516	0.942906
1912	-0.947214	4.348419	0.942919
1913	0.946501	4.348464	0.942919
1914	-4.561556	3.542557	0.935479
1915	-6.109642	3.486336	0.957186
1916	-3.783976	3.065892	0.956495
1917	4.559757	3.543239	0.935475
1918	3.781216	3.066578	0.956492
1919	6.107731	3.487700	0.957187
1920	2.062889	10.000000	0.444413
1921	3.251005	10.000000	0.485252
1922	3.246099	10.000000	0.399799
1923	6.995504	10.000000	0.622647
1924	8.384809	10.000000	0.662766
1925	8.539854	10.000000	0.562717
1926	7.010618	10.000000	0.232779
1927	8.571242	10.000000	0.259776
1928	8.441402	10.000000	0.165714
1929	10.000000	-5.853417	0.432153
1930	10.000000	-6.525801	0.472187
1931	10.000000	-6.515533	0.391732
1932	10.000000	-8.567604	0.612137
1933	10.000000	-9.254490	0.656612
1934	10.000000	-9.286450	0.557098
1935	10.000000	-8.571100	0.235534
1936	10.000000	-9.304418	0.262162
1937	10.000000	-9.279576	0.168260
1938	-10.000000	-4.978844	0.334721
1939	-10.000000	-4.744847	0.274835
1940	-10.000000	-5.608082	0.289480
1941	-10.000000	-3.879272	0.111585
1942	-10.000000	-3.522860	0.061238
1943	-10.000000	-4.517915	0.054799
1944	-10.000000	-7.658786	0.133635
1945	-10.000000	-7.485746	0.063346
1946	-10.000000	-8.402005	0.070460
1947	10.000000	4.867873	0.327894
1948	10.000000	4.591297	0.266100
1949	10.000000	5.504094	0.284943
1950	10.000000	3.694514	0.096040
1951	10.000000	3.471292	0.046198
1952	10.000000	4.490066	0.050814
1953	10.000000	7.628254	0.133948
1954	10.000000	7.476708	0.063806
1955	10.000000	8.395055	0.070959
1956	-10.000000	5.805354	0.428926
1957	-10.000000	6.495824	0.470051
1958	-10.000000	6.469781	0.389237
1959	-10.000000	8.562570	0.611562
1960	-10.000000	9.252503	0.656304
1961	-10.000000	9.283355	0.556656
1962	-10.000000	8.550113	0.235169
1963	-10.000000	9.295724	0.261833
1964	-10.000000	9.269849	0.168255
1983	2.013420	-5.416179	-0.000000
1984	3.192249	-5.054103	0.000003
1985	3.170247	-5.907894	-0.000000
1986	7.017886	-4.016250	-0.002704
1987	8.472280	-3.700029	0.008619
1988	8.578184	-4.593978	-0.001517
1989	6.913564	-7.738857	-0.000000
1990	8.521337	-7.518837	0.000000
1991	8.365042	-8.451341	-0.000000
1992	2.484056	-0.021404	-0.286248
1993	3.787466	0.203389	-0.403848
1994	3.849822	-0.119931	-0.112844
1995	7.146543	1.082906	0.057998
1996	8.722559	1.712593	-0.037671
1997	8.544092	1.167780	0.084766
1998	7.536766	-0.683947	-0.158339
1999	8.920224	-0.349220	-0.215360
2000	8.786873	-1.059852	0.182190
2001	0.000343	6.323803	0.000000
2002	-0.941565	6.888755	0.000000
2003	0.942372	6.888635	0.000000
2004	-4.500611	8.708981	0.000000
2005	-5.980230	9.369421	0.000000
2006	-3.667011	9.410130	-0.000000
2007	4.501603	8.708695	0.000000
2008	3.667985	9.410027	-0.000000
2009	5.981166	9.369198	0.000000
2010	8.441782	-10.000000	0.165753
2011	8.571542	-10.000000	0.259856
2012	7.010915	-10.000000	0.232803
2013	8.539580	-10.000000	0.562808
2014	8.384447	-10.000000	0.662822
2015	6.995184	-10.000000	0.622679
2016	3.246073	-10.000000	0.399797
2017	3.250958	-10.000000	0.485251
2018	2.062864	-10.000000	0.444410
2019	6.156089	-10.000000	0.815480
2020	3.770350	-10.000000	0.817402
2021	4.730539	-10.000000	0.744844
2022	-3.770472	-10.000000	0.817402
2023	-6.156198	-10.000000	0.815479
2024	-4.730648	-10.000000	0.744842
2025	0.983939	-10.000000	0.587628
2026	-0.983974	-10.000000	0.587628
2027	-0.000010	-10.000000	0.536390
2028	-8.384548	-10.000000	0.662808
2029	-8.539665	-10.000000	0.562785
2030	-6.995295	-10.000000	0.622670
2031	-8.571591	-10.000000	0.259838
2032	-8.441970	-10.000000	0.165755
2033	-7.011053	-10.000000	0.232810
2034	-3.250983	-10.000000	0.485252
2035	-3.246100	-10.000000	0.399798
2036	-2.062881	-10.000000	0.444411
2037	8.313144	-8.504745	0.943646
2038	8.466127	-7.709708	0.943185
2039	6.844721	-7.830983	0.942821
2040	8.498292	-5.323897	0.943512
2041	8.385021	-4.644382	0.941742
2042	6.897584	-4.669032	0.945113
2043	3.115273	-6.093695	0.942906
2044	3.132994	-5.323691	0.942904
2045	1.977659	-5.628820	0.942906
2046	6.107457	-3.487819	0.957189
2047	3.780948	-3.066625	0.956492
2048	4.559571	-3.543284	0.935474
2049	-3.784035	-3.065872	0.956497
2050	-6.109575	-3.486327	0.957189
2051	-4.561563	-3.542530	0.935478
2052	0.946456	-4.348465	0.942919
2053	-0.947255	-4.348414	0.942919
2054	-0.000266	-4.761514	0.942906
2055	-8.385665	-4.642426	0.941733
2056	-8.498725	-5.322397	0.943506
2057	-6.898419	-4.667960	0.945109
2058	-8.466328	-7.709230	0.943183
2059	-8.313330	-8.504486	0.943645
2060	-6.844968	-7.830754	0.942821
2061	-3.133418	-5.323541	0.942904
2062	-3.115557	-6.093582	0.942906
2063	-1.977959	-5.628750	0.942906
2064	8.437852	-0.617778	0.496230
2065	8.705132	-0.654101	0.416789
2067	9.288779	-1.057805	0.220182
2068	9.142903	-0.905725	0.248469
2070	3.231127	-0.247232	0.521430
2071	3.464252	-0.240979	0.513396
2072	1.933731	-0.202046	0.514698
2073	7.149073	-0.439639	0.462252
2074	3.864978	-0.183807	0.495399
2075	4.779226	-0.257900	0.492263
2076	-5.412029	-0.171568	0.506668
2078	-6.053333	-0.240157	0.509310
2079	0.728589	-0.160102	0.505429
2080	-1.434136	-0.150522	0.507549
2081	-0.290650	-0.160120	0.508334
2085	-8.681871	-0.557001	0.471545
2086	-8.194641	-0.536042	0.528312
2087	-6.794899	-0.416939	0.551325
2088	-3.817813	-0.200516	0.522927
2089	-3.460938	-0.214256	0.530299
2090	-2.409809	-0.183758	0.519437
2091	8.052021	-0.542906	0.369708
2092	6.256027	-0.307310	0.459084
2093	7.273139	-0.348006	0.396321
2096	-7.329529	-0.245222	0.456921
2097	3.388226	-0.054909	0.478522
2098	-1.632530	-0.036828	0.486309
2099	0.827422	-0.027946	0.482427
2100	-9.631015	-0.819855	0.157604
2101	-9.591427	-0.217999	0.074640
2102	-8.978626	-0.360250	0.203622
2103	-9.428541	0.844155	0.062399
2104	-9.175000	0.832998	0.114520
2105	-8.478681	0.512448	0.216103
2106	-6.111929	0.031160	0.437185
2107	-6.136912	0.088093	0.432361
2108	-4.552226	0.029035	0.467287
2111	-5.913226	0.222482	0.435312
2112	4.080946	0.124570	0.461414
2113	6.738190	0.270019	0.453172
2114	6.144965	0.197420	0.446995
2115	-2.138109	0.031928	0.476965
2116	2.422616	0.025719	0.472786
2117	0.247192	0.009440	0.478799
2121	8.516636	0.502709	0.395454
2122	8.232345	0.510615	0.482903
2123	7.009131	0.427409	0.483012
2124	3.513823	0.196868	0.493338
2125	3.476533	0.214229	0.501941
2126	2.196042	0.179020	0.498699
2127	6.177190	0.466173	0.579763
2128	3.878062	0.405931	0.598745
2129	4.617777	0.373006	0.568298
2130	-3.812296	0.401925	0.596873
2131	-6.134963	0.465271	0.571464
2132	-4.554077	0.371198	0.564373
2133	1.019789	0.218925	0.521504
2134	-0.811209	0.218057	0.523140
2135	0.153093	0.191463	0.511314
2136	-8.233776	0.515312	0.474463
2137	-8.514273	0.512160	0.387435
2138	-6.997410	0.440577	0.469099
2140	-8.862229	0.739888	0.152412
2142	-2.897932	0.206396	0.509359
2143	-2.904857	0.188466	0.501708
2144	-1.751237	0.175136	0.502768
2145	8.385131	4.644191	0.941741
2146	8.498344	5.323767	0.943511
2147	6.897672	4.668956	0.945113
2148	8.466145	7.709671	0.943185
2149	8.313164	8.504726	0.943645
2150	6.844739	7.830969	0.942821
2151	3.133018	5.323685	0.942904
2152	3.115289	6.093691	0.942906
2153	1.977675	5.628818	0.942906
2154	5.920786	9.272723	0.936512
2155	3.624127	9.300599	0.936205
2156	4.451803	8.664588	0.942218
2157	-3.624281	9.300584	0.936205
2158	-5.920960	9.272686	0.936513
2159	-4.451980	8.664543	0.942218
2160	0.927101	6.970010	0.942906
2161	-0.927264	6.969992	0.942906
2162	-0.000086	6.444440	0.942906
2163	-8.313335	8.504491	0.943645
2164	-8.466330	7.709235	0.943183
2165	-6.844964	7.830763	0.942821
2166	-8.498741	5.322391	0.943506
2167	-8.385721	4.642394	0.941733
2168	-6.898435	4.667981	0.945109
2169	-3.115541	6.093590	0.942906
2170	-3.133397	5.323551	0.942904
2171	-1.977942	5.628755	0.942906
2172	6.108953	10.000000	0.071656
2173	3.756802	10.000000	0.068495
2174	4.617679	10.000000	0.137363
2175	-3.756248	10.000000	0.068495
2176	-6.108563	10.000000	0.071654
2177	-4.617481	10.000000	0.137362
2178	0.973668	10.000000	0.301928
2179	-0.973651	10.000000	0.301928
2180	0.000003	10.000000	0.354328
2181	-8.441371	10.000000	0.165713
2182	-8.571234	10.000000	0.259777
2183	-7.010596	10.000000	0.232778
2184	-8.539851	10.000000	0.562719
2185	-8.384811	10.000000	0.662768
2186	-6.995503	10.000000	0.622648
2187	-3.246097	10.000000	0.399799
2188	-3.251004	10.000000	0.485252
2189	-2.062888	10.000000	0.444413
2190	-6.156251	10.000000	0.815477
2191	-3.770492	10.000000	0.817402
2192	-4.730761	10.000000	0.744839
2193	3.770406	10.000000	0.817402
2194	6.156182	10.000000	0.815477
2195	4.730734	10.000000	0.744839
2196	-0.983974	10.000000	0.587628
2197	0.983974	10.000000	0.587628
2198	0.000000	10.000000	0.536391
2199	10.000000	-8.409181	0.070674
2200	10.000000	-7.498364	0.063569
2201	10.000000	-7.664525	0.133957
2202	10.000000	-4.556133	0.053311
2203	10.000000	-3.567500	0.054547
2204	10.000000	-3.887706	0.105995
2205	10.000000	-5.602584	0.288978
2206	10.000000	-4.734007	0.273084
2207	10.000000	-4.973053	0.333719
2218	10.000000	-1.465275	0.141287
2219	10.000000	-2.306885	0.149762
2220	10.000000	-0.634978	0.279174
2221	10.000000	-0.541149	0.431238
2222	10.000000	-0.966175	0.407149
2223	10.000000	-3.312729	0.323422
2224	10.000000	-2.874349	0.387553
2225	10.000000	-3.616909	0.380602
2226	10.000000	-0.965106	0.684179
2227	10.000000	-1.327025	0.764303
2228	10.000000	-1.303860	0.621853
2229	10.000000	-2.792112	0.826590
2230	10.000000	-3.364062	0.838590
2231	10.000000	-3.238739	0.772761
2232	10.000000	-2.990361	0.516037
2233	10.000000	-3.505214	0.568044
2234	10.000000	-3.699165	0.502250
2235	10.000000	-4.621814	0.844451
2236	10.000000	-5.325617	0.839457
2237	10.000000	-4.586938	0.786429
2238	10.000000	-7.725926	0.823593
2239	10.000000	-8.522040	0.808343
2240	10.000000	-7.790398	0.741228
2241	10.000000	-4.892621	0.599745
2242	10.000000	-5.693061	0.579400
2243	10.000000	-5.049429	0.534612
2244	-10.000000	-9.278147	0.168056
2245	-10.000000	-9.303603	0.261984
2246	-10.000000	-8.569451	0.235274
2247	-10.000000	-9.286154	0.557017
2248	-10.000000	-9.254237	0.656562
2249	-10.000000	-8.567132	0.612054
2250	-10.000000	-6.516069	0.391734
2251	-10.000000	-6.525625	0.472160
2252	-10.000000	-5.854256	0.432292
2253	-10.000000	-8.521579	0.808324
2254	-10.000000	-7.725179	0.823576
2255	-10.000000	-7.789747	0.741187
2256	-10.000000	-5.323685	0.839474
2257	-10.000000	-4.619263	0.844490
2258	-10.000000	-4.585097	0.786495
2259	-10.000000	-5.692725	0.579425
2260	-10.000000	-4.892549	0.599862
2261	-10.000000	-5.049782	0.534781
2262	-10.000000	-3.359986	0.838734
2263	-10.000000	-2.787614	0.826914
2264	-10.000000	-3.236559	0.773064
2265	-10.000000	-1.324348	0.767360
2266	-10.000000	-0.964694	0.692145
2267	-10.000000	-1.309308	0.629699
2268	-10.000000	-3.506273	0.568726
2269	-10.000000	-2.990614	0.517585
2270	-10.000000	-3.700002	0.503175
2271	-10.000000	-0.527940	0.472511
2272	-10.000000	-0.591488	0.328832
2273	-10.000000	-0.952483	0.431534
2274	-10.000000	-1.258164	0.173319
2275	-10.000000	-1.622023	0.154310
2276	-10.000000	-2.331845	0.180261
2277	-10.000000	-2.867098	0.391707
2278	-10.000000	-3.313385	0.328479
2279	-10.000000	-3.617987	0.383218
2289	10.000000	9.270003	0.168229
2290	10.000000	9.295905	0.261817
2291	10.000000	8.550580	0.235148
2292	10.000000	9.283550	0.556646
2293	10.000000	9.252722	0.656294
2294	10.000000	8.563011	0.611552
2295	10.000000	6.471325	0.389299
2296	10.000000	6.497303	0.470084
2297	10.000000	5.807315	0.429024
2298	10.000000	8.520486	0.808132
2299	10.000000	7.723887	0.823360
2300	10.000000	7.786701	0.740775
2301	10.000000	5.322872	0.839119
2302	10.000000	4.619237	0.844098
2303	10.000000	4.581895	0.785651
2304	10.000000	5.672954	0.577354
2305	10.000000	4.870655	0.597132
2306	10.000000	5.017317	0.531385
2307	10.000000	3.361238	0.838062
2308	10.000000	2.789037	0.825805
2309	10.000000	3.234342	0.771477
2310	10.000000	1.320664	0.765155
2311	10.000000	0.943350	0.693839
2312	10.000000	1.289955	0.624661
2313	10.000000	3.472012	0.562605
2314	10.000000	2.937737	0.507486
2315	10.000000	3.644175	0.495283
2316	10.000000	0.462386	0.487581
2317	10.000000	0.486207	0.332403
2318	10.000000	0.883769	0.423718
2319	10.000000	1.091417	0.060759
2320	10.000000	1.494216	0.055978
2321	10.000000	2.040169	0.117178
2322	10.000000	2.735216	0.371990
2323	10.000000	3.134072	0.308363
2324	10.000000	3.494353	0.369586
2334	-10.000000	8.395451	0.070998
2335	-10.000000	7.477377	0.063843
2336	-10.000000	7.627450	0.133972
2337	-10.000000	4.486807	0.050564
2338	-10.000000	3.461626	0.045528
2339	-10.000000	3.669999	0.094773
2340	-10.000000	5.501131	0.284666
2341	-10.000000	4.587223	0.265460
2342	-10.000000	4.864948	0.327493
2352	-10.000000	1.365620	0.049399
2353	-10.000000	1.026707	0.056282
2354	-10.000000	2.006399	0.113146
2355	-10.000000	0.482885	0.321379
2356	-10.000000	0.455427	0.476580
2357	-10.000000	0.880087	0.416152
2358	-10.000000	3.131650	0.306873
2359	-10.000000	2.732972	0.370385
2360	-10.000000	3.491587	0.368658
2361	-10.000000	0.932771	0.688532
2362	-10.000000	1.309337	0.762873
2363	-10.000000	1.281402	0.621005
2364	-10.000000	2.780833	0.825668
2365	-10.000000	3.354731	0.837994
2366	-10.000000	3.227011	0.771316
2367	-10.000000	2.932455	0.506595
2368	-10.000000	3.466367	0.562169
2369	-10.000000	3.639845	0.494792
2370	-10.000000	4.615287	0.844055
2371	-10.000000	5.319879	0.839085
2372	-10.000000	4.577488	0.785579
2373	-10.000000	7.722961	0.823355
2374	-10.000000	8.519981	0.808136
2375	-10.000000	7.785833	0.740775
2376	-10.000000	4.866973	0.597029
2377	-10.000000	5.670471	0.577307
2378	-10.000000	5.014253	0.531270
2433	5.982051	-9.367746	-0.000000
2434	3.667560	-9.408922	0.000000
2435	4.502301	-8.706223	-0.000000
2436	-3.674792	-9.408177	0.000000
2437	-5.988676	-9.366176	-0.000000
2438	-4.509577	-8.704184	-0.000000
2439	0.939787	-6.883575	-0.000000
2440	-0.946734	-6.882752	-0.000000
2441	-0.003441	-6.317287	-0.000000
2442	-8.369462	-8.443646	-0.000000
2443	-8.525491	-7.505575	0.000001
2444	-6.920086	-7.731322	-0.000000
2445	-8.581012	-4.563175	-0.002990
2446	-8.472979	-3.665832	0.015934
2447	-7.022721	-3.991974	-0.005451
2448	-3.178025	-5.903852	-0.000000
2449	-3.201023	-5.049044	0.000007
2450	-2.021226	-5.413609	-0.000000
2451	-6.216451	-2.497100	-0.005799
2452	-3.851090	-2.217525	-0.000308
2453	-4.676827	-2.813993	0.002418
2454	3.858370	-2.232633	-0.000187
2455	6.220004	-2.522033	-0.003383
2456	4.673944	-2.831138	0.001293
2457	-0.973785	-3.992143	-0.000005
2458	0.962564	-3.993886	-0.000002
2459	-0.004893	-4.469951	0.000000
2460	6.367529	-1.618883	-0.177574
2461	3.991154	-1.445521	-0.289139
2462	4.966528	-1.177293	0.096012
2463	-3.952061	-1.425574	-0.265891
2464	-6.346582	-1.593370	-0.177603
2465	-4.940239	-1.171845	0.114518
2466	1.142326	-0.426189	-0.145970
2467	-1.094873	-0.429519	-0.169001
2468	-0.011995	-0.289404	0.053898
2469	-8.786383	-1.050562	0.193582
2470	-8.916743	-0.356979	-0.211542
2471	-7.509160	-0.695835	-0.100344
2472	-8.586896	1.164687	0.097258
2473	-8.726051	1.701460	0.004585
2474	-7.250160	1.072899	-0.046372
2475	-3.662911	-0.103611	-0.014284
2476	-3.590117	0.174357	-0.321435
2477	-2.266187	0.004373	-0.297828
2478	-5.863759	1.640800	0.152497
2479	-3.714546	1.429895	0.257148
2480	-4.614291	1.227802	-0.146228
2481	3.695270	1.456549	0.227902
2482	5.945654	1.669312	0.197860
2483	4.629792	1.246543	-0.099170
2484	-0.965764	0.491960	0.058955
2485	1.221458	0.491610	0.069260
2486	0.101416	0.264274	-0.032846
2487	8.364109	8.455713	0.000000
2488	8.520682	7.525547	-0.000000
2489	6.912362	7.744333	0.000000
2490	8.577286	4.600120	0.000000
2491	8.467486	3.700533	-0.000000
2492	7.015739	4.021693	0.000000
2493	3.171237	5.915294	0.000000
2494	3.194191	5.063507	-0.000000
2495	2.015530	5.424563	0.000000
2496	6.158812	2.517444	-0.000000
2497	3.791295	2.234278	-0.000000
2498	4.648090	2.836763	-0.000000
2499	-3.793751	2.238557	-0.000000
2500	-6.143522	2.520663	-0.000000
2501	-4.649124	2.840967	-0.000000
2502	0.966758	4.006806	-0.000000
2503	-0.967492	4.007186	-0.000000
2504	-0.000072	4.482007	0.000000
2505	-8.467157	3.707234	-0.000000
2506	-8.576927	4.606324	0.000000
2507	-7.015889	4.026082	0.000000
2508	-8.519964	7.527814	-0.000000
2509	-8.363381	8.456959	0.000000
2510	-6.911386	7.745483	0.000000
2511	-3.193878	5.064406	-0.000000
2512	-3.170550	5.915947	0.000000
2513	-2.015104	5.424996	0.000000
2514	8.587570	-2.833334	0.922049
2515	8.829246	-2.422405	0.935986
2516	7.378440	-2.170993	0.926348
2517	9.181506	-1.182322	0.892847
2518	9.166343	-0.848299	0.798239
2519	8.158250	-0.933954	0.832435
2520	3.960100	-1.033578	0.861466
2521	4.280567	-0.879927	0.821266
2522	2.696393	-0.853428	0.813556
2523	6.891636	-0.625217	0.655481
2524	4.515663	-0.525426	0.653102
2525	5.774061	-0.626585	0.693026
2526	-4.656656	-0.503705	0.661336
2527	-6.933580	-0.589315	0.664003
2528	-5.840974	-0.604830	0.699501
2529	1.458310	-0.631562	0.727478
2530	-1.548855	-0.629444	0.728474
2531	-0.035831	-0.665738	0.744083
2532	-9.161418	-0.827707	0.795539
2533	-9.181484	-1.166486	0.890645
2534	-8.160158	-0.917201	0.830295
2535	-8.831208	-2.415843	0.936160
2536	-8.589550	-2.828553	0.922167
2537	-7.382446	-2.166714	0.926514
2538	-4.306367	-0.875591	0.821231
2539	-3.977714	-1.030742	0.861178
2540	-2.724559	-0.851287	0.813617
2541	9.161864	0.832992	0.800929
2542	9.180244	1.173264	0.891624
2543	8.155318	0.923725	0.833533
2544	8.829803	2.420780	0.936028
2545	8.588069	2.832462	0.922072
2546	7.379185	2.170272	0.926374
2547	4.286094	0.878445	0.821392
2548	3.963451	1.032866	0.861451
2549	2.701758	0.852884	0.813434
2550	6.192792	2.762113	0.906159
2551	3.850189	2.410657	0.907872
2552	4.817514	2.158168	0.914240
2553	-3.853826	2.409652	0.907883
2554	-6.195693	2.760196	0.906169
2555	-4.821709	2.156704	0.914253
2556	1.117379	1.130623	0.877586
2557	-1.129017	1.130239	0.877528
2558	-0.007722	0.964196	0.844779
2559	-8.589900	2.828234	0.922174
2560	-8.831658	2.415146	0.936175
2561	-7.382716	2.166674	0.926513
2562	-9.182885	1.162519	0.890060
2563	-9.165256	0.821455	0.796307
2564	-8.162859	0.915156	0.830483
2565	-3.976936	1.030938	0.861052
2566	-4.304693	0.875978	0.820585
2567	-2.721975	0.851603	0.813011
