 #
 # Subroutine ELSEPA. Elastic scattering of electrons and positrons
 #                    by neutral atoms and positive ions
 #
 # Projectile: electron
 # Kinetic energy = 1.60000E+04 eV = 5.87989E+02 a.u.
 #
 # Element: Si,  Z =  14,  atomic weight = 2.80855E+01 g/mol
 #
 # Nuclear model: Fermi distribution
 #                Average radius = 3.25245E-13 cm
 #                Skin thickness = 5.46000E-14 cm
 #
 # Number of electrons = 14
 #
 # Electron density: Read from file z_014.den   
 #                   Number of data points =  761
 #                   Volume integral = 1.40000E+01
 #
 # Furness-McCarthy exchange potential
 #
 # LDA absorption potential (only electron-hole excitations):
 #                           Delta = 7.80000E-01 eV
 #                            Aabs = 2.00000E+00
 #
 # Total elastic cross section = 1.39735E-17 cm**2 = 4.99004E-01 a0**2
 # 1st transport cross section = 1.30116E-19 cm**2 = 4.64653E-03 a0**2
 # 2nd transport cross section = 3.15043E-19 cm**2 = 1.12504E-02 a0**2
 #
 #    Absorption cross section = 6.93361E-18 cm**2 = 2.47604E-01 a0**2
 #   Grand total cross section = 2.09110E-17 cm**2 = 7.46744E-01 a0**2
 #
 #
 # Differential cross section:                       MU=(1-COS(THETA))/2
 #
 #  THETA        MU          DCS          DCS        Sherman      error
 #  (deg)                 (cm**2/sr)   (a0**2/sr)    function
 #----------------------------------------------------------------------
  0.000E+00  0.00000E+00  3.44037E-15  1.22858E+02  0.00000E+00  1.0E-07
  1.000E-04  7.61557E-13  3.44037E-15  1.22858E+02  1.59255E-10  1.0E-07
  1.250E-04  1.18994E-12  3.44037E-15  1.22858E+02  1.99068E-10  1.0E-07
  1.500E-04  1.71346E-12  3.44037E-15  1.22858E+02  2.38882E-10  1.0E-07
  1.750E-04  2.33225E-12  3.44037E-15  1.22858E+02  2.78696E-10  1.0E-07
  2.000E-04  3.04617E-12  3.44037E-15  1.22858E+02  3.18510E-10  1.0E-07
  2.250E-04  3.85530E-12  3.44037E-15  1.22858E+02  3.58323E-10  1.0E-07
  2.500E-04  4.75964E-12  3.44037E-15  1.22858E+02  3.98137E-10  1.0E-07
  2.750E-04  5.75917E-12  3.44037E-15  1.22858E+02  4.37951E-10  1.0E-07
  3.000E-04  6.85391E-12  3.44037E-15  1.22858E+02  4.77764E-10  1.0E-07
  3.250E-04  8.04379E-12  3.44037E-15  1.22858E+02  5.17578E-10  1.0E-07
  3.500E-04  9.32893E-12  3.44037E-15  1.22858E+02  5.57392E-10  1.0E-07
  3.750E-04  1.07092E-11  3.44037E-15  1.22858E+02  5.97205E-10  1.0E-07
  4.000E-04  1.21847E-11  3.44037E-15  1.22858E+02  6.37019E-10  1.0E-07
  4.250E-04  1.37554E-11  3.44037E-15  1.22858E+02  6.76833E-10  1.0E-07
  4.500E-04  1.54213E-11  3.44037E-15  1.22858E+02  7.16647E-10  1.0E-07
  4.750E-04  1.71823E-11  3.44037E-15  1.22858E+02  7.56460E-10  1.0E-07
  5.000E-04  1.90386E-11  3.44037E-15  1.22858E+02  7.96274E-10  1.0E-07
  5.250E-04  2.09900E-11  3.44037E-15  1.22858E+02  8.36088E-10  1.0E-07
  5.500E-04  2.30367E-11  3.44037E-15  1.22858E+02  8.75901E-10  1.0E-07
  5.750E-04  2.51785E-11  3.44037E-15  1.22858E+02  9.15715E-10  1.0E-07
  6.000E-04  2.74156E-11  3.44037E-15  1.22858E+02  9.55529E-10  1.0E-07
  6.250E-04  2.97478E-11  3.44037E-15  1.22858E+02  9.95342E-10  1.0E-07
  6.500E-04  3.21752E-11  3.44037E-15  1.22858E+02  1.03516E-09  1.0E-07
  6.750E-04  3.46979E-11  3.44037E-15  1.22858E+02  1.07497E-09  1.0E-07
  7.000E-04  3.73157E-11  3.44037E-15  1.22858E+02  1.11478E-09  1.0E-07
  7.250E-04  4.00286E-11  3.44037E-15  1.22858E+02  1.15460E-09  1.0E-07
  7.500E-04  4.28368E-11  3.44037E-15  1.22858E+02  1.19441E-09  1.0E-07
  7.750E-04  4.57402E-11  3.44037E-15  1.22858E+02  1.23422E-09  1.0E-07
  8.000E-04  4.87388E-11  3.44037E-15  1.22858E+02  1.27404E-09  1.0E-07
  8.250E-04  5.18325E-11  3.44037E-15  1.22858E+02  1.31385E-09  1.0E-07
  8.500E-04  5.50215E-11  3.44037E-15  1.22858E+02  1.35367E-09  1.0E-07
  8.750E-04  5.83057E-11  3.44037E-15  1.22858E+02  1.39348E-09  1.0E-07
  9.000E-04  6.16850E-11  3.44037E-15  1.22858E+02  1.43329E-09  1.0E-07
  9.250E-04  6.51595E-11  3.44037E-15  1.22858E+02  1.47311E-09  1.0E-07
  9.500E-04  6.87293E-11  3.44037E-15  1.22858E+02  1.51292E-09  1.0E-07
  9.750E-04  7.23943E-11  3.44037E-15  1.22858E+02  1.55273E-09  1.0E-07
  1.000E-03  7.61544E-11  3.44037E-15  1.22858E+02  1.59255E-09  1.0E-07
  1.250E-03  1.18991E-10  3.44037E-15  1.22858E+02  1.99069E-09  1.0E-07
  1.500E-03  1.71347E-10  3.44037E-15  1.22858E+02  2.38882E-09  1.0E-07
  1.750E-03  2.33223E-10  3.44037E-15  1.22858E+02  2.78696E-09  1.0E-07
  2.000E-03  3.04617E-10  3.44037E-15  1.22858E+02  3.18510E-09  1.0E-07
  2.250E-03  3.85531E-10  3.44036E-15  1.22858E+02  3.58324E-09  1.0E-07
  2.500E-03  4.75965E-10  3.44036E-15  1.22858E+02  3.98138E-09  1.0E-07
  2.750E-03  5.75917E-10  3.44036E-15  1.22857E+02  4.37952E-09  1.0E-07
  3.000E-03  6.85389E-10  3.44036E-15  1.22857E+02  4.77765E-09  1.0E-07
  3.250E-03  8.04380E-10  3.44035E-15  1.22857E+02  5.17580E-09  1.0E-07
  3.500E-03  9.32891E-10  3.44035E-15  1.22857E+02  5.57394E-09  1.0E-07
  3.750E-03  1.07092E-09  3.44035E-15  1.22857E+02  5.97208E-09  1.0E-07
  4.000E-03  1.21847E-09  3.44035E-15  1.22857E+02  6.37022E-09  1.0E-07
  4.250E-03  1.37554E-09  3.44034E-15  1.22857E+02  6.76836E-09  1.0E-07
  4.500E-03  1.54213E-09  3.44034E-15  1.22857E+02  7.16650E-09  1.0E-07
  4.750E-03  1.71823E-09  3.44033E-15  1.22857E+02  7.56465E-09  1.0E-07
  5.000E-03  1.90386E-09  3.44033E-15  1.22856E+02  7.96279E-09  1.0E-07
  5.250E-03  2.09900E-09  3.44033E-15  1.22856E+02  8.36094E-09  1.0E-07
  5.500E-03  2.30367E-09  3.44032E-15  1.22856E+02  8.75908E-09  1.0E-07
  5.750E-03  2.51785E-09  3.44032E-15  1.22856E+02  9.15723E-09  1.0E-07
  6.000E-03  2.74156E-09  3.44031E-15  1.22856E+02  9.55538E-09  1.0E-07
  6.250E-03  2.97478E-09  3.44031E-15  1.22856E+02  9.95353E-09  1.0E-07
  6.500E-03  3.21752E-09  3.44030E-15  1.22855E+02  1.03517E-08  1.0E-07
  6.750E-03  3.46978E-09  3.44029E-15  1.22855E+02  1.07498E-08  1.0E-07
  7.000E-03  3.73156E-09  3.44029E-15  1.22855E+02  1.11480E-08  1.0E-07
  7.250E-03  4.00286E-09  3.44028E-15  1.22855E+02  1.15461E-08  1.0E-07
  7.500E-03  4.28368E-09  3.44028E-15  1.22854E+02  1.19443E-08  1.0E-07
  7.750E-03  4.57402E-09  3.44027E-15  1.22854E+02  1.23424E-08  1.0E-07
  8.000E-03  4.87388E-09  3.44026E-15  1.22854E+02  1.27406E-08  1.0E-07
  8.250E-03  5.18326E-09  3.44026E-15  1.22854E+02  1.31388E-08  1.0E-07
  8.500E-03  5.50215E-09  3.44025E-15  1.22854E+02  1.35369E-08  1.0E-07
  8.750E-03  5.83057E-09  3.44024E-15  1.22853E+02  1.39351E-08  1.0E-07
  9.000E-03  6.16850E-09  3.44023E-15  1.22853E+02  1.43332E-08  1.0E-07
  9.250E-03  6.51596E-09  3.44023E-15  1.22853E+02  1.47314E-08  1.0E-07
  9.500E-03  6.87293E-09  3.44022E-15  1.22852E+02  1.51296E-08  1.0E-07
  9.750E-03  7.23942E-09  3.44021E-15  1.22852E+02  1.55277E-08  1.0E-07
  1.000E-02  7.61544E-09  3.44020E-15  1.22852E+02  1.59259E-08  1.0E-07
  1.250E-02  1.18991E-08  3.44010E-15  1.22848E+02  1.99077E-08  1.0E-07
  1.500E-02  1.71347E-08  3.43999E-15  1.22844E+02  2.38897E-08  1.0E-07
  1.750E-02  2.33223E-08  3.43985E-15  1.22839E+02  2.78719E-08  1.0E-07
  2.000E-02  3.04617E-08  3.43969E-15  1.22833E+02  3.18544E-08  1.0E-07
  2.250E-02  3.85531E-08  3.43950E-15  1.22827E+02  3.58372E-08  1.0E-07
  2.500E-02  4.75965E-08  3.43930E-15  1.22820E+02  3.98204E-08  1.0E-07
  2.750E-02  5.75917E-08  3.43907E-15  1.22812E+02  4.38040E-08  1.0E-07
  3.000E-02  6.85389E-08  3.43883E-15  1.22803E+02  4.77881E-08  1.0E-07
  3.250E-02  8.04380E-08  3.43856E-15  1.22793E+02  5.17726E-08  1.0E-07
  3.500E-02  9.32891E-08  3.43827E-15  1.22783E+02  5.57576E-08  1.0E-07
  3.750E-02  1.07092E-07  3.43796E-15  1.22772E+02  5.97433E-08  1.0E-07
  4.000E-02  1.21847E-07  3.43762E-15  1.22760E+02  6.37295E-08  1.0E-07
  4.250E-02  1.37554E-07  3.43727E-15  1.22747E+02  6.77164E-08  1.0E-07
  4.500E-02  1.54213E-07  3.43689E-15  1.22734E+02  7.17039E-08  1.0E-07
  4.750E-02  1.71823E-07  3.43650E-15  1.22720E+02  7.56922E-08  1.0E-07
  5.000E-02  1.90386E-07  3.43608E-15  1.22705E+02  7.96812E-08  1.0E-07
  5.250E-02  2.09900E-07  3.43564E-15  1.22689E+02  8.36711E-08  1.0E-07
  5.500E-02  2.30367E-07  3.43518E-15  1.22672E+02  8.76618E-08  1.0E-07
  5.750E-02  2.51785E-07  3.43470E-15  1.22655E+02  9.16534E-08  1.0E-07
  6.000E-02  2.74156E-07  3.43419E-15  1.22637E+02  9.56459E-08  1.0E-07
  6.250E-02  2.97478E-07  3.43367E-15  1.22619E+02  9.96394E-08  1.0E-07
  6.500E-02  3.21752E-07  3.43312E-15  1.22599E+02  1.03634E-07  1.0E-07
  6.750E-02  3.46978E-07  3.43255E-15  1.22579E+02  1.07629E-07  1.0E-07
  7.000E-02  3.73156E-07  3.43196E-15  1.22558E+02  1.11626E-07  1.0E-07
  7.250E-02  4.00286E-07  3.43135E-15  1.22536E+02  1.15624E-07  1.0E-07
  7.500E-02  4.28368E-07  3.43072E-15  1.22513E+02  1.19623E-07  1.0E-07
  7.750E-02  4.57402E-07  3.43007E-15  1.22490E+02  1.23623E-07  1.0E-07
  8.000E-02  4.87388E-07  3.42940E-15  1.22466E+02  1.27624E-07  1.0E-07
  8.250E-02  5.18325E-07  3.42870E-15  1.22441E+02  1.31627E-07  1.0E-07
  8.500E-02  5.50215E-07  3.42799E-15  1.22416E+02  1.35631E-07  1.0E-07
  8.750E-02  5.83057E-07  3.42725E-15  1.22389E+02  1.39636E-07  1.0E-07
  9.000E-02  6.16850E-07  3.42649E-15  1.22362E+02  1.43643E-07  1.0E-07
  9.250E-02  6.51596E-07  3.42571E-15  1.22334E+02  1.47652E-07  1.0E-07
  9.500E-02  6.87293E-07  3.42491E-15  1.22306E+02  1.51661E-07  1.0E-07
  9.750E-02  7.23942E-07  3.42409E-15  1.22276E+02  1.55673E-07  1.0E-07
  1.000E-01  7.61543E-07  3.42324E-15  1.22246E+02  1.59685E-07  1.0E-07
  1.250E-01  1.18991E-06  3.41366E-15  1.21904E+02  1.99909E-07  1.0E-07
  1.500E-01  1.71347E-06  3.40201E-15  1.21488E+02  2.40335E-07  1.0E-07
  1.750E-01  2.33223E-06  3.38830E-15  1.20998E+02  2.81001E-07  1.0E-07
  2.000E-01  3.04617E-06  3.37259E-15  1.20437E+02  3.21949E-07  1.0E-07
  2.250E-01  3.85531E-06  3.35490E-15  1.19806E+02  3.63218E-07  1.0E-07
  2.500E-01  4.75964E-06  3.33529E-15  1.19105E+02  4.04847E-07  1.0E-07
  2.750E-01  5.75916E-06  3.31381E-15  1.18338E+02  4.46875E-07  1.0E-07
  3.000E-01  6.85388E-06  3.29050E-15  1.17506E+02  4.89341E-07  1.0E-07
  3.250E-01  8.04378E-06  3.26544E-15  1.16611E+02  5.32284E-07  1.0E-07
  3.500E-01  9.32888E-06  3.23867E-15  1.15655E+02  5.75742E-07  1.0E-07
  3.750E-01  1.07092E-05  3.21027E-15  1.14641E+02  6.19754E-07  1.0E-07
  4.000E-01  1.21846E-05  3.18031E-15  1.13571E+02  6.64356E-07  1.0E-07
  4.250E-01  1.37553E-05  3.14885E-15  1.12447E+02  7.09587E-07  1.0E-07
  4.500E-01  1.54212E-05  3.11596E-15  1.11273E+02  7.55482E-07  1.0E-07
  4.750E-01  1.71822E-05  3.08173E-15  1.10051E+02  8.02080E-07  1.0E-07
  5.000E-01  1.90385E-05  3.04623E-15  1.08783E+02  8.49415E-07  1.0E-07
  5.250E-01  2.09899E-05  3.00953E-15  1.07472E+02  8.97524E-07  1.0E-07
  5.500E-01  2.30365E-05  2.97172E-15  1.06122E+02  9.46443E-07  1.0E-07
  5.750E-01  2.51783E-05  2.93287E-15  1.04735E+02  9.96205E-07  1.0E-07
  6.000E-01  2.74153E-05  2.89307E-15  1.03314E+02  1.04685E-06  1.0E-07
  6.250E-01  2.97475E-05  2.85240E-15  1.01861E+02  1.09840E-06  1.0E-07
  6.500E-01  3.21749E-05  2.81093E-15  1.00380E+02  1.15090E-06  1.0E-07
  6.750E-01  3.46974E-05  2.76874E-15  9.88734E+01  1.20438E-06  1.0E-07
  7.000E-01  3.73152E-05  2.72591E-15  9.73440E+01  1.25886E-06  1.0E-07
  7.250E-01  4.00281E-05  2.68252E-15  9.57944E+01  1.31440E-06  1.0E-07
  7.500E-01  4.28362E-05  2.63864E-15  9.42275E+01  1.37100E-06  1.0E-07
  7.750E-01  4.57395E-05  2.59435E-15  9.26458E+01  1.42872E-06  1.0E-07
  8.000E-01  4.87380E-05  2.54971E-15  9.10519E+01  1.48756E-06  1.0E-07
  8.250E-01  5.18317E-05  2.50481E-15  8.94483E+01  1.54757E-06  1.0E-07
  8.500E-01  5.50205E-05  2.45970E-15  8.78374E+01  1.60878E-06  1.0E-07
  8.750E-01  5.83045E-05  2.41445E-15  8.62217E+01  1.67120E-06  1.0E-07
  9.000E-01  6.16838E-05  2.36913E-15  8.46032E+01  1.73488E-06  1.0E-07
  9.250E-01  6.51582E-05  2.32380E-15  8.29844E+01  1.79983E-06  1.0E-07
  9.500E-01  6.87277E-05  2.27851E-15  8.13671E+01  1.86608E-06  1.0E-07
  9.750E-01  7.23925E-05  2.23332E-15  7.97534E+01  1.93365E-06  1.0E-07
  1.000E+00  7.61524E-05  2.18829E-15  7.81452E+01  2.00258E-06  1.0E-07
  1.100E+00  9.21439E-05  2.01065E-15  7.18018E+01  2.29224E-06  1.0E-07
  1.200E+00  1.09658E-04  1.83902E-15  6.56724E+01  2.60525E-06  1.0E-07
  1.300E+00  1.28695E-04  1.67547E-15  5.98322E+01  2.94278E-06  1.0E-07
  1.400E+00  1.49255E-04  1.52149E-15  5.43335E+01  3.30585E-06  1.0E-07
  1.500E+00  1.71338E-04  1.37799E-15  4.92088E+01  3.69529E-06  1.0E-07
  1.600E+00  1.94942E-04  1.24539E-15  4.44738E+01  4.11181E-06  1.0E-07
  1.700E+00  2.20070E-04  1.12378E-15  4.01311E+01  4.55596E-06  1.0E-07
  1.800E+00  2.46720E-04  1.01293E-15  3.61725E+01  5.02818E-06  1.0E-07
  1.900E+00  2.74892E-04  9.12413E-16  3.25829E+01  5.52876E-06  1.0E-07
  2.000E+00  3.04586E-04  8.21648E-16  2.93416E+01  6.05783E-06  1.0E-07
  2.100E+00  3.35803E-04  7.39977E-16  2.64251E+01  6.61534E-06  1.0E-07
  2.200E+00  3.68542E-04  6.66697E-16  2.38082E+01  7.20108E-06  1.0E-07
  2.300E+00  4.02802E-04  6.01092E-16  2.14654E+01  7.81462E-06  1.0E-07
  2.400E+00  4.38585E-04  5.42456E-16  1.93715E+01  8.45530E-06  1.0E-07
  2.500E+00  4.75889E-04  4.90115E-16  1.75023E+01  9.12222E-06  1.0E-07
  2.600E+00  5.14715E-04  4.43430E-16  1.58352E+01  9.81421E-06  1.0E-07
  2.700E+00  5.55063E-04  4.01810E-16  1.43489E+01  1.05298E-05  1.0E-07
  2.800E+00  5.96931E-04  3.64711E-16  1.30241E+01  1.12675E-05  1.0E-07
  2.900E+00  6.40321E-04  3.31634E-16  1.18429E+01  1.20254E-05  1.0E-07
  3.000E+00  6.85233E-04  3.02130E-16  1.07893E+01  1.28018E-05  1.0E-07
  3.100E+00  7.31665E-04  2.75795E-16  9.84883E+00  1.35948E-05  1.0E-07
  3.200E+00  7.79618E-04  2.52266E-16  9.00860E+00  1.44027E-05  1.0E-07
  3.300E+00  8.29092E-04  2.31220E-16  8.25703E+00  1.52238E-05  1.0E-07
  3.400E+00  8.80086E-04  2.12370E-16  7.58389E+00  1.60568E-05  1.0E-07
  3.500E+00  9.32601E-04  1.95462E-16  6.98008E+00  1.69004E-05  1.0E-07
  3.600E+00  9.86636E-04  1.80271E-16  6.43759E+00  1.77536E-05  1.0E-07
  3.700E+00  1.04219E-03  1.66599E-16  5.94937E+00  1.86155E-05  1.0E-07
  3.800E+00  1.09927E-03  1.54273E-16  5.50920E+00  1.94852E-05  1.0E-07
  3.900E+00  1.15786E-03  1.43140E-16  5.11162E+00  2.03622E-05  1.0E-07
  4.000E+00  1.21797E-03  1.33065E-16  4.75183E+00  2.12459E-05  1.0E-07
  4.100E+00  1.27961E-03  1.23931E-16  4.42564E+00  2.21358E-05  1.0E-07
  4.200E+00  1.34276E-03  1.15633E-16  4.12934E+00  2.30314E-05  1.0E-07
  4.300E+00  1.40743E-03  1.08082E-16  3.85967E+00  2.39320E-05  1.0E-07
  4.400E+00  1.47362E-03  1.01196E-16  3.61377E+00  2.48372E-05  1.0E-07
  4.500E+00  1.54133E-03  9.49046E-17  3.38911E+00  2.57466E-05  1.0E-07
  4.600E+00  1.61056E-03  8.91458E-17  3.18346E+00  2.66597E-05  1.0E-07
  4.700E+00  1.68131E-03  8.38641E-17  2.99484E+00  2.75764E-05  1.0E-07
  4.800E+00  1.75357E-03  7.90104E-17  2.82151E+00  2.84965E-05  1.0E-07
  4.900E+00  1.82735E-03  7.45415E-17  2.66193E+00  2.94200E-05  1.0E-07
  5.000E+00  1.90265E-03  7.04190E-17  2.51471E+00  3.03470E-05  1.0E-07
  5.100E+00  1.97947E-03  6.66089E-17  2.37865E+00  3.12775E-05  1.0E-07
  5.200E+00  2.05780E-03  6.30809E-17  2.25266E+00  3.22118E-05  1.0E-07
  5.300E+00  2.13765E-03  5.98082E-17  2.13579E+00  3.31499E-05  1.0E-07
  5.400E+00  2.21902E-03  5.67672E-17  2.02719E+00  3.40922E-05  1.0E-07
  5.500E+00  2.30190E-03  5.39366E-17  1.92611E+00  3.50386E-05  1.0E-07
  5.600E+00  2.38630E-03  5.12977E-17  1.83188E+00  3.59893E-05  1.0E-07
  5.700E+00  2.47222E-03  4.88337E-17  1.74388E+00  3.69441E-05  1.0E-07
  5.800E+00  2.55965E-03  4.65296E-17  1.66160E+00  3.79028E-05  1.0E-07
  5.900E+00  2.64859E-03  4.43720E-17  1.58455E+00  3.88653E-05  1.0E-07
  6.000E+00  2.73905E-03  4.23488E-17  1.51230E+00  3.98311E-05  1.0E-07
  6.100E+00  2.83103E-03  4.04490E-17  1.44446E+00  4.08001E-05  1.0E-07
  6.200E+00  2.92452E-03  3.86630E-17  1.38068E+00  4.17718E-05  1.0E-07
  6.300E+00  3.01952E-03  3.69816E-17  1.32064E+00  4.27460E-05  1.0E-07
  6.400E+00  3.11604E-03  3.53969E-17  1.26405E+00  4.37225E-05  1.0E-07
  6.500E+00  3.21407E-03  3.39016E-17  1.21065E+00  4.47010E-05  1.0E-07
  6.600E+00  3.31362E-03  3.24889E-17  1.16020E+00  4.56810E-05  1.0E-07
  6.700E+00  3.41468E-03  3.11529E-17  1.11249E+00  4.66623E-05  1.0E-07
  6.800E+00  3.51725E-03  2.98880E-17  1.06732E+00  4.76446E-05  1.0E-07
  6.900E+00  3.62133E-03  2.86892E-17  1.02451E+00  4.86275E-05  1.0E-07
  7.000E+00  3.72692E-03  2.75521E-17  9.83902E-01  4.96105E-05  1.0E-07
  7.100E+00  3.83403E-03  2.64724E-17  9.45347E-01  5.05931E-05  1.0E-07
  7.200E+00  3.94265E-03  2.54465E-17  9.08710E-01  5.15747E-05  1.0E-07
  7.300E+00  4.05278E-03  2.44708E-17  8.73870E-01  5.25546E-05  1.0E-07
  7.400E+00  4.16442E-03  2.35424E-17  8.40714E-01  5.35320E-05  1.0E-07
  7.500E+00  4.27757E-03  2.26582E-17  8.09139E-01  5.45061E-05  1.0E-07
  7.600E+00  4.39223E-03  2.18156E-17  7.79051E-01  5.54760E-05  1.0E-07
  7.700E+00  4.50840E-03  2.10122E-17  7.50360E-01  5.64411E-05  1.0E-07
  7.800E+00  4.62608E-03  2.02456E-17  7.22985E-01  5.74006E-05  1.0E-07
  7.900E+00  4.74527E-03  1.95138E-17  6.96849E-01  5.83538E-05  1.0E-07
  8.000E+00  4.86597E-03  1.88146E-17  6.71882E-01  5.93000E-05  1.0E-07
  8.100E+00  4.98817E-03  1.81463E-17  6.48017E-01  6.02384E-05  1.0E-07
  8.200E+00  5.11188E-03  1.75072E-17  6.25192E-01  6.11683E-05  1.0E-07
  8.300E+00  5.23711E-03  1.68955E-17  6.03350E-01  6.20889E-05  1.0E-07
  8.400E+00  5.36383E-03  1.63099E-17  5.82437E-01  6.29996E-05  1.0E-07
  8.500E+00  5.49207E-03  1.57489E-17  5.62404E-01  6.38995E-05  1.0E-07
  8.600E+00  5.62181E-03  1.52113E-17  5.43205E-01  6.47877E-05  1.0E-07
  8.700E+00  5.75306E-03  1.46959E-17  5.24798E-01  6.56634E-05  1.0E-07
  8.800E+00  5.88581E-03  1.42015E-17  5.07144E-01  6.65253E-05  1.0E-07
  8.900E+00  6.02007E-03  1.37271E-17  4.90205E-01  6.73723E-05  1.0E-07
  9.000E+00  6.15583E-03  1.32719E-17  4.73947E-01  6.82033E-05  1.0E-07
  9.100E+00  6.29310E-03  1.28348E-17  4.58339E-01  6.90173E-05  1.0E-07
  9.200E+00  6.43187E-03  1.24151E-17  4.43350E-01  6.98131E-05  1.0E-07
  9.300E+00  6.57214E-03  1.20118E-17  4.28950E-01  7.05899E-05  1.0E-07
  9.400E+00  6.71392E-03  1.16243E-17  4.15113E-01  7.13470E-05  1.0E-07
  9.500E+00  6.85720E-03  1.12519E-17  4.01812E-01  7.20835E-05  1.0E-07
  9.600E+00  7.00198E-03  1.08937E-17  3.89022E-01  7.27987E-05  1.0E-07
  9.700E+00  7.14827E-03  1.05492E-17  3.76719E-01  7.34919E-05  1.0E-07
  9.800E+00  7.29605E-03  1.02177E-17  3.64881E-01  7.41624E-05  1.0E-07
  9.900E+00  7.44534E-03  9.89864E-18  3.53487E-01  7.48093E-05  1.0E-07
  1.000E+01  7.59612E-03  9.59143E-18  3.42516E-01  7.54320E-05  1.0E-07
  1.025E+01  7.97965E-03  8.87194E-18  3.16823E-01  7.68755E-05  1.0E-07
  1.050E+01  8.37255E-03  8.21608E-18  2.93402E-01  7.81406E-05  1.0E-07
  1.075E+01  8.77480E-03  7.61759E-18  2.72029E-01  7.92058E-05  1.0E-07
  1.100E+01  9.18641E-03  7.07084E-18  2.52504E-01  8.00554E-05  1.0E-07
  1.125E+01  9.60736E-03  6.57067E-18  2.34643E-01  8.06808E-05  1.0E-07
  1.150E+01  1.00376E-02  6.11235E-18  2.18276E-01  8.10770E-05  1.0E-07
  1.175E+01  1.04773E-02  5.69175E-18  2.03256E-01  8.12360E-05  1.0E-07
  1.200E+01  1.09262E-02  5.30536E-18  1.89458E-01  8.11390E-05  1.0E-07
  1.225E+01  1.13844E-02  4.95017E-18  1.76774E-01  8.07625E-05  1.0E-07
  1.250E+01  1.18520E-02  4.62344E-18  1.65106E-01  8.00896E-05  1.0E-07
  1.275E+01  1.23288E-02  4.32252E-18  1.54360E-01  7.91141E-05  1.0E-07
  1.300E+01  1.28150E-02  4.04497E-18  1.44449E-01  7.78376E-05  1.0E-07
  1.325E+01  1.33104E-02  3.78860E-18  1.35293E-01  7.62576E-05  1.0E-07
  1.350E+01  1.38150E-02  3.55160E-18  1.26830E-01  7.43571E-05  1.0E-07
  1.375E+01  1.43290E-02  3.33240E-18  1.19002E-01  7.21104E-05  1.0E-07
  1.400E+01  1.48521E-02  3.12957E-18  1.11759E-01  6.94995E-05  1.0E-07
  1.425E+01  1.53845E-02  2.94169E-18  1.05050E-01  6.65219E-05  1.0E-07
  1.450E+01  1.59262E-02  2.76738E-18  9.88249E-02  6.31879E-05  1.0E-07
  1.475E+01  1.64770E-02  2.60545E-18  9.30423E-02  5.95048E-05  1.0E-07
  1.500E+01  1.70371E-02  2.45492E-18  8.76667E-02  5.54612E-05  1.0E-07
  1.525E+01  1.76063E-02  2.31495E-18  8.26685E-02  5.10317E-05  1.0E-07
  1.550E+01  1.81848E-02  2.18477E-18  7.80196E-02  4.61946E-05  1.0E-07
  1.575E+01  1.87724E-02  2.06356E-18  7.36911E-02  4.09446E-05  1.0E-07
  1.600E+01  1.93692E-02  1.95054E-18  6.96549E-02  3.52922E-05  1.0E-07
  1.625E+01  1.99751E-02  1.84500E-18  6.58861E-02  2.92490E-05  1.0E-07
  1.650E+01  2.05901E-02  1.74640E-18  6.23651E-02  2.28087E-05  1.0E-07
  1.675E+01  2.12143E-02  1.65428E-18  5.90754E-02  1.59503E-05  1.0E-07
  1.700E+01  2.18476E-02  1.56818E-18  5.60009E-02  8.65430E-06  1.0E-07
  1.725E+01  2.24900E-02  1.48764E-18  5.31244E-02  0.00000E+00  1.0E-07
  1.750E+01  2.31415E-02  1.41216E-18  5.04291E-02 -7.25226E-06  1.0E-07
  1.775E+01  2.38021E-02  1.34134E-18  4.79002E-02 -1.58332E-05  1.0E-07
  1.800E+01  2.44717E-02  1.27487E-18  4.55265E-02 -2.48265E-05  1.0E-07
  1.825E+01  2.51504E-02  1.21249E-18  4.32990E-02 -3.42478E-05  1.0E-07
  1.850E+01  2.58382E-02  1.15395E-18  4.12082E-02 -4.41168E-05  1.0E-07
  1.875E+01  2.65349E-02  1.09894E-18  3.92438E-02 -5.44453E-05  1.0E-07
  1.900E+01  2.72407E-02  1.04717E-18  3.73950E-02 -6.52280E-05  1.0E-07
  1.925E+01  2.79555E-02  9.98385E-19  3.56530E-02 -7.64506E-05  1.0E-07
  1.950E+01  2.86793E-02  9.52402E-19  3.40109E-02 -8.81063E-05  1.0E-07
  1.975E+01  2.94120E-02  9.09069E-19  3.24635E-02 -1.00198E-04  1.0E-07
  2.000E+01  3.01537E-02  8.68229E-19  3.10050E-02 -1.12737E-04  1.0E-07
  2.025E+01  3.09043E-02  8.29699E-19  2.96291E-02 -1.25735E-04  1.0E-07
  2.050E+01  3.16639E-02  7.93292E-19  2.83290E-02 -1.39192E-04  1.0E-07
  2.075E+01  3.24324E-02  7.58851E-19  2.70991E-02 -1.53102E-04  1.0E-07
  2.100E+01  3.32098E-02  7.26265E-19  2.59354E-02 -1.67455E-04  1.0E-07
  2.125E+01  3.39961E-02  6.95444E-19  2.48348E-02 -1.82247E-04  1.0E-07
  2.150E+01  3.47912E-02  6.66289E-19  2.37936E-02 -1.97484E-04  1.0E-07
  2.175E+01  3.55952E-02  6.38679E-19  2.28077E-02 -2.13175E-04  1.0E-07
  2.200E+01  3.64081E-02  6.12493E-19  2.18725E-02 -2.29330E-04  1.0E-07
  2.225E+01  3.72297E-02  5.87630E-19  2.09847E-02 -2.45948E-04  1.0E-07
  2.250E+01  3.80602E-02  5.64021E-19  2.01416E-02 -2.63019E-04  1.0E-07
  2.275E+01  3.88995E-02  5.41611E-19  1.93413E-02 -2.80530E-04  1.0E-07
  2.300E+01  3.97476E-02  5.20337E-19  1.85816E-02 -2.98479E-04  1.0E-07
  2.325E+01  4.06044E-02  5.00122E-19  1.78597E-02 -3.16875E-04  1.0E-07
  2.350E+01  4.14700E-02  4.80887E-19  1.71728E-02 -3.35730E-04  1.0E-07
  2.375E+01  4.23443E-02  4.62567E-19  1.65186E-02 -3.55053E-04  1.0E-07
  2.400E+01  4.32273E-02  4.45119E-19  1.58955E-02 -3.74838E-04  1.0E-07
  2.425E+01  4.41190E-02  4.28508E-19  1.53023E-02 -3.95067E-04  1.0E-07
  2.450E+01  4.50194E-02  4.12691E-19  1.47375E-02 -4.15730E-04  1.0E-07
  2.475E+01  4.59284E-02  3.97615E-19  1.41991E-02 -4.36834E-04  1.0E-07
  2.500E+01  4.68461E-02  3.83224E-19  1.36852E-02 -4.58394E-04  1.0E-07
  2.550E+01  4.87074E-02  3.56351E-19  1.27255E-02 -5.02906E-04  1.0E-07
  2.600E+01  5.06030E-02  3.31854E-19  1.18507E-02 -5.49210E-04  1.0E-07
  2.650E+01  5.25328E-02  3.09472E-19  1.10515E-02 -5.97287E-04  1.0E-07
  2.700E+01  5.44967E-02  2.88955E-19  1.03188E-02 -6.47199E-04  1.0E-07
  2.750E+01  5.64946E-02  2.70156E-19  9.64743E-03 -6.98889E-04  1.0E-07
  2.800E+01  5.85262E-02  2.52892E-19  9.03093E-03 -7.52368E-04  1.0E-07
  2.850E+01  6.05914E-02  2.36994E-19  8.46321E-03 -8.07671E-04  1.0E-07
  2.900E+01  6.26901E-02  2.22366E-19  7.94083E-03 -8.64718E-04  1.0E-07
  2.950E+01  6.48222E-02  2.08873E-19  7.45898E-03 -9.23570E-04  1.0E-07
  3.000E+01  6.69873E-02  1.96394E-19  7.01334E-03 -9.84249E-04  1.0E-07
  3.050E+01  6.91854E-02  1.84865E-19  6.60165E-03 -1.04663E-03  1.0E-07
  3.100E+01  7.14163E-02  1.74190E-19  6.22043E-03 -1.11081E-03  1.0E-07
  3.150E+01  7.36799E-02  1.64278E-19  5.86648E-03 -1.17682E-03  1.0E-07
  3.200E+01  7.59760E-02  1.55085E-19  5.53818E-03 -1.24449E-03  1.0E-07
  3.250E+01  7.83043E-02  1.46539E-19  5.23301E-03 -1.31399E-03  1.0E-07
  3.300E+01  8.06647E-02  1.38578E-19  4.94873E-03 -1.38532E-03  1.0E-07
  3.350E+01  8.30571E-02  1.31173E-19  4.68427E-03 -1.45821E-03  1.0E-07
  3.400E+01  8.54812E-02  1.24267E-19  4.43764E-03 -1.53293E-03  1.0E-07
  3.450E+01  8.79369E-02  1.17810E-19  4.20707E-03 -1.60954E-03  1.0E-07
  3.500E+01  9.04240E-02  1.11784E-19  3.99189E-03 -1.68764E-03  1.0E-07
  3.550E+01  9.29422E-02  1.06150E-19  3.79070E-03 -1.76748E-03  1.0E-07
  3.600E+01  9.54915E-02  1.00869E-19  3.60211E-03 -1.84919E-03  1.0E-07
  3.650E+01  9.80716E-02  9.59241E-20  3.42551E-03 -1.93242E-03  1.0E-07
  3.700E+01  1.00682E-01  9.12857E-20  3.25987E-03 -2.01742E-03  1.0E-07
  3.750E+01  1.03323E-01  8.69266E-20  3.10421E-03 -2.10425E-03  1.0E-07
  3.800E+01  1.05995E-01  8.28357E-20  2.95812E-03 -2.19245E-03  1.0E-07
  3.850E+01  1.08696E-01  7.89900E-20  2.82078E-03 -2.28235E-03  1.0E-07
  3.900E+01  1.11427E-01  7.53665E-20  2.69139E-03 -2.37415E-03  1.0E-07
  3.950E+01  1.14188E-01  7.19564E-20  2.56961E-03 -2.46732E-03  1.0E-07
  4.000E+01  1.16978E-01  6.87436E-20  2.45488E-03 -2.56208E-03  1.0E-07
  4.050E+01  1.19797E-01  6.57107E-20  2.34657E-03 -2.65864E-03  1.0E-07
  4.100E+01  1.22645E-01  6.28492E-20  2.24439E-03 -2.75655E-03  1.0E-07
  4.150E+01  1.25522E-01  6.01466E-20  2.14787E-03 -2.85605E-03  1.0E-07
  4.200E+01  1.28428E-01  5.75898E-20  2.05657E-03 -2.95733E-03  1.0E-07
  4.250E+01  1.31361E-01  5.51729E-20  1.97026E-03 -3.05987E-03  1.0E-07
  4.300E+01  1.34323E-01  5.28858E-20  1.88858E-03 -3.16392E-03  1.0E-07
  4.350E+01  1.37313E-01  5.07183E-20  1.81118E-03 -3.26967E-03  1.0E-07
  4.400E+01  1.40330E-01  4.86652E-20  1.73787E-03 -3.37665E-03  1.0E-07
  4.450E+01  1.43375E-01  4.67186E-20  1.66835E-03 -3.48507E-03  1.0E-07
  4.500E+01  1.46447E-01  4.48708E-20  1.60237E-03 -3.59510E-03  1.0E-07
  4.550E+01  1.49545E-01  4.31170E-20  1.53974E-03 -3.70633E-03  1.0E-07
  4.600E+01  1.52671E-01  4.14509E-20  1.48024E-03 -3.81894E-03  1.0E-07
  4.650E+01  1.55823E-01  3.98666E-20  1.42366E-03 -3.93310E-03  1.0E-07
  4.700E+01  1.59001E-01  3.83604E-20  1.36988E-03 -4.04839E-03  1.0E-07
  4.750E+01  1.62205E-01  3.69273E-20  1.31870E-03 -4.16499E-03  1.0E-07
  4.800E+01  1.65435E-01  3.55626E-20  1.26996E-03 -4.28303E-03  1.0E-07
  4.850E+01  1.68690E-01  3.42631E-20  1.22356E-03 -4.40213E-03  1.0E-07
  4.900E+01  1.71970E-01  3.30248E-20  1.17934E-03 -4.52245E-03  1.0E-07
  4.950E+01  1.75276E-01  3.18439E-20  1.13717E-03 -4.64409E-03  1.0E-07
  5.000E+01  1.78606E-01  3.07177E-20  1.09695E-03 -4.76674E-03  1.0E-07
  5.050E+01  1.81961E-01  2.96428E-20  1.05856E-03 -4.89056E-03  1.0E-07
  5.100E+01  1.85340E-01  2.86161E-20  1.02190E-03 -5.01563E-03  1.0E-07
  5.150E+01  1.88743E-01  2.76355E-20  9.86882E-04 -5.14165E-03  1.0E-07
  5.200E+01  1.92169E-01  2.66984E-20  9.53416E-04 -5.26873E-03  1.0E-07
  5.250E+01  1.95619E-01  2.58022E-20  9.21413E-04 -5.39692E-03  1.0E-07
  5.300E+01  1.99092E-01  2.49452E-20  8.90810E-04 -5.52599E-03  1.0E-07
  5.350E+01  2.02589E-01  2.41252E-20  8.61525E-04 -5.65602E-03  1.0E-07
  5.400E+01  2.06107E-01  2.33400E-20  8.33488E-04 -5.78705E-03  1.0E-07
  5.450E+01  2.09649E-01  2.25883E-20  8.06642E-04 -5.91887E-03  1.0E-07
  5.500E+01  2.13212E-01  2.18680E-20  7.80920E-04 -6.05156E-03  1.0E-07
  5.550E+01  2.16797E-01  2.11775E-20  7.56262E-04 -6.18515E-03  1.0E-07
  5.600E+01  2.20404E-01  2.05154E-20  7.32620E-04 -6.31949E-03  1.0E-07
  5.650E+01  2.24032E-01  1.98803E-20  7.09939E-04 -6.45462E-03  1.0E-07
  5.700E+01  2.27680E-01  1.92708E-20  6.88174E-04 -6.59053E-03  1.0E-07
  5.750E+01  2.31350E-01  1.86858E-20  6.67283E-04 -6.72708E-03  1.0E-07
  5.800E+01  2.35040E-01  1.81241E-20  6.47223E-04 -6.86430E-03  1.0E-07
  5.850E+01  2.38751E-01  1.75845E-20  6.27954E-04 -7.00215E-03  1.0E-07
  5.900E+01  2.42481E-01  1.70660E-20  6.09439E-04 -7.14056E-03  1.0E-07
  5.950E+01  2.46231E-01  1.65677E-20  5.91642E-04 -7.27952E-03  1.0E-07
  6.000E+01  2.50000E-01  1.60884E-20  5.74527E-04 -7.41903E-03  1.0E-07
  6.050E+01  2.53788E-01  1.56274E-20  5.58064E-04 -7.55902E-03  1.0E-07
  6.100E+01  2.57595E-01  1.51837E-20  5.42221E-04 -7.69948E-03  1.0E-07
  6.150E+01  2.61421E-01  1.47567E-20  5.26970E-04 -7.84040E-03  1.0E-07
  6.200E+01  2.65264E-01  1.43455E-20  5.12286E-04 -7.98170E-03  1.0E-07
  6.250E+01  2.69126E-01  1.39494E-20  4.98143E-04 -8.12334E-03  1.0E-07
  6.300E+01  2.73005E-01  1.35679E-20  4.84517E-04 -8.26529E-03  1.0E-07
  6.350E+01  2.76901E-01  1.32002E-20  4.71387E-04 -8.40750E-03  1.0E-07
  6.400E+01  2.80814E-01  1.28457E-20  4.58729E-04 -8.54993E-03  1.0E-07
  6.450E+01  2.84744E-01  1.25040E-20  4.46524E-04 -8.69257E-03  1.0E-07
  6.500E+01  2.88691E-01  1.21743E-20  4.34751E-04 -8.83538E-03  1.0E-07
  6.550E+01  2.92653E-01  1.18562E-20  4.23392E-04 -8.97833E-03  1.0E-07
  6.600E+01  2.96632E-01  1.15492E-20  4.12428E-04 -9.12138E-03  1.0E-07
  6.650E+01  3.00625E-01  1.12527E-20  4.01843E-04 -9.26453E-03  1.0E-07
  6.700E+01  3.04634E-01  1.09665E-20  3.91620E-04 -9.40770E-03  1.0E-07
  6.750E+01  3.08658E-01  1.06900E-20  3.81746E-04 -9.55088E-03  1.0E-07
  6.800E+01  3.12697E-01  1.04228E-20  3.72206E-04 -9.69401E-03  1.0E-07
  6.850E+01  3.16749E-01  1.01647E-20  3.62988E-04 -9.83703E-03  1.0E-07
  6.900E+01  3.20816E-01  9.91516E-21  3.54077E-04 -9.97992E-03  1.0E-07
  6.950E+01  3.24896E-01  9.67390E-21  3.45461E-04 -1.01226E-02  1.0E-07
  7.000E+01  3.28990E-01  9.44058E-21  3.37129E-04 -1.02651E-02  1.0E-07
  7.050E+01  3.33097E-01  9.21486E-21  3.29069E-04 -1.04074E-02  1.0E-07
  7.100E+01  3.37216E-01  8.99643E-21  3.21268E-04 -1.05495E-02  1.0E-07
  7.150E+01  3.41348E-01  8.78501E-21  3.13718E-04 -1.06912E-02  1.0E-07
  7.200E+01  3.45492E-01  8.58033E-21  3.06409E-04 -1.08327E-02  1.0E-07
  7.250E+01  3.49647E-01  8.38212E-21  2.99331E-04 -1.09738E-02  1.0E-07
  7.300E+01  3.53814E-01  8.19015E-21  2.92476E-04 -1.11145E-02  1.0E-07
  7.350E+01  3.57992E-01  8.00420E-21  2.85835E-04 -1.12547E-02  1.0E-07
  7.400E+01  3.62181E-01  7.82402E-21  2.79401E-04 -1.13944E-02  1.0E-07
  7.450E+01  3.66381E-01  7.64941E-21  2.73166E-04 -1.15336E-02  1.0E-07
  7.500E+01  3.70590E-01  7.48016E-21  2.67121E-04 -1.16723E-02  1.0E-07
  7.550E+01  3.74810E-01  7.31605E-21  2.61261E-04 -1.18103E-02  1.0E-07
  7.600E+01  3.79039E-01  7.15690E-21  2.55578E-04 -1.19478E-02  1.0E-07
  7.650E+01  3.83277E-01  7.00253E-21  2.50065E-04 -1.20845E-02  1.0E-07
  7.700E+01  3.87524E-01  6.85274E-21  2.44716E-04 -1.22207E-02  1.0E-07
  7.750E+01  3.91780E-01  6.70738E-21  2.39525E-04 -1.23561E-02  1.0E-07
  7.800E+01  3.96044E-01  6.56629E-21  2.34486E-04 -1.24907E-02  1.0E-07
  7.850E+01  4.00316E-01  6.42931E-21  2.29595E-04 -1.26246E-02  1.0E-07
  7.900E+01  4.04596E-01  6.29632E-21  2.24846E-04 -1.27577E-02  1.0E-07
  7.950E+01  4.08882E-01  6.16718E-21  2.20234E-04 -1.28899E-02  1.0E-07
  8.000E+01  4.13176E-01  6.04174E-21  2.15755E-04 -1.30211E-02  1.0E-07
  8.050E+01  4.17476E-01  5.91990E-21  2.11403E-04 -1.31514E-02  1.0E-07
  8.100E+01  4.21783E-01  5.80150E-21  2.07175E-04 -1.32808E-02  1.0E-07
  8.150E+01  4.26095E-01  5.68643E-21  2.03066E-04 -1.34091E-02  1.0E-07
  8.200E+01  4.30413E-01  5.57458E-21  1.99072E-04 -1.35364E-02  1.0E-07
  8.250E+01  4.34737E-01  5.46582E-21  1.95188E-04 -1.36627E-02  1.0E-07
  8.300E+01  4.39065E-01  5.36007E-21  1.91411E-04 -1.37879E-02  1.0E-07
  8.350E+01  4.43398E-01  5.25721E-21  1.87738E-04 -1.39120E-02  1.0E-07
  8.400E+01  4.47736E-01  5.15715E-21  1.84165E-04 -1.40350E-02  1.0E-07
  8.450E+01  4.52077E-01  5.05982E-21  1.80689E-04 -1.41567E-02  1.0E-07
  8.500E+01  4.56422E-01  4.96511E-21  1.77307E-04 -1.42772E-02  1.0E-07
  8.550E+01  4.60770E-01  4.87294E-21  1.74016E-04 -1.43965E-02  1.0E-07
  8.600E+01  4.65122E-01  4.78323E-21  1.70812E-04 -1.45145E-02  1.0E-07
  8.650E+01  4.69476E-01  4.69590E-21  1.67694E-04 -1.46311E-02  1.0E-07
  8.700E+01  4.73832E-01  4.61087E-21  1.64657E-04 -1.47464E-02  1.0E-07
  8.750E+01  4.78190E-01  4.52808E-21  1.61701E-04 -1.48603E-02  1.0E-07
  8.800E+01  4.82550E-01  4.44744E-21  1.58821E-04 -1.49728E-02  1.0E-07
  8.850E+01  4.86912E-01  4.36888E-21  1.56015E-04 -1.50838E-02  1.0E-07
  8.900E+01  4.91274E-01  4.29234E-21  1.53282E-04 -1.51935E-02  1.0E-07
  8.950E+01  4.95637E-01  4.21775E-21  1.50619E-04 -1.53016E-02  1.0E-07
  9.000E+01  5.00000E-01  4.14505E-21  1.48023E-04 -1.54083E-02  1.0E-07
  9.050E+01  5.04363E-01  4.07420E-21  1.45492E-04 -1.55134E-02  1.0E-07
  9.100E+01  5.08726E-01  4.00514E-21  1.43026E-04 -1.56169E-02  1.0E-07
  9.150E+01  5.13088E-01  3.93780E-21  1.40621E-04 -1.57188E-02  1.0E-07
  9.200E+01  5.17450E-01  3.87216E-21  1.38277E-04 -1.58191E-02  1.0E-07
  9.250E+01  5.21810E-01  3.80814E-21  1.35991E-04 -1.59176E-02  1.0E-07
  9.300E+01  5.26168E-01  3.74570E-21  1.33761E-04 -1.60145E-02  1.0E-07
  9.350E+01  5.30524E-01  3.68479E-21  1.31586E-04 -1.61096E-02  1.0E-07
  9.400E+01  5.34878E-01  3.62536E-21  1.29464E-04 -1.62030E-02  1.1E-07
  9.450E+01  5.39230E-01  3.56737E-21  1.27393E-04 -1.62947E-02  1.0E-07
  9.500E+01  5.43578E-01  3.51079E-21  1.25372E-04 -1.63846E-02  1.0E-07
  9.550E+01  5.47923E-01  3.45556E-21  1.23400E-04 -1.64727E-02  1.2E-07
  9.600E+01  5.52264E-01  3.40164E-21  1.21475E-04 -1.65589E-02  1.0E-07
  9.650E+01  5.56602E-01  3.34901E-21  1.19595E-04 -1.66433E-02  1.0E-07
  9.700E+01  5.60935E-01  3.29762E-21  1.17760E-04 -1.67258E-02  1.1E-07
  9.750E+01  5.65263E-01  3.24744E-21  1.15968E-04 -1.68064E-02  1.0E-07
  9.800E+01  5.69587E-01  3.19844E-21  1.14218E-04 -1.68850E-02  1.0E-07
  9.850E+01  5.73905E-01  3.15058E-21  1.12509E-04 -1.69617E-02  1.1E-07
  9.900E+01  5.78217E-01  3.10383E-21  1.10840E-04 -1.70364E-02  1.0E-07
  9.950E+01  5.82524E-01  3.05818E-21  1.09209E-04 -1.71090E-02  1.0E-07
  1.000E+02  5.86824E-01  3.01356E-21  1.07616E-04 -1.71796E-02  1.1E-07
  1.005E+02  5.91118E-01  2.96997E-21  1.06060E-04 -1.72482E-02  1.0E-07
  1.010E+02  5.95404E-01  2.92738E-21  1.04538E-04 -1.73146E-02  1.0E-07
  1.015E+02  5.99684E-01  2.88574E-21  1.03052E-04 -1.73791E-02  1.0E-07
  1.020E+02  6.03956E-01  2.84503E-21  1.01598E-04 -1.74415E-02  1.0E-07
  1.025E+02  6.08220E-01  2.80525E-21  1.00177E-04 -1.75017E-02  1.0E-07
  1.030E+02  6.12476E-01  2.76635E-21  9.87880E-05 -1.75598E-02  1.0E-07
  1.035E+02  6.16723E-01  2.72831E-21  9.74298E-05 -1.76157E-02  1.0E-07
  1.040E+02  6.20961E-01  2.69112E-21  9.61018E-05 -1.76694E-02  1.0E-07
  1.045E+02  6.25190E-01  2.65476E-21  9.48030E-05 -1.77210E-02  1.0E-07
  1.050E+02  6.29410E-01  2.61919E-21  9.35328E-05 -1.77703E-02  1.0E-07
  1.055E+02  6.33619E-01  2.58440E-21  9.22907E-05 -1.78173E-02  1.0E-07
  1.060E+02  6.37819E-01  2.55037E-21  9.10754E-05 -1.78621E-02  1.0E-07
  1.065E+02  6.42008E-01  2.51708E-21  8.98866E-05 -1.79046E-02  1.0E-07
  1.070E+02  6.46186E-01  2.48451E-21  8.87236E-05 -1.79448E-02  1.1E-07
  1.075E+02  6.50353E-01  2.45265E-21  8.75857E-05 -1.79827E-02  1.0E-07
  1.080E+02  6.54508E-01  2.42146E-21  8.64720E-05 -1.80183E-02  1.0E-07
  1.085E+02  6.58652E-01  2.39095E-21  8.53822E-05 -1.80516E-02  1.1E-07
  1.090E+02  6.62784E-01  2.36107E-21  8.43155E-05 -1.80825E-02  1.0E-07
  1.095E+02  6.66903E-01  2.33183E-21  8.32713E-05 -1.81112E-02  1.0E-07
  1.100E+02  6.71010E-01  2.30321E-21  8.22493E-05 -1.81373E-02  1.1E-07
  1.105E+02  6.75104E-01  2.27519E-21  8.12486E-05 -1.81612E-02  1.0E-07
  1.110E+02  6.79184E-01  2.24776E-21  8.02688E-05 -1.81827E-02  1.0E-07
  1.115E+02  6.83251E-01  2.22090E-21  7.93097E-05 -1.82017E-02  1.0E-07
  1.120E+02  6.87303E-01  2.19460E-21  7.83704E-05 -1.82184E-02  1.0E-07
  1.125E+02  6.91342E-01  2.16884E-21  7.74507E-05 -1.82326E-02  1.0E-07
  1.130E+02  6.95366E-01  2.14362E-21  7.65501E-05 -1.82443E-02  1.0E-07
  1.135E+02  6.99375E-01  2.11892E-21  7.56680E-05 -1.82536E-02  1.0E-07
  1.140E+02  7.03368E-01  2.09473E-21  7.48041E-05 -1.82604E-02  1.0E-07
  1.145E+02  7.07347E-01  2.07103E-21  7.39579E-05 -1.82647E-02  1.0E-07
  1.150E+02  7.11309E-01  2.04782E-21  7.31290E-05 -1.82666E-02  1.0E-07
  1.155E+02  7.15256E-01  2.02508E-21  7.23169E-05 -1.82660E-02  1.0E-07
  1.160E+02  7.19186E-01  2.00280E-21  7.15213E-05 -1.82629E-02  1.0E-07
  1.165E+02  7.23099E-01  1.98097E-21  7.07418E-05 -1.82573E-02  1.0E-07
  1.170E+02  7.26995E-01  1.95958E-21  6.99779E-05 -1.82492E-02  1.0E-07
  1.175E+02  7.30874E-01  1.93862E-21  6.92294E-05 -1.82386E-02  1.0E-07
  1.180E+02  7.34736E-01  1.91808E-21  6.84959E-05 -1.82255E-02  1.0E-07
  1.185E+02  7.38579E-01  1.89795E-21  6.77770E-05 -1.82099E-02  1.0E-07
  1.190E+02  7.42405E-01  1.87822E-21  6.70724E-05 -1.81917E-02  1.0E-07
  1.195E+02  7.46212E-01  1.85888E-21  6.63819E-05 -1.81710E-02  1.0E-07
  1.200E+02  7.50000E-01  1.83993E-21  6.57051E-05 -1.81478E-02  1.0E-07
  1.205E+02  7.53769E-01  1.82135E-21  6.50417E-05 -1.81220E-02  1.1E-07
  1.210E+02  7.57519E-01  1.80314E-21  6.43914E-05 -1.80937E-02  1.0E-07
  1.215E+02  7.61249E-01  1.78529E-21  6.37540E-05 -1.80629E-02  1.0E-07
  1.220E+02  7.64960E-01  1.76780E-21  6.31291E-05 -1.80294E-02  1.1E-07
  1.225E+02  7.68650E-01  1.75064E-21  6.25165E-05 -1.79935E-02  1.0E-07
  1.230E+02  7.72320E-01  1.73382E-21  6.19160E-05 -1.79550E-02  1.0E-07
  1.235E+02  7.75968E-01  1.71734E-21  6.13272E-05 -1.79139E-02  1.1E-07
  1.240E+02  7.79596E-01  1.70117E-21  6.07499E-05 -1.78703E-02  1.0E-07
  1.245E+02  7.83203E-01  1.68532E-21  6.01838E-05 -1.78241E-02  1.0E-07
  1.250E+02  7.86788E-01  1.66977E-21  5.96287E-05 -1.77754E-02  1.1E-07
  1.255E+02  7.90351E-01  1.65453E-21  5.90844E-05 -1.77242E-02  1.0E-07
  1.260E+02  7.93893E-01  1.63959E-21  5.85507E-05 -1.76704E-02  1.0E-07
  1.265E+02  7.97411E-01  1.62493E-21  5.80273E-05 -1.76141E-02  1.1E-07
  1.270E+02  8.00908E-01  1.61055E-21  5.75140E-05 -1.75553E-02  1.0E-07
  1.275E+02  8.04381E-01  1.59646E-21  5.70105E-05 -1.74939E-02  1.0E-07
  1.280E+02  8.07831E-01  1.58263E-21  5.65169E-05 -1.74300E-02  1.0E-07
  1.285E+02  8.11257E-01  1.56908E-21  5.60327E-05 -1.73636E-02  1.0E-07
  1.290E+02  8.14660E-01  1.55578E-21  5.55579E-05 -1.72947E-02  1.0E-07
  1.295E+02  8.18039E-01  1.54274E-21  5.50922E-05 -1.72233E-02  1.0E-07
  1.300E+02  8.21394E-01  1.52995E-21  5.46355E-05 -1.71493E-02  1.0E-07
  1.305E+02  8.24724E-01  1.51741E-21  5.41876E-05 -1.70729E-02  1.0E-07
  1.310E+02  8.28030E-01  1.50511E-21  5.37484E-05 -1.69939E-02  1.0E-07
  1.315E+02  8.31310E-01  1.49305E-21  5.33176E-05 -1.69125E-02  1.0E-07
  1.320E+02  8.34565E-01  1.48121E-21  5.28951E-05 -1.68285E-02  1.0E-07
  1.325E+02  8.37795E-01  1.46961E-21  5.24808E-05 -1.67421E-02  1.0E-07
  1.330E+02  8.40999E-01  1.45823E-21  5.20744E-05 -1.66533E-02  1.0E-07
  1.335E+02  8.44177E-01  1.44707E-21  5.16759E-05 -1.65620E-02  1.0E-07
  1.340E+02  8.47329E-01  1.43613E-21  5.12850E-05 -1.64682E-02  1.0E-07
  1.345E+02  8.50455E-01  1.42539E-21  5.09017E-05 -1.63720E-02  1.0E-07
  1.350E+02  8.53553E-01  1.41487E-21  5.05258E-05 -1.62734E-02  1.0E-07
  1.355E+02  8.56625E-01  1.40454E-21  5.01571E-05 -1.61724E-02  1.0E-07
  1.360E+02  8.59670E-01  1.39442E-21  4.97956E-05 -1.60690E-02  1.0E-07
  1.365E+02  8.62687E-01  1.38449E-21  4.94410E-05 -1.59632E-02  1.0E-07
  1.370E+02  8.65677E-01  1.37475E-21  4.90933E-05 -1.58550E-02  1.0E-07
  1.375E+02  8.68639E-01  1.36521E-21  4.87524E-05 -1.57445E-02  1.0E-07
  1.380E+02  8.71572E-01  1.35584E-21  4.84181E-05 -1.56317E-02  1.0E-07
  1.385E+02  8.74478E-01  1.34666E-21  4.80903E-05 -1.55165E-02  1.0E-07
  1.390E+02  8.77355E-01  1.33766E-21  4.77688E-05 -1.53989E-02  1.0E-07
  1.395E+02  8.80203E-01  1.32884E-21  4.74537E-05 -1.52791E-02  1.0E-07
  1.400E+02  8.83022E-01  1.32019E-21  4.71448E-05 -1.51570E-02  1.0E-07
  1.405E+02  8.85812E-01  1.31171E-21  4.68419E-05 -1.50326E-02  1.0E-07
  1.410E+02  8.88573E-01  1.30339E-21  4.65451E-05 -1.49060E-02  1.0E-07
  1.415E+02  8.91304E-01  1.29525E-21  4.62541E-05 -1.47771E-02  1.0E-07
  1.420E+02  8.94005E-01  1.28726E-21  4.59689E-05 -1.46460E-02  1.0E-07
  1.425E+02  8.96677E-01  1.27943E-21  4.56894E-05 -1.45127E-02  1.0E-07
  1.430E+02  8.99318E-01  1.27176E-21  4.54155E-05 -1.43772E-02  1.0E-07
  1.435E+02  9.01928E-01  1.26425E-21  4.51471E-05 -1.42395E-02  1.0E-07
  1.440E+02  9.04508E-01  1.25688E-21  4.48841E-05 -1.40997E-02  1.0E-07
  1.445E+02  9.07058E-01  1.24967E-21  4.46264E-05 -1.39577E-02  1.0E-07
  1.450E+02  9.09576E-01  1.24260E-21  4.43741E-05 -1.38136E-02  1.0E-07
  1.455E+02  9.12063E-01  1.23568E-21  4.41268E-05 -1.36675E-02  1.0E-07
  1.460E+02  9.14519E-01  1.22890E-21  4.38847E-05 -1.35192E-02  1.0E-07
  1.465E+02  9.16943E-01  1.22226E-21  4.36476E-05 -1.33689E-02  1.0E-07
  1.470E+02  9.19335E-01  1.21576E-21  4.34154E-05 -1.32165E-02  1.0E-07
  1.475E+02  9.21696E-01  1.20939E-21  4.31881E-05 -1.30622E-02  1.0E-07
  1.480E+02  9.24024E-01  1.20316E-21  4.29656E-05 -1.29059E-02  1.0E-07
  1.485E+02  9.26320E-01  1.19706E-21  4.27478E-05 -1.27476E-02  1.0E-07
  1.490E+02  9.28584E-01  1.19109E-21  4.25346E-05 -1.25873E-02  1.0E-07
  1.495E+02  9.30815E-01  1.18525E-21  4.23260E-05 -1.24251E-02  1.0E-07
  1.500E+02  9.33013E-01  1.17953E-21  4.21220E-05 -1.22611E-02  1.0E-07
  1.505E+02  9.35178E-01  1.17395E-21  4.19224E-05 -1.20951E-02  1.0E-07
  1.510E+02  9.37310E-01  1.16848E-21  4.17271E-05 -1.19273E-02  1.0E-07
  1.515E+02  9.39409E-01  1.16313E-21  4.15363E-05 -1.17577E-02  1.0E-07
  1.520E+02  9.41474E-01  1.15791E-21  4.13497E-05 -1.15863E-02  1.0E-07
  1.525E+02  9.43505E-01  1.15280E-21  4.11673E-05 -1.14131E-02  1.0E-07
  1.530E+02  9.45503E-01  1.14781E-21  4.09892E-05 -1.12382E-02  1.1E-07
  1.535E+02  9.47467E-01  1.14294E-21  4.08151E-05 -1.10615E-02  1.0E-07
  1.540E+02  9.49397E-01  1.13818E-21  4.06451E-05 -1.08831E-02  1.0E-07
  1.545E+02  9.51293E-01  1.13353E-21  4.04791E-05 -1.07031E-02  1.2E-07
  1.550E+02  9.53154E-01  1.12899E-21  4.03171E-05 -1.05214E-02  1.0E-07
  1.555E+02  9.54981E-01  1.12457E-21  4.01590E-05 -1.03381E-02  1.0E-07
  1.560E+02  9.56773E-01  1.12025E-21  4.00048E-05 -1.01531E-02  1.3E-07
  1.565E+02  9.58530E-01  1.11604E-21  3.98544E-05 -9.96666E-03  1.0E-07
  1.570E+02  9.60252E-01  1.11193E-21  3.97078E-05 -9.77864E-03  1.0E-07
  1.575E+02  9.61940E-01  1.10793E-21  3.95649E-05 -9.58911E-03  1.3E-07
  1.580E+02  9.63592E-01  1.10403E-21  3.94258E-05 -9.39811E-03  1.0E-07
  1.585E+02  9.65209E-01  1.10024E-21  3.92903E-05 -9.20565E-03  1.0E-07
  1.590E+02  9.66790E-01  1.09655E-21  3.91584E-05 -9.01176E-03  1.1E-07
  1.595E+02  9.68336E-01  1.09296E-21  3.90301E-05 -8.81648E-03  1.0E-07
  1.600E+02  9.69846E-01  1.08946E-21  3.89054E-05 -8.61984E-03  1.0E-07
  1.605E+02  9.71321E-01  1.08607E-21  3.87842E-05 -8.42185E-03  1.0E-07
  1.610E+02  9.72759E-01  1.08277E-21  3.86665E-05 -8.22256E-03  1.0E-07
  1.615E+02  9.74162E-01  1.07957E-21  3.85522E-05 -8.02201E-03  1.0E-07
  1.620E+02  9.75528E-01  1.07647E-21  3.84414E-05 -7.82020E-03  1.0E-07
  1.625E+02  9.76858E-01  1.07346E-21  3.83339E-05 -7.61718E-03  1.0E-07
  1.630E+02  9.78152E-01  1.07054E-21  3.82298E-05 -7.41298E-03  1.1E-07
  1.635E+02  9.79410E-01  1.06772E-21  3.81290E-05 -7.20762E-03  1.0E-07
  1.640E+02  9.80631E-01  1.06499E-21  3.80315E-05 -7.00115E-03  1.0E-07
  1.645E+02  9.81815E-01  1.06235E-21  3.79372E-05 -6.79358E-03  1.2E-07
  1.650E+02  9.82963E-01  1.05980E-21  3.78463E-05 -6.58496E-03  1.0E-07
  1.655E+02  9.84074E-01  1.05735E-21  3.77585E-05 -6.37532E-03  1.0E-07
  1.660E+02  9.85148E-01  1.05498E-21  3.76739E-05 -6.16469E-03  1.3E-07
  1.665E+02  9.86185E-01  1.05270E-21  3.75925E-05 -5.95309E-03  1.3E-07
  1.670E+02  9.87185E-01  1.05051E-21  3.75143E-05 -5.74057E-03  1.0E-07
  1.675E+02  9.88148E-01  1.04840E-21  3.74392E-05 -5.52715E-03  1.5E-07
  1.680E+02  9.89074E-01  1.04639E-21  3.73672E-05 -5.31287E-03  1.7E-07
  1.685E+02  9.89962E-01  1.04446E-21  3.72982E-05 -5.09777E-03  1.0E-07
  1.690E+02  9.90814E-01  1.04261E-21  3.72324E-05 -4.88187E-03  1.0E-07
  1.695E+02  9.91627E-01  1.04085E-21  3.71696E-05 -4.66521E-03  1.8E-07
  1.700E+02  9.92404E-01  1.03918E-21  3.71098E-05 -4.44782E-03  1.0E-07
  1.705E+02  9.93143E-01  1.03759E-21  3.70530E-05 -4.22974E-03  1.0E-07
  1.710E+02  9.93844E-01  1.03609E-21  3.69993E-05 -4.01099E-03  1.9E-07
  1.715E+02  9.94508E-01  1.03466E-21  3.69485E-05 -3.79163E-03  1.0E-07
  1.720E+02  9.95134E-01  1.03332E-21  3.69007E-05 -3.57167E-03  1.0E-07
  1.725E+02  9.95722E-01  1.03207E-21  3.68559E-05 -3.35114E-03  2.0E-07
  1.730E+02  9.96273E-01  1.03090E-21  3.68140E-05 -3.13011E-03  1.0E-07
  1.735E+02  9.96786E-01  1.02981E-21  3.67750E-05 -2.90859E-03  2.0E-07
  1.740E+02  9.97261E-01  1.02880E-21  3.67390E-05 -2.68658E-03  2.1E-07
  1.745E+02  9.97698E-01  1.02787E-21  3.67059E-05 -2.46419E-03  1.0E-07
  1.750E+02  9.98097E-01  1.02702E-21  3.66757E-05 -2.24141E-03  2.6E-07
  1.755E+02  9.98459E-01  1.02626E-21  3.66484E-05 -2.01824E-03  2.4E-07
  1.760E+02  9.98782E-01  1.02558E-21  3.66240E-05 -1.79480E-03  1.0E-07
  1.765E+02  9.99067E-01  1.02497E-21  3.66025E-05 -1.57108E-03  3.2E-07
  1.770E+02  9.99315E-01  1.02445E-21  3.65838E-05 -1.34707E-03  2.8E-07
  1.775E+02  9.99524E-01  1.02401E-21  3.65681E-05 -1.12289E-03  1.0E-07
  1.780E+02  9.99695E-01  1.02365E-21  3.65552E-05 -8.98554E-04  4.3E-07
  1.785E+02  9.99829E-01  1.02337E-21  3.65451E-05 -6.73993E-04  3.8E-07
  1.790E+02  9.99924E-01  1.02317E-21  3.65381E-05 -4.49375E-04  1.5E-07
  1.795E+02  9.99981E-01  1.02305E-21  3.65337E-05 -2.24751E-04  8.7E-07
  1.800E+02  1.00000E+00  1.02301E-21  3.65323E-05 -3.15450E-18  2.3E-06
