 #
 # Subroutine ELSEPA. Elastic scattering of electrons and positrons
 #                    by neutral atoms and positive ions
 #
 # Projectile: electron
 # Kinetic energy = 1.40000E+04 eV = 5.14491E+02 a.u.
 #
 # Element: Si,  Z =  14,  atomic weight = 2.80855E+01 g/mol
 #
 # Nuclear model: Fermi distribution
 #                Average radius = 3.25245E-13 cm
 #                Skin thickness = 5.46000E-14 cm
 #
 # Number of electrons = 14
 #
 # Electron density: Read from file z_014.den   
 #                   Number of data points =  761
 #                   Volume integral = 1.40000E+01
 #
 # Furness-McCarthy exchange potential
 #
 # LDA absorption potential (only electron-hole excitations):
 #                           Delta = 7.80000E-01 eV
 #                            Aabs = 2.00000E+00
 #
 # Total elastic cross section = 1.57409E-17 cm**2 = 5.62119E-01 a0**2
 # 1st transport cross section = 1.64267E-19 cm**2 = 5.86608E-03 a0**2
 # 2nd transport cross section = 3.94767E-19 cm**2 = 1.40974E-02 a0**2
 #
 #    Absorption cross section = 7.86948E-18 cm**2 = 2.81024E-01 a0**2
 #   Grand total cross section = 2.36145E-17 cm**2 = 8.43289E-01 a0**2
 #
 #
 # Differential cross section:                       MU=(1-COS(THETA))/2
 #
 #  THETA        MU          DCS          DCS        Sherman      error
 #  (deg)                 (cm**2/sr)   (a0**2/sr)    function
 #----------------------------------------------------------------------
  0.000E+00  0.00000E+00  3.40174E-15  1.21478E+02  0.00000E+00  1.0E-07
  1.000E-04  7.61557E-13  3.40174E-15  1.21478E+02  1.68203E-10  1.0E-07
  1.250E-04  1.18994E-12  3.40174E-15  1.21478E+02  2.10254E-10  1.0E-07
  1.500E-04  1.71346E-12  3.40174E-15  1.21478E+02  2.52304E-10  1.0E-07
  1.750E-04  2.33225E-12  3.40174E-15  1.21478E+02  2.94355E-10  1.0E-07
  2.000E-04  3.04617E-12  3.40174E-15  1.21478E+02  3.36406E-10  1.0E-07
  2.250E-04  3.85530E-12  3.40174E-15  1.21478E+02  3.78456E-10  1.0E-07
  2.500E-04  4.75964E-12  3.40174E-15  1.21478E+02  4.20507E-10  1.0E-07
  2.750E-04  5.75917E-12  3.40174E-15  1.21478E+02  4.62558E-10  1.0E-07
  3.000E-04  6.85391E-12  3.40174E-15  1.21478E+02  5.04609E-10  1.0E-07
  3.250E-04  8.04379E-12  3.40174E-15  1.21478E+02  5.46659E-10  1.0E-07
  3.500E-04  9.32893E-12  3.40174E-15  1.21478E+02  5.88710E-10  1.0E-07
  3.750E-04  1.07092E-11  3.40174E-15  1.21478E+02  6.30761E-10  1.0E-07
  4.000E-04  1.21847E-11  3.40174E-15  1.21478E+02  6.72812E-10  1.0E-07
  4.250E-04  1.37554E-11  3.40174E-15  1.21478E+02  7.14862E-10  1.0E-07
  4.500E-04  1.54213E-11  3.40174E-15  1.21478E+02  7.56913E-10  1.0E-07
  4.750E-04  1.71823E-11  3.40174E-15  1.21478E+02  7.98964E-10  1.0E-07
  5.000E-04  1.90386E-11  3.40174E-15  1.21478E+02  8.41014E-10  1.0E-07
  5.250E-04  2.09900E-11  3.40174E-15  1.21478E+02  8.83065E-10  1.0E-07
  5.500E-04  2.30367E-11  3.40174E-15  1.21478E+02  9.25116E-10  1.0E-07
  5.750E-04  2.51785E-11  3.40174E-15  1.21478E+02  9.67167E-10  1.0E-07
  6.000E-04  2.74156E-11  3.40174E-15  1.21478E+02  1.00922E-09  1.0E-07
  6.250E-04  2.97478E-11  3.40174E-15  1.21478E+02  1.05127E-09  1.0E-07
  6.500E-04  3.21752E-11  3.40174E-15  1.21478E+02  1.09332E-09  1.0E-07
  6.750E-04  3.46979E-11  3.40174E-15  1.21478E+02  1.13537E-09  1.0E-07
  7.000E-04  3.73157E-11  3.40174E-15  1.21478E+02  1.17742E-09  1.0E-07
  7.250E-04  4.00286E-11  3.40174E-15  1.21478E+02  1.21947E-09  1.0E-07
  7.500E-04  4.28368E-11  3.40174E-15  1.21478E+02  1.26152E-09  1.0E-07
  7.750E-04  4.57402E-11  3.40174E-15  1.21478E+02  1.30357E-09  1.0E-07
  8.000E-04  4.87388E-11  3.40174E-15  1.21478E+02  1.34562E-09  1.0E-07
  8.250E-04  5.18325E-11  3.40174E-15  1.21478E+02  1.38767E-09  1.0E-07
  8.500E-04  5.50215E-11  3.40174E-15  1.21478E+02  1.42972E-09  1.0E-07
  8.750E-04  5.83057E-11  3.40174E-15  1.21478E+02  1.47178E-09  1.0E-07
  9.000E-04  6.16850E-11  3.40174E-15  1.21478E+02  1.51383E-09  1.0E-07
  9.250E-04  6.51595E-11  3.40174E-15  1.21478E+02  1.55588E-09  1.0E-07
  9.500E-04  6.87293E-11  3.40174E-15  1.21478E+02  1.59793E-09  1.0E-07
  9.750E-04  7.23943E-11  3.40174E-15  1.21478E+02  1.63998E-09  1.0E-07
  1.000E-03  7.61544E-11  3.40174E-15  1.21478E+02  1.68203E-09  1.0E-07
  1.250E-03  1.18991E-10  3.40174E-15  1.21478E+02  2.10254E-09  1.0E-07
  1.500E-03  1.71347E-10  3.40174E-15  1.21478E+02  2.52304E-09  1.0E-07
  1.750E-03  2.33223E-10  3.40174E-15  1.21478E+02  2.94355E-09  1.0E-07
  2.000E-03  3.04617E-10  3.40173E-15  1.21478E+02  3.36406E-09  1.0E-07
  2.250E-03  3.85531E-10  3.40173E-15  1.21478E+02  3.78457E-09  1.0E-07
  2.500E-03  4.75965E-10  3.40173E-15  1.21478E+02  4.20508E-09  1.0E-07
  2.750E-03  5.75917E-10  3.40173E-15  1.21478E+02  4.62559E-09  1.0E-07
  3.000E-03  6.85389E-10  3.40173E-15  1.21478E+02  5.04610E-09  1.0E-07
  3.250E-03  8.04380E-10  3.40172E-15  1.21478E+02  5.46661E-09  1.0E-07
  3.500E-03  9.32891E-10  3.40172E-15  1.21478E+02  5.88712E-09  1.0E-07
  3.750E-03  1.07092E-09  3.40172E-15  1.21478E+02  6.30763E-09  1.0E-07
  4.000E-03  1.21847E-09  3.40172E-15  1.21477E+02  6.72814E-09  1.0E-07
  4.250E-03  1.37554E-09  3.40171E-15  1.21477E+02  7.14865E-09  1.0E-07
  4.500E-03  1.54213E-09  3.40171E-15  1.21477E+02  7.56917E-09  1.0E-07
  4.750E-03  1.71823E-09  3.40171E-15  1.21477E+02  7.98968E-09  1.0E-07
  5.000E-03  1.90386E-09  3.40170E-15  1.21477E+02  8.41019E-09  1.0E-07
  5.250E-03  2.09900E-09  3.40170E-15  1.21477E+02  8.83071E-09  1.0E-07
  5.500E-03  2.30367E-09  3.40169E-15  1.21477E+02  9.25122E-09  1.0E-07
  5.750E-03  2.51785E-09  3.40169E-15  1.21477E+02  9.67174E-09  1.0E-07
  6.000E-03  2.74156E-09  3.40169E-15  1.21476E+02  1.00923E-08  1.0E-07
  6.250E-03  2.97478E-09  3.40168E-15  1.21476E+02  1.05128E-08  1.0E-07
  6.500E-03  3.21752E-09  3.40168E-15  1.21476E+02  1.09333E-08  1.0E-07
  6.750E-03  3.46978E-09  3.40167E-15  1.21476E+02  1.13538E-08  1.0E-07
  7.000E-03  3.73156E-09  3.40167E-15  1.21476E+02  1.17743E-08  1.0E-07
  7.250E-03  4.00286E-09  3.40166E-15  1.21476E+02  1.21949E-08  1.0E-07
  7.500E-03  4.28368E-09  3.40166E-15  1.21475E+02  1.26154E-08  1.0E-07
  7.750E-03  4.57402E-09  3.40165E-15  1.21475E+02  1.30359E-08  1.0E-07
  8.000E-03  4.87388E-09  3.40164E-15  1.21475E+02  1.34564E-08  1.0E-07
  8.250E-03  5.18326E-09  3.40164E-15  1.21475E+02  1.38770E-08  1.0E-07
  8.500E-03  5.50215E-09  3.40163E-15  1.21474E+02  1.42975E-08  1.0E-07
  8.750E-03  5.83057E-09  3.40163E-15  1.21474E+02  1.47180E-08  1.0E-07
  9.000E-03  6.16850E-09  3.40162E-15  1.21474E+02  1.51385E-08  1.0E-07
  9.250E-03  6.51596E-09  3.40161E-15  1.21474E+02  1.55591E-08  1.0E-07
  9.500E-03  6.87293E-09  3.40161E-15  1.21474E+02  1.59796E-08  1.0E-07
  9.750E-03  7.23942E-09  3.40160E-15  1.21473E+02  1.64002E-08  1.0E-07
  1.000E-02  7.61544E-09  3.40159E-15  1.21473E+02  1.68207E-08  1.0E-07
  1.250E-02  1.18991E-08  3.40151E-15  1.21470E+02  2.10261E-08  1.0E-07
  1.500E-02  1.71347E-08  3.40140E-15  1.21466E+02  2.52318E-08  1.0E-07
  1.750E-02  2.33223E-08  3.40128E-15  1.21462E+02  2.94376E-08  1.0E-07
  2.000E-02  3.04617E-08  3.40114E-15  1.21457E+02  3.36438E-08  1.0E-07
  2.250E-02  3.85531E-08  3.40099E-15  1.21451E+02  3.78502E-08  1.0E-07
  2.500E-02  4.75965E-08  3.40081E-15  1.21445E+02  4.20570E-08  1.0E-07
  2.750E-02  5.75917E-08  3.40061E-15  1.21438E+02  4.62641E-08  1.0E-07
  3.000E-02  6.85389E-08  3.40040E-15  1.21430E+02  5.04717E-08  1.0E-07
  3.250E-02  8.04380E-08  3.40017E-15  1.21422E+02  5.46797E-08  1.0E-07
  3.500E-02  9.32891E-08  3.39991E-15  1.21413E+02  5.88881E-08  1.0E-07
  3.750E-02  1.07092E-07  3.39964E-15  1.21403E+02  6.30972E-08  1.0E-07
  4.000E-02  1.21847E-07  3.39935E-15  1.21393E+02  6.73067E-08  1.0E-07
  4.250E-02  1.37554E-07  3.39905E-15  1.21382E+02  7.15169E-08  1.0E-07
  4.500E-02  1.54213E-07  3.39872E-15  1.21371E+02  7.57277E-08  1.0E-07
  4.750E-02  1.71823E-07  3.39838E-15  1.21358E+02  7.99392E-08  1.0E-07
  5.000E-02  1.90386E-07  3.39801E-15  1.21345E+02  8.41514E-08  1.0E-07
  5.250E-02  2.09900E-07  3.39763E-15  1.21332E+02  8.83643E-08  1.0E-07
  5.500E-02  2.30367E-07  3.39723E-15  1.21317E+02  9.25781E-08  1.0E-07
  5.750E-02  2.51785E-07  3.39681E-15  1.21302E+02  9.67926E-08  1.0E-07
  6.000E-02  2.74156E-07  3.39638E-15  1.21287E+02  1.01008E-07  1.0E-07
  6.250E-02  2.97478E-07  3.39592E-15  1.21271E+02  1.05224E-07  1.0E-07
  6.500E-02  3.21752E-07  3.39545E-15  1.21254E+02  1.09442E-07  1.0E-07
  6.750E-02  3.46978E-07  3.39495E-15  1.21236E+02  1.13660E-07  1.0E-07
  7.000E-02  3.73156E-07  3.39444E-15  1.21218E+02  1.17879E-07  1.0E-07
  7.250E-02  4.00286E-07  3.39391E-15  1.21199E+02  1.22099E-07  1.0E-07
  7.500E-02  4.28368E-07  3.39336E-15  1.21179E+02  1.26321E-07  1.0E-07
  7.750E-02  4.57402E-07  3.39280E-15  1.21159E+02  1.30543E-07  1.0E-07
  8.000E-02  4.87388E-07  3.39221E-15  1.21138E+02  1.34767E-07  1.0E-07
  8.250E-02  5.18325E-07  3.39161E-15  1.21117E+02  1.38992E-07  1.0E-07
  8.500E-02  5.50215E-07  3.39099E-15  1.21094E+02  1.43218E-07  1.0E-07
  8.750E-02  5.83057E-07  3.39035E-15  1.21071E+02  1.47445E-07  1.0E-07
  9.000E-02  6.16850E-07  3.38969E-15  1.21048E+02  1.51674E-07  1.0E-07
  9.250E-02  6.51596E-07  3.38901E-15  1.21024E+02  1.55904E-07  1.0E-07
  9.500E-02  6.87293E-07  3.38832E-15  1.20999E+02  1.60135E-07  1.0E-07
  9.750E-02  7.23942E-07  3.38760E-15  1.20973E+02  1.64368E-07  1.0E-07
  1.000E-01  7.61543E-07  3.38687E-15  1.20947E+02  1.68602E-07  1.0E-07
  1.250E-01  1.18991E-06  3.37855E-15  1.20650E+02  2.11034E-07  1.0E-07
  1.500E-01  1.71347E-06  3.36841E-15  1.20288E+02  2.53652E-07  1.0E-07
  1.750E-01  2.33223E-06  3.35649E-15  1.19863E+02  2.96494E-07  1.0E-07
  2.000E-01  3.04617E-06  3.34282E-15  1.19374E+02  3.39597E-07  1.0E-07
  2.250E-01  3.85531E-06  3.32741E-15  1.18824E+02  3.82998E-07  1.0E-07
  2.500E-01  4.75964E-06  3.31031E-15  1.18213E+02  4.26734E-07  1.0E-07
  2.750E-01  5.75916E-06  3.29156E-15  1.17544E+02  4.70840E-07  1.0E-07
  3.000E-01  6.85388E-06  3.27119E-15  1.16816E+02  5.15354E-07  1.0E-07
  3.250E-01  8.04378E-06  3.24926E-15  1.16033E+02  5.60312E-07  1.0E-07
  3.500E-01  9.32888E-06  3.22581E-15  1.15196E+02  6.05748E-07  1.0E-07
  3.750E-01  1.07092E-05  3.20089E-15  1.14306E+02  6.51700E-07  1.0E-07
  4.000E-01  1.21846E-05  3.17455E-15  1.13365E+02  6.98201E-07  1.0E-07
  4.250E-01  1.37553E-05  3.14685E-15  1.12376E+02  7.45288E-07  1.0E-07
  4.500E-01  1.54212E-05  3.11786E-15  1.11341E+02  7.92994E-07  1.0E-07
  4.750E-01  1.71822E-05  3.08761E-15  1.10261E+02  8.41355E-07  1.0E-07
  5.000E-01  1.90385E-05  3.05619E-15  1.09139E+02  8.90404E-07  1.0E-07
  5.250E-01  2.09899E-05  3.02365E-15  1.07976E+02  9.40175E-07  1.0E-07
  5.500E-01  2.30365E-05  2.99005E-15  1.06776E+02  9.90701E-07  1.0E-07
  5.750E-01  2.51783E-05  2.95545E-15  1.05541E+02  1.04202E-06  1.0E-07
  6.000E-01  2.74153E-05  2.91993E-15  1.04273E+02  1.09415E-06  1.0E-07
  6.250E-01  2.97475E-05  2.88354E-15  1.02973E+02  1.14714E-06  1.0E-07
  6.500E-01  3.21749E-05  2.84635E-15  1.01645E+02  1.20102E-06  1.0E-07
  6.750E-01  3.46974E-05  2.80843E-15  1.00291E+02  1.25581E-06  1.0E-07
  7.000E-01  3.73152E-05  2.76984E-15  9.89127E+01  1.31155E-06  1.0E-07
  7.250E-01  4.00281E-05  2.73064E-15  9.75128E+01  1.36826E-06  1.0E-07
  7.500E-01  4.28362E-05  2.69089E-15  9.60936E+01  1.42599E-06  1.0E-07
  7.750E-01  4.57395E-05  2.65067E-15  9.46572E+01  1.48475E-06  1.0E-07
  8.000E-01  4.87380E-05  2.61003E-15  9.32057E+01  1.54458E-06  1.0E-07
  8.250E-01  5.18317E-05  2.56902E-15  9.17415E+01  1.60551E-06  1.0E-07
  8.500E-01  5.50205E-05  2.52772E-15  9.02664E+01  1.66755E-06  1.0E-07
  8.750E-01  5.83045E-05  2.48617E-15  8.87826E+01  1.73075E-06  1.0E-07
  9.000E-01  6.16838E-05  2.44443E-15  8.72921E+01  1.79513E-06  1.0E-07
  9.250E-01  6.51582E-05  2.40256E-15  8.57968E+01  1.86071E-06  1.0E-07
  9.500E-01  6.87277E-05  2.36060E-15  8.42985E+01  1.92752E-06  1.0E-07
  9.750E-01  7.23925E-05  2.31861E-15  8.27991E+01  1.99558E-06  1.0E-07
  1.000E+00  7.61524E-05  2.27664E-15  8.13002E+01  2.06492E-06  1.0E-07
  1.100E+00  9.21439E-05  2.10980E-15  7.53425E+01  2.35554E-06  1.0E-07
  1.200E+00  1.09658E-04  1.94656E-15  6.95129E+01  2.66840E-06  1.0E-07
  1.300E+00  1.28695E-04  1.78902E-15  6.38869E+01  3.00474E-06  1.0E-07
  1.400E+00  1.49255E-04  1.63876E-15  5.85214E+01  3.36564E-06  1.0E-07
  1.500E+00  1.71338E-04  1.49693E-15  5.34562E+01  3.75204E-06  1.0E-07
  1.600E+00  1.94942E-04  1.36421E-15  4.87167E+01  4.16472E-06  1.0E-07
  1.700E+00  2.20070E-04  1.24095E-15  4.43152E+01  4.60437E-06  1.0E-07
  1.800E+00  2.46720E-04  1.12723E-15  4.02542E+01  5.07155E-06  1.0E-07
  1.900E+00  2.74892E-04  1.02288E-15  3.65279E+01  5.56671E-06  1.0E-07
  2.000E+00  3.04586E-04  9.27584E-16  3.31246E+01  6.09018E-06  1.0E-07
  2.100E+00  3.35803E-04  8.40887E-16  3.00286E+01  6.64220E-06  1.0E-07
  2.200E+00  3.68542E-04  7.62272E-16  2.72212E+01  7.22283E-06  1.0E-07
  2.300E+00  4.02802E-04  6.91178E-16  2.46824E+01  7.83199E-06  1.0E-07
  2.400E+00  4.38585E-04  6.27024E-16  2.23914E+01  8.46945E-06  1.0E-07
  2.500E+00  4.75889E-04  5.69230E-16  2.03276E+01  9.13477E-06  1.0E-07
  2.600E+00  5.14715E-04  5.17235E-16  1.84708E+01  9.82729E-06  1.0E-07
  2.700E+00  5.55063E-04  4.70501E-16  1.68019E+01  1.05461E-05  1.0E-07
  2.800E+00  5.96931E-04  4.28522E-16  1.53028E+01  1.12901E-05  1.0E-07
  2.900E+00  6.40321E-04  3.90826E-16  1.39567E+01  1.20580E-05  1.0E-07
  3.000E+00  6.85233E-04  3.56980E-16  1.27480E+01  1.28482E-05  1.0E-07
  3.100E+00  7.31665E-04  3.26584E-16  1.16625E+01  1.36590E-05  1.0E-07
  3.200E+00  7.79618E-04  2.99276E-16  1.06874E+01  1.44886E-05  1.0E-07
  3.300E+00  8.29092E-04  2.74727E-16  9.81069E+00  1.53355E-05  1.0E-07
  3.400E+00  8.80086E-04  2.52641E-16  9.02196E+00  1.61978E-05  1.0E-07
  3.500E+00  9.32601E-04  2.32750E-16  8.31165E+00  1.70740E-05  1.0E-07
  3.600E+00  9.86636E-04  2.14816E-16  7.67122E+00  1.79628E-05  1.0E-07
  3.700E+00  1.04219E-03  1.98626E-16  7.09307E+00  1.88628E-05  1.0E-07
  3.800E+00  1.09927E-03  1.83990E-16  6.57041E+00  1.97729E-05  1.0E-07
  3.900E+00  1.15786E-03  1.70740E-16  6.09722E+00  2.06923E-05  1.0E-07
  4.000E+00  1.21797E-03  1.58724E-16  5.66815E+00  2.16202E-05  1.0E-07
  4.100E+00  1.27961E-03  1.47812E-16  5.27847E+00  2.25560E-05  1.0E-07
  4.200E+00  1.34276E-03  1.37886E-16  4.92399E+00  2.34990E-05  1.0E-07
  4.300E+00  1.40743E-03  1.28840E-16  4.60098E+00  2.44489E-05  1.0E-07
  4.400E+00  1.47362E-03  1.20585E-16  4.30616E+00  2.54052E-05  1.0E-07
  4.500E+00  1.54133E-03  1.13037E-16  4.03663E+00  2.63672E-05  1.0E-07
  4.600E+00  1.61056E-03  1.06125E-16  3.78979E+00  2.73347E-05  1.0E-07
  4.700E+00  1.68131E-03  9.97844E-17  3.56337E+00  2.83069E-05  1.0E-07
  4.800E+00  1.75357E-03  9.39582E-17  3.35531E+00  2.92836E-05  1.0E-07
  4.900E+00  1.82735E-03  8.85955E-17  3.16380E+00  3.02643E-05  1.0E-07
  5.000E+00  1.90265E-03  8.36510E-17  2.98723E+00  3.12488E-05  1.0E-07
  5.100E+00  1.97947E-03  7.90845E-17  2.82416E+00  3.22368E-05  1.0E-07
  5.200E+00  2.05780E-03  7.48597E-17  2.67329E+00  3.32283E-05  1.0E-07
  5.300E+00  2.13765E-03  7.09446E-17  2.53348E+00  3.42232E-05  1.0E-07
  5.400E+00  2.21902E-03  6.73103E-17  2.40369E+00  3.52216E-05  1.0E-07
  5.500E+00  2.30190E-03  6.39311E-17  2.28302E+00  3.62235E-05  1.0E-07
  5.600E+00  2.38630E-03  6.07841E-17  2.17064E+00  3.72292E-05  1.0E-07
  5.700E+00  2.47222E-03  5.78488E-17  2.06582E+00  3.82389E-05  1.0E-07
  5.800E+00  2.55965E-03  5.51067E-17  1.96790E+00  3.92526E-05  1.0E-07
  5.900E+00  2.64859E-03  5.25415E-17  1.87629E+00  4.02706E-05  1.0E-07
  6.000E+00  2.73905E-03  5.01384E-17  1.79047E+00  4.12930E-05  1.0E-07
  6.100E+00  2.83103E-03  4.78841E-17  1.70997E+00  4.23196E-05  1.0E-07
  6.200E+00  2.92452E-03  4.57667E-17  1.63436E+00  4.33505E-05  1.0E-07
  6.300E+00  3.01952E-03  4.37755E-17  1.56325E+00  4.43853E-05  1.0E-07
  6.400E+00  3.11604E-03  4.19007E-17  1.49630E+00  4.54240E-05  1.0E-07
  6.500E+00  3.21407E-03  4.01335E-17  1.43319E+00  4.64661E-05  1.0E-07
  6.600E+00  3.31362E-03  3.84657E-17  1.37364E+00  4.75114E-05  1.0E-07
  6.700E+00  3.41468E-03  3.68902E-17  1.31737E+00  4.85596E-05  1.0E-07
  6.800E+00  3.51725E-03  3.54001E-17  1.26416E+00  4.96103E-05  1.0E-07
  6.900E+00  3.62133E-03  3.39893E-17  1.21378E+00  5.06633E-05  1.0E-07
  7.000E+00  3.72692E-03  3.26523E-17  1.16604E+00  5.17182E-05  1.0E-07
  7.100E+00  3.83403E-03  3.13840E-17  1.12074E+00  5.27746E-05  1.0E-07
  7.200E+00  3.94265E-03  3.01797E-17  1.07774E+00  5.38321E-05  1.0E-07
  7.300E+00  4.05278E-03  2.90351E-17  1.03686E+00  5.48903E-05  1.0E-07
  7.400E+00  4.16442E-03  2.79463E-17  9.97981E-01  5.59488E-05  1.0E-07
  7.500E+00  4.27757E-03  2.69098E-17  9.60966E-01  5.70073E-05  1.0E-07
  7.600E+00  4.39223E-03  2.59223E-17  9.25701E-01  5.80651E-05  1.0E-07
  7.700E+00  4.50840E-03  2.49807E-17  8.92079E-01  5.91218E-05  1.0E-07
  7.800E+00  4.62608E-03  2.40825E-17  8.60002E-01  6.01768E-05  1.0E-07
  7.900E+00  4.74527E-03  2.32250E-17  8.29381E-01  6.12293E-05  1.0E-07
  8.000E+00  4.86597E-03  2.24060E-17  8.00131E-01  6.22788E-05  1.0E-07
  8.100E+00  4.98817E-03  2.16231E-17  7.72176E-01  6.33243E-05  1.0E-07
  8.200E+00  5.11188E-03  2.08745E-17  7.45443E-01  6.43654E-05  1.0E-07
  8.300E+00  5.23711E-03  2.01583E-17  7.19865E-01  6.54012E-05  1.0E-07
  8.400E+00  5.36383E-03  1.94726E-17  6.95378E-01  6.64311E-05  1.0E-07
  8.500E+00  5.49207E-03  1.88158E-17  6.71925E-01  6.74542E-05  1.0E-07
  8.600E+00  5.62181E-03  1.81864E-17  6.49449E-01  6.84698E-05  1.0E-07
  8.700E+00  5.75306E-03  1.75830E-17  6.27900E-01  6.94772E-05  1.0E-07
  8.800E+00  5.88581E-03  1.70041E-17  6.07227E-01  7.04753E-05  1.0E-07
  8.900E+00  6.02007E-03  1.64485E-17  5.87387E-01  7.14636E-05  1.0E-07
  9.000E+00  6.15583E-03  1.59151E-17  5.68337E-01  7.24411E-05  1.0E-07
  9.100E+00  6.29310E-03  1.54026E-17  5.50037E-01  7.34070E-05  1.0E-07
  9.200E+00  6.43187E-03  1.49102E-17  5.32452E-01  7.43605E-05  1.0E-07
  9.300E+00  6.57214E-03  1.44368E-17  5.15546E-01  7.53006E-05  1.0E-07
  9.400E+00  6.71392E-03  1.39815E-17  4.99290E-01  7.62263E-05  1.0E-07
  9.500E+00  6.85720E-03  1.35436E-17  4.83651E-01  7.71368E-05  1.0E-07
  9.600E+00  7.00198E-03  1.31223E-17  4.68604E-01  7.80309E-05  1.0E-07
  9.700E+00  7.14827E-03  1.27167E-17  4.54122E-01  7.89080E-05  1.0E-07
  9.800E+00  7.29605E-03  1.23263E-17  4.40180E-01  7.97671E-05  1.0E-07
  9.900E+00  7.44534E-03  1.19503E-17  4.26755E-01  8.06075E-05  1.0E-07
  1.000E+01  7.59612E-03  1.15882E-17  4.13823E-01  8.14285E-05  1.0E-07
  1.025E+01  7.97965E-03  1.07395E-17  3.83515E-01  8.33914E-05  1.0E-07
  1.050E+01  8.37255E-03  9.96476E-18  3.55848E-01  8.52169E-05  1.0E-07
  1.075E+01  8.77480E-03  9.25624E-18  3.30546E-01  8.68922E-05  1.0E-07
  1.100E+01  9.18641E-03  8.60727E-18  3.07371E-01  8.84010E-05  1.0E-07
  1.125E+01  9.60736E-03  8.01214E-18  2.86119E-01  8.97232E-05  1.0E-07
  1.150E+01  1.00376E-02  7.46589E-18  2.66612E-01  9.08404E-05  1.0E-07
  1.175E+01  1.04773E-02  6.96402E-18  2.48690E-01  9.17395E-05  1.0E-07
  1.200E+01  1.09262E-02  6.50237E-18  2.32204E-01  9.24124E-05  1.0E-07
  1.225E+01  1.13844E-02  6.07707E-18  2.17016E-01  9.28526E-05  1.0E-07
  1.250E+01  1.18520E-02  5.68471E-18  2.03005E-01  9.30502E-05  1.0E-07
  1.275E+01  1.23288E-02  5.32238E-18  1.90066E-01  9.29873E-05  1.0E-07
  1.300E+01  1.28150E-02  4.98755E-18  1.78109E-01  9.26428E-05  1.0E-07
  1.325E+01  1.33104E-02  4.67800E-18  1.67054E-01  9.20009E-05  1.0E-07
  1.350E+01  1.38150E-02  4.39156E-18  1.56826E-01  9.10561E-05  1.0E-07
  1.375E+01  1.43290E-02  4.12619E-18  1.47349E-01  8.98097E-05  1.0E-07
  1.400E+01  1.48521E-02  3.87997E-18  1.38556E-01  8.82624E-05  1.0E-07
  1.425E+01  1.53845E-02  3.65127E-18  1.30389E-01  8.64034E-05  1.0E-07
  1.450E+01  1.59262E-02  3.43872E-18  1.22799E-01  8.42089E-05  1.0E-07
  1.475E+01  1.64770E-02  3.24113E-18  1.15743E-01  8.16545E-05  1.0E-07
  1.500E+01  1.70371E-02  3.05734E-18  1.09180E-01  7.87273E-05  1.0E-07
  1.525E+01  1.76063E-02  2.88622E-18  1.03069E-01  7.54297E-05  1.0E-07
  1.550E+01  1.81848E-02  2.72667E-18  9.73713E-02  7.17732E-05  1.0E-07
  1.575E+01  1.87724E-02  2.57773E-18  9.20523E-02  6.77632E-05  1.0E-07
  1.600E+01  1.93692E-02  2.43858E-18  8.70833E-02  6.33865E-05  1.0E-07
  1.625E+01  1.99751E-02  2.30858E-18  8.24408E-02  5.86182E-05  1.0E-07
  1.650E+01  2.05901E-02  2.18709E-18  7.81026E-02  5.34372E-05  1.0E-07
  1.675E+01  2.12143E-02  2.07350E-18  7.40459E-02  4.78376E-05  1.0E-07
  1.700E+01  2.18476E-02  1.96713E-18  7.02474E-02  4.18303E-05  1.0E-07
  1.725E+01  2.24900E-02  1.86739E-18  6.66858E-02  3.54310E-05  1.0E-07
  1.750E+01  2.31415E-02  1.77379E-18  6.33431E-02  2.86407E-05  1.0E-07
  1.775E+01  2.38021E-02  1.68592E-18  6.02054E-02  2.14418E-05  1.0E-07
  1.800E+01  2.44717E-02  1.60345E-18  5.72604E-02  1.38098E-05  1.0E-07
  1.825E+01  2.51504E-02  1.52602E-18  5.44950E-02  5.72875E-06  1.0E-07
  1.850E+01  2.58382E-02  1.45322E-18  5.18955E-02  0.00000E+00  1.0E-07
  1.875E+01  2.65349E-02  1.38469E-18  4.94481E-02 -1.17545E-05  1.0E-07
  1.900E+01  2.72407E-02  1.32009E-18  4.71413E-02 -2.11239E-05  1.0E-07
  1.925E+01  2.79555E-02  1.25919E-18  4.49665E-02 -3.09091E-05  1.0E-07
  1.950E+01  2.86793E-02  1.20179E-18  4.29166E-02 -4.11271E-05  1.0E-07
  1.975E+01  2.94120E-02  1.14768E-18  4.09845E-02 -5.17985E-05  1.0E-07
  2.000E+01  3.01537E-02  1.09665E-18  3.91620E-02 -6.29340E-05  1.0E-07
  2.025E+01  3.09043E-02  1.04844E-18  3.74404E-02 -7.45265E-05  1.0E-07
  2.050E+01  3.16639E-02  1.00283E-18  3.58117E-02 -8.65594E-05  1.0E-07
  2.075E+01  3.24324E-02  9.59658E-19  3.42700E-02 -9.90222E-05  1.0E-07
  2.100E+01  3.32098E-02  9.18797E-19  3.28108E-02 -1.11916E-04  1.0E-07
  2.125E+01  3.39961E-02  8.80133E-19  3.14301E-02 -1.25254E-04  1.0E-07
  2.150E+01  3.47912E-02  8.43537E-19  3.01232E-02 -1.39050E-04  1.0E-07
  2.175E+01  3.55952E-02  8.08858E-19  2.88848E-02 -1.53310E-04  1.0E-07
  2.200E+01  3.64081E-02  7.75948E-19  2.77096E-02 -1.68030E-04  1.0E-07
  2.225E+01  3.72297E-02  7.44688E-19  2.65933E-02 -1.83198E-04  1.0E-07
  2.250E+01  3.80602E-02  7.14994E-19  2.55329E-02 -1.98808E-04  1.0E-07
  2.275E+01  3.88995E-02  6.86798E-19  2.45260E-02 -2.14858E-04  1.0E-07
  2.300E+01  3.97476E-02  6.60023E-19  2.35699E-02 -2.31356E-04  1.0E-07
  2.325E+01  4.06044E-02  6.34577E-19  2.26611E-02 -2.48311E-04  1.0E-07
  2.350E+01  4.14700E-02  6.10358E-19  2.17963E-02 -2.65724E-04  1.0E-07
  2.375E+01  4.23443E-02  5.87281E-19  2.09722E-02 -2.83594E-04  1.0E-07
  2.400E+01  4.32273E-02  5.65282E-19  2.01866E-02 -3.01912E-04  1.0E-07
  2.425E+01  4.41190E-02  5.44318E-19  1.94379E-02 -3.20673E-04  1.0E-07
  2.450E+01  4.50194E-02  5.24345E-19  1.87247E-02 -3.39875E-04  1.0E-07
  2.475E+01  4.59284E-02  5.05311E-19  1.80450E-02 -3.59526E-04  1.0E-07
  2.500E+01  4.68461E-02  4.87151E-19  1.73965E-02 -3.79631E-04  1.0E-07
  2.550E+01  4.87074E-02  4.53225E-19  1.61849E-02 -4.21210E-04  1.0E-07
  2.600E+01  5.06030E-02  4.22236E-19  1.50783E-02 -4.64581E-04  1.0E-07
  2.650E+01  5.25328E-02  3.93929E-19  1.40674E-02 -5.09724E-04  1.0E-07
  2.700E+01  5.44967E-02  3.67984E-19  1.31410E-02 -5.56663E-04  1.0E-07
  2.750E+01  5.64946E-02  3.44162E-19  1.22902E-02 -6.05396E-04  1.0E-07
  2.800E+01  5.85262E-02  3.22294E-19  1.15093E-02 -6.55903E-04  1.0E-07
  2.850E+01  6.05914E-02  3.02169E-19  1.07906E-02 -7.08184E-04  1.0E-07
  2.900E+01  6.26901E-02  2.83604E-19  1.01277E-02 -7.62234E-04  1.0E-07
  2.950E+01  6.48222E-02  2.66480E-19  9.51616E-03 -8.18068E-04  1.0E-07
  3.000E+01  6.69873E-02  2.50659E-19  8.95121E-03 -8.75678E-04  1.0E-07
  3.050E+01  6.91854E-02  2.36010E-19  8.42807E-03 -9.35003E-04  1.0E-07
  3.100E+01  7.14163E-02  2.22441E-19  7.94352E-03 -9.96086E-04  1.0E-07
  3.150E+01  7.36799E-02  2.09858E-19  7.49416E-03 -1.05900E-03  1.0E-07
  3.200E+01  7.59760E-02  1.98166E-19  7.07663E-03 -1.12361E-03  1.0E-07
  3.250E+01  7.83043E-02  1.87298E-19  6.68854E-03 -1.18987E-03  1.0E-07
  3.300E+01  8.06647E-02  1.77187E-19  6.32747E-03 -1.25793E-03  1.0E-07
  3.350E+01  8.30571E-02  1.67760E-19  5.99081E-03 -1.32774E-03  1.0E-07
  3.400E+01  8.54812E-02  1.58964E-19  5.67671E-03 -1.39917E-03  1.0E-07
  3.450E+01  8.79369E-02  1.50753E-19  5.38347E-03 -1.47241E-03  1.0E-07
  3.500E+01  9.04240E-02  1.43075E-19  5.10930E-03 -1.54741E-03  1.0E-07
  3.550E+01  9.29422E-02  1.35893E-19  4.85283E-03 -1.62388E-03  1.0E-07
  3.600E+01  9.54915E-02  1.29170E-19  4.61276E-03 -1.70207E-03  1.0E-07
  3.650E+01  9.80716E-02  1.22866E-19  4.38762E-03 -1.78213E-03  1.0E-07
  3.700E+01  1.00682E-01  1.16950E-19  4.17636E-03 -1.86372E-03  1.0E-07
  3.750E+01  1.03323E-01  1.11397E-19  3.97808E-03 -1.94684E-03  1.0E-07
  3.800E+01  1.05995E-01  1.06179E-19  3.79172E-03 -2.03179E-03  1.0E-07
  3.850E+01  1.08696E-01  1.01271E-19  3.61644E-03 -2.11827E-03  1.0E-07
  3.900E+01  1.11427E-01  9.66513E-20  3.45148E-03 -2.20621E-03  1.0E-07
  3.950E+01  1.14188E-01  9.22982E-20  3.29603E-03 -2.29597E-03  1.0E-07
  4.000E+01  1.16978E-01  8.81932E-20  3.14943E-03 -2.38735E-03  1.0E-07
  4.050E+01  1.19797E-01  8.43220E-20  3.01119E-03 -2.48004E-03  1.0E-07
  4.100E+01  1.22645E-01  8.06671E-20  2.88068E-03 -2.57440E-03  1.0E-07
  4.150E+01  1.25522E-01  7.72133E-20  2.75734E-03 -2.67043E-03  1.0E-07
  4.200E+01  1.28428E-01  7.39491E-20  2.64077E-03 -2.76773E-03  1.0E-07
  4.250E+01  1.31361E-01  7.08610E-20  2.53049E-03 -2.86655E-03  1.0E-07
  4.300E+01  1.34323E-01  6.79366E-20  2.42606E-03 -2.96707E-03  1.0E-07
  4.350E+01  1.37313E-01  6.51673E-20  2.32717E-03 -3.06883E-03  1.0E-07
  4.400E+01  1.40330E-01  6.25424E-20  2.23343E-03 -3.17197E-03  1.0E-07
  4.450E+01  1.43375E-01  6.00515E-20  2.14448E-03 -3.27679E-03  1.0E-07
  4.500E+01  1.46447E-01  5.76880E-20  2.06008E-03 -3.38290E-03  1.0E-07
  4.550E+01  1.49545E-01  5.54443E-20  1.97995E-03 -3.49020E-03  1.0E-07
  4.600E+01  1.52671E-01  5.33117E-20  1.90379E-03 -3.59909E-03  1.0E-07
  4.650E+01  1.55823E-01  5.12845E-20  1.83140E-03 -3.70929E-03  1.0E-07
  4.700E+01  1.59001E-01  4.93571E-20  1.76257E-03 -3.82059E-03  1.0E-07
  4.750E+01  1.62205E-01  4.75222E-20  1.69705E-03 -3.93330E-03  1.0E-07
  4.800E+01  1.65435E-01  4.57751E-20  1.63466E-03 -4.04734E-03  1.0E-07
  4.850E+01  1.68690E-01  4.41113E-20  1.57524E-03 -4.16239E-03  1.0E-07
  4.900E+01  1.71970E-01  4.25250E-20  1.51860E-03 -4.27875E-03  1.0E-07
  4.950E+01  1.75276E-01  4.10118E-20  1.46456E-03 -4.39644E-03  1.0E-07
  5.000E+01  1.78606E-01  3.95685E-20  1.41302E-03 -4.51511E-03  1.0E-07
  5.050E+01  1.81961E-01  3.81908E-20  1.36382E-03 -4.63489E-03  1.0E-07
  5.100E+01  1.85340E-01  3.68748E-20  1.31682E-03 -4.75592E-03  1.0E-07
  5.150E+01  1.88743E-01  3.56178E-20  1.27193E-03 -4.87790E-03  1.0E-07
  5.200E+01  1.92169E-01  3.44164E-20  1.22903E-03 -5.00087E-03  1.0E-07
  5.250E+01  1.95619E-01  3.32673E-20  1.18800E-03 -5.12497E-03  1.0E-07
  5.300E+01  1.99092E-01  3.21682E-20  1.14875E-03 -5.25000E-03  1.0E-07
  5.350E+01  2.02589E-01  3.11166E-20  1.11119E-03 -5.37586E-03  1.0E-07
  5.400E+01  2.06107E-01  3.01094E-20  1.07523E-03 -5.50274E-03  1.0E-07
  5.450E+01  2.09649E-01  2.91445E-20  1.04077E-03 -5.63054E-03  1.0E-07
  5.500E+01  2.13212E-01  2.82201E-20  1.00776E-03 -5.75913E-03  1.0E-07
  5.550E+01  2.16797E-01  2.73337E-20  9.76105E-04 -5.88860E-03  1.0E-07
  5.600E+01  2.20404E-01  2.64836E-20  9.45748E-04 -6.01891E-03  1.0E-07
  5.650E+01  2.24032E-01  2.56683E-20  9.16630E-04 -6.14991E-03  1.0E-07
  5.700E+01  2.27680E-01  2.48858E-20  8.88687E-04 -6.28163E-03  1.0E-07
  5.750E+01  2.31350E-01  2.41345E-20  8.61859E-04 -6.41407E-03  1.0E-07
  5.800E+01  2.35040E-01  2.34131E-20  8.36097E-04 -6.54712E-03  1.0E-07
  5.850E+01  2.38751E-01  2.27200E-20  8.11346E-04 -6.68079E-03  1.0E-07
  5.900E+01  2.42481E-01  2.20538E-20  7.87557E-04 -6.81510E-03  1.0E-07
  5.950E+01  2.46231E-01  2.14134E-20  7.64685E-04 -6.94996E-03  1.0E-07
  6.000E+01  2.50000E-01  2.07974E-20  7.42688E-04 -7.08535E-03  1.0E-07
  6.050E+01  2.53788E-01  2.02047E-20  7.21524E-04 -7.22125E-03  1.0E-07
  6.100E+01  2.57595E-01  1.96344E-20  7.01157E-04 -7.35762E-03  1.0E-07
  6.150E+01  2.61421E-01  1.90853E-20  6.81549E-04 -7.49441E-03  1.0E-07
  6.200E+01  2.65264E-01  1.85566E-20  6.62667E-04 -7.63159E-03  1.0E-07
  6.250E+01  2.69126E-01  1.80473E-20  6.44480E-04 -7.76912E-03  1.0E-07
  6.300E+01  2.73005E-01  1.75565E-20  6.26955E-04 -7.90696E-03  1.0E-07
  6.350E+01  2.76901E-01  1.70836E-20  6.10065E-04 -8.04506E-03  1.0E-07
  6.400E+01  2.80814E-01  1.66276E-20  5.93782E-04 -8.18341E-03  1.0E-07
  6.450E+01  2.84744E-01  1.61878E-20  5.78077E-04 -8.32196E-03  1.0E-07
  6.500E+01  2.88691E-01  1.57636E-20  5.62927E-04 -8.46068E-03  1.0E-07
  6.550E+01  2.92653E-01  1.53541E-20  5.48306E-04 -8.59958E-03  1.0E-07
  6.600E+01  2.96632E-01  1.49589E-20  5.34192E-04 -8.73861E-03  1.0E-07
  6.650E+01  3.00625E-01  1.45773E-20  5.20564E-04 -8.87772E-03  1.0E-07
  6.700E+01  3.04634E-01  1.42087E-20  5.07401E-04 -9.01688E-03  1.0E-07
  6.750E+01  3.08658E-01  1.38526E-20  4.94687E-04 -9.15603E-03  1.0E-07
  6.800E+01  3.12697E-01  1.35086E-20  4.82402E-04 -9.29513E-03  1.0E-07
  6.850E+01  3.16749E-01  1.31761E-20  4.70529E-04 -9.43414E-03  1.0E-07
  6.900E+01  3.20816E-01  1.28547E-20  4.59051E-04 -9.57302E-03  1.0E-07
  6.950E+01  3.24896E-01  1.25439E-20  4.47951E-04 -9.71176E-03  1.0E-07
  7.000E+01  3.28990E-01  1.22433E-20  4.37214E-04 -9.85033E-03  1.0E-07
  7.050E+01  3.33097E-01  1.19524E-20  4.26826E-04 -9.98868E-03  1.0E-07
  7.100E+01  3.37216E-01  1.16708E-20  4.16773E-04 -1.01268E-02  1.0E-07
  7.150E+01  3.41348E-01  1.13983E-20  4.07042E-04 -1.02647E-02  1.0E-07
  7.200E+01  3.45492E-01  1.11345E-20  3.97619E-04 -1.04022E-02  1.0E-07
  7.250E+01  3.49647E-01  1.08789E-20  3.88494E-04 -1.05394E-02  1.0E-07
  7.300E+01  3.53814E-01  1.06314E-20  3.79655E-04 -1.06762E-02  1.0E-07
  7.350E+01  3.57992E-01  1.03916E-20  3.71091E-04 -1.08126E-02  1.0E-07
  7.400E+01  3.62181E-01  1.01592E-20  3.62792E-04 -1.09485E-02  1.0E-07
  7.450E+01  3.66381E-01  9.93398E-21  3.54749E-04 -1.10839E-02  1.0E-07
  7.500E+01  3.70590E-01  9.71563E-21  3.46951E-04 -1.12188E-02  1.0E-07
  7.550E+01  3.74810E-01  9.50391E-21  3.39391E-04 -1.13530E-02  1.0E-07
  7.600E+01  3.79039E-01  9.29857E-21  3.32058E-04 -1.14867E-02  1.0E-07
  7.650E+01  3.83277E-01  9.09935E-21  3.24944E-04 -1.16197E-02  1.0E-07
  7.700E+01  3.87524E-01  8.90604E-21  3.18041E-04 -1.17521E-02  1.0E-07
  7.750E+01  3.91780E-01  8.71841E-21  3.11340E-04 -1.18838E-02  1.0E-07
  7.800E+01  3.96044E-01  8.53626E-21  3.04836E-04 -1.20149E-02  1.0E-07
  7.850E+01  4.00316E-01  8.35942E-21  2.98520E-04 -1.21451E-02  1.0E-07
  7.900E+01  4.04596E-01  8.18770E-21  2.92388E-04 -1.22745E-02  1.0E-07
  7.950E+01  4.08882E-01  8.02093E-21  2.86433E-04 -1.24031E-02  1.0E-07
  8.000E+01  4.13176E-01  7.85893E-21  2.80647E-04 -1.25308E-02  1.0E-07
  8.050E+01  4.17476E-01  7.70153E-21  2.75027E-04 -1.26576E-02  1.0E-07
  8.100E+01  4.21783E-01  7.54858E-21  2.69565E-04 -1.27834E-02  1.0E-07
  8.150E+01  4.26095E-01  7.39990E-21  2.64255E-04 -1.29083E-02  1.0E-07
  8.200E+01  4.30413E-01  7.25537E-21  2.59094E-04 -1.30321E-02  1.0E-07
  8.250E+01  4.34737E-01  7.11484E-21  2.54076E-04 -1.31550E-02  1.0E-07
  8.300E+01  4.39065E-01  6.97818E-21  2.49195E-04 -1.32767E-02  1.0E-07
  8.350E+01  4.43398E-01  6.84525E-21  2.44448E-04 -1.33974E-02  1.0E-07
  8.400E+01  4.47736E-01  6.71593E-21  2.39830E-04 -1.35170E-02  1.0E-07
  8.450E+01  4.52077E-01  6.59009E-21  2.35336E-04 -1.36354E-02  1.0E-07
  8.500E+01  4.56422E-01  6.46762E-21  2.30963E-04 -1.37527E-02  1.0E-07
  8.550E+01  4.60770E-01  6.34842E-21  2.26706E-04 -1.38687E-02  1.0E-07
  8.600E+01  4.65122E-01  6.23239E-21  2.22563E-04 -1.39835E-02  1.0E-07
  8.650E+01  4.69476E-01  6.11943E-21  2.18529E-04 -1.40970E-02  1.0E-07
  8.700E+01  4.73832E-01  6.00944E-21  2.14601E-04 -1.42091E-02  1.0E-07
  8.750E+01  4.78190E-01  5.90233E-21  2.10776E-04 -1.43199E-02  1.0E-07
  8.800E+01  4.82550E-01  5.79800E-21  2.07050E-04 -1.44293E-02  1.0E-07
  8.850E+01  4.86912E-01  5.69636E-21  2.03421E-04 -1.45373E-02  1.0E-07
  8.900E+01  4.91274E-01  5.59731E-21  1.99884E-04 -1.46439E-02  1.0E-07
  8.950E+01  4.95637E-01  5.50078E-21  1.96437E-04 -1.47491E-02  1.0E-07
  9.000E+01  5.00000E-01  5.40670E-21  1.93077E-04 -1.48528E-02  1.0E-07
  9.050E+01  5.04363E-01  5.31499E-21  1.89802E-04 -1.49549E-02  1.0E-07
  9.100E+01  5.08726E-01  5.22557E-21  1.86609E-04 -1.50556E-02  1.0E-07
  9.150E+01  5.13088E-01  5.13839E-21  1.83495E-04 -1.51547E-02  1.0E-07
  9.200E+01  5.17450E-01  5.05338E-21  1.80459E-04 -1.52522E-02  1.0E-07
  9.250E+01  5.21810E-01  4.97045E-21  1.77498E-04 -1.53481E-02  1.0E-07
  9.300E+01  5.26168E-01  4.88956E-21  1.74609E-04 -1.54423E-02  1.0E-07
  9.350E+01  5.30524E-01  4.81066E-21  1.71792E-04 -1.55348E-02  1.0E-07
  9.400E+01  5.34878E-01  4.73367E-21  1.69042E-04 -1.56257E-02  1.0E-07
  9.450E+01  5.39230E-01  4.65854E-21  1.66360E-04 -1.57148E-02  1.0E-07
  9.500E+01  5.43578E-01  4.58523E-21  1.63742E-04 -1.58021E-02  1.0E-07
  9.550E+01  5.47923E-01  4.51367E-21  1.61186E-04 -1.58877E-02  1.0E-07
  9.600E+01  5.52264E-01  4.44380E-21  1.58691E-04 -1.59715E-02  1.0E-07
  9.650E+01  5.56602E-01  4.37559E-21  1.56255E-04 -1.60535E-02  1.0E-07
  9.700E+01  5.60935E-01  4.30899E-21  1.53877E-04 -1.61336E-02  1.0E-07
  9.750E+01  5.65263E-01  4.24393E-21  1.51554E-04 -1.62119E-02  1.0E-07
  9.800E+01  5.69587E-01  4.18040E-21  1.49285E-04 -1.62884E-02  1.0E-07
  9.850E+01  5.73905E-01  4.11834E-21  1.47069E-04 -1.63629E-02  1.0E-07
  9.900E+01  5.78217E-01  4.05771E-21  1.44903E-04 -1.64355E-02  1.2E-07
  9.950E+01  5.82524E-01  3.99848E-21  1.42788E-04 -1.65062E-02  1.0E-07
  1.000E+02  5.86824E-01  3.94061E-21  1.40722E-04 -1.65748E-02  1.0E-07
  1.005E+02  5.91118E-01  3.88405E-21  1.38702E-04 -1.66414E-02  1.0E-07
  1.010E+02  5.95404E-01  3.82878E-21  1.36728E-04 -1.67061E-02  1.1E-07
  1.015E+02  5.99684E-01  3.77477E-21  1.34799E-04 -1.67686E-02  1.0E-07
  1.020E+02  6.03956E-01  3.72196E-21  1.32914E-04 -1.68292E-02  1.0E-07
  1.025E+02  6.08220E-01  3.67034E-21  1.31070E-04 -1.68876E-02  1.0E-07
  1.030E+02  6.12476E-01  3.61986E-21  1.29268E-04 -1.69440E-02  1.1E-07
  1.035E+02  6.16723E-01  3.57051E-21  1.27505E-04 -1.69983E-02  1.0E-07
  1.040E+02  6.20961E-01  3.52223E-21  1.25781E-04 -1.70504E-02  1.0E-07
  1.045E+02  6.25190E-01  3.47502E-21  1.24095E-04 -1.71004E-02  1.0E-07
  1.050E+02  6.29410E-01  3.42885E-21  1.22446E-04 -1.71483E-02  1.1E-07
  1.055E+02  6.33619E-01  3.38367E-21  1.20833E-04 -1.71940E-02  1.0E-07
  1.060E+02  6.37819E-01  3.33948E-21  1.19255E-04 -1.72375E-02  1.0E-07
  1.065E+02  6.42008E-01  3.29624E-21  1.17711E-04 -1.72789E-02  1.0E-07
  1.070E+02  6.46186E-01  3.25393E-21  1.16200E-04 -1.73180E-02  1.0E-07
  1.075E+02  6.50353E-01  3.21253E-21  1.14722E-04 -1.73548E-02  1.0E-07
  1.080E+02  6.54508E-01  3.17202E-21  1.13275E-04 -1.73894E-02  1.0E-07
  1.085E+02  6.58652E-01  3.13237E-21  1.11859E-04 -1.74217E-02  1.0E-07
  1.090E+02  6.62784E-01  3.09356E-21  1.10473E-04 -1.74517E-02  1.0E-07
  1.095E+02  6.66903E-01  3.05557E-21  1.09116E-04 -1.74794E-02  1.0E-07
  1.100E+02  6.71010E-01  3.01838E-21  1.07788E-04 -1.75048E-02  1.0E-07
  1.105E+02  6.75104E-01  2.98198E-21  1.06488E-04 -1.75279E-02  1.0E-07
  1.110E+02  6.79184E-01  2.94633E-21  1.05215E-04 -1.75487E-02  1.0E-07
  1.115E+02  6.83251E-01  2.91142E-21  1.03969E-04 -1.75671E-02  1.0E-07
  1.120E+02  6.87303E-01  2.87723E-21  1.02748E-04 -1.75833E-02  1.0E-07
  1.125E+02  6.91342E-01  2.84375E-21  1.01552E-04 -1.75970E-02  1.0E-07
  1.130E+02  6.95366E-01  2.81095E-21  1.00381E-04 -1.76084E-02  1.0E-07
  1.135E+02  6.99375E-01  2.77883E-21  9.92339E-05 -1.76175E-02  1.0E-07
  1.140E+02  7.03368E-01  2.74737E-21  9.81103E-05 -1.76241E-02  1.0E-07
  1.145E+02  7.07347E-01  2.71654E-21  9.70096E-05 -1.76283E-02  1.0E-07
  1.150E+02  7.11309E-01  2.68635E-21  9.59312E-05 -1.76302E-02  1.0E-07
  1.155E+02  7.15256E-01  2.65677E-21  9.48748E-05 -1.76296E-02  1.0E-07
  1.160E+02  7.19186E-01  2.62778E-21  9.38398E-05 -1.76266E-02  1.0E-07
  1.165E+02  7.23099E-01  2.59938E-21  9.28256E-05 -1.76212E-02  1.0E-07
  1.170E+02  7.26995E-01  2.57155E-21  9.18318E-05 -1.76133E-02  1.0E-07
  1.175E+02  7.30874E-01  2.54428E-21  9.08580E-05 -1.76030E-02  1.0E-07
  1.180E+02  7.34736E-01  2.51756E-21  8.99036E-05 -1.75903E-02  1.0E-07
  1.185E+02  7.38579E-01  2.49136E-21  8.89682E-05 -1.75751E-02  1.0E-07
  1.190E+02  7.42405E-01  2.46569E-21  8.80515E-05 -1.75574E-02  1.0E-07
  1.195E+02  7.46212E-01  2.44053E-21  8.71529E-05 -1.75374E-02  1.0E-07
  1.200E+02  7.50000E-01  2.41586E-21  8.62721E-05 -1.75148E-02  1.0E-07
  1.205E+02  7.53769E-01  2.39169E-21  8.54087E-05 -1.74898E-02  1.0E-07
  1.210E+02  7.57519E-01  2.36798E-21  8.45621E-05 -1.74624E-02  1.0E-07
  1.215E+02  7.61249E-01  2.34474E-21  8.37322E-05 -1.74325E-02  1.0E-07
  1.220E+02  7.64960E-01  2.32196E-21  8.29186E-05 -1.74001E-02  1.0E-07
  1.225E+02  7.68650E-01  2.29962E-21  8.21209E-05 -1.73653E-02  1.0E-07
  1.230E+02  7.72320E-01  2.27771E-21  8.13386E-05 -1.73280E-02  1.0E-07
  1.235E+02  7.75968E-01  2.25624E-21  8.05717E-05 -1.72882E-02  1.0E-07
  1.240E+02  7.79596E-01  2.23518E-21  7.98197E-05 -1.72460E-02  1.0E-07
  1.245E+02  7.83203E-01  2.21453E-21  7.90822E-05 -1.72014E-02  1.0E-07
  1.250E+02  7.86788E-01  2.19428E-21  7.83591E-05 -1.71542E-02  1.0E-07
  1.255E+02  7.90351E-01  2.17442E-21  7.76500E-05 -1.71046E-02  1.0E-07
  1.260E+02  7.93893E-01  2.15495E-21  7.69546E-05 -1.70525E-02  1.0E-07
  1.265E+02  7.97411E-01  2.13585E-21  7.62727E-05 -1.69980E-02  1.0E-07
  1.270E+02  8.00908E-01  2.11713E-21  7.56040E-05 -1.69410E-02  1.0E-07
  1.275E+02  8.04381E-01  2.09876E-21  7.49482E-05 -1.68816E-02  1.0E-07
  1.280E+02  8.07831E-01  2.08075E-21  7.43050E-05 -1.68197E-02  1.0E-07
  1.285E+02  8.11257E-01  2.06309E-21  7.36742E-05 -1.67554E-02  1.0E-07
  1.290E+02  8.14660E-01  2.04576E-21  7.30555E-05 -1.66886E-02  1.0E-07
  1.295E+02  8.18039E-01  2.02877E-21  7.24487E-05 -1.66194E-02  1.0E-07
  1.300E+02  8.21394E-01  2.01210E-21  7.18535E-05 -1.65478E-02  1.0E-07
  1.305E+02  8.24724E-01  1.99576E-21  7.12697E-05 -1.64738E-02  1.0E-07
  1.310E+02  8.28030E-01  1.97972E-21  7.06971E-05 -1.63974E-02  1.0E-07
  1.315E+02  8.31310E-01  1.96400E-21  7.01355E-05 -1.63186E-02  1.0E-07
  1.320E+02  8.34565E-01  1.94857E-21  6.95847E-05 -1.62374E-02  1.0E-07
  1.325E+02  8.37795E-01  1.93344E-21  6.90444E-05 -1.61538E-02  1.0E-07
  1.330E+02  8.40999E-01  1.91860E-21  6.85145E-05 -1.60679E-02  1.0E-07
  1.335E+02  8.44177E-01  1.90405E-21  6.79947E-05 -1.59796E-02  1.0E-07
  1.340E+02  8.47329E-01  1.88977E-21  6.74850E-05 -1.58889E-02  1.0E-07
  1.345E+02  8.50455E-01  1.87577E-21  6.69850E-05 -1.57959E-02  1.0E-07
  1.350E+02  8.53553E-01  1.86204E-21  6.64946E-05 -1.57005E-02  1.0E-07
  1.355E+02  8.56625E-01  1.84857E-21  6.60137E-05 -1.56029E-02  1.0E-07
  1.360E+02  8.59670E-01  1.83537E-21  6.55421E-05 -1.55029E-02  1.0E-07
  1.365E+02  8.62687E-01  1.82241E-21  6.50796E-05 -1.54006E-02  1.0E-07
  1.370E+02  8.65677E-01  1.80971E-21  6.46260E-05 -1.52960E-02  1.0E-07
  1.375E+02  8.68639E-01  1.79726E-21  6.41813E-05 -1.51891E-02  1.0E-07
  1.380E+02  8.71572E-01  1.78505E-21  6.37451E-05 -1.50800E-02  1.0E-07
  1.385E+02  8.74478E-01  1.77307E-21  6.33175E-05 -1.49686E-02  1.0E-07
  1.390E+02  8.77355E-01  1.76133E-21  6.28982E-05 -1.48550E-02  1.0E-07
  1.395E+02  8.80203E-01  1.74982E-21  6.24871E-05 -1.47392E-02  1.0E-07
  1.400E+02  8.83022E-01  1.73853E-21  6.20841E-05 -1.46211E-02  1.0E-07
  1.405E+02  8.85812E-01  1.72747E-21  6.16889E-05 -1.45009E-02  1.0E-07
  1.410E+02  8.88573E-01  1.71662E-21  6.13016E-05 -1.43785E-02  1.0E-07
  1.415E+02  8.91304E-01  1.70599E-21  6.09219E-05 -1.42539E-02  1.0E-07
  1.420E+02  8.94005E-01  1.69557E-21  6.05497E-05 -1.41272E-02  1.0E-07
  1.425E+02  8.96677E-01  1.68535E-21  6.01850E-05 -1.39984E-02  1.0E-07
  1.430E+02  8.99318E-01  1.67534E-21  5.98275E-05 -1.38675E-02  1.0E-07
  1.435E+02  9.01928E-01  1.66553E-21  5.94772E-05 -1.37345E-02  1.0E-07
  1.440E+02  9.04508E-01  1.65592E-21  5.91339E-05 -1.35994E-02  1.0E-07
  1.445E+02  9.07058E-01  1.64650E-21  5.87976E-05 -1.34622E-02  1.0E-07
  1.450E+02  9.09576E-01  1.63727E-21  5.84681E-05 -1.33230E-02  1.0E-07
  1.455E+02  9.12063E-01  1.62823E-21  5.81453E-05 -1.31819E-02  1.0E-07
  1.460E+02  9.14519E-01  1.61938E-21  5.78291E-05 -1.30387E-02  1.0E-07
  1.465E+02  9.16943E-01  1.61071E-21  5.75195E-05 -1.28935E-02  1.0E-07
  1.470E+02  9.19335E-01  1.60222E-21  5.72163E-05 -1.27464E-02  1.0E-07
  1.475E+02  9.21696E-01  1.59391E-21  5.69194E-05 -1.25974E-02  1.0E-07
  1.480E+02  9.24024E-01  1.58577E-21  5.66288E-05 -1.24464E-02  1.0E-07
  1.485E+02  9.26320E-01  1.57780E-21  5.63443E-05 -1.22936E-02  1.0E-07
  1.490E+02  9.28584E-01  1.57001E-21  5.60659E-05 -1.21389E-02  1.0E-07
  1.495E+02  9.30815E-01  1.56238E-21  5.57935E-05 -1.19823E-02  1.0E-07
  1.500E+02  9.33013E-01  1.55491E-21  5.55270E-05 -1.18239E-02  1.0E-07
  1.505E+02  9.35178E-01  1.54761E-21  5.52663E-05 -1.16637E-02  1.0E-07
  1.510E+02  9.37310E-01  1.54047E-21  5.50113E-05 -1.15017E-02  1.0E-07
  1.515E+02  9.39409E-01  1.53349E-21  5.47620E-05 -1.13380E-02  1.0E-07
  1.520E+02  9.41474E-01  1.52667E-21  5.45183E-05 -1.11725E-02  1.0E-07
  1.525E+02  9.43505E-01  1.52000E-21  5.42802E-05 -1.10054E-02  1.0E-07
  1.530E+02  9.45503E-01  1.51348E-21  5.40474E-05 -1.08365E-02  1.0E-07
  1.535E+02  9.47467E-01  1.50712E-21  5.38201E-05 -1.06660E-02  1.0E-07
  1.540E+02  9.49397E-01  1.50090E-21  5.35980E-05 -1.04938E-02  1.0E-07
  1.545E+02  9.51293E-01  1.49483E-21  5.33812E-05 -1.03201E-02  1.0E-07
  1.550E+02  9.53154E-01  1.48890E-21  5.31696E-05 -1.01447E-02  1.0E-07
  1.555E+02  9.54981E-01  1.48312E-21  5.29631E-05 -9.96785E-03  1.0E-07
  1.560E+02  9.56773E-01  1.47748E-21  5.27617E-05 -9.78942E-03  1.1E-07
  1.565E+02  9.58530E-01  1.47198E-21  5.25652E-05 -9.60950E-03  1.0E-07
  1.570E+02  9.60252E-01  1.46661E-21  5.23737E-05 -9.42810E-03  1.0E-07
  1.575E+02  9.61940E-01  1.46139E-21  5.21871E-05 -9.24524E-03  1.0E-07
  1.580E+02  9.63592E-01  1.45630E-21  5.20053E-05 -9.06097E-03  1.1E-07
  1.585E+02  9.65209E-01  1.45134E-21  5.18283E-05 -8.87529E-03  1.0E-07
  1.590E+02  9.66790E-01  1.44652E-21  5.16560E-05 -8.68825E-03  1.0E-07
  1.595E+02  9.68336E-01  1.44182E-21  5.14884E-05 -8.49989E-03  1.1E-07
  1.600E+02  9.69846E-01  1.43726E-21  5.13255E-05 -8.31020E-03  1.0E-07
  1.605E+02  9.71321E-01  1.43283E-21  5.11671E-05 -8.11924E-03  1.0E-07
  1.610E+02  9.72759E-01  1.42852E-21  5.10133E-05 -7.92703E-03  1.0E-07
  1.615E+02  9.74162E-01  1.42434E-21  5.08640E-05 -7.73359E-03  1.2E-07
  1.620E+02  9.75528E-01  1.42028E-21  5.07191E-05 -7.53895E-03  1.0E-07
  1.625E+02  9.76858E-01  1.41635E-21  5.05787E-05 -7.34315E-03  1.0E-07
  1.630E+02  9.78152E-01  1.41254E-21  5.04426E-05 -7.14623E-03  1.0E-07
  1.635E+02  9.79410E-01  1.40885E-21  5.03109E-05 -6.94820E-03  1.3E-07
  1.640E+02  9.80631E-01  1.40528E-21  5.01835E-05 -6.74909E-03  1.0E-07
  1.645E+02  9.81815E-01  1.40183E-21  5.00603E-05 -6.54894E-03  1.0E-07
  1.650E+02  9.82963E-01  1.39850E-21  4.99414E-05 -6.34778E-03  1.0E-07
  1.655E+02  9.84074E-01  1.39529E-21  4.98267E-05 -6.14562E-03  1.3E-07
  1.660E+02  9.85148E-01  1.39219E-21  4.97161E-05 -5.94253E-03  1.0E-07
  1.665E+02  9.86185E-01  1.38921E-21  4.96097E-05 -5.73851E-03  1.0E-07
  1.670E+02  9.87185E-01  1.38635E-21  4.95074E-05 -5.53361E-03  1.0E-07
  1.675E+02  9.88148E-01  1.38360E-21  4.94092E-05 -5.32785E-03  1.0E-07
  1.680E+02  9.89074E-01  1.38096E-21  4.93151E-05 -5.12126E-03  1.6E-07
  1.685E+02  9.89962E-01  1.37844E-21  4.92250E-05 -4.91389E-03  1.0E-07
  1.690E+02  9.90814E-01  1.37603E-21  4.91389E-05 -4.70574E-03  1.0E-07
  1.695E+02  9.91627E-01  1.37373E-21  4.90567E-05 -4.49685E-03  1.0E-07
  1.700E+02  9.92404E-01  1.37154E-21  4.89786E-05 -4.28729E-03  1.7E-07
  1.705E+02  9.93143E-01  1.36946E-21  4.89044E-05 -4.07706E-03  1.0E-07
  1.710E+02  9.93844E-01  1.36749E-21  4.88341E-05 -3.86619E-03  1.0E-07
  1.715E+02  9.94508E-01  1.36563E-21  4.87677E-05 -3.65473E-03  1.4E-07
  1.720E+02  9.95134E-01  1.36389E-21  4.87052E-05 -3.44270E-03  1.9E-07
  1.725E+02  9.95722E-01  1.36224E-21  4.86466E-05 -3.23011E-03  1.0E-07
  1.730E+02  9.96273E-01  1.36071E-21  4.85918E-05 -3.01703E-03  1.0E-07
  1.735E+02  9.96786E-01  1.35928E-21  4.85409E-05 -2.80351E-03  2.4E-07
  1.740E+02  9.97261E-01  1.35796E-21  4.84938E-05 -2.58953E-03  2.1E-07
  1.745E+02  9.97698E-01  1.35675E-21  4.84505E-05 -2.37514E-03  1.0E-07
  1.750E+02  9.98097E-01  1.35565E-21  4.84110E-05 -2.16042E-03  1.0E-07
  1.755E+02  9.98459E-01  1.35465E-21  4.83753E-05 -1.94535E-03  2.9E-07
  1.760E+02  9.98782E-01  1.35375E-21  4.83434E-05 -1.72992E-03  2.4E-07
  1.765E+02  9.99067E-01  1.35297E-21  4.83153E-05 -1.51427E-03  1.0E-07
  1.770E+02  9.99315E-01  1.35228E-21  4.82909E-05 -1.29841E-03  2.3E-07
  1.775E+02  9.99524E-01  1.35171E-21  4.82703E-05 -1.08229E-03  3.8E-07
  1.780E+02  9.99695E-01  1.35123E-21  4.82534E-05 -8.66039E-04  3.2E-07
  1.785E+02  9.99829E-01  1.35087E-21  4.82403E-05 -6.49704E-04  1.0E-07
  1.790E+02  9.99924E-01  1.35060E-21  4.82309E-05 -4.33164E-04  4.2E-07
  1.795E+02  9.99981E-01  1.35045E-21  4.82253E-05 -2.16530E-04  8.6E-07
  1.800E+02  1.00000E+00  1.35040E-21  4.82236E-05 -3.03802E-18  2.1E-06
