1	10.000000	-15.000000	0.000000
2	-10.000000	-15.000000	0.000000
3	10.000000	15.000000	0.000000
4	-10.000000	15.000000	0.000000
5	10.000000	-10.063706	0.000000
6	-10.000000	-10.063708	0.000000
7	10.000000	10.063706	0.000000
8	-10.000000	10.063705	0.000000
9	10.000000	-9.833731	0.674197
10	-10.000000	-9.833852	0.674290
11	10.000000	-1.076596	0.754367
12	-10.000000	-1.094872	0.739797
13	10.000000	1.083207	0.743798
14	-10.000000	1.086208	0.736823
15	10.000000	9.833852	0.674290
16	-10.000000	9.833731	0.674197
17	10.000000	-7.483556	0.900000
18	-10.000000	-7.483778	0.900000
19	10.000000	7.483562	0.900000
20	-10.000000	7.483750	0.900000
22	-10.000000	1.851792	-0.021122
23	10.000000	1.541528	0.318743
27	10.000000	-1.524655	0.227690
29	-0.000642	-10.000000	0.447001
30	0.000101	-9.434316	0.913554
31	-0.000172	-0.845670	0.468674
32	-0.000096	-0.000000	0.063330
33	-0.000221	0.845654	0.468719
34	-0.000101	9.434316	0.913554
35	0.000642	10.000000	0.447001
36	10.000000	-5.379787	0.457426
37	-10.000000	-5.379747	0.457411
38	10.000000	5.379663	0.457413
39	-10.000000	5.379753	0.457407
42	0.000000	-5.441321	-0.000000
43	0.006466	-0.036312	0.109994
44	0.000005	5.441293	-0.000000
45	0.000017	-4.880543	0.928921
46	0.000016	4.880542	0.928921
47	0.000000	0.000000	0.000000
48	0.000001	-10.068503	0.000000
49	-0.004340	-9.710859	0.900000
50	0.004940	-1.071852	0.638164
51	-0.003208	0.531984	0.231721
52	0.003360	1.071763	0.638123
53	0.004340	9.710859	0.900000
54	0.000001	10.068503	0.000000
55	10.000000	-10.000000	0.377361
56	-10.000000	-10.000000	0.377632
59	10.000000	10.000000	0.377632
60	-10.000000	10.000000	0.377361
61	10.000000	-9.169005	0.886763
62	-10.000000	-9.168979	0.886772
63	9.242826	-1.009590	0.523036
64	-9.321497	-1.076171	0.550432
65	9.356267	1.061403	0.585468
66	-9.322159	1.048949	0.547621
67	10.000000	9.168973	0.886773
68	-10.000000	9.169011	0.886763
69	10.000000	-5.639575	0.000000
70	-10.000000	-5.640167	0.000000
71	10.000000	5.633935	0.000000
72	-10.000000	5.635246	0.000000
73	-0.005586	0.955657	0.000000
78	-0.006016	-0.532243	0.231515
79	0.002164	-0.964138	0.000000
80	9.280271	0.106502	0.009682
81	-9.280539	0.109576	0.009364
82	0.000010	-8.762011	0.900000
83	0.000010	8.762011	0.900000
84	10.000000	4.667212	0.900000
85	-10.000000	4.668625	0.900000
86	10.000000	-4.667122	0.900000
87	-10.000000	-4.669752	0.900000
88	4.211327	-10.000000	0.270178
89	4.223100	-10.000000	0.596511
90	-4.133239	-10.000000	0.599960
91	-4.211568	-10.000000	0.270230
92	4.445344	-9.610275	0.908210
93	4.607064	-9.156217	0.917697
94	-4.607046	-9.156212	0.917687
95	-4.447704	-9.609887	0.908192
96	4.151312	-0.959385	0.561305
97	4.066024	-0.725789	0.378889
98	-4.059256	-0.725772	0.379037
99	-4.152967	-0.959683	0.561668
100	4.244284	-0.296389	0.117644
101	-4.253455	-0.297070	0.117883
102	-4.236331	0.297690	0.117953
103	4.232241	0.297318	0.117670
104	4.062792	0.725938	0.378579
105	4.150057	0.959360	0.561411
106	-4.155470	0.959785	0.561540
107	-4.057310	0.726404	0.379400
108	4.607053	9.156212	0.917687
109	4.447704	9.609887	0.908192
110	-4.445344	9.610275	0.908210
111	-4.607057	9.156218	0.917697
112	4.211568	10.000000	0.270230
113	-4.211327	10.000000	0.270178
114	-4.223100	10.000000	0.596511
115	4.133239	10.000000	0.599960
116	10.000000	-7.294479	0.255178
118	10.000000	-3.446979	0.263855
119	10.000000	-3.257265	0.634038
120	10.000000	-6.367774	0.705883
121	10.000000	-7.915938	0.589588
122	-10.000000	-7.294436	0.255184
123	-10.000000	-7.915939	0.589588
124	-10.000000	-6.367996	0.705878
125	-10.000000	-3.263211	0.633760
127	-10.000000	-3.448640	0.263340
128	10.000000	7.294364	0.255179
129	10.000000	7.915937	0.589588
130	10.000000	6.367795	0.705883
131	10.000000	3.261568	0.633827
133	10.000000	3.448457	0.263236
134	-10.000000	7.294344	0.255177
136	-10.000000	3.440489	0.263444
137	-10.000000	3.266520	0.633571
138	-10.000000	6.368032	0.705877
139	-10.000000	7.915938	0.589588
148	4.206513	-7.371517	-0.000000
149	-4.206493	-7.371523	-0.000000
150	-4.162997	-3.549435	-0.000001
151	4.162733	-3.549614	-0.000001
152	4.163443	-0.421458	0.077451
153	-4.167931	-0.406840	0.082381
154	-4.079344	0.429499	0.082705
155	4.084866	0.424551	0.084104
156	4.206619	7.371465	-0.000000
157	4.164734	3.548334	-0.000001
158	-4.164371	3.548513	-0.000001
159	-4.206605	7.371472	-0.000000
160	4.140081	-6.529751	0.928918
161	4.205454	-3.218299	0.928842
162	-4.204599	-3.218623	0.928843
163	-4.140017	-6.529776	0.928918
164	4.205427	3.218306	0.928842
165	4.140080	6.529751	0.928918
166	-4.140023	6.529774	0.928918
167	-4.204858	3.218518	0.928843
168	5.238891	-10.067715	0.000000
169	4.959196	-9.720095	0.900000
170	5.353173	-1.074091	0.642370
171	5.340246	0.556753	0.260962
172	5.354580	1.074025	0.642591
173	4.959394	9.719568	0.900000
174	5.238934	10.067715	0.000000
175	10.000000	-10.000000	0.202425
176	-10.000000	-10.000000	0.202480
179	10.000000	10.000000	0.202479
180	-10.000000	10.000000	0.202425
181	10.000000	-9.569166	0.806475
182	-10.000000	-9.569173	0.806508
185	9.273937	1.205438	0.351064
186	-9.438356	1.269339	0.272829
187	10.000000	8.478361	0.900000
188	-10.000000	8.478414	0.900000
189	10.000000	-7.948244	0.000000
190	-10.000000	-7.948632	0.000000
191	10.000000	7.946770	0.000000
192	-10.000000	7.947004	0.000000
193	5.241983	1.156519	0.000000
196	10.000000	-0.632649	0.000000
197	-10.000000	-0.625965	0.000000
198	5.295546	-0.548648	0.259670
199	5.271350	-1.172390	0.000000
200	9.300684	-0.693910	0.098138
201	-9.300876	-0.693770	0.105507
202	5.403495	-8.484838	0.900000
203	5.403495	8.484838	0.900000
204	10.000000	2.782556	0.899991
205	-10.000000	2.785058	0.899990
206	10.000000	-6.338551	0.900000
207	-10.000000	-6.339358	0.900000
208	6.862942	-10.000000	0.173833
209	6.813230	-10.000000	0.646741
210	-6.722182	-10.000000	0.648865
211	-6.862963	-10.000000	0.173843
212	7.480901	-9.676553	0.896466
213	7.503946	-8.717799	0.916890
214	-7.503911	-8.717816	0.916889
215	-7.484653	-9.676490	0.896283
216	6.573209	-1.021472	0.604769
217	6.457711	-0.673690	0.360078
218	-6.417798	-0.684153	0.357537
219	-6.580361	-1.024999	0.605690
220	7.016245	-0.493835	0.207916
221	-7.091811	-0.512988	0.212550
222	-6.996741	0.501080	0.210367
223	7.029966	0.507950	0.213548
224	6.211773	0.675180	0.348835
225	6.571505	1.021345	0.604323
226	-6.580885	1.023532	0.604307
227	-6.395554	0.680085	0.357102
228	7.503947	8.717797	0.916889
229	7.484653	9.676490	0.896283
230	-7.480901	9.676553	0.896466
231	-7.503911	8.717817	0.916890
232	6.862963	10.000000	0.173843
233	-6.862942	10.000000	0.173833
234	-6.813230	10.000000	0.646741
235	6.722182	10.000000	0.648865
236	10.000000	-8.532876	0.141073
238	10.000000	-2.332897	0.166248
239	10.000000	-2.299510	0.749995
240	10.000000	-7.154087	0.816219
241	10.000000	-9.032179	0.657447
242	-10.000000	-8.532994	0.141080
243	-10.000000	-9.032116	0.657479
244	-10.000000	-7.154290	0.816218
245	-10.000000	-2.316946	0.749222
247	-10.000000	-2.382627	0.164930
248	10.000000	8.532900	0.141072
249	10.000000	9.032116	0.657479
250	10.000000	7.154096	0.816219
251	10.000000	2.316177	0.750025
253	10.000000	2.361704	0.165163
254	-10.000000	8.532869	0.141071
256	-10.000000	2.156605	0.178844
257	-10.000000	2.326011	0.749192
258	-10.000000	7.154301	0.816219
259	-10.000000	9.032179	0.657447
268	6.813381	-8.586456	-0.000000
269	-6.813340	-8.586474	-0.000000
270	-6.689386	-2.528919	-0.000364
271	6.687046	-2.530158	-0.000367
272	7.263961	-0.816453	0.021606
273	-7.267727	-0.814683	0.021583
274	-7.126047	0.805378	0.049208
275	7.140144	0.806268	0.045802
276	6.813530	8.586372	-0.000000
277	6.693636	2.522141	-0.000303
278	-6.691435	2.523780	-0.000286
279	-6.813510	8.586384	-0.000000
280	6.599867	-7.359051	0.928785
281	6.827946	-2.219753	0.923558
282	-6.825319	-2.222005	0.923606
283	-6.599767	-7.359111	0.928785
284	6.827834	2.219825	0.923557
285	6.599863	7.359052	0.928785
286	-6.599779	7.359106	0.928785
287	-6.826696	2.220910	0.923564
288	-5.238884	-10.067715	0.000000
289	-4.959394	-9.719568	0.900000
290	-5.342976	-1.076528	0.644016
291	-5.301927	0.553810	0.261443
292	-5.349119	1.075325	0.642753
293	-4.959196	9.720095	0.900000
294	-5.238927	10.067715	0.000000
295	10.000000	-10.000000	0.495298
296	-10.000000	-10.000000	0.495795
299	10.000000	10.000000	0.495795
300	-10.000000	10.000000	0.495298
301	10.000000	-8.478371	0.900000
302	-10.000000	-8.478406	0.900000
303	9.252601	-1.174417	0.296509
307	10.000000	9.569172	0.806508
308	-10.000000	9.569166	0.806475
309	10.000000	-3.510912	0.000000
310	-10.000000	-3.509270	0.000000
311	10.000000	3.494852	0.000000
312	-10.000000	3.500566	0.000000
313	-5.240018	1.158724	0.000000
318	-5.377911	-0.557522	0.263349
319	-5.285075	-1.171321	0.000000
320	9.305133	0.719856	0.119435
321	-9.302856	0.717224	0.106438
322	-5.403451	-8.484860	0.900000
323	-5.403453	8.484859	0.900000
324	10.000000	6.338588	0.900000
325	-10.000000	6.339143	0.900000
326	10.000000	-2.782116	0.899991
327	-10.000000	-2.788794	0.899991
328	1.865332	-10.000000	0.365903
329	1.872071	-10.000000	0.522090
330	-1.868138	-10.000000	0.522653
331	-1.866321	-10.000000	0.365988
332	1.924229	-9.525352	0.910566
333	1.927874	-9.325589	0.915588
334	-1.927788	-9.325583	0.915577
335	-1.923405	-9.525311	0.910550
336	1.854534	-0.900988	0.513490
337	1.859346	-0.790694	0.424404
338	-1.859405	-0.790500	0.424697
339	-1.855919	-0.900862	0.513670
340	1.866411	-0.141124	0.075981
341	-1.867086	-0.141120	0.076081
342	-1.867041	0.141165	0.076043
343	1.865789	0.141091	0.076030
344	1.858961	0.790583	0.424636
345	1.854784	0.900900	0.513611
346	-1.856728	0.900932	0.513617
347	-1.858873	0.790647	0.424644
348	1.927788	9.325583	0.915577
349	1.923405	9.525311	0.910550
350	-1.924229	9.525352	0.910566
351	-1.927873	9.325589	0.915588
352	1.866321	10.000000	0.365988
353	-1.865332	10.000000	0.365903
354	-1.872071	10.000000	0.522090
355	1.868138	10.000000	0.522653
356	10.000000	-6.196037	0.355664
358	10.000000	-4.476410	0.363744
359	10.000000	-4.285193	0.530274
360	10.000000	-5.691674	0.582526
361	10.000000	-6.658134	0.502990
362	-10.000000	-6.195887	0.355660
363	-10.000000	-6.658139	0.502989
364	-10.000000	-5.691829	0.582516
365	-10.000000	-4.286055	0.530200
367	-10.000000	-4.475740	0.363649
368	10.000000	6.195823	0.355657
369	10.000000	6.658122	0.502989
370	10.000000	5.691690	0.582524
371	10.000000	4.285717	0.530237
373	10.000000	4.475547	0.363646
374	-10.000000	6.195841	0.355655
376	-10.000000	4.475598	0.363635
377	-10.000000	4.286419	0.530164
378	-10.000000	5.691858	0.582514
379	-10.000000	6.658131	0.502988
388	1.883885	-6.303361	-0.000000
389	-1.883879	-6.303362	-0.000000
390	-1.880091	-4.584763	-0.000000
391	1.880079	-4.584774	-0.000000
392	1.734045	-0.198679	0.096212
393	-1.734523	-0.191834	0.077177
394	-1.719305	0.208402	0.097752
395	1.700957	0.208527	0.097483
396	1.883951	6.303329	-0.000000
397	1.880321	4.584591	-0.000000
398	-1.880274	4.584605	-0.000000
399	-1.883941	6.303332	-0.000000
400	1.876300	-5.630298	0.928921
401	1.882687	-4.131104	0.928920
402	-1.882525	-4.131140	0.928920
403	-1.876260	-5.630311	0.928921
404	1.882681	4.131105	0.928920
405	1.876300	5.630299	0.928921
406	-1.876262	5.630310	0.928921
407	-1.882542	4.131134	0.928920
408	-0.000182	-10.000000	0.244358
409	-2.491805	-10.000000	0.157928
410	2.491716	-10.000000	0.157925
411	0.005832	-9.628196	0.906277
412	-2.625471	-9.676174	0.904956
413	2.628542	-9.676829	0.904947
414	0.000008	-6.802614	0.928908
415	-2.332804	-7.787395	0.928054
416	2.332819	-7.787392	0.928054
417	-0.002549	-0.981432	0.574955
418	-2.484876	-1.032844	0.613052
419	2.478238	-1.032617	0.612615
420	4.736146	-0.000439	0.066868
421	7.142971	0.201157	0.083772
422	7.238380	-0.195625	0.081486
423	0.002111	0.707546	0.356953
424	-2.319454	0.632291	0.302325
425	2.300290	0.631831	0.302104
426	0.000283	2.967030	0.928652
427	-2.450539	1.983504	0.912647
428	2.452722	1.983285	0.912622
429	-0.000011	9.153360	0.914738
430	-2.982734	8.951311	0.911396
431	2.982745	8.951310	0.911393
432	4.777139	10.000000	0.440166
433	7.278935	10.000000	0.516597
434	7.356955	10.000000	0.334843
435	10.000000	-7.664377	0.423323
436	10.000000	-8.863629	0.508527
437	10.000000	-8.775219	0.324850
438	-10.000000	-5.365222	0.230982
439	-10.000000	-4.343615	0.118850
440	-10.000000	-6.539192	0.116785
441	10.000000	5.364896	0.230960
442	10.000000	4.340574	0.118769
443	10.000000	6.538493	0.116765
444	-10.000000	7.664364	0.423322
445	-10.000000	8.863628	0.508527
446	-10.000000	8.775212	0.324850
453	4.827247	-5.452248	-0.000000
454	7.359497	-4.408321	-0.000002
455	7.392820	-6.584003	-0.000000
456	4.813136	0.008201	0.070280
457	7.493776	0.272969	0.007830
458	7.559806	-0.252505	0.001732
459	0.000002	7.656175	-0.000000
460	-2.434595	8.844865	-0.000000
461	2.434599	8.844864	-0.000000
462	7.357451	-10.000000	0.334708
463	7.293034	-10.000000	0.515587
464	4.779387	-10.000000	0.439568
467	0.057801	-10.000000	0.628851
468	-7.278935	-10.000000	0.516597
469	-7.356954	-10.000000	0.334843
470	-4.777139	-10.000000	0.440166
471	7.565572	-9.505191	0.908057
472	7.723390	-9.177546	0.918311
473	4.939352	-9.412249	0.915988
474	2.982749	-8.951310	0.911396
475	-2.982731	-8.951311	0.911393
476	0.000012	-9.153360	0.914738
477	-7.723430	-9.177532	0.918287
478	-7.566349	-9.505107	0.907980
479	-4.939408	-9.412188	0.915965
480	7.211963	-0.931788	0.535832
481	7.023822	-0.800490	0.440295
482	4.727132	-0.844435	0.473987
483	2.335622	-0.632182	0.301746
484	-2.326470	-0.631817	0.302439
485	0.000061	-0.707558	0.356792
486	-6.999820	-0.802332	0.444284
487	-7.197725	-0.937241	0.537061
488	-4.724817	-0.844939	0.474258
489	2.548169	-0.457315	0.188782
490	-2.559872	-0.456996	0.189500
491	-0.001108	-0.337167	0.128236
492	-7.238980	-0.196402	0.081086
493	-7.143929	0.201963	0.083553
494	-4.737241	-0.000327	0.066867
495	-2.566640	0.458004	0.189537
496	2.554342	0.457649	0.189143
497	-0.002825	0.337257	0.128379
498	6.920634	0.801623	0.442129
499	7.186634	0.933559	0.535895
500	4.719740	0.844775	0.474019
501	2.483157	1.032555	0.612731
502	-2.489707	1.032818	0.612920
503	-0.002849	0.981426	0.574979
504	-7.211344	0.936399	0.535160
505	-6.992266	0.805122	0.441388
506	-4.728661	0.845160	0.474275
507	7.723436	9.177530	0.918287
508	7.566350	9.505107	0.907980
509	4.939409	9.412188	0.915965
510	2.625471	9.676174	0.904956
511	-2.628542	9.676829	0.904947
512	-0.005832	9.628196	0.906277
513	-7.565571	9.505191	0.908057
514	-7.723384	9.177548	0.918311
515	-4.939351	9.412249	0.915988
516	2.491807	10.000000	0.157928
517	-2.491717	10.000000	0.157925
518	0.000182	10.000000	0.244358
519	-7.357451	10.000000	0.334708
520	-7.293034	10.000000	0.515587
521	-4.779387	10.000000	0.439568
524	-0.057801	10.000000	0.628851
525	10.000000	-6.537805	0.116740
526	10.000000	-4.334452	0.118880
527	10.000000	-5.365789	0.230933
531	10.000000	-1.872944	0.361574
532	10.000000	-1.840724	0.574078
533	10.000000	-3.074747	0.448706
534	10.000000	-3.889378	0.782436
535	10.000000	-5.614436	0.795268
536	10.000000	-4.815777	0.675899
537	10.000000	-7.879610	0.774413
538	10.000000	-8.527653	0.739158
539	10.000000	-7.108255	0.643453
540	-10.000000	-8.775272	0.324858
541	-10.000000	-8.863732	0.508543
542	-10.000000	-7.664384	0.423323
543	-10.000000	-8.527587	0.739160
544	-10.000000	-7.879625	0.774413
545	-10.000000	-7.108272	0.643453
546	-10.000000	-5.615692	0.795258
547	-10.000000	-3.895334	0.782413
548	-10.000000	-4.817143	0.675852
549	-10.000000	-1.867286	0.571030
550	-10.000000	-1.918836	0.364284
551	-10.000000	-3.079859	0.448632
555	10.000000	8.775265	0.324857
556	10.000000	8.863732	0.508543
557	10.000000	7.664376	0.423323
558	10.000000	8.527585	0.739160
559	10.000000	7.879597	0.774413
560	10.000000	7.108249	0.643453
561	10.000000	5.614818	0.795272
562	10.000000	3.893489	0.782506
563	10.000000	4.816373	0.675886
564	10.000000	1.871386	0.571738
565	10.000000	1.911972	0.365126
566	10.000000	3.078787	0.448877
570	-10.000000	6.537851	0.116763
571	-10.000000	4.334383	0.118962
572	-10.000000	5.364385	0.230938
576	-10.000000	1.889684	0.362137
577	-10.000000	1.867392	0.571058
578	-10.000000	3.078667	0.448537
579	-10.000000	3.898555	0.782498
580	-10.000000	5.616073	0.795266
581	-10.000000	4.817800	0.675839
582	-10.000000	7.879639	0.774413
583	-10.000000	8.527654	0.739158
584	-10.000000	7.108276	0.643453
603	2.434578	-8.844868	-0.000000
604	-2.434574	-8.844869	-0.000000
605	0.000001	-7.656179	-0.000000
606	-7.392711	-6.584110	-0.000000
607	-7.359442	-4.408307	-0.000001
608	-4.827190	-5.452251	-0.000000
609	-2.368636	-2.108079	-0.000000
610	2.367524	-2.108321	-0.000000
611	-0.000085	-3.244540	0.000000
612	2.509304	-0.673128	0.099031
613	-2.474367	-0.673933	0.095395
614	0.002204	-0.443818	0.096822
615	-7.559130	-0.251468	0.001821
616	-7.486232	0.274173	0.009956
617	-4.814758	0.009933	0.071941
618	-2.448077	0.666520	0.094808
619	2.429053	0.669340	0.099492
620	-0.013776	0.450398	0.094792
621	7.393237	6.583376	-0.000000
622	7.361085	4.405549	-0.000001
623	4.827668	5.451880	-0.000000
624	2.371067	2.105995	-0.000000
625	-2.370233	2.106297	-0.000000
626	0.000102	3.244042	-0.000000
627	-7.360708	4.406054	-0.000001
628	-7.393172	6.583465	-0.000000
629	-4.827608	5.451927	-0.000000
630	7.329068	-5.763034	0.928913
631	7.379042	-3.904973	0.928897
632	4.817396	-4.874406	0.928921
633	2.452823	-1.983311	0.912623
634	-2.449646	-1.983675	0.912665
635	0.000352	-2.967042	0.928652
636	-7.378274	-3.906018	0.928898
637	-7.328804	-5.763335	0.928913
638	-4.817177	-4.874540	0.928921
639	7.379022	3.905004	0.928897
640	7.329055	5.763046	0.928913
641	4.817387	4.874411	0.928921
642	2.332819	7.787392	0.928054
643	-2.332805	7.787395	0.928054
644	0.000008	6.802614	0.928908
645	-7.328873	5.763278	0.928913
646	-7.378618	3.905657	0.928897
647	-4.817218	4.874516	0.928921
648	7.714998	-10.066472	0.000000
649	7.457189	-9.756345	0.900000
650	7.790282	-1.091626	0.640106
651	7.857902	0.722773	0.363033
652	7.789654	1.092835	0.638590
653	7.455304	9.756294	0.900000
654	7.715064	10.066471	0.000000
655	10.000000	-10.000000	0.100411
656	-10.000000	-10.000000	0.100426
659	10.000000	10.000000	0.100425
660	-10.000000	10.000000	0.100410
661	10.000000	-9.713300	0.745167
662	-10.000000	-9.713415	0.745174
667	10.000000	8.004784	0.899802
668	-10.000000	8.004883	0.899802
669	10.000000	-9.057479	0.000000
670	-10.000000	-9.057657	0.000000
671	10.000000	9.056906	0.000000
672	-10.000000	9.056986	0.000000
673	7.769471	1.435008	0.000000
676	10.000000	-1.239054	0.000000
677	-10.000000	-1.234953	0.000000
678	7.845381	-0.705990	0.342064
679	7.799453	-1.461221	0.000000
680	9.449696	-1.119836	0.212739
681	-9.440397	-1.118007	0.239487
682	7.824139	-8.090531	0.900000
683	7.824138	8.090532	0.900000
684	10.000000	1.881877	0.899167
685	-10.000000	1.884027	0.898673
686	10.000000	-6.989239	0.900000
687	-10.000000	-6.989653	0.900000
688	8.358289	-10.000000	0.106041
689	8.161557	-10.000000	0.662379
690	-8.165079	-10.000000	0.662574
691	-8.358297	-10.000000	0.106043
692	8.846189	-9.739714	0.808752
693	8.699870	-8.239981	0.911793
694	-8.699820	-8.240050	0.911793
695	-8.845823	-9.739829	0.808659
696	7.960658	-1.072241	0.627802
697	7.567685	-0.694553	0.363074
698	-7.739165	-0.735265	0.386568
699	-7.921193	-1.083926	0.626159
700	8.362894	-0.734680	0.285501
701	-8.485173	-0.795665	0.315363
702	-8.322619	0.732167	0.283880
703	8.413404	0.761283	0.311620
704	7.640277	0.717135	0.381584
705	7.954768	1.074312	0.625896
706	-7.955527	1.077167	0.624728
707	-7.548940	0.704209	0.363267
708	8.699868	8.239981	0.911793
709	8.845823	9.739829	0.808659
710	-8.846189	9.739714	0.808752
711	-8.699826	8.240045	0.911793
712	8.358301	10.000000	0.106043
713	-8.358294	10.000000	0.106041
714	-8.161557	10.000000	0.662379
715	8.165079	10.000000	0.662574
716	10.000000	-9.258936	0.076037
718	10.000000	-2.044690	0.093503
719	10.000000	-1.837844	0.808304
720	10.000000	-7.434759	0.862806
721	10.000000	-9.484255	0.685299
722	-10.000000	-9.259043	0.076042
724	-10.000000	-7.434941	0.862806
725	-10.000000	-1.853218	0.805874
727	-10.000000	-2.073287	0.096278
728	10.000000	9.258931	0.076032
730	10.000000	7.434762	0.862806
731	10.000000	1.845306	0.807080
733	10.000000	2.042101	0.095430
734	-10.000000	9.258923	0.076032
736	-10.000000	1.951783	0.102067
737	-10.000000	1.850995	0.805157
738	-10.000000	7.434933	0.862806
739	-10.000000	9.484255	0.685299
740	-10.000000	-1.855740	-0.025961
744	10.000000	-1.859385	-0.024084
748	8.285577	-9.280252	-0.000000
749	-8.285526	-9.280278	-0.000000
750	-8.193164	-2.129366	0.003590
751	8.191666	-2.132507	0.003528
752	8.659523	-1.234227	-0.004389
753	-8.661222	-1.230059	-0.004331
754	-8.638633	1.221721	-0.008652
755	8.638767	1.214092	-0.007590
756	8.285740	9.280153	-0.000000
757	8.196407	2.114494	0.003183
758	-8.191273	2.120247	0.003047
759	-8.285719	9.280166	-0.000000
760	8.090167	-7.579259	0.927575
761	8.306550	-1.672695	0.891722
762	-8.303091	-1.678316	0.892085
763	-8.090055	-7.579373	0.927574
764	8.305716	1.673343	0.891661
765	8.090162	7.579262	0.927575
766	-8.090072	7.579362	0.927574
767	-8.305088	1.675091	0.891662
768	-2.643918	-10.068305	0.000000
769	-2.481999	-9.711152	0.900000
770	-2.713846	-1.072433	0.639772
771	-2.619272	0.532136	0.235784
772	-2.717438	1.072067	0.639447
773	-2.482881	9.711790	0.900000
774	-2.643935	10.068305	0.000000
775	10.000000	-10.000000	0.448412
776	-10.000000	-10.000000	0.448859
779	10.000000	10.000000	0.448859
780	-10.000000	10.000000	0.448412
781	10.000000	-8.867557	0.900000
782	-10.000000	-8.867554	0.900000
783	9.265624	-1.061170	0.381186
784	-9.375036	-1.187912	0.380870
787	10.000000	9.395914	0.853427
788	-10.000000	9.395950	0.853403
789	10.000000	-4.533648	0.000000
790	-10.000000	-4.533746	0.000000
791	10.000000	4.523876	0.000000
792	-10.000000	4.526706	0.000000
793	-2.618573	1.003585	0.000000
796	10.000000	0.588923	0.000000
797	-10.000000	0.597566	0.000000
798	-2.627235	-0.531295	0.235879
799	-2.633523	-1.012671	0.000000
800	9.066153	0.375491	0.050354
801	-9.064815	0.377720	0.047501
802	-2.767841	-8.696640	0.900000
803	-2.767841	8.696640	0.900000
804	10.000000	5.550924	0.900000
805	-10.000000	5.551840	0.900000
806	10.000000	-3.729343	0.899997
807	-10.000000	-3.733634	0.899997
808	2.994536	-10.000000	0.318705
809	2.995111	-10.000000	0.561644
810	-2.966848	-10.000000	0.563447
811	-2.995164	-10.000000	0.318788
812	3.116603	-9.569992	0.909079
813	3.176427	-9.253175	0.916590
814	-3.176377	-9.253167	0.916577
815	-3.116416	-9.569781	0.909058
816	2.969108	-0.930807	0.537907
817	2.951279	-0.758927	0.400755
818	-2.949990	-0.758701	0.401192
819	-2.970883	-0.930739	0.538178
820	2.997928	-0.218801	0.092784
821	-3.000405	-0.218872	0.093004
822	-2.997521	0.219083	0.092911
823	2.994529	0.218857	0.092850
824	2.949875	0.758837	0.400994
825	2.969372	0.930714	0.538044
826	-2.972715	0.930840	0.538096
827	-2.947845	0.759013	0.401160
828	3.176378	9.253167	0.916577
829	3.116416	9.569781	0.909058
830	-3.116603	9.569992	0.909079
831	-3.176425	9.253175	0.916590
832	2.995164	10.000000	0.318788
833	-2.994536	10.000000	0.318705
834	-2.995111	10.000000	0.561644
835	2.966848	10.000000	0.563447
836	10.000000	-6.725698	0.306366
838	10.000000	-3.975968	0.314142
839	10.000000	-3.770720	0.580431
840	10.000000	-5.993651	0.645341
841	10.000000	-7.299245	0.543266
842	-10.000000	-6.725581	0.306368
843	-10.000000	-7.299250	0.543265
844	-10.000000	-5.993849	0.645334
845	-10.000000	-3.773146	0.580276
847	-10.000000	-3.974990	0.313930
848	10.000000	6.725516	0.306364
849	10.000000	7.299245	0.543265
850	10.000000	5.993673	0.645341
851	10.000000	3.772233	0.580331
853	10.000000	3.974917	0.313898
854	-10.000000	6.725514	0.306362
856	-10.000000	3.973771	0.313906
857	-10.000000	3.774334	0.580170
858	-10.000000	5.993884	0.645332
859	-10.000000	7.299245	0.543265
868	3.008115	-6.819333	-0.000000
869	-3.008102	-6.819336	-0.000000
870	-2.992257	-4.078427	0.000000
871	2.992198	-4.078478	0.000000
872	2.850439	-0.305903	-0.078478
873	-2.857661	-0.306957	-0.079960
874	-2.821514	0.306541	-0.088498
875	2.810686	0.306532	-0.088388
876	3.008203	6.819292	-0.000000
877	2.992962	4.077991	0.000000
878	-2.992834	4.078044	0.000000
879	-3.008190	6.819297	-0.000000
880	2.982877	-6.072109	0.928921
881	3.006288	-3.687188	0.928912
882	-3.005905	-3.687304	0.928912
883	-2.982826	-6.072127	0.928921
884	3.006275	3.687191	0.928912
885	2.982876	6.072109	0.928921
886	-2.982829	6.072126	0.928921
887	-3.005978	3.687276	0.928912
888	-2.216504	-10.000000	0.250981
889	-1.290545	-10.000000	0.107776
890	3.478753	-10.000000	0.204814
891	-2.486634	-9.627096	0.906426
892	-1.319481	-9.694662	0.896528
893	3.900922	-9.656492	0.903702
894	-2.166880	-6.734629	0.928912
895	-1.231486	-8.307320	0.922689
896	3.337800	-7.204423	0.928855
897	-2.200052	-0.975615	0.571532
898	-1.339219	-1.054932	0.627332
899	3.424197	-1.001630	0.591432
900	4.607482	0.161802	0.081567
901	8.228711	0.136781	0.060482
902	5.892710	-0.253052	0.103136
903	-2.151408	0.712185	0.362382
904	-1.215461	0.581106	0.264555
905	3.308159	0.677439	0.338636
906	-2.206433	3.030110	0.928729
907	-1.291510	1.488683	0.839461
908	3.445633	2.549997	0.927368
909	-2.463218	9.153992	0.915574
910	-1.561821	8.870144	0.906021
911	3.998242	9.043230	0.915414
912	4.608550	10.000000	0.526954
913	8.639937	10.000000	0.456068
914	5.905432	10.000000	0.299822
915	10.000000	-7.775945	0.508501
916	10.000000	-9.404906	0.452133
917	10.000000	-8.090458	0.286263
918	-10.000000	-4.363984	0.239287
919	-10.000000	-4.950305	0.057991
920	-10.000000	-6.961873	0.181785
921	10.000000	4.363565	0.239225
922	10.000000	4.946185	0.057947
923	10.000000	6.961651	0.181774
924	-10.000000	7.775943	0.508501
925	-10.000000	9.404906	0.452133
926	-10.000000	8.090425	0.286262
933	4.657251	-4.452989	0.000000
934	8.711707	-4.981333	-0.000000
935	5.919188	-7.025862	0.000000
936	4.573608	0.226809	-0.068687
937	9.008147	0.208562	0.000302
938	6.049058	-0.355285	0.042746
939	-2.205113	7.584958	0.000000
940	-1.273912	9.470329	0.000000
941	3.437459	8.159873	0.000000
942	8.678482	-10.000000	0.366317
943	5.858443	-10.000000	0.562012
944	4.645810	-10.000000	0.350782
946	-3.290775	-10.000000	0.647463
947	2.260579	-10.000000	0.619917
948	-8.639937	-10.000000	0.456068
949	-5.905432	-10.000000	0.299822
950	-4.608550	-10.000000	0.526954
951	8.882955	-9.387779	0.882918
952	6.319913	-9.164620	0.919668
953	4.770847	-9.526025	0.912297
954	1.561839	-8.870143	0.906021
955	-3.998230	-9.043231	0.915414
956	2.463221	-9.153992	0.915574
957	-8.932505	-9.184703	0.902747
958	-6.093425	-9.571340	0.910878
959	-4.889576	-9.284190	0.917897
960	8.417115	-0.991294	0.519401
961	5.664431	-0.751542	0.406320
962	4.594941	-0.905810	0.521439
963	1.213643	-0.581326	0.264192
964	-3.317897	-0.677139	0.339063
965	2.157664	-0.712183	0.361957
966	-8.429290	-0.995328	0.459359
967	-5.796101	-0.939956	0.548441
968	-4.539600	-0.782619	0.424790
969	1.339197	-0.498408	0.210353
970	-3.557618	-0.392516	0.157615
971	2.235052	-0.325909	0.125611
972	-8.356539	-0.101434	0.052106
973	-5.849068	0.255185	0.103450
974	-4.620820	-0.162213	0.081740
975	-1.355812	0.498393	0.210946
976	3.543499	0.393175	0.157267
977	-2.238589	0.326314	0.125946
978	8.422753	0.957657	0.472956
979	5.790079	0.938597	0.548022
980	4.541761	0.782509	0.424336
981	1.337570	1.054689	0.627081
982	-3.433580	1.001928	0.591732
983	2.196866	0.975570	0.571392
984	-8.500163	1.011544	0.525770
985	-5.642042	0.754107	0.406565
986	-4.597225	0.906340	0.521632
987	8.932510	9.184699	0.902747
988	6.093425	9.571340	0.910878
989	4.889578	9.284190	0.917897
990	1.319481	9.694662	0.896528
991	-3.900922	9.656492	0.903702
992	2.486634	9.627096	0.906426
993	-8.882952	9.387780	0.882917
994	-6.319906	9.164622	0.919668
995	-4.770847	9.526025	0.912297
996	1.290548	10.000000	0.107776
997	-3.478753	10.000000	0.204814
998	2.216504	10.000000	0.250981
999	-8.678482	10.000000	0.366317
1000	-5.858443	10.000000	0.562012
1001	-4.645810	10.000000	0.350782
1003	3.290775	10.000000	0.647463
1004	-2.260579	10.000000	0.619917
1005	10.000000	-6.072559	0.057293
1006	10.000000	-3.832052	0.186167
1007	10.000000	-6.371082	0.236420
1011	10.000000	-1.208719	0.429536
1012	10.000000	-2.542285	0.601280
1013	10.000000	-3.192954	0.352812
1014	10.000000	-4.279512	0.843651
1015	10.000000	-6.007451	0.747826
1016	10.000000	-4.019571	0.659214
1017	10.000000	-8.612717	0.827836
1018	10.000000	-8.170366	0.667601
1019	10.000000	-6.726802	0.671115
1020	-10.000000	-9.393176	0.361266
1021	-10.000000	-8.364729	0.553353
1022	-10.000000	-7.520221	0.337096
1023	-10.000000	-8.901765	0.806719
1024	-10.000000	-7.118343	0.732759
1025	-10.000000	-7.509065	0.618730
1026	-10.000000	-5.172430	0.846421
1027	-10.000000	-3.538961	0.713308
1028	-10.000000	-5.605854	0.689234
1029	-10.000000	-1.224360	0.558442
1030	-10.000000	-2.655489	0.306384
1031	-10.000000	-3.102943	0.544435
1035	10.000000	9.393174	0.361266
1036	10.000000	8.364728	0.553353
1037	10.000000	7.520198	0.337094
1038	10.000000	8.901763	0.806719
1039	10.000000	7.118262	0.732760
1040	10.000000	7.509060	0.618730
1041	10.000000	5.170867	0.846435
1042	10.000000	3.537529	0.713409
1043	10.000000	5.605425	0.689250
1044	10.000000	1.215856	0.568637
1045	10.000000	2.653334	0.306326
1046	10.000000	3.101115	0.544560
1050	-10.000000	6.073031	0.057301
1051	-10.000000	3.825147	0.186149
1052	-10.000000	6.370612	0.236423
1056	-10.000000	1.229065	0.425265
1057	-10.000000	2.555445	0.600559
1058	-10.000000	3.192196	0.352249
1059	-10.000000	4.283751	0.843710
1060	-10.000000	6.008184	0.747816
1061	-10.000000	4.024314	0.659047
1062	-10.000000	8.612725	0.827836
1063	-10.000000	8.170367	0.667601
1064	-10.000000	6.726882	0.671114
1083	1.273907	-9.470329	0.000000
1084	-3.437399	-8.159890	0.000000
1085	2.205081	-7.584969	0.000000
1086	-8.723945	-6.100537	0.000000
1087	-5.873305	-3.921801	-0.000002
1088	-4.676181	-6.456102	0.000000
1089	-1.242712	-1.509439	0.000000
1090	3.370605	-2.776187	0.000000
1091	-2.179330	-3.320544	-0.000000
1092	1.321586	-0.758925	-0.111317
1093	-3.466581	-0.571681	-0.090398
1094	2.134506	-0.444391	0.096436
1095	-8.707197	-0.091544	-0.000003
1096	-5.903213	0.365488	0.091476
1097	-4.672071	-0.213893	-0.068254
1098	-1.293346	0.746134	-0.124102
1099	3.386975	0.563301	-0.095928
1100	-2.105537	0.447070	0.088792
1101	8.724582	6.098249	0.000000
1102	5.875201	3.919999	-0.000002
1103	4.676429	6.455938	0.000000
1104	1.239895	1.506011	0.000000
1105	-3.373395	2.774614	0.000000
1106	2.180411	3.319895	-0.000000
1107	-8.712398	4.978293	-0.000000
1108	-5.919387	7.025697	0.000000
1109	-4.658022	4.452339	0.000000
1110	8.688368	-5.252623	0.927893
1111	5.911689	-3.521363	0.928898
1112	4.643093	-5.742998	0.928921
1113	1.296247	-1.488575	0.839400
1114	-3.444032	-2.550376	0.927374
1115	2.207035	-3.030025	0.928728
1116	-8.707630	-4.315858	0.927764
1117	-5.843881	-6.197002	0.928921
1118	-4.669044	-4.005366	0.928919
1119	8.708141	4.314239	0.927760
1120	5.844018	6.196913	0.928921
1121	4.669459	4.005143	0.928919
1122	1.231493	8.307319	0.922689
1123	-3.337769	7.204431	0.928855
1124	2.166906	6.734623	0.928912
1125	-8.688168	5.253287	0.927894
1126	-5.911151	3.521775	0.928898
1127	-4.642991	5.743055	0.928921
1128	2.643921	-10.068305	0.000000
1129	2.482881	-9.711790	0.900000
1130	2.723705	-1.071634	0.639009
1131	2.614156	0.531556	0.235283
1132	2.723869	1.071576	0.639099
1133	2.481999	9.711152	0.900000
1134	2.643939	10.068305	0.000000
1135	10.000000	-10.000000	0.292337
1136	-10.000000	-10.000000	0.292470
1139	10.000000	10.000000	0.292470
1140	-10.000000	10.000000	0.292337
1141	10.000000	-9.395948	0.853403
1142	-10.000000	-9.395916	0.853426
1143	9.342212	-1.056257	0.660721
1145	9.297538	1.112797	0.443939
1146	-9.298487	1.095099	0.386170
1147	10.000000	8.867536	0.900000
1148	-10.000000	8.867574	0.900000
1149	10.000000	-6.791277	0.000000
1150	-10.000000	-6.791864	0.000000
1151	10.000000	6.788252	0.000000
1152	-10.000000	6.788826	0.000000
1153	2.611972	1.002996	0.000000
1156	10.000000	-0.028496	0.000000
1157	-10.000000	-0.021579	0.000000
1158	2.606540	-0.531859	0.235074
1159	2.648880	-1.013867	0.000000
1160	9.277358	-0.288223	0.023782
1161	-9.276670	-0.286360	0.024707
1162	2.767868	-8.696635	0.900000
1163	2.767868	8.696635	0.900000
1164	10.000000	3.729476	0.899997
1165	-10.000000	3.731478	0.899997
1166	10.000000	-5.550858	0.900000
1167	-10.000000	-5.552365	0.900000
1168	5.501808	-10.000000	0.221604
1169	5.543657	-10.000000	0.625818
1170	-5.449252	-10.000000	0.624932
1171	-5.501864	-10.000000	0.221630
1172	5.867792	-9.645504	0.906962
1173	6.117088	-8.999154	0.918383
1174	-6.117073	-8.999155	0.918380
1175	-5.872755	-9.645151	0.906930
1176	5.350509	-0.987721	0.583446
1177	5.224856	-0.694806	0.363035
1178	-5.267448	-0.697326	0.363512
1179	-5.354995	-0.988952	0.583956
1180	5.606499	-0.379749	0.153149
1181	-5.634840	-0.383644	0.153476
1182	-5.587068	0.383585	0.154103
1183	5.591102	0.384062	0.153681
1184	5.237107	0.696394	0.361803
1185	5.349455	0.987690	0.583438
1186	-5.357700	0.988836	0.583556
1187	-5.229353	0.697285	0.363772
1188	6.117091	8.999151	0.918380
1189	5.872755	9.645151	0.906930
1190	-5.867792	9.645504	0.906962
1191	-6.117070	8.999158	0.918383
1192	5.501864	10.000000	0.221630
1193	-5.501808	10.000000	0.221604
1194	-5.543657	10.000000	0.625818
1195	5.449252	10.000000	0.624932
1196	10.000000	-7.893371	0.200478
1198	10.000000	-2.895172	0.214470
1199	10.000000	-2.751102	0.689877
1200	10.000000	-6.772194	0.763259
1201	10.000000	-8.500182	0.632390
1202	-10.000000	-7.893419	0.200486
1203	-10.000000	-8.500161	0.632392
1204	-10.000000	-6.772417	0.763256
1205	-10.000000	-2.762557	0.689428
1207	-10.000000	-2.913288	0.213132
1208	10.000000	7.893340	0.200480
1209	10.000000	8.500161	0.632392
1210	10.000000	6.772211	0.763259
1211	10.000000	2.763607	0.689752
1213	10.000000	2.907145	0.213138
1214	-10.000000	7.893306	0.200478
1216	-10.000000	2.854154	0.214778
1217	-10.000000	2.769748	0.689285
1218	-10.000000	6.772445	0.763257
1219	-10.000000	8.500182	0.632390
1228	5.470351	-7.957682	-0.000000
1229	-5.470321	-7.957693	-0.000000
1230	-5.382144	-3.020395	0.000024
1231	5.381195	-3.020890	0.000025
1232	5.661440	-0.553265	-0.067608
1233	-5.663822	-0.552588	-0.066113
1234	-5.485360	0.547292	-0.083654
1235	5.498883	0.561231	-0.073069
1236	5.470476	7.957617	-0.000000
1237	5.385461	3.017609	0.000019
1238	-5.384465	3.018163	0.000017
1239	-5.470459	7.957626	-0.000000
1240	5.331847	-6.976193	0.928904
1241	5.474301	-2.730144	0.928257
1242	-5.472635	-2.731006	0.928262
1243	-5.331767	-6.976230	0.928904
1244	5.474268	2.730154	0.928257
1245	5.331845	6.976194	0.928904
1246	-5.331775	6.976227	0.928904
1247	-5.473345	2.730655	0.928259
1248	-7.714983	-10.066472	0.000000
1249	-7.455304	-9.756294	0.900000
1250	-7.776741	-1.099534	0.638173
1251	-7.679817	0.690509	0.337302
1252	-7.786984	1.094955	0.637613
1253	-7.457189	9.756345	0.900000
1254	-7.715054	10.066471	0.000000
1255	10.000000	-10.000000	0.540808
1256	-10.000000	-10.000000	0.541503
1257	10.000000	1.825459	-0.024438
1259	10.000000	10.000000	0.541503
1260	-10.000000	10.000000	0.540808
1261	10.000000	-8.004786	0.899802
1262	-10.000000	-8.004887	0.899802
1267	10.000000	9.713415	0.745174
1268	-10.000000	9.713301	0.745167
1269	10.000000	-2.611046	0.000000
1270	-10.000000	-2.607936	0.000000
1271	10.000000	2.586287	0.000000
1272	-10.000000	2.600455	0.000000
1273	-7.768806	1.443431	0.000000
1276	10.000000	1.198115	0.000000
1277	-10.000000	1.214601	0.000000
1278	-7.916256	-0.743665	0.368490
1279	-7.801404	-1.456940	0.000000
1280	9.471806	1.119270	0.255234
1281	-9.416859	1.068720	0.196826
1282	-7.824088	-8.090607	0.900000
1283	-7.824092	8.090602	0.900000
1284	10.000000	6.989256	0.900000
1285	-10.000000	6.989575	0.900000
1286	10.000000	-1.879921	0.899306
1287	-10.000000	-1.890384	0.898905
1288	0.849736	-10.000000	0.409765
1289	0.856993	-10.000000	0.482421
1290	-0.858147	-10.000000	0.482532
1291	-0.850896	-10.000000	0.409817
1292	0.877490	-9.478084	0.912196
1293	0.864860	-9.385676	0.914589
1294	-0.864739	-9.385673	0.914583
1295	-0.877055	-9.478079	0.912189
1296	0.847042	-0.871587	0.489580
1297	0.851359	-0.820187	0.447822
1298	-0.851566	-0.820100	0.447935
1299	-0.847810	-0.871514	0.489666
1300	0.852023	-0.066001	0.066449
1301	-0.852274	-0.065996	0.066473
1302	-0.852376	0.066004	0.066471
1303	0.851926	0.065990	0.066464
1304	0.851260	0.820127	0.447943
1305	0.847060	0.871534	0.489664
1306	-0.847979	0.871542	0.489659
1307	-0.851552	0.820141	0.447937
1308	0.864740	9.385673	0.914583
1309	0.877055	9.478079	0.912189
1310	-0.877490	9.478084	0.912196
1311	-0.864860	9.385676	0.914589
1312	0.850896	10.000000	0.409817
1313	-0.849736	10.000000	0.409765
1314	-0.856993	10.000000	0.482421
1315	0.858147	10.000000	0.482532
1316	10.000000	-5.734576	0.405570
1318	10.000000	-4.944791	0.411652
1319	10.000000	-4.820162	0.487757
1320	10.000000	-5.487757	0.518881
1321	10.000000	-6.007280	0.474092
1322	-10.000000	-5.734453	0.405561
1323	-10.000000	-6.007275	0.474087
1324	-10.000000	-5.487830	0.518870
1325	-10.000000	-4.820273	0.487719
1327	-10.000000	-4.944575	0.411613
1328	10.000000	5.734386	0.405559
1329	10.000000	6.007232	0.474088
1330	10.000000	5.487724	0.518876
1331	10.000000	4.820116	0.487732
1333	10.000000	4.944447	0.411613
1334	-10.000000	5.734433	0.405557
1336	-10.000000	4.944602	0.411604
1337	-10.000000	4.820369	0.487710
1338	-10.000000	5.487852	0.518867
1339	-10.000000	6.007265	0.474085
1348	0.862343	-5.835619	-0.000000
1349	-0.862341	-5.835620	-0.000000
1350	-0.862243	-5.048484	0.000000
1351	0.862241	-5.048485	0.000000
1352	0.738240	-0.131637	-0.070190
1353	-0.731666	-0.120213	-0.082655
1354	-0.716926	0.131034	-0.075614
1355	0.712638	0.138828	-0.079542
1356	0.862383	5.835592	-0.000000
1357	0.862299	5.048415	0.000000
1358	-0.862280	5.048418	0.000000
1359	-0.862374	5.835594	-0.000000
1360	0.860808	-5.224481	0.928921
1361	0.861875	-4.536855	0.928921
1362	-0.861806	-4.536863	0.928921
1363	-0.860774	-5.224487	0.928921
1364	0.861873	4.536855	0.928921
1365	0.860807	5.224481	0.928921
1366	-0.860776	5.224487	0.928921
1367	-0.861809	4.536862	0.928921
1368	2.216135	-10.000000	0.250959
1369	-3.478907	-10.000000	0.204828
1370	1.290540	-10.000000	0.107776
1371	2.490329	-9.627545	0.906417
1372	-3.900306	-9.655812	0.903698
1373	1.321344	-9.695078	0.896544
1374	2.166906	-6.734623	0.928912
1375	-3.337768	-7.204432	0.928855
1376	1.231494	-8.307319	0.922689
1377	2.195908	-0.975636	0.571276
1378	-3.429122	-1.001866	0.591867
1379	1.334037	-1.054735	0.627037
1380	4.618886	-0.162023	0.081724
1381	5.847050	0.254706	0.103163
1382	8.356650	-0.102280	0.051738
1383	2.157883	0.711987	0.362332
1384	-3.296018	0.677833	0.339083
1385	1.208455	0.580831	0.264491
1386	2.207003	3.030025	0.928728
1387	-3.444562	2.550222	0.927372
1388	1.295786	1.488519	0.839390
1389	2.463198	9.153990	0.915566
1390	-3.998237	9.043233	0.915420
1391	1.561838	8.870143	0.906020
1392	4.645902	10.000000	0.350969
1393	5.821008	10.000000	0.563547
1394	8.677765	10.000000	0.366503
1395	10.000000	-7.520240	0.337096
1396	10.000000	-8.364701	0.553352
1397	10.000000	-9.393044	0.361224
1398	-10.000000	-6.370904	0.236441
1399	-10.000000	-3.835670	0.185918
1400	-10.000000	-6.076035	0.057312
1401	10.000000	6.370728	0.236432
1402	10.000000	3.833797	0.185799
1403	10.000000	6.073829	0.057285
1404	-10.000000	7.520192	0.337093
1405	-10.000000	8.364701	0.553351
1406	-10.000000	9.393043	0.361224
1413	4.676219	-6.456089	0.000000
1414	5.873191	-3.921994	-0.000002
1415	8.724044	-6.100176	0.000000
1416	4.668598	-0.214667	-0.066000
1417	5.906882	0.362521	0.079295
1418	8.707271	-0.093805	0.000014
1419	2.205120	7.584957	0.000000
1420	-3.437451	8.159875	0.000000
1421	1.273915	9.470329	0.000000
1422	5.905525	-10.000000	0.299731
1423	8.643721	-10.000000	0.455588
1424	4.626321	-10.000000	0.525330
1425	3.678604	-10.000000	0.644408
1426	-1.257502	-10.000000	0.690797
1427	-2.127595	-10.000000	0.622783
1428	-5.821008	-10.000000	0.563547
1429	-8.677765	-10.000000	0.366503
1430	-4.645902	-10.000000	0.350969
1431	6.091658	-9.571540	0.910910
1432	8.932461	-9.184721	0.902760
1433	4.889587	-9.284210	0.917913
1434	3.998248	-9.043232	0.915420
1435	-1.561819	-8.870144	0.906020
1436	-2.463195	-9.153991	0.915566
1437	-6.319925	-9.164610	0.919662
1438	-8.883159	-9.387738	0.882886
1439	-4.771361	-9.525860	0.912268
1440	5.798746	-0.938376	0.548012
1441	8.347660	-0.945609	0.439169
1442	4.549229	-0.782086	0.424542
1443	3.302109	-0.677460	0.338398
1444	-1.217806	-0.580954	0.264643
1445	-2.158630	-0.711834	0.362450
1446	-5.592175	-0.753199	0.405682
1447	-8.493084	-1.031704	0.529894
1448	-4.594266	-0.906202	0.521725
1449	3.538940	-0.391909	0.156932
1450	-1.345462	-0.498001	0.210952
1451	-2.240197	-0.325894	0.126020
1452	-5.896622	-0.254217	0.102809
1453	-8.228174	0.138284	0.058957
1454	-4.609447	0.162126	0.081661
1455	-3.547605	0.393380	0.157613
1456	1.335742	0.498090	0.210886
1457	2.233309	0.326116	0.125867
1458	5.635464	0.752390	0.404859
1459	8.452411	1.005376	0.534272
1460	4.591274	0.905890	0.521493
1461	3.426619	1.001586	0.591574
1462	-1.341158	1.054854	0.627245
1463	-2.202091	0.975677	0.571467
1464	-5.799586	0.939991	0.548087
1465	-8.403333	0.961614	0.447099
1466	-4.544798	0.782889	0.424941
1467	6.319932	9.164609	0.919662
1468	8.883161	9.387737	0.882886
1469	4.771361	9.525860	0.912268
1470	3.900306	9.655812	0.903698
1471	-1.321344	9.695078	0.896544
1472	-2.490329	9.627545	0.906417
1473	-6.091658	9.571540	0.910910
1474	-8.932455	9.184724	0.902760
1475	-4.889585	9.284210	0.917913
1476	3.478907	10.000000	0.204828
1477	-1.290542	10.000000	0.107776
1478	-2.216135	10.000000	0.250959
1479	-5.905525	10.000000	0.299731
1480	-8.643721	10.000000	0.455588
1481	-4.626321	10.000000	0.525330
1482	-3.678604	10.000000	0.644408
1483	1.257502	10.000000	0.690797
1484	2.127595	10.000000	0.622783
1485	10.000000	-6.961723	0.181760
1486	10.000000	-4.942490	0.057998
1487	10.000000	-4.365019	0.239322
1491	10.000000	-2.633798	0.306402
1492	10.000000	-1.204895	0.560148
1493	10.000000	-3.098298	0.544687
1494	10.000000	-3.532397	0.713443
1495	10.000000	-5.170440	0.846424
1496	10.000000	-5.605288	0.689252
1497	10.000000	-7.118263	0.732760
1498	10.000000	-8.901819	0.806711
1499	10.000000	-7.509068	0.618731
1500	-10.000000	-8.090464	0.286266
1501	-10.000000	-9.405118	0.452204
1502	-10.000000	-7.775958	0.508501
1503	-10.000000	-8.170327	0.667599
1504	-10.000000	-8.612695	0.827837
1505	-10.000000	-6.726876	0.671114
1506	-10.000000	-6.008027	0.747816
1507	-10.000000	-4.283327	0.843654
1508	-10.000000	-4.022589	0.659101
1509	-10.000000	-2.552103	0.600763
1510	-10.000000	-1.234455	0.430953
1511	-10.000000	-3.197135	0.352501
1515	10.000000	8.090441	0.286263
1516	10.000000	9.405118	0.452204
1517	10.000000	7.775955	0.508501
1518	10.000000	8.170326	0.667599
1519	10.000000	8.612686	0.827837
1520	10.000000	6.726802	0.671115
1521	10.000000	6.007571	0.747825
1522	10.000000	4.280757	0.843695
1523	10.000000	4.021424	0.659158
1524	10.000000	2.550953	0.601028
1525	10.000000	1.228680	0.442128
1526	10.000000	3.197405	0.352580
1530	-10.000000	6.961476	0.181769
1531	-10.000000	4.943843	0.058022
1532	-10.000000	4.361517	0.239253
1536	-10.000000	2.619277	0.304745
1537	-10.000000	1.223050	0.557384
1538	-10.000000	3.104214	0.544262
1539	-10.000000	3.543233	0.713295
1540	-10.000000	5.172566	0.846441
1541	-10.000000	5.606037	0.689231
1542	-10.000000	7.118351	0.732759
1543	-10.000000	8.901821	0.806711
1544	-10.000000	7.509073	0.618731
1563	3.437408	-8.159888	0.000000
1564	-1.273906	-9.470330	0.000000
1565	-2.205075	-7.584970	0.000000
1566	-5.919132	-7.025890	0.000000
1567	-8.711641	-4.981681	-0.000000
1568	-4.657237	-4.452930	0.000000
1569	-3.371326	-2.775946	0.000000
1570	1.242042	-1.509654	0.000000
1571	2.179114	-3.320617	-0.000000
1572	3.461150	-0.564033	-0.102814
1573	-1.292693	-0.761577	-0.112659
1574	-2.126406	-0.444076	0.097984
1575	-6.050089	-0.353873	0.042752
1576	-9.008154	0.211973	0.000418
1577	-4.569326	0.240832	-0.065356
1578	-3.392651	0.566331	-0.113438
1579	1.271453	0.747435	-0.122893
1580	2.073581	0.444502	0.092747
1581	5.919418	7.025671	0.000000
1582	8.712664	4.977537	-0.000000
1583	4.658170	4.452236	0.000000
1584	3.374048	2.774380	0.000000
1585	-1.240824	1.506306	0.000000
1586	-2.180158	3.319960	-0.000000
1587	-5.874788	3.920329	-0.000001
1588	-8.724467	6.098568	0.000000
1589	-4.676401	6.455957	0.000000
1590	5.844023	-6.196910	0.928921
1591	8.708152	-4.314180	0.927760
1592	4.669475	-4.005136	0.928919
1593	3.445666	-2.550003	0.927368
1594	-1.290138	-1.488833	0.839515
1595	-2.206278	-3.030152	0.928729
1596	-5.910818	-3.521982	0.928898
1597	-8.688027	-5.253559	0.927895
1598	-4.642975	-5.743062	0.928921
1599	5.911664	3.521378	0.928898
1600	8.688354	5.252663	0.927893
1601	4.643089	5.743000	0.928921
1602	3.337800	7.204423	0.928855
1603	-1.231486	8.307320	0.922689
1604	-2.166881	6.734628	0.928912
1605	-5.843903	6.196990	0.928921
1606	-8.707896	4.315229	0.927762
1607	-4.669153	4.005308	0.928919
1608	-0.000051	-10.000000	0.156148
1609	1.193396	-10.000000	0.196592
1610	-1.193587	-10.000000	0.196596
1611	0.004293	-9.673819	0.905436
1612	1.300670	-9.651785	0.900926
1613	-1.289175	-9.651425	0.900913
1614	0.000004	-7.830613	0.927884
1615	1.138575	-7.309369	0.928800
1616	-1.138562	-7.309370	0.928800
1617	-0.004397	-1.035549	0.613742
1618	1.182192	-1.009948	0.595885
1619	-1.189435	-1.009967	0.596061
1620	7.191397	0.001600	0.062162
1621	5.990888	-0.089568	0.070778
1622	5.970649	0.088770	0.070613
1623	-0.002937	0.630070	0.298379
1624	1.140567	0.671115	0.329435
1625	-1.133949	0.671224	0.329376
1626	0.001148	1.959644	0.910598
1627	1.178680	2.466141	0.926467
1628	-1.177548	2.466204	0.926469
1629	0.000002	8.980828	0.910055
1630	1.402520	9.066634	0.913253
1631	-1.402525	9.066635	0.913256
1632	7.374230	10.000000	0.428055
1633	6.072044	10.000000	0.389610
1634	6.042640	10.000000	0.480942
1635	10.000000	-8.824615	0.419411
1636	10.000000	-8.208279	0.377342
1637	10.000000	-8.284872	0.467869
1638	-10.000000	-5.437341	0.114818
1639	-10.000000	-5.929047	0.173388
1640	-10.000000	-4.862468	0.174319
1641	10.000000	5.435843	0.114779
1642	10.000000	5.928536	0.173367
1643	10.000000	4.861447	0.174267
1644	-10.000000	8.824613	0.419411
1645	-10.000000	8.208269	0.377341
1646	-10.000000	8.284869	0.467868
1653	7.439129	-5.487086	0.000000
1654	6.120703	-5.995348	-0.000000
1655	6.107135	-4.934395	0.000000
1656	7.580240	0.024664	-0.001899
1657	6.206566	-0.113563	-0.005193
1658	6.145022	0.129733	-0.030356
1659	0.000001	8.870809	0.000000
1660	1.174225	8.253631	-0.000000
1661	-1.174221	8.253632	-0.000000
1662	6.050444	-10.000000	0.480123
1663	6.073254	-10.000000	0.389313
1664	7.377060	-10.000000	0.427655
1665	-0.946649	-10.000000	0.659302
1666	1.352489	-10.000000	0.656626
1667	1.165328	-10.000000	0.691907
1668	-6.072044	-10.000000	0.389610
1669	-6.042640	-10.000000	0.480942
1670	-7.374230	-10.000000	0.428055
1671	6.349229	-9.322277	0.918414
1672	6.262075	-9.460671	0.915177
1673	7.661489	-9.360301	0.913843
1674	-1.402514	-9.066635	0.913253
1675	1.402530	-9.066635	0.913256
1676	0.000007	-8.980828	0.910055
1677	-6.262500	-9.460584	0.915154
1678	-6.349320	-9.322244	0.918401
1679	-7.661684	-9.360261	0.913796
1680	5.937325	-0.814652	0.454502
1681	5.992863	-0.879328	0.503683
1682	7.233401	-0.870466	0.485350
1683	-1.142701	-0.671064	0.329403
1684	1.139242	-0.671255	0.329020
1685	0.000474	-0.630187	0.298224
1686	-5.980666	-0.881335	0.504217
1687	-5.930834	-0.816171	0.454648
1688	-7.186554	-0.875625	0.488265
1689	-1.215991	-0.404337	0.158728
1690	1.210587	-0.404550	0.158356
1691	-0.003325	-0.460981	0.187396
1692	-5.971953	0.089159	0.070593
1693	-5.992048	-0.089674	0.070585
1694	-7.191870	0.001975	0.061863
1695	1.209645	0.404550	0.158718
1696	-1.219243	0.404728	0.158789
1697	-0.007041	0.460992	0.187717
1698	5.978823	0.880014	0.503869
1699	5.913359	0.816170	0.455164
1700	7.243088	0.877462	0.488616
1701	-1.191174	1.009983	0.596028
1702	1.183320	1.009913	0.595960
1703	-0.004356	1.035530	0.613752
1704	-5.931692	0.817086	0.454895
1705	-5.991347	0.881514	0.503872
1706	-7.244060	0.877942	0.485929
1707	6.262501	9.460584	0.915154
1708	6.349323	9.322243	0.918401
1709	7.661687	9.360261	0.913796
1710	-1.300670	9.651785	0.900926
1711	1.289175	9.651425	0.900913
1712	-0.004293	9.673819	0.905436
1713	-6.349227	9.322277	0.918414
1714	-6.262074	9.460672	0.915177
1715	-7.661486	9.360301	0.913843
1716	-1.193396	10.000000	0.196592
1717	1.193587	10.000000	0.196596
1718	0.000051	10.000000	0.156147
1719	-6.050444	10.000000	0.480123
1720	-6.073254	10.000000	0.389313
1721	-7.377060	10.000000	0.427655
1722	0.946649	10.000000	0.659302
1723	-1.352489	10.000000	0.656626
1724	-1.165328	10.000000	0.691907
1725	10.000000	-4.861387	0.174209
1726	10.000000	-5.928630	0.173318
1727	10.000000	-5.433540	0.114722
1731	10.000000	-2.448170	0.505568
1732	10.000000	-2.480443	0.404590
1733	10.000000	-1.808248	0.469037
1734	10.000000	-5.205424	0.737878
1735	10.000000	-4.367874	0.728070
1736	10.000000	-4.766887	0.789569
1737	10.000000	-7.819426	0.690754
1738	10.000000	-7.465356	0.709969
1739	10.000000	-8.213850	0.759719
1740	-10.000000	-8.284913	0.467871
1741	-10.000000	-8.208305	0.377344
1742	-10.000000	-8.824709	0.419423
1743	-10.000000	-7.465373	0.709969
1744	-10.000000	-7.819410	0.690753
1745	-10.000000	-8.213825	0.759719
1746	-10.000000	-4.371123	0.728010
1747	-10.000000	-5.206844	0.737851
1748	-10.000000	-4.769763	0.789549
1749	-10.000000	-2.497152	0.404910
1750	-10.000000	-2.457207	0.505389
1751	-10.000000	-1.826785	0.468900
1755	10.000000	8.284911	0.467871
1756	10.000000	8.208299	0.377343
1757	10.000000	8.824707	0.419423
1758	10.000000	7.465347	0.709969
1759	10.000000	7.819403	0.690753
1760	10.000000	8.213818	0.759719
1761	10.000000	4.369873	0.728065
1762	10.000000	5.206001	0.737876
1763	10.000000	4.768352	0.789587
1764	10.000000	2.495567	0.405466
1765	10.000000	2.454483	0.505808
1766	10.000000	1.819009	0.471197
1770	-10.000000	4.858744	0.174277
1771	-10.000000	5.927778	0.173352
1772	-10.000000	5.433624	0.114791
1776	-10.000000	2.456549	0.505348
1777	-10.000000	2.491263	0.404325
1778	-10.000000	1.825694	0.468076
1779	-10.000000	5.207483	0.737852
1780	-10.000000	4.373026	0.728014
1781	-10.000000	4.771066	0.789578
1782	-10.000000	7.819432	0.690754
1783	-10.000000	7.465383	0.709969
1784	-10.000000	8.213857	0.759720
1803	-1.174209	-8.253635	-0.000000
1804	1.174212	-8.253635	-0.000000
1805	0.000001	-8.870810	0.000000
1806	-6.107029	-4.934387	0.000000
1807	-6.120610	-5.995387	-0.000000
1808	-7.438984	-5.487214	0.000000
1809	1.149780	-2.663341	0.000000
1810	-1.150233	-2.663281	0.000000
1811	-0.000396	-2.065653	-0.000000
1812	-1.156640	-0.556148	-0.099701
1813	1.184495	-0.557826	-0.099093
1814	0.012104	-0.664707	0.100795
1815	-6.136892	0.133104	-0.035365
1816	-6.203863	-0.112573	-0.003609
1817	-7.578777	0.025756	-0.002513
1818	1.125329	0.559868	-0.106738
1819	-1.165430	0.560357	-0.109266
1820	-0.015197	0.663235	0.096235
1821	6.108033	4.933353	0.000000
1822	6.121143	5.994872	-0.000000
1823	7.439910	5.485705	0.000000
1824	-1.150888	2.662436	0.000000
1825	1.151322	2.662375	0.000000
1826	0.000272	2.064387	-0.000000
1827	-6.121079	5.994938	-0.000000
1828	-6.107880	4.933510	0.000000
1829	-7.439762	5.485923	0.000000
1830	6.107872	-4.405834	0.928920
1831	6.089103	-5.321550	0.928921
1832	7.419227	-4.841100	0.928897
1833	-1.177284	-2.466254	0.926470
1834	1.178784	-2.466154	0.926467
1835	0.001541	-1.959698	0.910603
1836	-6.088854	-5.321749	0.928921
1837	-6.107416	-4.406213	0.928920
1838	-7.418785	-4.841691	0.928897
1839	6.089092	5.321557	0.928921
1840	6.107854	4.405847	0.928920
1841	7.419207	4.841122	0.928897
1842	-1.138562	7.309370	0.928800
1843	1.138575	7.309369	0.928800
1844	0.000004	7.830613	0.927884
1845	-6.107555	4.406116	0.928920
1846	-6.088910	5.321712	0.928921
1847	-7.418942	4.841535	0.928897
1848	-0.000448	-10.000000	0.352127
1849	-1.048471	-10.000000	0.300150
1850	1.047834	-10.000000	0.300130
1851	-4.822144	-10.000000	0.163616
1852	-6.238954	-10.000000	0.106580
1853	-3.833192	-10.000000	0.107281
1854	4.822087	-10.000000	0.163611
1855	3.833188	-10.000000	0.107281
1856	6.238952	-10.000000	0.106580
1857	0.000793	-9.544883	0.909492
1858	-1.138852	-9.592735	0.906959
1859	1.143019	-9.592826	0.906967
1860	-5.360226	-9.683431	0.907037
1861	-6.904614	-9.712135	0.907752
1862	-4.020252	-9.698880	0.896873
1863	5.356754	-9.683950	0.907046
1864	4.018203	-9.699580	0.896870
1865	6.904364	-9.712227	0.907793
1866	0.000013	-5.764439	0.928921
1867	-1.041067	-6.255664	0.928920
1868	1.041091	-6.255660	0.928920
1869	-4.562697	-7.641388	0.928487
1870	-5.967046	-7.980292	0.925726
1871	-3.656553	-8.208998	0.923679
1872	4.562737	-7.641374	0.928487
1873	3.656571	-8.208992	0.923679
1874	5.967095	-7.980264	0.925727
1875	-0.000856	-0.911482	0.521348
1876	-1.044507	-0.945634	0.548172
1877	1.041604	-0.945688	0.548061
1878	-4.709278	-1.026039	0.609894
1879	-6.036206	-1.053543	0.626617
1880	-3.885143	-1.052830	0.628008
1881	4.709642	-1.025134	0.609249
1882	3.888021	-1.051945	0.627131
1883	6.073324	-1.051250	0.625814
1884	2.182854	-0.000046	0.065181
1885	3.400033	0.078104	0.069556
1886	3.401593	-0.078373	0.069570
1887	7.122526	0.379889	0.142020
1888	8.404222	0.608549	0.211502
1889	8.234163	0.378662	0.117995
1890	7.202633	-0.373616	0.138597
1891	8.375459	-0.360745	0.099697
1892	8.430925	-0.598492	0.194534
1893	0.000173	0.780629	0.415519
1894	-1.037490	0.745841	0.387691
1895	1.039473	0.745776	0.387704
1896	-4.474082	0.642896	0.319180
1897	-5.542125	0.608710	0.302196
1898	-3.531711	0.585434	0.273539
1899	4.400967	0.641012	0.316378
1900	3.508258	0.584424	0.272397
1901	5.516417	0.608379	0.298730
1902	0.000069	3.998015	0.928920
1903	-1.050545	3.508667	0.928901
1904	1.050830	3.508643	0.928901
1905	-4.768276	2.064545	0.918134
1906	-6.205827	1.568975	0.865638
1907	-3.830107	1.511447	0.847459
1908	4.770040	2.064001	0.918105
1909	3.833807	1.510862	0.847312
1910	6.208210	1.567798	0.865592
1911	-0.000034	9.309546	0.915485
1912	-1.117390	9.235860	0.915671
1913	1.117347	9.235859	0.915666
1914	-5.522559	8.861154	0.914347
1915	-6.785808	8.554673	0.909748
1916	-4.417801	8.766839	0.907809
1917	5.522584	8.861148	0.914346
1918	4.417829	8.766833	0.907808
1919	6.785849	8.554650	0.909748
1920	2.191902	10.000000	0.444997
1921	3.412680	10.000000	0.485920
1922	3.419528	10.000000	0.399801
1923	7.051456	10.000000	0.592879
1924	8.225746	10.000000	0.601377
1925	8.521903	10.000000	0.535580
1926	7.208015	10.000000	0.246067
1927	8.657773	10.000000	0.273589
1928	8.570119	10.000000	0.187930
1929	10.000000	-6.467873	0.428064
1930	10.000000	-7.146949	0.464268
1931	10.000000	-6.975772	0.383626
1932	10.000000	-8.921373	0.588718
1933	10.000000	-9.424425	0.611651
1934	10.000000	-9.412592	0.534917
1935	10.000000	-8.683383	0.230182
1936	10.000000	-9.365007	0.265107
1937	10.000000	-9.304201	0.169215
1938	-10.000000	-5.326893	0.347679
1939	-10.000000	-4.866400	0.292958
1940	-10.000000	-5.818175	0.290685
1941	-10.000000	-3.310602	0.132290
1942	-10.000000	-2.887408	0.073378
1943	-10.000000	-3.870111	0.062211
1944	-10.000000	-7.591323	0.125010
1945	-10.000000	-7.204057	0.059393
1946	-10.000000	-8.282934	0.065050
1947	10.000000	5.326762	0.347673
1948	10.000000	4.866212	0.292937
1949	10.000000	5.818037	0.290677
1950	10.000000	3.303346	0.132217
1951	10.000000	2.872823	0.073502
1952	10.000000	3.862768	0.062146
1953	10.000000	7.591034	0.124998
1954	10.000000	7.202974	0.059376
1955	10.000000	8.282481	0.065038
1956	-10.000000	6.467824	0.428059
1957	-10.000000	7.146937	0.464266
1958	-10.000000	6.975715	0.383622
1959	-10.000000	8.921373	0.588718
1960	-10.000000	9.424425	0.611651
1961	-10.000000	9.412592	0.534917
1962	-10.000000	8.683366	0.230181
1963	-10.000000	9.365004	0.265106
1964	-10.000000	9.304196	0.169214
1983	2.216513	-5.443436	0.000000
1984	3.449139	-4.968191	-0.000000
1985	3.453952	-5.925220	0.000000
1986	7.124148	-3.406518	0.000041
1987	8.469631	-2.953280	-0.000412
1988	8.636275	-3.916443	0.000019
1989	7.200430	-7.637264	0.000000
1990	8.675890	-7.227117	-0.000000
1991	8.542512	-8.307512	0.000000
1992	2.094733	-0.014449	-0.087544
1993	3.295740	0.162376	0.090249
1994	3.345734	-0.113286	0.043329
1995	7.334694	0.543265	-0.022634
1996	8.844686	0.816283	0.002376
1997	8.652220	0.475959	-0.001086
1998	7.574928	-0.532687	-0.007635
1999	8.966950	-0.397803	-0.000159
2000	8.873349	-0.813595	0.001150
2001	0.000003	6.455009	0.000000
2002	-1.050632	7.022484	0.000000
2003	1.050638	7.022483	0.000000
2004	-4.746433	8.756881	0.000000
2005	-6.159296	9.387267	0.000000
2006	-3.783236	9.446127	-0.000000
2007	4.746442	8.756878	0.000000
2008	3.783241	9.446126	-0.000000
2009	6.159308	9.387264	0.000000
2010	8.570105	-10.000000	0.187912
2011	8.657883	-10.000000	0.273524
2012	7.208075	-10.000000	0.246026
2013	8.538469	-10.000000	0.534481
2014	8.266148	-10.000000	0.599501
2015	7.100153	-10.000000	0.591010
2016	3.419011	-10.000000	0.399526
2017	3.416158	-10.000000	0.485133
2018	2.191067	-10.000000	0.444742
2019	5.971462	-10.000000	0.702958
2020	3.443993	-10.000000	0.687847
2021	5.189217	-10.000000	0.664577
2022	-3.680315	-10.000000	0.688608
2023	-6.024617	-10.000000	0.705093
2024	-4.899768	-10.000000	0.655296
2025	1.061505	-10.000000	0.582913
2026	-1.032403	-10.000000	0.583653
2027	0.001227	-10.000000	0.537453
2028	-8.225746	-10.000000	0.601377
2029	-8.521903	-10.000000	0.535580
2030	-7.051456	-10.000000	0.592879
2031	-8.657772	-10.000000	0.273590
2032	-8.570116	-10.000000	0.187931
2033	-7.208014	-10.000000	0.246067
2034	-3.412680	-10.000000	0.485920
2035	-3.419528	-10.000000	0.399801
2036	-2.191902	-10.000000	0.444997
2037	8.906161	-9.652829	0.830541
2038	8.847321	-9.540507	0.858589
2039	7.495995	-9.610724	0.902179
2040	8.956034	-8.920283	0.914543
2041	8.912745	-8.592434	0.917151
2042	7.703874	-8.957379	0.919704
2043	3.503627	-9.477361	0.913109
2044	3.532399	-9.365036	0.915857
2045	2.239666	-9.428503	0.913902
2046	6.785849	-8.554650	0.909748
2047	4.417830	-8.766833	0.907809
2048	5.522584	-8.861148	0.914347
2049	-4.417799	-8.766839	0.907808
2050	-6.785805	-8.554673	0.909747
2051	-5.522558	-8.861154	0.914346
2052	1.117391	-9.235860	0.915671
2053	-1.117346	-9.235859	0.915666
2054	0.000034	-9.309546	0.915485
2055	-8.912725	-8.592460	0.917151
2056	-8.956033	-8.920285	0.914539
2057	-7.703869	-8.957380	0.919696
2058	-8.848042	-9.540453	0.858523
2059	-8.907624	-9.652843	0.830404
2060	-7.498477	-9.610595	0.902051
2061	-3.532304	-9.365011	0.915836
2062	-3.503453	-9.477288	0.913084
2063	-2.239448	-9.428485	0.913886
2064	8.153657	-1.051204	0.609777
2065	8.182935	-1.021032	0.574187
2066	6.913446	-0.981036	0.575231
2067	8.359223	-0.921765	0.383822
2068	7.844693	-0.791105	0.337839
2069	6.969632	-0.747629	0.401474
2070	3.390047	-0.875312	0.494985
2071	3.386242	-0.814896	0.446648
2072	2.176141	-0.845762	0.469470
2073	5.562451	-0.603919	0.301196
2074	3.536370	-0.584564	0.272707
2075	4.524752	-0.641761	0.318726
2076	-3.527257	-0.584480	0.273336
2077	-5.540587	-0.607870	0.301537
2078	-4.482568	-0.641333	0.318307
2079	1.039671	-0.745884	0.387459
2080	-1.039298	-0.745723	0.387688
2081	0.000055	-0.780639	0.415429
2082	-8.057569	-0.831556	0.394962
2083	-8.627778	-1.035604	0.406182
2084	-7.074033	-0.770909	0.411193
2085	-8.369834	-1.049639	0.576644
2086	-8.184318	-1.067581	0.607582
2087	-6.947739	-0.985634	0.576261
2088	-3.385867	-0.814793	0.447012
2089	-3.390660	-0.875223	0.495277
2090	-2.176761	-0.845589	0.469717
2091	6.503001	-0.536339	0.251599
2092	4.015508	-0.498572	0.219628
2093	4.944450	-0.455099	0.195405
2094	-4.034260	-0.499715	0.220508
2095	-6.581460	-0.556058	0.258972
2096	-4.996017	-0.459355	0.196866
2097	1.052229	-0.251520	0.099505
2098	-1.053505	-0.251501	0.099641
2099	-0.000205	-0.166692	0.079116
2100	-8.424809	-0.602422	0.203240
2101	-8.375165	-0.361292	0.102544
2102	-7.205508	-0.377709	0.138170
2103	-8.233060	0.381046	0.113206
2104	-8.386516	0.604997	0.198357
2105	-7.122997	0.379750	0.141666
2106	-3.402426	-0.078359	0.069646
2107	-3.401102	0.078227	0.069586
2108	-2.183328	-0.000015	0.065218
2109	-6.523230	0.546120	0.254944
2110	-4.041320	0.500848	0.220849
2111	-4.968408	0.459402	0.196963
2112	4.024089	0.500950	0.219600
2113	6.550202	0.552752	0.258290
2114	4.977677	0.460431	0.196538
2115	-1.053998	0.251615	0.099637
2116	1.051209	0.251551	0.099627
2117	-0.000588	0.166713	0.079144
2118	7.819526	0.765443	0.392529
2119	8.266469	0.911532	0.430406
2120	7.015389	0.754874	0.402245
2121	8.374656	1.033369	0.580141
2122	8.190040	1.055064	0.608408
2123	6.947494	0.982141	0.575122
2124	3.385131	0.814860	0.446828
2125	3.389309	0.875238	0.495143
2126	2.176159	0.845654	0.469645
2127	6.086198	1.051146	0.625610
2128	3.899474	1.051833	0.627291
2129	4.716543	1.025084	0.609355
2130	-3.896589	1.052532	0.627567
2131	-6.078296	1.052766	0.625610
2132	-4.720856	1.025943	0.609522
2133	1.041846	0.945642	0.548134
2134	-1.045322	0.945663	0.548151
2135	-0.000992	0.911471	0.521377
2136	-8.195626	1.058658	0.606463
2137	-8.384524	1.037433	0.576156
2138	-6.953399	0.984619	0.574896
2139	-8.410380	0.939015	0.396523
2140	-7.906069	0.805320	0.377091
2141	-6.953863	0.757121	0.403777
2142	-3.392326	0.875364	0.495197
2143	-3.386921	0.815006	0.446966
2144	-2.177122	0.845703	0.469652
2145	8.912746	8.592431	0.917151
2146	8.956043	8.920274	0.914540
2147	7.703884	8.957373	0.919696
2148	8.848043	9.540452	0.858523
2149	8.907624	9.652843	0.830404
2150	7.498477	9.610595	0.902051
2151	3.532304	9.365011	0.915836
2152	3.503453	9.477288	0.913084
2153	2.239448	9.428485	0.913886
2154	6.904614	9.712135	0.907752
2155	4.020252	9.698880	0.896873
2156	5.360226	9.683431	0.907037
2157	-4.018203	9.699580	0.896870
2158	-6.904364	9.712227	0.907793
2159	-5.356754	9.683950	0.907046
2160	1.138852	9.592735	0.906959
2161	-1.143019	9.592826	0.906967
2162	-0.000793	9.544883	0.909492
2163	-8.906160	9.652829	0.830541
2164	-8.847320	9.540508	0.858589
2165	-7.495995	9.610725	0.902179
2166	-8.956024	8.920294	0.914542
2167	-8.912725	8.592462	0.917151
2168	-7.703859	8.957386	0.919704
2169	-3.503627	9.477361	0.913109
2170	-3.532399	9.365036	0.915857
2171	-2.239666	9.428503	0.913902
2172	6.238969	10.000000	0.106580
2173	3.833202	10.000000	0.107281
2174	4.822146	10.000000	0.163616
2175	-3.833195	10.000000	0.107281
2176	-6.238963	10.000000	0.106580
2177	-4.822089	10.000000	0.163611
2178	1.048471	10.000000	0.300150
2179	-1.047834	10.000000	0.300130
2180	0.000448	10.000000	0.352127
2181	-8.570106	10.000000	0.187912
2182	-8.657883	10.000000	0.273524
2183	-7.208075	10.000000	0.246026
2184	-8.538469	10.000000	0.534481
2185	-8.266148	10.000000	0.599501
2186	-7.100153	10.000000	0.591010
2187	-3.419011	10.000000	0.399526
2188	-3.416158	10.000000	0.485133
2189	-2.191067	10.000000	0.444742
2190	-5.971462	10.000000	0.702958
2191	-3.443993	10.000000	0.687847
2192	-5.189217	10.000000	0.664577
2193	3.680315	10.000000	0.688608
2194	6.024617	10.000000	0.705093
2195	4.899768	10.000000	0.655296
2196	-1.061505	10.000000	0.582913
2197	1.032403	10.000000	0.583653
2198	-0.001227	10.000000	0.537453
2199	10.000000	-8.282509	0.065045
2200	10.000000	-7.202732	0.059384
2201	10.000000	-7.590893	0.124993
2202	10.000000	-3.855702	0.062596
2203	10.000000	-2.866845	0.074819
2204	10.000000	-3.289785	0.133463
2205	10.000000	-5.818575	0.290679
2206	10.000000	-4.867388	0.292980
2207	10.000000	-5.327321	0.347697
2218	10.000000	-1.270890	0.307785
2219	10.000000	-2.074030	0.262530
2220	10.000000	-1.270062	0.664961
2221	10.000000	-1.653525	0.730531
2222	10.000000	-2.021372	0.662950
2223	10.000000	-3.735375	0.400148
2224	10.000000	-3.666842	0.491977
2225	10.000000	-4.269009	0.445678
2226	10.000000	-2.517042	0.832645
2227	10.000000	-3.372360	0.839559
2228	10.000000	-3.040177	0.770657
2229	10.000000	-6.001796	0.849148
2230	10.000000	-6.753661	0.853158
2231	10.000000	-6.406615	0.802614
2232	10.000000	-4.492441	0.607267
2233	10.000000	-5.245226	0.626714
2234	10.000000	-4.969868	0.559597
2235	10.000000	-7.890142	0.847989
2236	10.000000	-8.274198	0.837911
2237	10.000000	-7.531252	0.791709
2238	10.000000	-9.170337	0.764957
2240	10.000000	-8.832208	0.706461
2241	10.000000	-6.402327	0.607246
2242	10.000000	-6.842426	0.574640
2243	10.000000	-6.168613	0.541574
2244	-10.000000	-9.304259	0.169224
2245	-10.000000	-9.365077	0.265127
2246	-10.000000	-8.683419	0.230187
2247	-10.000000	-9.412729	0.535013
2248	-10.000000	-9.424491	0.611746
2249	-10.000000	-8.921403	0.588738
2250	-10.000000	-6.975737	0.383625
2251	-10.000000	-7.146948	0.464267
2252	-10.000000	-6.467841	0.428061
2253	-10.000000	-9.483946	0.685457
2254	-10.000000	-9.170209	0.764994
2255	-10.000000	-8.832065	0.706473
2256	-10.000000	-8.274212	0.837912
2257	-10.000000	-7.890214	0.847990
2258	-10.000000	-7.531330	0.791709
2259	-10.000000	-6.842441	0.574639
2260	-10.000000	-6.402389	0.607244
2261	-10.000000	-6.168650	0.541571
2262	-10.000000	-6.754089	0.853156
2263	-10.000000	-6.002748	0.849145
2264	-10.000000	-6.407133	0.802610
2265	-10.000000	-3.378654	0.839574
2266	-10.000000	-2.525865	0.832441
2267	-10.000000	-3.050912	0.770581
2268	-10.000000	-5.245713	0.626690
2269	-10.000000	-4.493568	0.607203
2270	-10.000000	-4.970235	0.559568
2271	-10.000000	-1.680263	0.726724
2272	-10.000000	-1.433209	0.649726
2273	-10.000000	-2.051946	0.661699
2274	-10.000000	-1.347332	0.322471
2275	-10.000000	-1.642317	0.246549
2276	-10.000000	-2.149201	0.265622
2277	-10.000000	-3.668872	0.491837
2278	-10.000000	-3.735978	0.399952
2279	-10.000000	-4.269206	0.445576
2289	10.000000	9.304235	0.169220
2290	10.000000	9.365071	0.265126
2291	10.000000	8.683395	0.230184
2292	10.000000	9.412729	0.535013
2293	10.000000	9.424491	0.611746
2294	10.000000	8.921403	0.588738
2295	10.000000	6.975713	0.383623
2296	10.000000	7.146939	0.464266
2297	10.000000	6.467813	0.428060
2298	10.000000	9.483946	0.685457
2299	10.000000	9.170209	0.764994
2300	10.000000	8.832065	0.706473
2301	10.000000	8.274185	0.837911
2302	10.000000	7.890139	0.847989
2303	10.000000	7.531250	0.791709
2304	10.000000	6.842422	0.574639
2305	10.000000	6.402327	0.607246
2306	10.000000	6.168600	0.541573
2307	10.000000	6.753682	0.853158
2308	10.000000	6.001901	0.849150
2309	10.000000	6.406688	0.802615
2310	10.000000	3.374761	0.839674
2311	10.000000	2.520368	0.832692
2312	10.000000	3.049009	0.770787
2313	10.000000	5.245357	0.626710
2314	10.000000	4.492967	0.607242
2315	10.000000	4.969986	0.559588
2316	10.000000	1.680776	0.729240
2317	10.000000	1.455017	0.652651
2318	10.000000	2.063382	0.663048
2319	10.000000	1.320738	0.324933
2320	10.000000	1.525822	0.257109
2321	10.000000	2.123726	0.265238
2322	10.000000	3.668387	0.491912
2323	10.000000	3.735720	0.400007
2324	10.000000	4.269018	0.445599
2334	-10.000000	8.282461	0.065040
2335	-10.000000	7.202791	0.059381
2336	-10.000000	7.590894	0.124997
2337	-10.000000	3.858405	0.062503
2338	-10.000000	2.855593	0.075122
2339	-10.000000	3.273770	0.133515
2340	-10.000000	5.818010	0.290668
2341	-10.000000	4.866034	0.292924
2342	-10.000000	5.326817	0.347667
2353	-10.000000	1.366976	0.285743
2354	-10.000000	1.834146	0.273709
2355	-10.000000	1.434155	0.649423
2356	-10.000000	1.687104	0.726150
2357	-10.000000	2.058902	0.661537
2358	-10.000000	3.735195	0.399903
2359	-10.000000	3.669234	0.491756
2360	-10.000000	4.269314	0.445551
2361	-10.000000	2.525022	0.832483
2362	-10.000000	3.379037	0.839692
2363	-10.000000	3.056957	0.770718
2364	-10.000000	6.002749	0.849151
2365	-10.000000	6.754072	0.853158
2366	-10.000000	6.407211	0.802612
2367	-10.000000	4.494100	0.607175
2368	-10.000000	5.245879	0.626683
2369	-10.000000	4.970369	0.559559
2370	-10.000000	7.890218	0.847990
2371	-10.000000	8.274225	0.837912
2372	-10.000000	7.531337	0.791709
2373	-10.000000	9.170338	0.764957
2375	-10.000000	8.832208	0.706461
2376	-10.000000	6.402391	0.607243
2377	-10.000000	6.842439	0.574639
2378	-10.000000	6.168648	0.541570
2433	6.159223	-9.387285	0.000000
2434	3.783209	-9.446130	-0.000000
2435	4.746377	-8.756897	0.000000
2436	-3.783204	-9.446131	-0.000000
2437	-6.159203	-9.387289	0.000000
2438	-4.746363	-8.756900	0.000000
2439	1.050615	-7.022493	0.000000
2440	-1.050611	-7.022493	0.000000
2441	0.000002	-6.455020	0.000000
2442	-8.542450	-8.307617	0.000000
2443	-8.675807	-7.227346	-0.000000
2444	-7.200361	-7.637318	0.000000
2445	-8.636512	-3.916327	0.000019
2446	-8.471076	-2.951862	-0.000409
2447	-7.124806	-3.406034	0.000040
2448	-3.453931	-5.925223	0.000000
2449	-3.449123	-4.968179	-0.000000
2450	-2.216506	-5.443434	0.000000
2451	-6.059834	-1.793016	0.000100
2452	-3.703743	-1.593766	0.000002
2453	-4.632154	-2.252198	-0.000007
2454	3.702038	-1.594550	0.000002
2455	6.056979	-1.794834	0.000100
2456	4.630289	-2.252874	-0.000007
2457	-1.044469	-3.869878	0.000000
2458	1.044409	-3.869893	0.000000
2459	-0.000008	-4.431377	-0.000000
2460	6.504636	-1.022072	-0.033790
2461	3.937798	-0.841339	-0.088124
2462	4.928555	-0.723937	0.085195
2463	-3.942792	-0.846396	-0.069822
2464	-6.516202	-1.021236	-0.033222
2465	-4.960105	-0.726768	0.087121
2466	0.971876	-0.329864	-0.096977
2467	-0.961048	-0.331621	-0.098816
2468	0.004499	-0.226333	0.101284
2469	-8.872998	-0.809645	0.001151
2470	-8.967020	-0.394612	-0.000155
2471	-7.574961	-0.531106	-0.007624
2472	-8.651160	0.478960	-0.001426
2473	-8.840784	0.820988	0.002830
2474	-7.324657	0.543217	-0.027232
2475	-3.344127	-0.110431	0.036638
2476	-3.296607	0.161066	0.101187
2477	-2.105210	0.041667	-0.110765
2478	-6.414197	0.998016	-0.067511
2479	-3.866327	0.820952	-0.089349
2480	-4.839169	0.710682	0.080671
2481	3.869532	0.821959	-0.083573
2482	6.407157	0.994190	-0.062781
2483	4.841921	0.714309	0.098693
2484	-0.951761	0.334808	-0.101797
2485	0.939021	0.334164	-0.101529
2486	-0.001101	0.226368	0.106393
2487	8.542715	8.307139	0.000000
2488	8.676207	7.226211	-0.000000
2489	7.200666	7.637010	0.000000
2490	8.638146	3.909496	0.000015
2491	8.473507	2.941599	-0.000344
2492	7.127657	3.401528	0.000032
2493	3.454129	5.925101	0.000000
2494	3.449502	4.967922	-0.000000
2495	2.216643	5.443345	0.000000
2496	6.058902	1.782993	0.000081
2497	3.699231	1.588272	0.000001
2498	4.636409	2.248125	-0.000005
2499	-3.697914	1.589135	0.000001
2500	-6.055912	1.785078	0.000078
2501	-4.634836	2.248833	-0.000005
2502	1.044754	3.869586	0.000000
2503	-1.044653	3.869600	0.000000
2504	0.000022	4.431238	-0.000000
2505	-8.471831	2.944843	-0.000329
2506	-8.637472	3.911168	0.000015
2507	-7.126633	3.402550	0.000030
2508	-8.676153	7.226341	-0.000000
2509	-8.542686	8.307189	0.000000
2510	-7.200634	7.637044	0.000000
2511	-3.449449	4.967953	-0.000000
2512	-3.454105	5.925115	0.000000
2513	-2.216623	5.443353	0.000000
2514	8.404839	-6.923432	0.929228
2515	8.598814	-6.137319	0.928438
2516	7.071873	-6.616107	0.928914
2517	8.666318	-3.368602	0.927945
2518	8.543723	-2.468800	0.926333
2519	7.195912	-3.012752	0.928686
2520	3.442351	-5.295429	0.928921
2521	3.449134	-4.462094	0.928921
2522	2.213434	-4.880228	0.928921
2523	6.207901	-1.567791	0.865619
2524	3.833635	-1.510913	0.847309
2525	4.769992	-2.064031	0.918107
2526	-3.827538	-1.511961	0.847644
2527	-6.202294	-1.570564	0.865995
2528	-4.766803	-2.065054	0.918171
2529	1.050847	-3.508644	0.928901
2530	-1.050506	-3.508677	0.928901
2531	0.000078	-3.998016	0.928920
2532	-8.542200	-2.472921	0.926406
2533	-8.665474	-3.371358	0.927954
2534	-7.194523	-3.014390	0.928689
2535	-8.598583	-6.137802	0.928439
2536	-8.404676	-6.923665	0.929228
2537	-7.071709	-6.616246	0.928914
2538	-3.448949	-4.462176	0.928921
2539	-3.442257	-5.295474	0.928921
2540	-2.213358	-4.880255	0.928921
2541	8.543615	2.468977	0.926331
2542	8.666311	3.368674	0.927945
2543	7.195899	3.012788	0.928686
2544	8.598802	6.137339	0.928438
2545	8.404831	6.923440	0.929228
2546	7.071866	6.616111	0.928914
2547	3.449128	4.462097	0.928921
2548	3.442349	5.295431	0.928921
2549	2.213432	4.880229	0.928921
2550	5.967094	7.980264	0.925727
2551	3.656571	8.208992	0.923679
2552	4.562737	7.641374	0.928487
2553	-3.656554	8.208998	0.923679
2554	-5.967050	7.980291	0.925727
2555	-4.562699	7.641387	0.928487
2556	1.041090	6.255660	0.928920
2557	-1.041068	6.255664	0.928920
2558	0.000012	5.764439	0.928921
2559	-8.404713	6.923631	0.929228
2560	-8.598656	6.137699	0.928438
2561	-7.071739	6.616228	0.928914
2562	-8.665970	3.370098	0.927949
2563	-8.543110	2.470769	0.926363
2564	-7.195243	3.013696	0.928686
2565	-3.442267	5.295469	0.928921
2566	-3.448977	4.462162	0.928921
2567	-2.213365	4.880252	0.928921
