1	10.000000	-15.000000	0.000000
2	-10.000000	-15.000000	0.000000
3	10.000000	15.000000	0.000000
4	-10.000000	15.000000	0.000000
5	10.000000	-10.079529	0.000000
6	-10.000000	-10.079551	0.000000
7	10.000000	10.079542	0.000000
8	-10.000000	10.079523	0.000000
9	10.000000	-9.774700	0.584647
10	-10.000000	-9.775546	0.585501
11	10.000000	-1.405648	0.656191
12	-10.000000	-1.467155	0.630484
13	10.000000	1.460494	0.641407
14	-10.000000	1.353643	0.680377
15	10.000000	9.775546	0.585501
16	-10.000000	9.774700	0.584647
17	10.000000	-7.012863	0.900000
18	-10.000000	-7.013998	0.900000
19	10.000000	7.013080	0.900000
20	-10.000000	7.013405	0.900000
22	-10.000000	1.953076	-0.017601
23	10.000000	1.654445	0.389298
27	10.000000	-1.661593	0.315568
29	0.002568	-10.000000	0.438606
30	0.000283	-9.394199	0.912650
31	0.003195	-0.826707	0.499241
32	-0.001904	-0.000094	0.262605
33	-0.001278	0.826761	0.499323
34	-0.000273	9.394199	0.912650
35	-0.002568	10.000000	0.438606
36	10.000000	-5.415689	0.460203
37	-10.000000	-5.418442	0.460196
38	10.000000	5.418011	0.460180
39	-10.000000	5.416019	0.459993
42	-0.000047	-5.454748	-0.000000
43	0.004118	-0.079213	0.208571
44	0.000103	5.454330	-0.000000
45	0.000190	-4.874986	0.963795
46	0.000106	4.874960	0.963795
47	0.000000	0.000000	0.000000
48	0.000031	-10.097710	0.000000
49	0.009847	-9.595704	0.900000
50	0.009833	-1.103058	0.619749
51	0.064934	0.393247	0.331909
52	-0.002711	1.101845	0.619456
53	-0.009846	9.595704	0.900000
54	0.000033	10.097709	0.000000
55	10.000000	-10.000000	0.314809
56	-10.000000	-10.000000	0.316355
59	10.000000	10.000000	0.316352
60	-10.000000	10.000000	0.314806
61	10.000000	-8.814846	0.885871
62	-10.000000	-8.814979	0.885896
66	-9.130704	1.236792	0.610819
67	10.000000	8.814867	0.885906
68	-10.000000	8.814930	0.885864
69	10.000000	-5.828358	0.000000
70	-10.000000	-5.825884	0.000000
71	10.000000	5.815933	0.000000
72	-10.000000	5.813886	0.000000
73	0.001633	1.125544	0.000000
78	-0.023736	-0.393136	0.331440
79	0.024391	-1.139811	0.000000
80	9.301392	0.147683	0.041615
81	-9.307168	0.147888	0.039897
82	0.000174	-8.461120	0.900000
83	0.000106	8.461113	0.900000
84	10.000000	4.445821	0.900000
85	-10.000000	4.439422	0.900000
86	10.000000	-4.440553	0.900000
87	-10.000000	-4.449402	0.900000
88	4.043192	-10.000000	0.287402
89	4.084530	-10.000000	0.549070
90	-4.004666	-10.000000	0.550509
91	-4.044576	-10.000000	0.287601
92	4.963662	-9.502308	0.909798
93	4.707717	-9.021248	0.926801
94	-4.707574	-9.021253	0.926799
95	-4.961075	-9.502651	0.909840
96	3.833010	-0.951886	0.555741
97	3.756529	-0.700257	0.446929
98	-3.788206	-0.706954	0.450430
99	-3.806093	-0.953307	0.557124
100	4.371300	-0.234155	0.287686
101	-4.421704	-0.240196	0.287969
102	-4.289904	0.234718	0.285499
103	4.340473	0.239331	0.288655
104	3.790219	0.705582	0.449636
105	3.777202	0.951725	0.556231
106	-3.827185	0.953617	0.554105
107	-3.648044	0.700633	0.444281
108	4.707696	9.021228	0.926801
109	4.961094	9.502650	0.909840
110	-4.963645	9.502309	0.909798
111	-4.707619	9.021268	0.926800
112	4.044578	10.000000	0.287601
113	-4.043193	10.000000	0.287401
114	-4.084530	10.000000	0.549070
115	4.004667	10.000000	0.550509
116	10.000000	-7.222619	0.252669
118	10.000000	-3.529046	0.274496
119	10.000000	-3.312097	0.624580
120	10.000000	-6.230833	0.707190
121	10.000000	-7.925261	0.565138
122	-10.000000	-7.224320	0.252726
123	-10.000000	-7.925347	0.565141
124	-10.000000	-6.232500	0.707184
125	-10.000000	-3.335038	0.624470
127	-10.000000	-3.601441	0.273783
128	10.000000	7.223634	0.252694
129	10.000000	7.925299	0.565140
130	10.000000	6.232138	0.707201
131	10.000000	3.341634	0.625231
133	10.000000	3.575118	0.273709
134	-10.000000	7.219260	0.252536
136	-10.000000	3.445771	0.281190
137	-10.000000	3.326372	0.623929
138	-10.000000	6.232785	0.707183
139	-10.000000	7.925303	0.565130
148	4.066782	-7.343066	-0.000000
149	-4.066782	-7.343044	-0.000000
150	-4.004903	-3.680401	-0.000027
151	4.003923	-3.680874	-0.000027
152	3.836511	-0.485507	0.114163
153	-3.868469	-0.463007	0.113380
154	-3.767759	0.485974	0.116975
155	3.764678	0.475512	0.095014
156	4.067564	7.342548	-0.000000
157	4.007520	3.676241	-0.000021
158	-4.005296	3.677452	-0.000020
159	-4.067337	7.342667	-0.000000
160	3.933692	-6.383241	0.963646
161	4.049280	-3.280394	0.961148
162	-4.045848	-3.281855	0.961167
163	-3.933255	-6.383449	0.963646
164	4.047785	3.280796	0.961153
165	3.933625	6.383263	0.963646
166	-3.933465	6.383356	0.963646
167	-4.048572	3.280471	0.961148
168	5.208878	-10.094426	0.000000
169	4.951173	-9.612878	0.900000
170	5.257370	-1.147408	0.640179
171	5.340381	0.523755	0.376670
172	5.255132	1.154332	0.641988
173	4.950583	9.613868	0.900000
174	5.209288	10.094424	0.000000
175	10.000000	-10.000000	0.189778
176	-10.000000	-10.000000	0.190168
179	10.000000	10.000000	0.190157
180	-10.000000	10.000000	0.189768
181	10.000000	-9.375965	0.775646
182	-10.000000	-9.376308	0.775854
186	-9.093977	1.179804	0.513694
187	10.000000	8.002557	0.900000
188	-10.000000	8.002800	0.900000
189	10.000000	-8.064060	0.000000
190	-10.000000	-8.063660	0.000000
191	10.000000	8.059462	0.000000
192	-10.000000	8.060009	0.000000
193	5.229422	1.344354	0.000000
196	10.000000	-0.708664	0.000000
197	-10.000000	-0.685536	0.000000
198	5.297624	-0.506015	0.369242
199	5.228025	-1.367211	0.000000
200	9.326414	-0.807249	0.141446
201	-9.327762	-0.805041	0.152870
202	5.414293	-8.092316	0.900000
203	5.414246	8.092334	0.900000
204	10.000000	2.812941	0.900000
205	-10.000000	2.780797	0.900000
206	10.000000	-5.938966	0.900000
207	-10.000000	-5.942051	0.900000
208	6.744896	-10.000000	0.198370
209	6.804795	-10.000000	0.575189
210	-6.241862	-10.000000	0.588284
211	-6.745730	-10.000000	0.198456
212	7.793432	-9.561504	0.885002
213	7.350138	-8.394753	0.929133
214	-7.349898	-8.394939	0.929126
215	-7.792083	-9.562084	0.885006
216	6.191107	-1.070071	0.594780
217	5.689952	-0.663885	0.431503
218	-5.673444	-0.680120	0.437541
219	-6.043763	-1.074902	0.595558
220	7.180929	-0.520048	0.342486
221	-7.267307	-0.551438	0.352017
222	-7.040747	0.510289	0.334131
223	7.169601	0.549239	0.359741
224	5.642233	0.676131	0.438415
225	5.991127	1.067364	0.595035
226	-6.231307	1.068567	0.588802
227	-5.625137	0.664939	0.420914
228	7.350113	8.394757	0.929128
229	7.792099	9.562083	0.885005
230	-7.793417	9.561505	0.885002
231	-7.349997	8.394882	0.929132
232	6.745744	10.000000	0.198455
233	-6.744906	10.000000	0.198369
234	-6.804795	10.000000	0.575189
235	6.241863	10.000000	0.588284
236	10.000000	-8.500134	0.138134
238	10.000000	-2.484742	0.183259
239	10.000000	-2.487008	0.740766
240	10.000000	-6.844277	0.816490
241	10.000000	-9.025056	0.598907
242	-10.000000	-8.501220	0.138168
243	-10.000000	-9.024594	0.599292
244	-10.000000	-6.845363	0.816491
245	-10.000000	-2.517654	0.738308
247	-10.000000	-2.449894	0.212630
248	10.000000	8.500593	0.138131
249	10.000000	9.024584	0.599292
250	10.000000	6.844808	0.816500
251	10.000000	2.516787	0.740460
253	10.000000	2.718112	0.166867
254	-10.000000	8.498106	0.138099
256	-10.000000	1.733712	0.319934
257	-10.000000	2.489499	0.739136
258	-10.000000	6.845430	0.816503
259	-10.000000	9.025063	0.598905
268	6.700532	-8.588486	-0.000000
269	-6.700506	-8.588500	-0.000000
270	-6.608830	-2.746219	-0.002207
271	6.607837	-2.748261	-0.002168
272	6.770006	-0.957867	0.147665
273	-6.781081	-0.918248	0.092388
274	-6.796727	0.952515	0.160052
275	6.771781	0.886424	0.007834
276	6.701432	8.587848	-0.000000
277	6.609613	2.731818	-0.001885
278	-6.607487	2.736970	-0.001753
279	-6.701187	8.588010	-0.000000
280	6.463816	-7.037727	0.960302
281	6.663528	-2.303339	0.928512
282	-6.653479	-2.311695	0.928901
283	-6.463251	-7.038186	0.960298
284	6.656392	2.308475	0.928914
285	6.463695	7.037786	0.960302
286	-6.463564	7.037983	0.960300
287	-6.668634	2.300927	0.928098
288	-5.208834	-10.094428	0.000000
289	-4.950582	-9.613868	0.900000
290	-5.235335	-1.157994	0.643834
291	-4.865047	0.478339	0.353965
292	-5.276119	1.144841	0.633301
293	-4.951172	9.612878	0.900000
294	-5.209166	10.094424	0.000000
301	10.000000	-8.002555	0.900000
302	-10.000000	-8.002918	0.900000
303	9.179432	-1.314716	0.396124
307	10.000000	9.376281	0.775862
308	-10.000000	9.375987	0.775639
309	10.000000	-3.716488	0.000000
310	-10.000000	-3.707442	0.000000
311	10.000000	3.693064	0.000000
312	-10.000000	3.681337	0.000000
313	-5.219768	1.353656	0.000000
318	-5.375478	-0.528489	0.376845
319	-5.213151	-1.366908	0.000000
320	9.330957	0.863359	0.188207
321	-9.328770	0.801098	0.185670
322	-5.413925	-8.092563	0.900000
323	-5.414065	8.092477	0.900000
324	10.000000	5.940120	0.900000
325	-10.000000	5.939721	0.900000
326	10.000000	-2.794084	0.900000
327	-10.000000	-2.817986	0.900000
328	1.754176	-10.000000	0.369109
329	1.793665	-10.000000	0.497844
330	-1.766672	-10.000000	0.498048
331	-1.755045	-10.000000	0.369285
332	2.260303	-9.447637	0.910378
333	1.996355	-9.274514	0.917677
334	-1.996090	-9.274500	0.917685
335	-2.259518	-9.447719	0.910394
336	1.722248	-0.882648	0.524258
337	1.691329	-0.767095	0.473397
338	-1.672801	-0.767464	0.473676
339	-1.711791	-0.883003	0.524612
340	1.844920	-0.101754	0.268091
341	-1.860607	-0.102652	0.267962
342	-1.841066	0.101550	0.267818
343	1.847095	0.102141	0.268127
344	1.679841	0.767263	0.473666
345	1.706463	0.882711	0.524533
346	-1.718120	0.883168	0.524159
347	-1.675948	0.767647	0.473380
348	1.996129	9.274497	0.917686
349	2.259531	9.447718	0.910395
350	-2.260291	9.447638	0.910378
351	-1.996319	9.274515	0.917677
352	1.755046	10.000000	0.369285
353	-1.754176	10.000000	0.369109
354	-1.793665	10.000000	0.497844
355	1.766672	10.000000	0.498048
356	10.000000	-6.174192	0.356521
358	10.000000	-4.521769	0.369051
359	10.000000	-4.305982	0.526573
360	10.000000	-5.684714	0.583702
361	10.000000	-6.675197	0.498684
362	-10.000000	-6.176398	0.356570
363	-10.000000	-6.675644	0.498683
364	-10.000000	-5.686994	0.583682
365	-10.000000	-4.317304	0.526681
367	-10.000000	-4.536696	0.369044
368	10.000000	6.175737	0.356540
369	10.000000	6.675478	0.498679
370	10.000000	5.686769	0.583694
371	10.000000	4.318038	0.526669
373	10.000000	4.534168	0.368887
374	-10.000000	6.172127	0.356337
376	-10.000000	4.516558	0.368401
377	-10.000000	4.312371	0.526063
378	-10.000000	5.686646	0.583617
379	-10.000000	6.675328	0.498640
388	1.800123	-6.286582	-0.000000
389	-1.800167	-6.286553	-0.000000
390	-1.793044	-4.645586	-0.000000
391	1.792711	-4.645673	-0.000000
392	1.658141	-0.206390	0.126952
393	-1.712490	-0.195714	0.111126
394	-1.642258	0.192452	0.139475
395	1.666400	0.206490	0.099608
396	1.800675	6.286166	-0.000000
397	1.793835	4.644405	-0.000000
398	-1.793163	4.644572	-0.000000
399	-1.800476	6.286233	-0.000000
400	1.774241	-5.573494	0.963795
401	1.791529	-4.162814	0.963652
402	-1.790488	-4.163011	0.963653
403	-1.773887	-5.573589	0.963795
404	1.791262	4.162796	0.963652
405	1.774192	5.573497	0.963795
406	-1.774022	5.573539	0.963795
407	-1.790923	4.162830	0.963652
408	-0.001450	-10.000000	0.266796
409	-2.467729	-10.000000	0.191325
410	2.466136	-10.000000	0.191299
411	-0.004306	-9.510980	0.907328
412	-2.762118	-9.562859	0.904601
413	2.759602	-9.562070	0.904646
414	0.000108	-6.696946	0.963446
415	-2.257291	-7.594680	0.957284
416	2.257482	-7.594625	0.957285
417	-0.003804	-0.967209	0.561474
418	-2.397684	-1.037438	0.593451
419	2.374966	-1.035794	0.592271
420	4.808281	0.001153	0.262539
421	7.280153	0.219311	0.254606
422	7.417041	-0.195403	0.242163
423	0.010778	0.662560	0.428646
424	-2.038608	0.550737	0.384590
425	2.040426	0.552034	0.385591
426	0.000284	3.028804	0.958473
427	-2.386900	2.048078	0.898923
428	2.384347	2.048716	0.899053
429	-0.000017	9.075608	0.919494
430	-2.897020	8.765112	0.917605
431	2.897181	8.765081	0.917603
432	4.589359	10.000000	0.424062
433	7.104907	10.000000	0.467386
434	7.192967	10.000000	0.325871
435	10.000000	-7.628755	0.407500
436	10.000000	-8.832040	0.463662
437	10.000000	-8.704713	0.303078
438	-10.000000	-5.388670	0.235528
439	-10.000000	-4.454299	0.123879
440	-10.000000	-6.573010	0.118317
441	10.000000	5.385331	0.235560
442	10.000000	4.480271	0.123241
443	10.000000	6.572529	0.118285
444	-10.000000	7.628472	0.407467
445	-10.000000	8.832015	0.463657
446	-10.000000	8.704424	0.303057
453	4.698143	-5.498811	-0.000000
454	7.266499	-4.560318	-0.000059
455	7.300783	-6.647154	-0.000000
456	4.464413	0.097865	0.336215
457	7.197348	0.316665	0.016149
458	7.161056	-0.212324	0.155173
459	0.000050	7.627218	-0.000000
460	-2.387578	8.839166	-0.000000
461	2.387669	8.839151	-0.000000
462	7.193341	-10.000000	0.325372
463	7.126902	-10.000000	0.465354
464	4.595253	-10.000000	0.423487
467	0.040242	-10.000000	0.586631
468	-7.104900	-10.000000	0.467386
469	-7.192958	-10.000000	0.325872
470	-4.589357	-10.000000	0.424062
471	7.897433	-9.338811	0.904980
472	7.838643	-8.926196	0.930027
473	5.238023	-9.309739	0.921108
474	2.897234	-8.765082	0.917606
475	-2.896929	-8.765119	0.917601
476	0.000135	-9.075609	0.919494
477	-7.838657	-8.926225	0.930018
478	-7.897470	-9.338886	0.904971
479	-5.237995	-9.309722	0.921138
480	6.648422	-0.987393	0.551824
481	6.988562	-0.902609	0.508517
482	4.406731	-0.836686	0.505027
483	2.049053	-0.550112	0.384764
484	-2.062465	-0.553177	0.385903
485	0.002980	-0.662394	0.428313
486	-7.224139	-0.961427	0.517459
487	-6.690602	-1.017148	0.554353
488	-4.397824	-0.841512	0.508084
489	2.874627	-0.351195	0.318638
490	-2.997403	-0.358390	0.320182
491	-0.030937	-0.249346	0.290599
492	-7.417565	-0.200697	0.241782
493	-7.247905	0.206612	0.246613
494	-4.804088	-0.001326	0.261073
495	-2.783447	0.350472	0.317269
496	2.919438	0.356074	0.320016
497	0.019699	0.249101	0.290697
498	7.221105	0.958155	0.520057
499	6.623236	1.006668	0.554818
500	4.387188	0.839419	0.507237
501	2.384846	1.036363	0.592854
502	-2.398821	1.036375	0.591752
503	-0.008740	0.967147	0.561575
504	-6.548979	0.975645	0.541447
505	-6.721507	0.867304	0.490455
506	-4.381949	0.839091	0.502323
507	7.838737	8.926166	0.930020
508	7.897502	9.338872	0.904972
509	5.238035	9.309715	0.921139
510	2.762123	9.562859	0.904601
511	-2.759597	9.562070	0.904646
512	0.004314	9.510980	0.907328
513	-7.897406	9.338822	0.904979
514	-7.838584	8.926242	0.930025
515	-5.237988	9.309745	0.921108
516	2.467769	10.000000	0.191323
517	-2.466153	10.000000	0.191298
518	0.001452	10.000000	0.266796
519	-7.193346	10.000000	0.325372
520	-7.126904	10.000000	0.465354
521	-4.595253	10.000000	0.423487
524	-0.040242	10.000000	0.586631
525	10.000000	-6.568719	0.118363
526	10.000000	-4.445833	0.124269
527	10.000000	-5.376769	0.235648
531	10.000000	-1.894147	0.383051
532	10.000000	-2.140892	0.562455
533	10.000000	-3.123351	0.448114
534	10.000000	-3.816900	0.777831
535	10.000000	-5.365191	0.794485
536	10.000000	-4.723634	0.671630
537	10.000000	-7.723004	0.770250
538	10.000000	-8.471228	0.712070
539	10.000000	-7.096827	0.638393
540	-10.000000	-8.705487	0.303174
541	-10.000000	-8.833090	0.463810
542	-10.000000	-7.629131	0.407526
543	-10.000000	-8.470855	0.712131
544	-10.000000	-7.723227	0.770255
545	-10.000000	-7.097172	0.638387
546	-10.000000	-5.369221	0.794497
547	-10.000000	-3.829025	0.777937
548	-10.000000	-4.730862	0.671655
549	-10.000000	-2.184166	0.558097
550	-10.000000	-2.237215	0.380882
551	-10.000000	-3.175848	0.449912
555	10.000000	8.705371	0.303158
556	10.000000	8.833070	0.463807
557	10.000000	7.629003	0.407515
558	10.000000	8.470809	0.712133
559	10.000000	7.723048	0.770257
560	10.000000	7.097020	0.638390
561	10.000000	5.368172	0.794537
562	10.000000	3.828189	0.778177
563	10.000000	4.731243	0.671746
564	10.000000	2.200744	0.563625
565	10.000000	2.145897	0.386754
566	10.000000	3.174834	0.449372
570	-10.000000	6.546259	0.118357
571	-10.000000	4.284506	0.130196
572	-10.000000	5.354299	0.235323
576	-10.000000	1.886671	0.409164
577	-10.000000	2.086094	0.566483
578	-10.000000	3.131502	0.448202
579	-10.000000	3.824267	0.777983
580	-10.000000	5.368886	0.794533
581	-10.000000	4.730565	0.671579
582	-10.000000	7.723434	0.770256
583	-10.000000	8.471313	0.712068
584	-10.000000	7.097289	0.638383
603	2.387385	-8.839238	-0.000000
604	-2.387344	-8.839240	-0.000000
605	0.000007	-7.627330	-0.000000
606	-7.300904	-6.647002	-0.000000
607	-7.267358	-4.559409	-0.000059
608	-4.698346	-5.498621	-0.000000
609	-2.316833	-2.250591	-0.000013
610	2.317614	-2.250703	-0.000013
611	-0.000525	-3.340120	-0.000000
612	2.373322	-0.668675	0.096150
613	-2.319608	-0.667072	0.102753
614	0.003322	-0.453926	0.113769
615	-7.183689	-0.213683	0.243532
616	-7.248457	0.282272	0.120306
617	-4.477032	0.011368	0.429620
618	-2.348189	0.659055	0.102324
619	2.274885	0.662170	0.101286
620	-0.010435	0.464679	0.110381
621	7.302267	6.644251	-0.000000
622	7.269539	4.552223	-0.000048
623	4.699901	5.496822	-0.000000
624	2.318360	2.242460	-0.000010
625	-2.316273	2.243959	-0.000010
626	0.001004	3.337353	-0.000000
627	-7.269050	4.554518	-0.000046
628	-7.301955	6.645031	-0.000000
629	-4.699280	5.497344	-0.000000
630	7.187121	-5.575601	0.963583
631	7.255120	-3.871413	0.962946
632	4.658362	-4.836593	0.963777
633	2.389004	-2.048528	0.898998
634	-2.377649	-2.050355	0.899336
635	0.001870	-3.029107	0.958480
636	-7.252383	-3.875297	0.962959
637	-7.186014	-5.577008	0.963584
638	-4.657326	-4.837268	0.963777
639	7.253395	3.873152	0.962955
640	7.186687	5.575970	0.963583
641	4.658069	4.836731	0.963777
642	2.257460	7.594627	0.957284
643	-2.257352	7.594662	0.957284
644	0.000064	6.696940	0.963446
645	-7.186883	5.576106	0.963583
646	-7.255512	3.871639	0.962940
647	-4.657987	4.836824	0.963777
648	7.675294	-10.089024	0.000000
649	7.463128	-9.666457	0.900000
650	7.669963	-1.251245	0.618354
651	7.739688	0.837244	0.472904
652	7.666118	1.268446	0.627294
653	7.459849	9.667070	0.900000
654	7.675751	10.089025	0.000000
655	10.000000	-10.000000	0.102925
656	-10.000000	-10.000000	0.103014
659	10.000000	10.000000	0.103004
660	-10.000000	10.000000	0.102915
661	10.000000	-9.599220	0.681634
662	-10.000000	-9.599716	0.682164
667	10.000000	7.514910	0.899729
668	-10.000000	7.515218	0.899729
669	10.000000	-9.118679	0.000000
670	-10.000000	-9.118572	0.000000
671	10.000000	9.116666	0.000000
672	-10.000000	9.117028	0.000000
673	7.652950	1.611940	0.000000
676	10.000000	-1.370036	0.000000
677	-10.000000	-1.349897	0.000000
678	7.724460	-0.799649	0.447046
679	7.655937	-1.641405	0.000000
680	9.455836	-1.261765	0.293374
681	-9.486399	-1.261492	0.329772
682	7.814384	-7.638791	0.900000
683	7.814332	7.638853	0.900000
684	10.000000	2.071033	0.878999
685	-10.000000	2.012004	0.877625
686	10.000000	-6.534872	0.900000
687	-10.000000	-6.536692	0.900000
688	8.327685	-10.000000	0.125665
689	8.146138	-10.000000	0.588877
690	-8.143571	-10.000000	0.591145
691	-8.327684	-10.000000	0.125673
692	8.917663	-9.646502	0.762181
693	8.567508	-7.829833	0.918562
694	-8.567246	-7.830307	0.918562
695	-8.917644	-9.647172	0.762295
696	7.653371	-1.204854	0.593104
697	7.490738	-0.798218	0.468957
698	-7.542508	-0.844009	0.485610
699	-7.534357	-1.217416	0.598625
700	8.371684	-0.860688	0.375288
701	-8.441551	-0.905194	0.394251
702	-8.249386	0.795360	0.398459
703	8.436740	0.918951	0.412598
704	7.529152	0.840185	0.494413
705	7.539354	1.209117	0.600770
706	-7.753785	1.183572	0.603903
707	-7.113133	0.753201	0.434001
708	8.567449	7.829884	0.918562
709	8.917657	9.647170	0.762294
710	-8.917651	9.646504	0.762181
711	-8.567393	7.830109	0.918562
712	8.327777	10.000000	0.125673
713	-8.327743	10.000000	0.125665
714	-8.146137	10.000000	0.588877
715	8.143571	10.000000	0.591145
716	10.000000	-9.292201	0.075833
718	10.000000	-2.195079	0.111565
719	10.000000	-2.034322	0.782268
720	10.000000	-7.026279	0.862762
721	10.000000	-9.426755	0.618135
722	-10.000000	-9.292614	0.075854
724	-10.000000	-7.027251	0.862761
725	-10.000000	-2.070813	0.775109
727	-10.000000	-2.161217	0.141868
728	10.000000	9.292058	0.075820
730	10.000000	7.026571	0.862766
731	10.000000	2.065157	0.778700
733	10.000000	2.198174	0.116104
734	-10.000000	9.291246	0.075814
736	-10.000000	1.860525	0.195151
737	-10.000000	2.009554	0.780494
738	-10.000000	7.027052	0.862770
739	-10.000000	9.426766	0.618131
740	-10.000000	-1.985470	-0.035024
744	10.000000	-1.996793	-0.031412
748	8.219297	-9.302485	-0.000000
749	-8.219295	-9.302500	-0.000000
750	-8.171117	-2.342000	0.011480
751	8.169876	-2.345349	0.010993
752	8.261180	-1.309754	-0.171410
753	-8.291888	-1.314913	-0.165657
754	-8.293116	1.260023	-0.224353
755	8.305880	1.278776	-0.213307
756	8.220115	9.301904	-0.000000
757	8.167868	2.321081	0.010134
758	-8.170687	2.327198	0.008694
759	-8.219900	9.302054	-0.000000
760	8.059178	-7.153560	0.945792
761	8.171972	-1.810299	0.851393
762	-8.159083	-1.830760	0.851740
763	-8.058633	-7.154301	0.945778
764	8.161887	1.826511	0.853626
765	8.059034	7.153673	0.945790
766	-8.058961	7.153952	0.945785
767	-8.183415	1.798998	0.849941
768	-2.634302	-10.096960	0.000000
769	-2.458535	-9.598311	0.900000
770	-2.667495	-1.115272	0.626819
771	-2.363964	0.406190	0.335422
772	-2.692188	1.110548	0.623488
773	-2.479576	9.597577	0.900000
774	-2.634492	10.096959	0.000000
775	10.000000	-10.000000	0.364281
776	-10.000000	-10.000000	0.366807
779	10.000000	10.000000	0.366806
780	-10.000000	10.000000	0.364280
781	10.000000	-8.441897	0.900000
782	-10.000000	-8.442085	0.900000
783	9.166316	-1.282580	0.555529
784	-9.304163	-1.375602	0.492549
787	10.000000	9.121003	0.843121
788	-10.000000	9.120909	0.843015
789	10.000000	-4.736063	0.000000
790	-10.000000	-4.731008	0.000000
791	10.000000	4.718459	0.000000
792	-10.000000	4.711917	0.000000
793	-2.647767	1.183872	0.000000
796	10.000000	0.674017	0.000000
797	-10.000000	0.688477	0.000000
798	-2.609479	-0.414554	0.338859
799	-2.620026	-1.196730	0.000000
800	9.101245	0.473855	0.115079
801	-9.090511	0.448730	0.112483
802	-2.790031	-8.368013	0.900000
803	-2.790134	8.367984	0.900000
804	10.000000	5.233989	0.900000
805	-10.000000	5.231841	0.900000
806	10.000000	-3.610908	0.899992
807	-10.000000	-3.625501	0.899994
808	2.842776	-10.000000	0.328797
809	2.877533	-10.000000	0.526722
810	-2.835728	-10.000000	0.526897
811	-2.844266	-10.000000	0.329009
812	3.622093	-9.474445	0.909933
813	3.303676	-9.174598	0.921762
814	-3.303503	-9.174585	0.921768
815	-3.620174	-9.474668	0.909973
816	2.748752	-0.915290	0.539237
817	2.684787	-0.732270	0.459207
818	-2.674095	-0.734064	0.460232
819	-2.733858	-0.916043	0.539968
820	3.029241	-0.162206	0.275596
821	-3.058823	-0.164634	0.275471
822	-3.000669	0.162315	0.274785
823	3.021842	0.163896	0.275753
824	2.682840	0.733509	0.459913
825	2.719063	0.915389	0.539570
826	-2.743799	0.916337	0.538648
827	-2.652964	0.733484	0.458701
828	3.303577	9.174577	0.921769
829	3.620189	9.474667	0.909973
830	-3.622079	9.474445	0.909933
831	-3.303613	9.174605	0.921761
832	2.844268	10.000000	0.329009
833	-2.842776	10.000000	0.328797
834	-2.877533	10.000000	0.526722
835	2.835728	10.000000	0.526897
836	10.000000	-6.670754	0.305129
838	10.000000	-4.033244	0.321943
839	10.000000	-3.786663	0.572511
840	10.000000	-5.928539	0.646579
841	10.000000	-7.312416	0.530137
842	-10.000000	-6.672692	0.305189
843	-10.000000	-7.312604	0.530135
844	-10.000000	-5.930498	0.646564
845	-10.000000	-3.802865	0.572589
847	-10.000000	-4.067282	0.321821
848	10.000000	6.671982	0.305157
849	10.000000	7.312511	0.530133
850	10.000000	5.930234	0.646582
851	10.000000	3.806888	0.572815
853	10.000000	4.058010	0.321594
854	-10.000000	6.667757	0.304959
856	-10.000000	4.010076	0.322126
857	-10.000000	3.798463	0.571973
858	-10.000000	5.930629	0.646541
859	-10.000000	7.312497	0.530118
868	2.889498	-6.792861	-0.000000
869	-2.889520	-6.792830	-0.000000
870	-2.860983	-4.170783	0.000002
871	2.860391	-4.171009	0.000002
872	2.635401	-0.346232	-0.073507
873	-2.655101	-0.353781	-0.077840
874	-2.601807	0.311850	-0.067417
875	2.591762	0.348388	-0.106066
876	2.890187	6.792400	-0.000000
877	2.862601	4.168594	0.000002
878	-2.861324	4.169080	0.000001
879	-2.889973	6.792495	-0.000000
880	2.821986	-5.977854	0.963768
881	2.876715	-3.735883	0.963149
882	-2.874823	-3.736454	0.963152
883	-2.821598	-5.978000	0.963768
884	2.876107	3.735956	0.963149
885	2.821933	5.977867	0.963768
886	-2.821768	5.977931	0.963768
887	-2.875908	3.735953	0.963149
888	-2.122850	-10.000000	0.272535
889	-1.287224	-10.000000	0.135845
890	3.381489	-10.000000	0.233210
891	-2.730056	-9.515540	0.907487
892	-1.345221	-9.579667	0.897334
893	4.106366	-9.542708	0.905413
894	-2.034647	-6.615663	0.963515
895	-1.228498	-8.075843	0.940218
896	3.171624	-7.031945	0.962555
897	-2.028283	-0.962706	0.560216
898	-1.340756	-1.070580	0.606773
899	3.190848	-0.997122	0.575699
900	4.681088	0.130080	0.270302
901	8.329335	0.180305	0.180898
902	6.080620	-0.224327	0.277397
903	-1.885554	0.671422	0.432575
904	-1.099122	0.466592	0.354084
905	2.942343	0.630228	0.417233
906	-2.110113	3.095176	0.959380
907	-1.274372	1.544214	0.788445
908	3.320749	2.623514	0.947672
909	-2.533541	9.060488	0.921507
910	-1.489556	8.640336	0.909531
911	3.990368	8.884710	0.923759
912	4.437410	10.000000	0.492621
913	8.527394	10.000000	0.401876
914	5.716250	10.000000	0.307334
915	10.000000	-7.769704	0.487076
916	10.000000	-9.364425	0.397915
917	10.000000	-8.009297	0.276209
918	-10.000000	-4.451622	0.246788
919	-10.000000	-5.088174	0.059760
920	-10.000000	-6.927746	0.182614
921	10.000000	4.442556	0.246918
922	10.000000	5.092941	0.059429
923	10.000000	6.926649	0.182587
924	-10.000000	7.769664	0.487061
925	-10.000000	9.364401	0.397911
926	-10.000000	8.008263	0.276154
933	4.509479	-4.549867	0.000005
934	8.673851	-5.148704	-0.000022
935	5.783844	-7.029083	0.000000
936	4.243172	0.221940	-0.032539
937	8.733021	0.276726	0.128940
938	5.678751	-0.435164	0.125625
939	-2.116932	7.552615	0.000000
940	-1.265780	9.485497	0.000000
941	3.332460	8.133425	0.000000
942	8.572252	-10.000000	0.333456
943	5.687677	-10.000000	0.513699
944	4.454640	-10.000000	0.352528
946	-3.257327	-10.000000	0.593036
947	2.137902	-10.000000	0.576112
948	-8.527384	-10.000000	0.401878
949	-5.716245	-10.000000	0.307335
950	-4.437408	-10.000000	0.492621
951	9.021253	-9.141253	0.874249
952	6.441052	-8.973498	0.932006
953	5.212927	-9.423751	0.915012
954	1.489835	-8.640315	0.909531
955	-3.990182	-8.884745	0.923758
956	2.533649	-9.060480	0.921507
957	-9.005039	-8.876598	0.905438
958	-6.578768	-9.448224	0.912133
959	-5.092479	-9.169769	0.925716
960	7.932033	-1.140095	0.536586
961	5.496781	-0.765920	0.473719
962	4.255779	-0.898236	0.531970
963	1.128835	-0.465935	0.353831
964	-2.959107	-0.631609	0.417918
965	1.925681	-0.670859	0.432638
966	-8.547718	-1.243561	0.547562
967	-5.293555	-0.954147	0.555464
968	-4.261827	-0.776904	0.480323
969	1.507661	-0.365387	0.318785
970	-3.848790	-0.317516	0.307704
971	2.307668	-0.243797	0.290091
972	-8.462715	-0.105838	0.157872
973	-5.928634	0.224150	0.274536
974	-4.728708	-0.130239	0.269132
975	-1.453279	0.365979	0.318236
976	3.763324	0.315698	0.307752
977	-2.274988	0.243935	0.289512
978	8.446834	1.230082	0.552251
979	5.252256	0.949871	0.554530
980	4.263817	0.775023	0.479545
981	1.339732	1.069378	0.606341
982	-3.207944	0.998458	0.574677
983	2.010529	0.962237	0.559987
984	-7.859688	1.095044	0.555040
985	-5.242505	0.759096	0.463943
986	-4.240852	0.900171	0.529628
987	9.005086	8.876517	0.905444
988	6.578794	9.448220	0.912133
989	5.092549	9.169755	0.925717
990	1.345223	9.579667	0.897334
991	-4.106347	9.542708	0.905413
992	2.730072	9.515540	0.907487
993	-9.021230	9.141286	0.874244
994	-6.440972	8.973531	0.932004
995	-5.212905	9.423753	0.915012
996	1.287316	10.000000	0.135843
997	-3.381495	10.000000	0.233210
998	2.122854	10.000000	0.272534
999	-8.572259	10.000000	0.333455
1000	-5.687678	10.000000	0.513699
1001	-4.454641	10.000000	0.352528
1003	3.257328	10.000000	0.593036
1004	-2.137902	10.000000	0.576112
1005	10.000000	-6.186265	0.058381
1006	10.000000	-3.933478	0.195098
1007	10.000000	-6.332312	0.238184
1011	10.000000	-1.349085	0.511452
1012	10.000000	-2.693570	0.593115
1013	10.000000	-3.254105	0.360203
1014	10.000000	-4.116599	0.841943
1015	10.000000	-5.799601	0.748015
1016	10.000000	-3.993309	0.651070
1017	10.000000	-8.380039	0.819447
1018	10.000000	-8.170480	0.641072
1019	10.000000	-6.664448	0.671417
1020	-10.000000	-9.344845	0.323445
1021	-10.000000	-8.355687	0.518556
1022	-10.000000	-7.454962	0.328511
1023	-10.000000	-8.731364	0.786715
1024	-10.000000	-6.984341	0.732865
1025	-10.000000	-7.519961	0.604558
1026	-10.000000	-4.919874	0.845593
1027	-10.000000	-3.561832	0.705472
1028	-10.000000	-5.479633	0.688778
1029	-10.000000	-1.724436	0.530522
1030	-10.000000	-2.881446	0.319076
1031	-10.000000	-3.183856	0.537889
1035	10.000000	9.344808	0.323436
1036	10.000000	8.355658	0.518554
1037	10.000000	7.454660	0.328488
1038	10.000000	8.731312	0.786720
1039	10.000000	6.984062	0.732872
1040	10.000000	7.519875	0.604558
1041	10.000000	4.917891	0.845631
1042	10.000000	3.563842	0.705996
1043	10.000000	5.479359	0.688815
1044	10.000000	1.711348	0.547187
1045	10.000000	2.820925	0.319101
1046	10.000000	3.193674	0.538425
1050	-10.000000	6.153478	0.058762
1051	-10.000000	3.801257	0.203206
1052	-10.000000	6.322822	0.237906
1056	-10.000000	1.318051	0.517203
1057	-10.000000	2.698334	0.592166
1058	-10.000000	3.204628	0.360837
1059	-10.000000	4.118741	0.842059
1060	-10.000000	5.802699	0.748028
1061	-10.000000	4.004553	0.650886
1062	-10.000000	8.380216	0.819448
1063	-10.000000	8.170556	0.641069
1064	-10.000000	6.665471	0.671406
1083	1.265722	-9.485523	0.000000
1084	-3.331933	-8.133646	0.000000
1085	2.116672	-7.552785	0.000000
1086	-8.683671	-6.233535	0.000001
1087	-5.727193	-4.066250	-0.000062
1088	-4.540949	-6.454554	0.000000
1089	-1.233164	-1.659778	0.000003
1090	3.249090	-2.919219	0.000024
1091	-2.075791	-3.428536	-0.000002
1092	1.298009	-0.803092	-0.137797
1093	-3.166287	-0.596192	-0.110045
1094	1.932520	-0.459562	0.113131
1095	-8.364905	-0.064595	-0.057077
1096	-5.595466	0.424298	0.144382
1097	-4.312782	-0.217108	0.013148
1098	-1.279027	0.792357	-0.155890
1099	3.081895	0.584080	-0.119419
1100	-1.918164	0.464330	0.108974
1101	8.684696	6.227802	0.000001
1102	5.730046	4.060656	-0.000050
1103	4.542061	6.453549	0.000000
1104	1.234015	1.648352	0.000002
1105	-3.249651	2.914306	0.000019
1106	2.077400	3.425380	-0.000002
1107	-8.676062	5.140066	-0.000017
1108	-5.784692	7.028150	0.000000
1109	-4.510935	4.547535	0.000004
1110	8.619132	-5.042030	0.958624
1111	5.750723	-3.552482	0.962488
1112	4.455673	-5.642995	0.963788
1113	1.278650	-1.544981	0.788617
1114	-3.316989	-2.624928	0.947749
1115	2.111590	-3.095246	0.959381
1116	-8.638222	-4.195160	0.958204
1117	-5.641541	-6.028250	0.963737
1118	-4.511228	-4.028555	0.963504
1119	8.638777	4.192287	0.958198
1120	5.642090	6.027791	0.963737
1121	4.512368	4.027775	0.963502
1122	1.228639	8.075815	0.940219
1123	-3.171450	7.032012	0.962554
1124	2.034883	6.615599	0.963515
1125	-8.619230	5.042675	0.958619
1126	-5.750646	3.552658	0.962485
1127	-4.455386	5.643174	0.963788
1128	2.634360	-10.096961	0.000000
1129	2.479577	-9.597577	0.900000
1130	2.687929	-1.111354	0.624515
1131	2.581818	0.412717	0.338799
1132	2.683065	1.112923	0.625644
1133	2.458536	9.598311	0.900000
1134	2.634576	10.096959	0.000000
1135	10.000000	-10.000000	0.254830
1136	-10.000000	-10.000000	0.255684
1139	10.000000	10.000000	0.255677
1140	-10.000000	10.000000	0.254824
1141	10.000000	-9.120864	0.843023
1142	-10.000000	-9.121060	0.843110
1145	9.266443	1.393633	0.509215
1146	-9.121109	1.176297	0.534847
1147	10.000000	8.441878	0.900000
1148	-10.000000	8.442045	0.900000
1149	10.000000	-6.953060	0.000000
1150	-10.000000	-6.951982	0.000000
1151	10.000000	6.945046	0.000000
1152	-10.000000	6.945077	0.000000
1153	2.619924	1.179212	0.000000
1156	10.000000	-0.015617	0.000000
1157	-10.000000	-0.003532	0.000000
1158	2.537826	-0.408000	0.337047
1159	2.654025	-1.197592	0.000000
1160	9.308611	-0.327844	0.054857
1161	-9.306458	-0.325100	0.057601
1162	2.790389	-8.367920	0.900000
1163	2.790341	8.367925	0.900000
1164	10.000000	3.621164	0.899994
1165	-10.000000	3.605771	0.899990
1166	10.000000	-5.231443	0.900000
1167	-10.000000	-5.236708	0.900000
1168	5.346234	-10.000000	0.244502
1169	5.423960	-10.000000	0.565714
1170	-5.161408	-10.000000	0.572188
1171	-5.347301	-10.000000	0.244654
1172	6.334854	-9.527991	0.907265
1173	6.083325	-8.776410	0.930732
1174	-6.083145	-8.776469	0.930723
1175	-6.333082	-9.528438	0.907325
1176	4.960934	-0.998387	0.574604
1177	4.823393	-0.677868	0.438708
1178	-4.828791	-0.689507	0.444538
1179	-4.892758	-1.000872	0.576906
1180	5.801895	-0.338534	0.308084
1181	-5.876670	-0.353146	0.310537
1182	-5.663882	0.337591	0.302807
1183	5.755424	0.351817	0.312818
1184	4.817123	0.687333	0.443936
1185	4.849480	0.997149	0.575645
1186	-4.972865	1.000268	0.571035
1187	-4.612325	0.673254	0.430746
1188	6.083321	8.776398	0.930726
1189	6.333106	9.528436	0.907325
1190	-6.334833	9.527993	0.907265
1191	-6.083197	8.776464	0.930730
1192	5.347307	10.000000	0.244653
1193	-5.346237	10.000000	0.244501
1194	-5.423961	10.000000	0.565714
1195	5.161410	10.000000	0.572187
1196	10.000000	-7.826225	0.197352
1198	10.000000	-3.041921	0.225473
1199	10.000000	-2.887025	0.681767
1200	10.000000	-6.554707	0.764178
1201	10.000000	-8.501368	0.593808
1202	-10.000000	-7.827663	0.197396
1203	-10.000000	-8.501330	0.593865
1204	-10.000000	-6.556063	0.764178
1205	-10.000000	-2.915715	0.681051
1207	-10.000000	-3.118106	0.228063
1208	10.000000	7.827032	0.197363
1209	10.000000	8.501307	0.593865
1210	10.000000	6.555601	0.764191
1211	10.000000	2.921008	0.682516
1213	10.000000	3.109383	0.224178
1214	-10.000000	7.823246	0.197272
1216	-10.000000	2.808617	0.257061
1217	-10.000000	2.902433	0.680906
1218	-10.000000	6.556307	0.764188
1219	-10.000000	8.501387	0.593805
1228	5.331395	-7.938865	-0.000000
1229	-5.331375	-7.938861	-0.000000
1230	-5.239104	-3.197071	0.000287
1231	5.237693	-3.197997	0.000286
1232	5.329615	-0.614378	-0.072202
1233	-5.313681	-0.602053	-0.084502
1234	-5.248515	0.608633	-0.059972
1235	5.142612	0.606428	-0.121455
1236	5.332246	7.938282	-0.000000
1237	5.242067	3.189172	0.000237
1238	-5.239083	3.191938	0.000225
1239	-5.332009	7.938424	-0.000000
1240	5.125625	-6.754708	0.963081
1241	5.306640	-2.801078	0.953727
1242	-5.300578	-2.804590	0.953832
1243	-5.125125	-6.755008	0.963080
1244	5.303075	2.802580	0.953779
1245	5.125536	6.754743	0.963081
1246	-5.125384	6.754877	0.963080
1247	-5.307288	2.800771	0.953691
1248	-7.675273	-10.089031	0.000000
1249	-7.459845	-9.667071	0.900000
1250	-7.651580	-1.274756	0.623452
1251	-7.225929	0.703159	0.407242
1252	-7.700983	1.230184	0.626918
1253	-7.463125	9.666457	0.900000
1254	-7.675616	10.089020	0.000000
1255	10.000000	-10.000000	0.433875
1256	-10.000000	-10.000000	0.437282
1257	10.000000	1.967024	-0.027759
1259	10.000000	10.000000	0.437283
1260	-10.000000	10.000000	0.433875
1261	10.000000	-7.514839	0.899729
1262	-10.000000	-7.515504	0.899730
1267	10.000000	9.599706	0.682169
1268	-10.000000	9.599228	0.681630
1269	10.000000	-2.795756	0.000000
1270	-10.000000	-2.781671	0.000000
1271	10.000000	2.767076	0.000000
1272	-10.000000	2.756160	0.000000
1273	-7.709309	1.625716	0.000000
1276	10.000000	1.329605	0.000000
1277	-10.000000	1.338180	0.000000
1278	-7.698409	-0.825179	0.461414
1279	-7.639897	-1.636212	0.000000
1280	9.495958	1.287200	0.352842
1281	-9.422871	1.116982	0.355990
1282	-7.814075	-7.639337	0.900000
1283	-7.814221	7.639107	0.900000
1284	10.000000	6.535369	0.900000
1285	-10.000000	6.535562	0.900000
1286	10.000000	-2.038355	0.880700
1287	-10.000000	-2.075453	0.876506
1288	0.794391	-10.000000	0.406835
1289	0.818791	-10.000000	0.467133
1290	-0.805291	-10.000000	0.467277
1291	-0.793365	-10.000000	0.406938
1292	1.007770	-9.423045	0.911172
1293	0.880374	-9.344876	0.914754
1294	-0.879949	-9.344867	0.914758
1295	-1.007537	-9.423034	0.911181
1296	0.788850	-0.852610	0.510689
1297	0.778395	-0.799539	0.487244
1298	-0.766800	-0.799617	0.487341
1299	-0.780988	-0.852745	0.510829
1300	0.828062	-0.047065	0.263953
1301	-0.835881	-0.047324	0.263883
1302	-0.831245	0.046836	0.263869
1303	0.830769	0.047042	0.263968
1304	0.770597	0.799559	0.487455
1305	0.780703	0.852635	0.510897
1306	-0.785962	0.852823	0.510754
1307	-0.771938	0.799754	0.487344
1308	0.879968	9.344867	0.914759
1309	1.007548	9.423034	0.911181
1310	-1.007759	9.423045	0.911172
1311	-0.880355	9.344876	0.914754
1312	0.793365	10.000000	0.406938
1313	-0.794391	10.000000	0.406835
1314	-0.818791	10.000000	0.467133
1315	0.805291	10.000000	0.467277
1316	10.000000	-5.750157	0.408324
1318	10.000000	-4.984606	0.415461
1319	10.000000	-4.857183	0.488591
1320	10.000000	-5.515447	0.520598
1321	10.000000	-6.032736	0.475187
1322	-10.000000	-5.752636	0.408348
1323	-10.000000	-6.033862	0.475183
1324	-10.000000	-5.518003	0.520580
1325	-10.000000	-4.863202	0.488615
1327	-10.000000	-4.991038	0.415457
1328	10.000000	5.752083	0.408324
1329	10.000000	6.033583	0.475177
1330	10.000000	5.517714	0.520580
1331	10.000000	4.862864	0.488584
1333	10.000000	4.990191	0.415397
1334	-10.000000	5.749287	0.408132
1336	-10.000000	4.983925	0.415035
1337	-10.000000	4.858885	0.488195
1338	-10.000000	5.516689	0.520450
1339	-10.000000	6.032934	0.475087
1348	0.820072	-5.832868	-0.000000
1349	-0.820136	-5.832851	-0.000000
1350	-0.821043	-5.083110	0.000000
1351	0.820867	-5.083134	0.000000
1352	0.714701	-0.214770	-0.082476
1353	-0.763207	-0.220876	-0.059132
1354	-0.686806	0.172999	-0.066871
1355	0.723539	0.193042	-0.041957
1356	0.820434	5.832474	-0.000000
1357	0.821342	5.082442	0.000000
1358	-0.820989	5.082483	0.000000
1359	-0.820245	5.832510	-0.000000
1360	0.814074	-5.196364	0.963799
1361	0.815857	-4.549983	0.963770
1362	-0.815262	-4.550034	0.963770
1363	-0.813730	-5.196411	0.963799
1364	0.815721	4.549950	0.963770
1365	0.814017	5.196355	0.963799
1366	-0.813833	5.196375	0.963799
1367	-0.815443	4.549968	0.963770
1368	2.120405	-10.000000	0.272434
1369	-3.383286	-10.000000	0.233300
1370	1.287171	-10.000000	0.135846
1371	2.722962	-9.514934	0.907506
1372	-4.111782	-9.543530	0.905456
1373	1.345857	-9.579198	0.897292
1374	2.034916	-6.615595	0.963515
1375	-3.171332	-7.032051	0.962554
1376	1.228661	-8.075816	0.940219
1377	2.029499	-0.962097	0.559667
1378	-3.183392	-0.998654	0.576893
1379	1.306523	-1.069284	0.605876
1380	4.717458	-0.126945	0.269826
1381	5.983134	0.233471	0.281063
1382	8.462250	-0.101550	0.157747
1383	1.931107	0.672021	0.433244
1384	-2.879795	0.627468	0.414595
1385	1.155795	0.467416	0.354480
1386	2.110264	3.095254	0.959382
1387	-3.322494	2.622935	0.947633
1388	1.270989	1.544708	0.788635
1389	2.533543	9.060470	0.921508
1390	-3.990263	8.884745	0.923762
1391	1.489775	8.640315	0.909530
1392	4.454282	10.000000	0.352890
1393	5.636887	10.000000	0.516131
1394	8.571998	10.000000	0.334257
1395	10.000000	-7.454217	0.328466
1396	10.000000	-8.355333	0.518520
1397	10.000000	-9.343675	0.323112
1398	-10.000000	-6.336837	0.238223
1399	-10.000000	-3.971215	0.194391
1400	-10.000000	-6.189125	0.058294
1401	10.000000	6.335359	0.238198
1402	10.000000	3.970523	0.194207
1403	10.000000	6.187232	0.058209
1404	-10.000000	7.453172	0.328394
1405	-10.000000	8.355324	0.518514
1406	-10.000000	9.343604	0.323104
1413	4.540887	-6.454632	0.000000
1414	5.726253	-4.066921	-0.000063
1415	8.683422	-6.234118	0.000001
1416	4.312074	-0.228322	0.015568
1417	5.556313	0.419341	0.083949
1418	8.397846	-0.078286	-0.041891
1419	2.117065	7.552578	0.000000
1420	-3.332317	8.133472	0.000000
1421	1.265846	9.485494	0.000000
1422	5.715932	-10.000000	0.307018
1423	8.532346	-10.000000	0.400294
1424	4.460002	-10.000000	0.491770
1425	3.571969	-10.000000	0.589558
1426	-1.221352	-10.000000	0.637606
1427	-2.042962	-10.000000	0.575628
1428	-5.636884	-10.000000	0.516131
1429	-8.571986	-10.000000	0.334259
1430	-4.454279	-10.000000	0.352890
1431	6.579693	-9.448073	0.912085
1432	9.005003	-8.876542	0.905417
1433	5.092515	-9.169788	0.925706
1434	3.990413	-8.884718	0.923764
1435	-1.489469	-8.640344	0.909529
1436	-2.533420	-9.060481	0.921507
1437	-6.441003	-8.973512	0.932002
1438	-9.021357	-9.141320	0.874301
1439	-5.212155	-9.423827	0.915060
1440	5.335891	-0.949636	0.552084
1441	7.989999	-1.113547	0.518507
1442	4.246875	-0.769603	0.476275
1443	2.950575	-0.627236	0.415922
1444	-1.160164	-0.467839	0.354346
1445	-1.926487	-0.672366	0.433322
1446	-5.583310	-0.787861	0.483910
1447	-7.973080	-1.196028	0.563350
1448	-4.229798	-0.900508	0.533962
1449	3.758330	-0.309848	0.306407
1450	-1.651773	-0.369273	0.319900
1451	-2.368252	-0.246618	0.290335
1452	-6.093616	-0.230571	0.277252
1453	-8.317588	0.166516	0.179728
1454	-4.656316	0.126832	0.268004
1455	-3.668939	0.309425	0.304168
1456	1.602626	0.368066	0.319266
1457	2.319954	0.245850	0.290485
1458	5.595446	0.785388	0.484719
1459	7.886667	1.180122	0.565005
1460	4.208094	0.898623	0.533067
1461	3.159549	0.997520	0.576146
1462	-1.321521	1.069000	0.605798
1463	-2.035924	0.962761	0.559432
1464	-5.310232	0.951129	0.547398
1465	-8.147935	1.059570	0.532058
1466	-4.199801	0.772457	0.473885
1467	6.441107	8.973471	0.932004
1468	9.021388	9.141280	0.874306
1469	5.212180	9.423824	0.915061
1470	4.111801	9.543530	0.905457
1471	-1.345855	9.579198	0.897292
1472	-2.722947	9.514934	0.907506
1473	-6.579670	9.448076	0.912084
1474	-9.004970	8.876604	0.905412
1475	-5.092457	9.169799	0.925705
1476	3.383299	10.000000	0.233300
1477	-1.287188	10.000000	0.135844
1478	-2.120406	10.000000	0.272434
1479	-5.715934	10.000000	0.307018
1480	-8.532351	10.000000	0.400293
1481	-4.460003	10.000000	0.491770
1482	-3.571969	10.000000	0.589558
1483	1.221353	10.000000	0.637606
1484	2.042963	10.000000	0.575628
1485	10.000000	-6.924433	0.182586
1486	10.000000	-5.086586	0.059930
1487	10.000000	-4.421633	0.247299
1491	10.000000	-2.721765	0.319883
1492	10.000000	-1.657103	0.555433
1493	10.000000	-3.156788	0.537703
1494	10.000000	-3.543620	0.705432
1495	10.000000	-4.914423	0.845581
1496	10.000000	-5.476062	0.688783
1497	10.000000	-6.983619	0.732866
1498	10.000000	-8.731633	0.786618
1499	10.000000	-7.519869	0.604563
1500	-10.000000	-8.010106	0.276261
1501	-10.000000	-9.366181	0.398396
1502	-10.000000	-7.769935	0.487087
1503	-10.000000	-8.170288	0.641087
1504	-10.000000	-8.380012	0.819469
1505	-10.000000	-6.665288	0.671410
1506	-10.000000	-5.802417	0.748016
1507	-10.000000	-4.125343	0.841979
1508	-10.000000	-4.006883	0.651129
1509	-10.000000	-2.726779	0.592100
1510	-10.000000	-1.605447	0.376129
1511	-10.000000	-3.324392	0.360983
1515	10.000000	8.009809	0.276236
1516	10.000000	9.366167	0.398392
1517	10.000000	7.769870	0.487082
1518	10.000000	8.170242	0.641087
1519	10.000000	8.379900	0.819471
1520	10.000000	6.665044	0.671419
1521	10.000000	5.801843	0.748045
1522	10.000000	4.123035	0.842063
1523	10.000000	4.009207	0.651398
1524	10.000000	2.740802	0.594132
1525	10.000000	1.428184	0.471438
1526	10.000000	3.305781	0.360293
1530	-10.000000	6.914826	0.182421
1531	-10.000000	5.003765	0.062014
1532	-10.000000	4.376938	0.248263
1536	-10.000000	2.516210	0.333701
1537	-10.000000	1.407785	0.587630
1538	-10.000000	3.171170	0.537089
1539	-10.000000	3.557325	0.705319
1540	-10.000000	4.917111	0.845647
1541	-10.000000	5.479875	0.688760
1542	-10.000000	6.984566	0.732869
1543	-10.000000	8.731712	0.786614
1544	-10.000000	7.520040	0.604555
1563	3.331962	-8.133648	0.000000
1564	-1.265675	-9.485523	0.000000
1565	-2.116662	-7.552778	0.000000
1566	-5.783877	-7.029030	0.000000
1567	-8.674446	-5.147331	-0.000022
1568	-4.509985	-4.549528	0.000005
1569	-3.250636	-2.918663	0.000024
1570	1.242750	-1.659292	0.000003
1571	2.074720	-3.428795	-0.000002
1572	3.161817	-0.583579	-0.115164
1573	-1.251062	-0.800661	-0.174836
1574	-1.938181	-0.463988	0.113469
1575	-5.768992	-0.432523	0.137775
1576	-8.714249	0.290109	0.145284
1577	-4.258269	0.257870	0.013131
1578	-3.119242	0.589318	-0.115682
1579	1.249224	0.792766	-0.145134
1580	1.889470	0.454155	0.104923
1581	5.785031	7.027823	0.000000
1582	8.675526	5.138609	-0.000018
1583	4.512124	4.546667	0.000004
1584	3.252931	2.912872	0.000020
1585	-1.241313	1.649616	0.000002
1586	-2.075206	3.425913	-0.000002
1587	-5.728340	4.062613	-0.000048
1588	-8.684817	6.229006	0.000001
1589	-4.541697	6.453817	0.000000
1590	5.642269	-6.027697	0.963737
1591	8.640158	-4.189295	0.958169
1592	4.513033	-4.027509	0.963502
1593	3.323528	-2.623122	0.947647
1594	-1.261504	-1.546271	0.789125
1595	-2.107932	-3.095907	0.959396
1596	-5.747579	-3.554977	0.962503
1597	-8.617848	-5.045560	0.958644
1598	-4.455018	-5.643387	0.963788
1599	5.749025	3.553436	0.962495
1600	8.618377	5.043450	0.958638
1601	4.455536	5.643054	0.963788
1602	3.171589	7.031953	0.962555
1603	-1.228536	8.075834	0.940218
1604	-2.034742	6.615636	0.963515
1605	-5.641983	6.027958	0.963737
1606	-8.640776	4.189321	0.958149
1607	-4.512519	4.027723	0.963502
1608	-0.000926	-10.000000	0.190061
1609	1.163130	-10.000000	0.226553
1610	-1.165547	-10.000000	0.226584
1611	-0.001178	-9.557197	0.905270
1612	1.320713	-9.534569	0.901858
1613	-1.325755	-9.534979	0.901883
1614	0.000074	-7.663524	0.956718
1615	1.075477	-7.173498	0.962136
1616	-1.075285	-7.173523	0.962136
1617	-0.019140	-1.036046	0.591464
1618	1.104979	-1.001546	0.576672
1619	-1.123677	-1.001984	0.577047
1620	7.350273	0.012992	0.231648
1621	6.147045	-0.075564	0.257954
1622	6.103122	0.083680	0.259381
1623	0.001957	0.541280	0.380776
1624	0.997689	0.609112	0.407115
1625	-0.981334	0.608708	0.406914
1626	-0.000288	2.016063	0.893654
1627	1.134453	2.529056	0.942897
1628	-1.134385	2.528957	0.942890
1629	0.000081	8.821048	0.915272
1630	1.409775	8.948756	0.919092
1631	-1.409699	8.948766	0.919093
1632	7.212757	10.000000	0.398153
1633	5.884474	10.000000	0.378220
1634	5.859333	10.000000	0.450177
1635	10.000000	-8.776483	0.385067
1636	10.000000	-8.150126	0.357765
1637	10.000000	-8.255279	0.439325
1638	-10.000000	-5.512793	0.117326
1639	-10.000000	-5.944120	0.176081
1640	-10.000000	-4.935042	0.179273
1641	10.000000	5.517732	0.117275
1642	10.000000	5.942840	0.176101
1643	10.000000	4.934418	0.179406
1644	-10.000000	8.776390	0.385057
1645	-10.000000	8.149804	0.357737
1646	-10.000000	8.255192	0.439312
1653	7.362209	-5.593952	0.000003
1654	6.007575	-6.041361	-0.000000
1655	5.988733	-5.031205	0.000006
1656	7.129450	0.088644	-0.254367
1657	5.783315	-0.225606	-0.150911
1658	5.756877	0.274834	-0.157608
1659	0.000034	8.871277	0.000000
1660	1.136422	8.235477	-0.000000
1661	-1.136334	8.235487	-0.000000
1662	5.870452	-10.000000	0.449062
1663	5.886715	-10.000000	0.377628
1664	7.216766	-10.000000	0.397179
1666	1.220918	-10.000000	0.638131
1668	-5.884469	-10.000000	0.378220
1669	-5.859329	-10.000000	0.450177
1670	-7.212750	-10.000000	0.398154
1671	6.590681	-9.164287	0.927650
1672	6.618197	-9.326127	0.920034
1673	7.883941	-9.156683	0.919078
1674	-1.409592	-8.948766	0.919091
1675	1.409870	-8.948759	0.919093
1676	0.000164	-8.821050	0.915272
1677	-6.618259	-9.326136	0.920062
1678	-6.590770	-9.164272	0.927659
1679	-7.884090	-9.156692	0.919069
1680	5.606300	-0.832752	0.500980
1681	5.560785	-0.894838	0.527367
1682	6.753651	-0.937596	0.529262
1683	-1.002746	-0.609347	0.406978
1684	0.999494	-0.608436	0.406643
1685	-0.006452	-0.541197	0.380455
1686	-5.599812	-0.907554	0.533261
1687	-5.725469	-0.855930	0.510314
1688	-7.079714	-1.005318	0.538523
1689	-1.387136	-0.303665	0.303733
1690	1.295525	-0.301477	0.303375
1691	-0.057660	-0.337576	0.314165
1692	-6.084714	0.078831	0.255636
1693	-6.145041	-0.079489	0.256089
1694	-7.339905	0.006868	0.228383
1695	1.343234	0.303041	0.303887
1696	-1.274613	0.301476	0.303207
1697	0.033199	0.337557	0.314645
1698	5.564256	0.902656	0.532753
1699	5.704077	0.851187	0.510313
1700	7.015662	0.994742	0.539619
1701	-1.123139	1.001717	0.576680
1702	1.104019	1.001566	0.576985
1703	-0.001270	1.035657	0.591504
1704	-5.611280	0.837588	0.494673
1705	-5.549035	0.895970	0.521289
1706	-6.952066	0.950447	0.521539
1707	6.618298	9.326127	0.920063
1708	6.590833	9.164251	0.927660
1709	7.884141	9.156662	0.919070
1710	-1.320707	9.534569	0.901858
1711	1.325761	9.534979	0.901883
1712	0.001181	9.557197	0.905270
1713	-6.590631	9.164304	0.927649
1714	-6.618164	9.326135	0.920033
1715	-7.883901	9.156707	0.919076
1716	-1.163131	10.000000	0.226553
1717	1.165555	10.000000	0.226583
1718	0.000938	10.000000	0.190060
1719	-5.870453	10.000000	0.449062
1720	-5.886717	10.000000	0.377628
1721	-7.216769	10.000000	0.397179
1723	-1.220917	10.000000	0.638131
1725	10.000000	-4.917536	0.179720
1726	10.000000	-5.936293	0.176165
1727	10.000000	-5.505467	0.117561
1731	10.000000	-2.564389	0.500762
1732	10.000000	-2.542834	0.408475
1733	10.000000	-1.986608	0.471136
1734	10.000000	-5.035496	0.735758
1735	10.000000	-4.273006	0.722621
1736	10.000000	-4.589340	0.787057
1737	10.000000	-7.795424	0.676180
1738	10.000000	-7.398046	0.705007
1739	10.000000	-8.112010	0.746160
1740	-10.000000	-8.255776	0.439369
1741	-10.000000	-8.150673	0.357813
1742	-10.000000	-8.777395	0.385194
1743	-10.000000	-7.398327	0.705006
1744	-10.000000	-7.795412	0.676181
1745	-10.000000	-8.111932	0.746175
1746	-10.000000	-4.283435	0.722713
1747	-10.000000	-5.041075	0.735784
1748	-10.000000	-4.596566	0.787115
1749	-10.000000	-2.672163	0.412517
1750	-10.000000	-2.608041	0.501251
1751	-10.000000	-2.067748	0.465776
1755	10.000000	8.255724	0.439362
1756	10.000000	8.150552	0.357799
1757	10.000000	8.777350	0.385186
1758	10.000000	7.398161	0.705009
1759	10.000000	7.795321	0.676182
1760	10.000000	8.111836	0.746177
1761	10.000000	4.283722	0.722888
1762	10.000000	5.040627	0.735850
1763	10.000000	4.595463	0.787206
1764	10.000000	2.645594	0.412621
1765	10.000000	2.620704	0.502859
1766	10.000000	2.055840	0.474759
1770	-10.000000	4.852536	0.180591
1771	-10.000000	5.909335	0.175967
1772	-10.000000	5.442060	0.118233
1776	-10.000000	2.565738	0.503681
1777	-10.000000	2.531601	0.416488
1778	-10.000000	1.937921	0.489681
1779	-10.000000	5.041112	0.735792
1780	-10.000000	4.282315	0.722685
1781	-10.000000	4.595033	0.787167
1782	-10.000000	7.795633	0.676178
1783	-10.000000	7.398525	0.705007
1784	-10.000000	8.112215	0.746161
1803	-1.136220	-8.235569	-0.000000
1804	1.136248	-8.235570	-0.000000
1805	0.000019	-8.871324	0.000000
1806	-5.989170	-5.030806	0.000005
1807	-6.007729	-6.041183	-0.000000
1808	-7.362567	-5.593512	0.000003
1809	1.103233	-2.775243	0.000002
1810	-1.104174	-2.775119	0.000002
1811	0.000624	-2.188002	-0.000001
1812	-1.054314	-0.561153	-0.109112
1813	1.065928	-0.566622	-0.109599
1814	0.014819	-0.662711	0.109725
1815	-5.749109	0.274760	-0.118035
1816	-5.830259	-0.258471	-0.126383
1817	-7.134536	0.030557	-0.191302
1818	1.024848	0.570876	-0.111377
1819	-1.055669	0.570025	-0.112899
1820	-0.010799	0.661378	0.111811
1821	5.991321	5.027130	0.000004
1822	6.009295	6.038965	-0.000000
1823	7.364313	5.588889	0.000003
1824	-1.102749	2.770794	0.000001
1825	1.105466	2.770406	0.000001
1826	0.000550	2.180871	-0.000001
1827	-6.008793	6.039625	-0.000000
1828	-5.990478	5.028324	0.000004
1829	-7.363993	5.590265	0.000003
1830	5.962825	-4.375276	0.963667
1831	5.928151	-5.220223	0.963782
1832	7.303816	-4.731987	0.963470
1833	-1.130573	-2.529827	0.942952
1834	1.137221	-2.529281	0.942908
1835	0.005623	-2.016866	0.893772
1836	-5.927058	-5.221204	0.963782
1837	-5.961059	-4.376904	0.963669
1838	-7.302154	-4.734386	0.963473
1839	5.927787	5.220454	0.963782
1840	5.962056	4.375781	0.963668
1841	7.302973	4.732828	0.963472
1842	-1.075336	7.173513	0.962136
1843	1.075450	7.173497	0.962136
1844	0.000047	7.663520	0.956718
1845	-5.962536	4.375643	0.963667
1846	-5.927839	5.220576	0.963782
1847	-7.303731	4.732520	0.963469
1848	-0.001039	-10.000000	0.358140
1849	-0.991380	-10.000000	0.313903
1850	0.988647	-10.000000	0.313832
1851	-4.747984	-10.000000	0.194513
1852	-6.206368	-10.000000	0.131209
1853	-3.816799	-10.000000	0.134419
1854	4.746883	-10.000000	0.194461
1855	3.816763	-10.000000	0.134421
1856	6.206361	-10.000000	0.131208
1857	-0.002418	-9.467108	0.908881
1858	-1.454505	-9.489619	0.906478
1859	1.447386	-9.489357	0.906460
1860	-5.711516	-9.574502	0.907830
1861	-7.108415	-9.613552	0.908252
1862	-4.238744	-9.589789	0.898858
1863	5.710518	-9.573679	0.907829
1864	4.238750	-9.588775	0.898786
1865	7.109497	-9.612815	0.908256
1866	0.000141	-5.706516	0.963793
1867	-0.975713	-6.170829	0.963743
1868	0.975977	-6.170792	0.963743
1869	-4.432654	-7.386727	0.958732
1870	-5.931990	-7.619061	0.944813
1871	-3.640168	-7.924809	0.941930
1872	4.432983	-7.386558	0.958735
1873	3.640393	-7.924701	0.941933
1874	5.932356	-7.618767	0.944820
1875	0.002498	-0.893083	0.528618
1876	-0.960648	-0.928677	0.544603
1877	0.963072	-0.928473	0.544401
1878	-4.430554	-1.044621	0.596832
1879	-5.825793	-1.121291	0.618854
1880	-3.795072	-1.083681	0.614772
1881	4.459720	-1.040896	0.594568
1882	3.784731	-1.079079	0.612124
1883	5.854222	-1.111016	0.616742
1884	2.150403	0.000109	0.263501
1885	3.402343	0.058333	0.265280
1886	3.409046	-0.057489	0.265261
1887	7.252318	0.409438	0.303736
1888	8.471601	0.739044	0.323849
1889	8.312458	0.461402	0.243040
1890	7.382353	-0.390103	0.286988
1891	8.480335	-0.412652	0.201774
1892	8.505626	-0.702286	0.288661
1893	0.001595	0.756015	0.468296
1894	-0.912861	0.714213	0.450373
1895	0.925969	0.714122	0.450443
1896	-3.931356	0.586288	0.397206
1897	-5.284532	0.573685	0.386867
1898	-3.283599	0.493020	0.362877
1899	3.938850	0.591127	0.403433
1900	3.358948	0.499621	0.367835
1901	5.394646	0.593733	0.405866
1902	0.000204	4.037212	0.963597
1903	-0.998578	3.563414	0.962764
1904	0.999065	3.563408	0.962764
1905	-4.639157	2.143888	0.912328
1906	-6.081485	1.665873	0.821661
1907	-3.759733	1.582912	0.801149
1908	4.631442	2.146576	0.912767
1909	3.749817	1.585689	0.802500
1910	6.061413	1.676219	0.824557
1911	-0.000129	9.267599	0.917162
1912	-1.161249	9.178253	0.919215
1913	1.161119	9.178244	0.919217
1914	-5.374436	8.611894	0.923445
1915	-6.612266	8.205963	0.915951
1916	-4.256469	8.487581	0.912217
1917	5.374589	8.611823	0.923441
1918	4.256665	8.487510	0.912215
1919	6.612414	8.205821	0.915949
1920	2.066336	10.000000	0.434516
1921	3.251664	10.000000	0.464745
1922	3.248153	10.000000	0.395302
1923	6.827735	10.000000	0.530407
1924	8.071443	10.000000	0.523994
1925	8.379667	10.000000	0.464281
1926	7.050090	10.000000	0.256981
1927	8.554819	10.000000	0.264459
1928	8.480247	10.000000	0.199195
1929	10.000000	-6.464972	0.425888
1930	10.000000	-7.139254	0.453768
1931	10.000000	-6.937297	0.377662
1932	10.000000	-8.904648	0.536232
1933	10.000000	-9.435578	0.531034
1934	10.000000	-9.380728	0.467647
1935	10.000000	-8.604336	0.220152
1936	10.000000	-9.304803	0.244367
1937	10.000000	-9.252844	0.162902
1938	-10.000000	-5.348848	0.352300
1939	-10.000000	-4.911484	0.299100
1940	-10.000000	-5.806594	0.294021
1941	-10.000000	-3.431212	0.144372
1942	-10.000000	-3.016186	0.088190
1943	-10.000000	-4.019877	0.066508
1944	-10.000000	-7.584899	0.125321
1945	-10.000000	-7.282108	0.060226
1946	-10.000000	-8.327941	0.065240
1947	10.000000	5.347502	0.352250
1948	10.000000	4.907681	0.299058
1949	10.000000	5.804986	0.293988
1950	10.000000	3.524664	0.137762
1951	10.000000	3.076784	0.075566
1952	10.000000	4.044889	0.064436
1953	10.000000	7.583816	0.125283
1954	10.000000	7.279512	0.060182
1955	10.000000	8.326298	0.065205
1956	-10.000000	6.464549	0.425800
1957	-10.000000	7.139107	0.453730
1958	-10.000000	6.936460	0.377580
1959	-10.000000	8.904646	0.536229
1960	-10.000000	9.435580	0.531032
1961	-10.000000	9.380723	0.467645
1962	-10.000000	8.603509	0.220116
1963	-10.000000	9.304604	0.244353
1964	-10.000000	9.252348	0.162878
1983	2.121786	-5.464870	0.000000
1984	3.321344	-5.023414	-0.000000
1985	3.330920	-5.932383	0.000000
1986	7.014773	-3.600577	0.000555
1987	8.425967	-3.174238	-0.002829
1988	8.588433	-4.115649	0.000338
1989	7.082815	-7.660924	0.000000
1990	8.616738	-7.320704	-0.000000
1991	8.469405	-8.357766	0.000000
1992	2.050304	-0.098114	-0.204128
1993	3.071696	0.223631	0.156176
1994	3.128668	-0.311922	0.272084
1995	6.989895	0.614713	-0.175336
1996	8.560461	0.898907	0.208258
1997	8.428166	0.531331	-0.122746
1998	7.151242	-0.622894	-0.016898
1999	8.727650	-0.455512	-0.032409
2000	8.567424	-0.928703	0.117984
2001	0.000074	6.430898	0.000000
2002	-1.002365	6.990310	0.000000
2003	1.002498	6.990288	0.000000
2004	-4.652080	8.744092	0.000000
2005	-6.091220	9.394850	0.000000
2006	-3.748178	9.455221	-0.000000
2007	4.652241	8.744040	0.000000
2008	3.748285	9.455206	-0.000000
2009	6.091401	9.394801	0.000000
2010	8.479466	-10.000000	0.199048
2011	8.554276	-10.000000	0.264064
2012	7.049462	-10.000000	0.256742
2013	8.417315	-10.000000	0.460602
2014	8.223737	-10.000000	0.514941
2015	6.948990	-10.000000	0.525300
2016	3.250336	-10.000000	0.394963
2017	3.265037	-10.000000	0.464350
2018	2.072527	-10.000000	0.434250
2019	6.015853	-10.000000	0.651439
2020	3.647392	-10.000000	0.630450
2021	5.330720	-10.000000	0.601306
2022	-3.656776	-10.000000	0.641196
2023	-6.012995	-10.000000	0.650653
2025	1.026134	-10.000000	0.547881
2026	-0.958400	-10.000000	0.547766
2027	0.019262	-10.000000	0.511973
2028	-8.071442	-10.000000	0.523994
2029	-8.379656	-10.000000	0.464281
2030	-6.827731	-10.000000	0.530407
2031	-8.554804	-10.000000	0.264462
2032	-8.480229	-10.000000	0.199197
2033	-7.050081	-10.000000	0.256982
2034	-3.251663	-10.000000	0.464745
2035	-3.248152	-10.000000	0.395302
2036	-2.066336	-10.000000	0.434516
2037	9.106685	-9.514485	0.788065
2038	9.052542	-9.348905	0.834243
2039	7.925475	-9.470788	0.890596
2040	8.959282	-8.553129	0.923866
2041	8.837671	-8.188608	0.927927
2042	7.690722	-8.660908	0.934164
2043	3.817607	-9.397220	0.914793
2044	3.720622	-9.291548	0.919320
2045	2.387313	-9.370085	0.914400
2046	6.612454	-8.205806	0.915951
2047	4.256704	-8.487506	0.912218
2048	5.374617	-8.611824	0.923447
2049	-4.256359	-8.487610	0.912214
2050	-6.612132	-8.206045	0.915948
2051	-5.374343	-8.611917	0.923439
2052	1.161317	-9.178252	0.919216
2053	-1.161047	-9.178247	0.919217
2054	0.000167	-9.267599	0.917162
2055	-8.837539	-8.188878	0.927923
2056	-8.959231	-8.553259	0.923868
2057	-7.690611	-8.661002	0.934154
2058	-9.052419	-9.349100	0.834340
2059	-9.105606	-9.514902	0.788271
2060	-7.924365	-9.471073	0.890615
2061	-3.720478	-9.291527	0.919340
2062	-3.817103	-9.397248	0.914827
2063	-2.386975	-9.370079	0.914418
2064	7.802846	-1.182955	0.573036
2065	7.858620	-1.159315	0.554606
2066	6.419884	-1.027961	0.573362
2067	8.166098	-1.059868	0.476914
2068	7.523516	-0.823772	0.471542
2069	6.749222	-0.797961	0.479522
2070	3.151645	-0.859042	0.514559
2071	3.134313	-0.795948	0.486953
2072	2.015072	-0.826138	0.499393
2073	5.354919	-0.575658	0.398134
2074	3.336182	-0.493436	0.365307
2075	3.960547	-0.585021	0.400611
2076	-3.377782	-0.501927	0.368508
2077	-5.446684	-0.600913	0.406537
2078	-3.970043	-0.593963	0.404598
2079	0.930248	-0.713857	0.450120
2080	-0.915009	-0.714125	0.450255
2081	0.007927	-0.755910	0.468077
2082	-7.602180	-0.878292	0.495802
2083	-8.098870	-1.047485	0.507641
2084	-6.648731	-0.816674	0.484671
2085	-7.571518	-1.169723	0.571278
2086	-7.511438	-1.184788	0.581875
2087	-6.264203	-1.034477	0.573324
2088	-3.111395	-0.797591	0.488099
2089	-3.128997	-0.860119	0.515516
2090	-1.998306	-0.826569	0.499793
2091	6.748265	-0.565500	0.381175
2092	4.447168	-0.418367	0.339746
2093	5.313459	-0.404726	0.333192
2094	-4.568274	-0.434835	0.344412
2095	-6.834225	-0.598519	0.393366
2096	-5.422810	-0.423089	0.337976
2097	1.049680	-0.183711	0.278201
2098	-1.085516	-0.184500	0.278203
2099	-0.009488	-0.120228	0.269295
2100	-8.512391	-0.714189	0.300121
2101	-8.479277	-0.417729	0.205990
2102	-7.390588	-0.400233	0.290333
2103	-8.278674	0.425751	0.238489
2104	-8.369916	0.655504	0.314314
2105	-7.166106	0.381661	0.287410
2106	-3.415769	-0.059106	0.264773
2107	-3.396048	0.056912	0.264500
2108	-2.153126	-0.000621	0.263240
2109	-6.486280	0.538819	0.359110
2110	-4.265772	0.411681	0.333411
2111	-5.155461	0.399184	0.325688
2112	4.477592	0.429679	0.343334
2113	6.774774	0.593660	0.396301
2114	5.319782	0.418917	0.338184
2115	-1.046850	0.183604	0.278095
2116	1.066065	0.184079	0.278325
2117	0.003226	0.119986	0.269320
2118	7.458013	0.843836	0.495312
2119	8.110172	1.052270	0.500777
2120	6.688943	0.814470	0.491205
2121	7.548785	1.160533	0.572601
2122	7.440640	1.170944	0.583372
2123	6.217154	1.026880	0.573410
2124	3.114446	0.796774	0.487633
2125	3.122176	0.859307	0.515032
2126	1.999194	0.826229	0.499667
2127	5.865026	1.117793	0.617883
2128	3.818646	1.081449	0.613484
2129	4.416859	1.042161	0.595555
2130	-3.813404	1.079660	0.609795
2131	-5.938085	1.110972	0.611317
2132	-4.497178	1.042822	0.591765
2133	0.951452	0.928497	0.544635
2134	-0.966919	0.928705	0.544449
2135	-0.004781	0.893095	0.528717
2136	-7.832819	1.151621	0.586052
2137	-7.724245	1.111314	0.569139
2138	-6.420300	1.024537	0.566074
2139	-7.594904	0.919014	0.488623
2140	-7.193275	0.815768	0.459100
2141	-6.172772	0.762628	0.455759
2142	-3.136940	0.860405	0.513667
2143	-3.109094	0.797483	0.486093
2144	-2.004132	0.826824	0.499214
2145	8.837656	8.188612	0.927927
2146	8.959302	8.553107	0.923873
2147	7.690740	8.660892	0.934157
2148	9.052437	9.349081	0.834343
2149	9.105615	9.514894	0.788273
2150	7.924385	9.471067	0.890615
2151	3.720518	9.291523	0.919341
2152	3.817126	9.397246	0.914827
2153	2.386995	9.370078	0.914418
2154	7.108424	9.613552	0.908252
2155	4.238751	9.589789	0.898858
2156	5.711531	9.574502	0.907830
2157	-4.238744	9.588775	0.898786
2158	-7.109489	9.612815	0.908256
2159	-5.710503	9.573679	0.907829
2160	1.454518	9.489619	0.906478
2161	-1.447374	9.489357	0.906460
2162	0.002430	9.467108	0.908881
2163	-9.106678	9.514492	0.788063
2164	-9.052527	9.348920	0.834240
2165	-7.925458	9.470793	0.890596
2166	-8.959234	8.553240	0.923862
2167	-8.837598	8.188792	0.927924
2168	-7.690632	8.660989	0.934162
2169	-3.817587	9.397222	0.914792
2170	-3.720587	9.291552	0.919320
2171	-2.387294	9.370086	0.914400
2172	6.206585	10.000000	0.131206
2173	3.816987	10.000000	0.134417
2174	4.748034	10.000000	0.194511
2175	-3.816870	10.000000	0.134419
2176	-6.206502	10.000000	0.131206
2177	-4.746914	10.000000	0.194459
2178	0.991381	10.000000	0.313903
2179	-0.988647	10.000000	0.313831
2180	0.001039	10.000000	0.358140
2181	-8.479486	10.000000	0.199045
2182	-8.554288	10.000000	0.264062
2183	-7.049468	10.000000	0.256741
2184	-8.417320	10.000000	0.460602
2185	-8.223738	10.000000	0.514941
2186	-6.948991	10.000000	0.525300
2187	-3.250336	10.000000	0.394962
2188	-3.265037	10.000000	0.464350
2189	-2.072528	10.000000	0.434250
2190	-6.015852	10.000000	0.651439
2191	-3.647392	10.000000	0.630450
2192	-5.330720	10.000000	0.601306
2193	3.656777	10.000000	0.641196
2194	6.012995	10.000000	0.650653
2196	-1.026134	10.000000	0.547881
2197	0.958400	10.000000	0.547766
2198	-0.019262	10.000000	0.511973
2199	10.000000	-8.326947	0.065240
2200	10.000000	-7.280202	0.060251
2201	10.000000	-7.582775	0.125309
2202	10.000000	-4.027318	0.066002
2203	10.000000	-3.046452	0.080456
2204	10.000000	-3.434642	0.141536
2205	10.000000	-5.801092	0.293990
2206	10.000000	-4.897058	0.299202
2207	10.000000	-5.342653	0.352288
2218	10.000000	-1.310999	0.356590
2219	10.000000	-2.293056	0.282156
2220	10.000000	-1.827865	0.628810
2221	10.000000	-1.966266	0.704172
2222	10.000000	-2.316315	0.652956
2223	10.000000	-3.784596	0.403538
2224	10.000000	-3.702399	0.488537
2225	10.000000	-4.313298	0.446752
2226	10.000000	-2.601237	0.825012
2227	10.000000	-3.324355	0.836844
2228	10.000000	-3.097034	0.764390
2229	10.000000	-5.676507	0.848676
2230	10.000000	-6.380763	0.852841
2231	10.000000	-6.117871	0.802658
2232	10.000000	-4.467173	0.601803
2233	10.000000	-5.189853	0.625333
2234	10.000000	-4.973439	0.558393
2235	10.000000	-7.530283	0.847799
2236	10.000000	-7.981131	0.835973
2237	10.000000	-7.301055	0.791619
2238	10.000000	-9.064609	0.725785
2240	10.000000	-8.808301	0.662510
2241	10.000000	-6.393575	0.607580
2242	10.000000	-6.858931	0.569667
2243	10.000000	-6.190172	0.542040
2244	-10.000000	-9.253653	0.162993
2245	-10.000000	-9.305674	0.244565
2246	-10.000000	-8.605214	0.220218
2247	-10.000000	-9.382602	0.468287
2248	-10.000000	-9.435176	0.532123
2249	-10.000000	-8.905191	0.536424
2250	-10.000000	-6.938048	0.377700
2251	-10.000000	-7.139578	0.453781
2252	-10.000000	-6.465824	0.425912
2253	-10.000000	-9.425613	0.619201
2254	-10.000000	-9.063958	0.726123
2255	-10.000000	-8.807600	0.662708
2256	-10.000000	-7.981340	0.835978
2257	-10.000000	-7.530801	0.847802
2258	-10.000000	-7.301651	0.791622
2259	-10.000000	-6.859325	0.569658
2260	-10.000000	-6.394523	0.607567
2261	-10.000000	-6.191200	0.542026
2262	-10.000000	-6.382531	0.852836
2263	-10.000000	-5.679670	0.848674
2264	-10.000000	-6.120008	0.802657
2265	-10.000000	-3.337335	0.836790
2266	-10.000000	-2.623267	0.823368
2267	-10.000000	-3.116898	0.764050
2268	-10.000000	-5.194129	0.625321
2269	-10.000000	-4.475866	0.601826
2270	-10.000000	-4.978656	0.558395
2271	-10.000000	-2.010892	0.695287
2272	-10.000000	-1.874415	0.616110
2273	-10.000000	-2.355299	0.649258
2276	-10.000000	-2.399456	0.296939
2277	-10.000000	-3.726486	0.489019
2278	-10.000000	-3.815159	0.403923
2279	-10.000000	-4.326872	0.446861
2289	10.000000	9.253413	0.162966
2290	10.000000	9.305576	0.244548
2291	10.000000	8.604929	0.220191
2292	10.000000	9.382596	0.468285
2293	10.000000	9.435171	0.532123
2294	10.000000	8.905179	0.536423
2295	10.000000	6.937748	0.377680
2296	10.000000	7.139438	0.453772
2297	10.000000	6.465535	0.425897
2298	10.000000	9.425603	0.619204
2299	10.000000	9.063934	0.726128
2300	10.000000	8.807578	0.662710
2301	10.000000	7.981129	0.835980
2302	10.000000	7.530424	0.847805
2303	10.000000	7.301336	0.791627
2304	10.000000	6.859179	0.569660
2305	10.000000	6.394304	0.607575
2306	10.000000	6.190978	0.542029
2307	10.000000	6.381502	0.852848
2308	10.000000	5.678176	0.848694
2309	10.000000	6.119197	0.802677
2310	10.000000	3.334957	0.837020
2311	10.000000	2.619264	0.824458
2312	10.000000	3.116148	0.764806
2313	10.000000	5.194134	0.625357
2314	10.000000	4.476979	0.601914
2315	10.000000	4.978663	0.558409
2316	10.000000	2.009237	0.700655
2317	10.000000	1.884929	0.624708
2318	10.000000	2.365651	0.653139
2319	10.000000	1.605762	0.405034
2320	10.000000	2.160977	0.235861
2321	10.000000	2.375024	0.284973
2322	10.000000	3.728203	0.488846
2323	10.000000	3.811553	0.403473
2324	10.000000	4.326203	0.446707
2334	-10.000000	8.323134	0.065241
2335	-10.000000	7.268490	0.060320
2336	-10.000000	7.575611	0.125262
2337	-10.000000	3.847867	0.076872
2338	-10.000000	2.735188	0.123094
2339	-10.000000	3.067018	0.175968
2340	-10.000000	5.793994	0.293654
2341	-10.000000	4.883612	0.298797
2342	-10.000000	5.338879	0.351922
2353	-10.000000	1.306389	0.406713
2354	-10.000000	1.467198	0.360319
2355	-10.000000	1.779284	0.633061
2356	-10.000000	1.946472	0.703696
2357	-10.000000	2.319364	0.651673
2358	-10.000000	3.776849	0.402203
2359	-10.000000	3.712067	0.487630
2360	-10.000000	4.314120	0.445863
2361	-10.000000	2.592696	0.823740
2362	-10.000000	3.322519	0.836873
2363	-10.000000	3.104839	0.764052
2364	-10.000000	5.678554	0.848707
2365	-10.000000	6.382080	0.852854
2366	-10.000000	6.120018	0.802678
2367	-10.000000	4.474507	0.601573
2368	-10.000000	5.193911	0.625237
2369	-10.000000	4.977086	0.558179
2370	-10.000000	7.530832	0.847808
2371	-10.000000	7.981468	0.835979
2372	-10.000000	7.301825	0.791629
2373	-10.000000	9.064641	0.725780
2375	-10.000000	8.808331	0.662507
2376	-10.000000	6.394539	0.607547
2377	-10.000000	6.859287	0.569643
2378	-10.000000	6.190864	0.541979
2433	6.090740	-9.395006	0.000000
2434	3.747904	-9.455278	-0.000000
2435	4.651645	-8.744274	0.000000
2436	-3.747853	-9.455282	-0.000000
2437	-6.090697	-9.395017	0.000000
2438	-4.651601	-8.744280	0.000000
2439	1.002235	-6.990489	0.000000
2440	-1.002242	-6.990481	0.000000
2441	-0.000014	-6.431125	0.000000
2442	-8.469430	-8.357742	0.000000
2443	-8.616832	-7.320524	-0.000000
2444	-7.082834	-7.660902	0.000000
2445	-8.589657	-4.113117	0.000339
2446	-8.427540	-3.170715	-0.002887
2447	-7.016198	-3.599108	0.000557
2448	-3.331014	-5.932300	0.000000
2449	-3.321604	-5.023256	-0.000000
2450	-2.121915	-5.464807	0.000000
2451	-6.005116	-2.010204	0.000971
2452	-3.673763	-1.776588	0.000061
2453	-4.544115	-2.439098	-0.000208
2454	3.683589	-1.776974	0.000061
2455	6.005268	-2.013459	0.000958
2456	4.542355	-2.440330	-0.000207
2457	-0.990702	-3.952996	0.000000
2458	0.990013	-3.953075	0.000000
2459	-0.000192	-4.492493	-0.000000
2460	6.138784	-1.081029	-0.170159
2461	3.791193	-0.903512	-0.155219
2462	4.707259	-0.751025	0.064303
2463	-3.750547	-0.901035	-0.170476
2464	-6.114205	-1.090300	-0.193522
2465	-4.683088	-0.752864	0.068213
2466	0.878550	-0.334151	-0.095726
2467	-0.869160	-0.343786	-0.098722
2468	0.012182	-0.262472	0.143664
2469	-8.570872	-0.913347	0.111718
2470	-8.657832	-0.434486	-0.021076
2471	-7.162122	-0.564717	-0.047816
2472	-8.444923	0.573335	-0.146565
2473	-8.537696	0.904411	0.223241
2474	-7.043149	0.604443	0.000904
2475	-3.104425	-0.269760	0.301305
2476	-3.139500	0.365549	0.269488
2477	-2.087836	0.128529	-0.173534
2478	-6.151476	1.064923	-0.109742
2479	-3.759154	0.888015	-0.168407
2480	-4.625322	0.732420	0.089468
2481	3.738138	0.880331	-0.146400
2482	6.097189	1.084825	-0.246967
2483	4.624640	0.749701	0.048656
2484	-0.877992	0.341589	-0.091760
2485	0.843818	0.342032	-0.102088
2486	-0.033627	0.272378	0.149650
2487	8.470256	8.355982	0.000000
2488	8.617741	7.317090	-0.000000
2489	7.083925	7.659432	0.000000
2490	8.590486	4.100740	0.000284
2491	8.427683	3.154121	-0.002489
2492	7.018552	3.588634	0.000463
2493	3.331984	5.931448	0.000000
2494	3.322905	5.021802	-0.000000
2495	2.122615	5.464066	0.000000
2496	6.004964	1.991557	0.000823
2497	3.676327	1.762327	0.000050
2498	4.546065	2.428436	-0.000170
2499	-3.678194	1.767227	0.000048
2500	-6.010106	1.998039	0.000777
2501	-4.543587	2.431908	-0.000163
2502	0.991436	3.951225	0.000000
2503	-0.990175	3.951376	0.000000
2504	0.000346	4.491452	-0.000000
2505	-8.426728	3.157321	-0.002292
2506	-8.591212	4.102554	0.000269
2507	-7.017014	3.592305	0.000441
2508	-8.617645	7.317928	-0.000000
2509	-8.470077	8.356438	0.000000
2510	-7.083643	7.659827	0.000000
2511	-3.322242	5.022156	-0.000000
2512	-3.331624	5.931653	0.000000
2513	-2.122275	5.464196	0.000000
2514	8.321490	-6.551936	0.958603
2515	8.513493	-5.842106	0.959527
2516	6.902266	-6.353759	0.963358
2517	8.579070	-3.333927	0.956558
2518	8.431254	-2.525993	0.939931
2519	7.044431	-3.047552	0.958164
2520	3.290036	-5.246039	0.963795
2521	3.308605	-4.468327	0.963735
2522	2.106037	-4.867920	0.963788
2523	6.068926	-1.670120	0.823105
2524	3.755825	-1.583941	0.801947
2525	4.636822	-2.144843	0.912543
2526	-3.738248	-1.588488	0.803479
2527	-6.051744	-1.680289	0.824603
2528	-4.625632	-2.149208	0.913033
2529	0.999731	-3.563498	0.962765
2530	-0.997708	-3.563675	0.962766
2531	0.000556	-4.037303	0.963598
2532	-8.424590	-2.540405	0.940078
2533	-8.575747	-3.343310	0.956632
2534	-7.039380	-3.053464	0.958238
2535	-8.512565	-5.844171	0.959537
2536	-8.320781	-6.553141	0.958602
2537	-6.901481	-6.354558	0.963358
2538	-3.307606	-4.468750	0.963736
2539	-3.289446	-5.246308	0.963795
2540	-2.105482	-4.868081	0.963788
2541	8.425615	2.536431	0.940334
2542	8.576350	3.339765	0.956642
2543	7.040744	3.050773	0.958227
2544	8.513062	5.842735	0.959533
2545	8.321238	6.552201	0.958605
2546	6.902037	6.353909	0.963358
2547	3.308356	4.468385	0.963735
2548	3.289929	5.246069	0.963795
2549	2.105938	4.867922	0.963788
2550	5.932299	7.618793	0.944819
2551	3.640368	7.924707	0.941933
2552	4.432939	7.386572	0.958734
2553	-3.640246	7.924776	0.941931
2554	-5.932158	7.618951	0.944816
2555	-4.432799	7.386666	0.958733
2556	0.975936	6.170790	0.963743
2557	-0.975790	6.170809	0.963743
2558	0.000079	5.706503	0.963793
2559	-8.321292	6.552467	0.958601
2560	-8.513378	5.842781	0.959526
2561	-6.901995	6.354134	0.963358
2562	-8.580922	3.332056	0.956461
2563	-8.436041	2.520241	0.939330
2564	-7.046164	3.046829	0.958101
2565	-3.289742	5.246153	0.963795
2566	-3.308144	4.468450	0.963735
2567	-2.105711	4.867972	0.963788
