1	10.000000	-15.000000	0.000000
2	-10.000000	-15.000000	0.000000
3	10.000000	15.000000	0.000000
4	-10.000000	15.000000	0.000000
5	10.000000	-10.082054	0.000000
6	-10.000000	-10.082085	0.000000
7	10.000000	10.082074	0.000000
8	-10.000000	10.082043	0.000000
9	10.000000	-9.760036	0.560762
10	-10.000000	-9.761225	0.561975
11	10.000000	-1.509714	0.640687
12	-10.000000	-1.564482	0.611926
13	10.000000	1.574685	0.619690
14	-10.000000	1.447496	0.687141
15	10.000000	9.761226	0.561975
16	-10.000000	9.760036	0.560762
17	10.000000	-6.883869	0.900000
18	-10.000000	-6.885635	0.900000
19	10.000000	6.884502	0.900000
20	-10.000000	6.884294	0.900000
22	-10.000000	1.970063	-0.013690
23	10.000000	1.650541	0.413975
27	10.000000	-1.584192	0.328816
29	0.004674	-10.000000	0.435134
30	-0.000124	-9.370050	0.912541
31	0.006747	-0.818882	0.514884
32	-0.002372	-0.000228	0.317991
33	-0.002099	0.819036	0.514788
34	0.000153	9.370050	0.912542
35	-0.004674	10.000000	0.435134
36	10.000000	-5.425281	0.460804
37	-10.000000	-5.431118	0.460863
38	10.000000	5.430469	0.460808
39	-10.000000	5.425541	0.460479
42	-0.000089	-5.463511	-0.000000
43	-0.000196	-0.076289	0.184666
44	0.000205	5.462832	-0.000000
45	0.000329	-4.869167	0.974510
46	0.000105	4.869108	0.974510
47	0.000000	0.000000	0.000000
48	0.000030	-10.102891	0.000000
49	0.012160	-9.566599	0.900000
50	0.010507	-1.118568	0.628097
51	0.096634	0.364096	0.369072
52	-0.008789	1.116403	0.627395
53	-0.012159	9.566599	0.900000
54	0.000075	10.102890	0.000000
55	10.000000	-10.000000	0.295944
56	-10.000000	-10.000000	0.298138
59	10.000000	10.000000	0.298132
60	-10.000000	10.000000	0.295936
61	10.000000	-8.699844	0.887456
62	-10.000000	-8.700188	0.887484
66	-9.049999	1.299428	0.619911
67	10.000000	8.700002	0.887500
68	-10.000000	8.699971	0.887445
69	10.000000	-5.875082	0.000000
70	-10.000000	-5.870415	0.000000
71	10.000000	5.862103	0.000000
72	-10.000000	5.852946	0.000000
73	-0.007398	1.181178	0.000000
78	-0.024657	-0.364379	0.369328
79	0.004395	-1.195488	0.000000
80	9.308539	0.154015	0.053089
81	-9.311481	0.149031	0.053122
82	0.000294	-8.345148	0.900000
83	0.000129	8.345132	0.900000
84	10.000000	4.393235	0.900000
85	-10.000000	4.378060	0.900000
86	10.000000	-4.383745	0.900000
87	-10.000000	-4.396247	0.900000
88	3.996953	-10.000000	0.290123
89	4.055947	-10.000000	0.537140
90	-3.956199	-10.000000	0.539327
91	-3.999214	-10.000000	0.290345
92	5.137084	-9.466290	0.910610
93	4.689208	-8.962063	0.928642
94	-4.688970	-8.962100	0.928656
95	-5.134247	-9.466939	0.910667
96	3.741985	-0.951686	0.566073
97	3.675474	-0.694687	0.471932
98	-3.713739	-0.704556	0.474624
99	-3.697085	-0.953939	0.567190
100	4.493326	-0.228708	0.335866
101	-4.545728	-0.236530	0.335046
102	-4.379984	0.227578	0.332200
103	4.455705	0.235878	0.337133
104	3.719435	0.703097	0.474776
105	3.666420	0.951754	0.566786
106	-3.734289	0.953074	0.563077
107	-3.520701	0.692527	0.466358
108	4.689172	8.962053	0.928659
109	5.134290	9.466936	0.910668
110	-5.137048	9.466293	0.910610
111	-4.689055	8.962096	0.928640
112	3.999218	10.000000	0.290345
113	-3.996954	10.000000	0.290123
114	-4.055948	10.000000	0.537139
115	3.956201	10.000000	0.539327
116	10.000000	-7.204378	0.251090
118	10.000000	-3.563330	0.276536
119	10.000000	-3.352272	0.622527
120	10.000000	-6.199441	0.706900
121	10.000000	-7.922746	0.558613
122	-10.000000	-7.207843	0.251146
123	-10.000000	-7.922999	0.558629
124	-10.000000	-6.202093	0.706909
125	-10.000000	-3.377961	0.622697
127	-10.000000	-3.657869	0.275581
128	10.000000	7.206958	0.251126
129	10.000000	7.922919	0.558626
130	10.000000	6.201882	0.706934
131	10.000000	3.383815	0.623424
133	10.000000	3.630666	0.275020
134	-10.000000	7.197346	0.250803
136	-10.000000	3.453866	0.287717
137	-10.000000	3.356720	0.622082
138	-10.000000	6.201928	0.706897
139	-10.000000	7.922808	0.558593
148	4.038638	-7.346547	-0.000000
149	-4.038705	-7.346491	-0.000000
150	-3.984030	-3.720738	-0.000061
151	3.982797	-3.721292	-0.000061
152	3.829126	-0.514364	0.116554
153	-3.860088	-0.492265	0.117831
154	-3.767966	0.515810	0.121349
155	3.750312	0.497258	0.087719
156	4.039770	7.345739	-0.000000
157	3.986343	3.715282	-0.000049
158	-3.984221	3.716803	-0.000047
159	-4.039459	7.345932	-0.000000
160	3.896550	-6.330618	0.974189
161	4.008330	-3.290569	0.969661
162	-4.003159	-3.292715	0.969701
163	-3.895832	-6.330968	0.974189
164	4.005147	3.291468	0.969678
165	3.896328	6.330695	0.974189
166	-3.896320	6.330748	0.974189
167	-4.008710	3.290004	0.969646
168	5.197601	-10.099121	0.000000
169	4.944844	-9.586134	0.900000
170	5.235361	-1.182890	0.652505
171	5.320722	0.529002	0.411418
172	5.222805	1.193881	0.655548
173	4.944377	9.587462	0.900000
174	5.198220	10.099117	0.000000
175	10.000000	-10.000000	0.185792
176	-10.000000	-10.000000	0.186389
179	10.000000	10.000000	0.186375
180	-10.000000	10.000000	0.185765
181	10.000000	-9.314059	0.772679
182	-10.000000	-9.314592	0.773003
186	-9.061738	1.230571	0.523539
187	10.000000	7.862266	0.900000
188	-10.000000	7.862438	0.900000
189	10.000000	-8.092155	0.000000
190	-10.000000	-8.091093	0.000000
191	10.000000	8.086812	0.000000
192	-10.000000	8.085495	0.000000
193	5.236232	1.397037	0.000000
196	10.000000	-0.711605	0.000000
197	-10.000000	-0.697812	0.000000
198	5.231339	-0.501688	0.403257
199	5.210510	-1.424415	0.000000
200	9.336333	-0.829840	0.154363
201	-9.339621	-0.825145	0.166057
202	5.405251	-7.964802	0.900000
203	5.405100	7.964870	0.900000
204	10.000000	2.842905	0.900000
205	-10.000000	2.793315	0.900000
206	10.000000	-5.827623	0.900000
207	-10.000000	-5.832238	0.900000
208	6.689668	-10.000000	0.202327
209	6.808124	-10.000000	0.559824
210	-6.233516	-10.000000	0.573739
211	-6.691500	-10.000000	0.202436
212	7.874366	-9.530269	0.880450
213	7.280310	-8.292986	0.931120
214	-7.279920	-8.293303	0.931113
215	-7.872912	-9.531076	0.880509
216	6.122103	-1.094140	0.604650
217	5.753089	-0.684269	0.462203
218	-5.635716	-0.697126	0.466287
219	-5.971842	-1.101014	0.609167
220	7.240152	-0.541339	0.372487
221	-7.307397	-0.570346	0.378610
222	-7.115999	0.533997	0.368694
223	7.242741	0.583833	0.390750
224	5.557697	0.687656	0.466238
225	5.940222	1.095262	0.608816
226	-6.128114	1.087324	0.598446
227	-5.491102	0.664447	0.446991
228	7.280215	8.293031	0.931117
229	7.872944	9.531073	0.880509
230	-7.874340	9.530272	0.880450
231	-7.280143	8.293157	0.931118
232	6.691525	10.000000	0.202435
233	-6.689676	10.000000	0.202326
234	-6.808123	10.000000	0.559824
235	6.233517	10.000000	0.573739
236	10.000000	-8.492945	0.136302
238	10.000000	-2.482311	0.193207
239	10.000000	-2.550609	0.736508
240	10.000000	-6.757677	0.816047
241	10.000000	-9.019160	0.583648
242	-10.000000	-8.494599	0.136342
243	-10.000000	-9.018559	0.584276
244	-10.000000	-6.759344	0.816050
245	-10.000000	-2.582485	0.733269
247	-10.000000	-2.481358	0.213155
248	10.000000	8.494054	0.136302
249	10.000000	9.018538	0.584277
250	10.000000	6.758724	0.816065
251	10.000000	2.584821	0.735780
253	10.000000	2.778576	0.170477
254	-10.000000	8.487873	0.136228
256	-10.000000	1.731891	0.335071
257	-10.000000	2.536963	0.736358
258	-10.000000	6.759088	0.816067
259	-10.000000	9.019177	0.583643
268	6.676154	-8.596604	-0.000000
269	-6.676217	-8.596566	-0.000000
270	-6.607190	-2.801648	-0.003509
271	6.606347	-2.804437	-0.003436
272	6.837006	-1.001683	0.174245
273	-6.832811	-0.946221	0.038671
274	-6.838181	0.969349	0.119261
275	6.851202	0.939922	0.017742
276	6.677407	8.595665	-0.000000
277	6.606761	2.786774	-0.002997
278	-6.607591	2.790856	-0.002731
279	-6.677198	8.595875	-0.000000
280	6.451167	-6.934198	0.968560
281	6.613540	-2.330167	0.927173
282	-6.601796	-2.341193	0.927791
283	-6.450262	-6.934953	0.968550
284	6.603152	2.338711	0.927969
285	6.450811	6.934394	0.968557
286	-6.450985	6.934480	0.968557
287	-6.622351	2.323930	0.926418
288	-5.197582	-10.099122	0.000000
289	-4.944373	-9.587462	0.900000
290	-5.213945	-1.196752	0.656304
291	-4.844420	0.470245	0.388055
292	-5.253724	1.174867	0.642845
293	-4.944841	9.586134	0.900000
294	-5.198023	10.099117	0.000000
301	10.000000	-7.862138	0.900000
302	-10.000000	-7.862782	0.900000
303	8.973875	-1.263887	0.425604
307	10.000000	9.314541	0.773019
308	-10.000000	9.314098	0.772667
309	10.000000	-3.761574	0.000000
310	-10.000000	-3.749846	0.000000
311	10.000000	3.740239	0.000000
312	-10.000000	3.714934	0.000000
313	-5.226731	1.409729	0.000000
318	-5.327470	-0.528252	0.409165
319	-5.200552	-1.419818	0.000000
320	9.340330	0.892195	0.202091
321	-9.335162	0.822791	0.206425
322	-5.404651	-7.965211	0.900000
323	-5.404960	7.965014	0.900000
324	10.000000	5.830177	0.900000
325	-10.000000	5.827251	0.900000
326	10.000000	-2.815588	0.900000
327	-10.000000	-2.843293	0.900000
328	1.728438	-10.000000	0.369196
329	1.767695	-10.000000	0.490662
330	-1.738398	-10.000000	0.490794
331	-1.728350	-10.000000	0.369354
332	2.403330	-9.416404	0.910720
333	2.026410	-9.243938	0.918106
334	-2.026252	-9.243946	0.918125
335	-2.403559	-9.416628	0.910742
336	1.683790	-0.875546	0.536558
337	1.644688	-0.758487	0.492734
338	-1.629090	-0.759503	0.493107
339	-1.667170	-0.876166	0.536859
340	1.884481	-0.094999	0.322114
341	-1.907007	-0.096413	0.321435
342	-1.873892	0.094439	0.321134
343	1.890956	0.095516	0.322167
344	1.635073	0.759095	0.493235
345	1.659661	0.875627	0.536907
346	-1.677934	0.876365	0.535845
347	-1.622854	0.759407	0.492040
348	2.026337	9.243941	0.918125
349	2.403593	9.416627	0.910743
350	-2.403299	9.416405	0.910719
351	-2.026335	9.243942	0.918105
352	1.728351	10.000000	0.369354
353	-1.728438	10.000000	0.369196
354	-1.767696	10.000000	0.490662
355	1.738399	10.000000	0.490794
356	10.000000	-6.169610	0.356537
358	10.000000	-4.540587	0.370110
359	10.000000	-4.322845	0.525860
360	10.000000	-5.686648	0.583751
361	10.000000	-6.677014	0.497568
362	-10.000000	-6.174756	0.356619
363	-10.000000	-6.678207	0.497586
364	-10.000000	-5.690783	0.583772
365	-10.000000	-4.340733	0.526295
367	-10.000000	-4.567178	0.370221
368	10.000000	6.173589	0.356579
369	10.000000	6.677973	0.497575
370	10.000000	5.690752	0.583779
371	10.000000	4.341104	0.526185
373	10.000000	4.561209	0.369969
374	-10.000000	6.165929	0.356207
376	-10.000000	4.531582	0.369699
377	-10.000000	4.328820	0.525314
378	-10.000000	5.689148	0.583627
379	-10.000000	6.677139	0.497474
388	1.782981	-6.290215	-0.000000
389	-1.783089	-6.290167	-0.000000
390	-1.777336	-4.666310	-0.000000
391	1.776843	-4.666421	-0.000000
392	1.651553	-0.193350	0.143775
393	-1.705926	-0.188888	0.147453
394	-1.647167	0.173726	0.163929
395	1.658526	0.202525	0.115176
396	1.783799	6.289544	-0.000000
397	1.778308	4.664552	-0.000000
398	-1.777243	4.664807	-0.000000
399	-1.783447	6.289663	-0.000000
400	1.752116	-5.551788	0.974516
401	1.769577	-4.165615	0.974157
402	-1.767879	-4.165929	0.974158
403	-1.751519	-5.551947	0.974516
404	1.768863	4.165600	0.974157
405	1.751955	5.551805	0.974516
406	-1.751837	5.551827	0.974516
407	-1.768892	4.165534	0.974157
408	-0.001642	-10.000000	0.271888
409	-2.440979	-10.000000	0.197690
410	2.438715	-10.000000	0.197661
411	-0.007589	-9.480069	0.907745
412	-2.870309	-9.533995	0.904839
413	2.866468	-9.532834	0.904891
414	0.000186	-6.653870	0.973834
415	-2.251151	-7.516156	0.964722
416	2.251487	-7.516057	0.964724
417	-0.000253	-0.962002	0.569356
418	-2.367812	-1.042896	0.601083
419	2.357410	-1.040160	0.599910
420	4.899830	0.002313	0.314197
421	7.341484	0.233489	0.293529
422	7.479712	-0.201818	0.279010
423	0.024309	0.648886	0.453113
424	-1.966808	0.530276	0.413403
425	2.000429	0.534096	0.416282
426	-0.000705	3.043080	0.965544
427	-2.365251	2.066455	0.893994
428	2.354768	2.068596	0.894439
429	0.000029	9.033168	0.920518
430	-2.831117	8.688464	0.918902
431	2.831342	8.688420	0.918905
432	4.539532	10.000000	0.418625
433	7.045422	10.000000	0.454477
434	7.145185	10.000000	0.321212
435	10.000000	-7.612654	0.402892
436	10.000000	-8.814643	0.450862
437	10.000000	-8.679149	0.296037
438	-10.000000	-5.404442	0.236354
439	-10.000000	-4.480746	0.125059
440	-10.000000	-6.584538	0.118238
441	10.000000	5.399950	0.236488
442	10.000000	4.525694	0.123769
443	10.000000	6.586842	0.118235
444	-10.000000	7.611926	0.402801
445	-10.000000	8.814561	0.450847
446	-10.000000	8.678267	0.295976
453	4.670080	-5.520290	-0.000001
454	7.251768	-4.607521	-0.000133
455	7.279657	-6.673704	-0.000000
456	4.470956	0.124848	0.346652
457	7.109038	0.322715	0.037039
458	7.117998	-0.167336	0.197948
459	0.000102	7.625594	-0.000000
460	-2.374831	8.840820	-0.000000
461	2.375008	8.840790	-0.000000
462	7.144126	-10.000000	0.320526
463	7.077600	-10.000000	0.451700
464	4.545193	-10.000000	0.417920
467	0.039161	-10.000000	0.574920
468	-7.045409	-10.000000	0.454478
469	-7.145170	-10.000000	0.321213
470	-4.539527	-10.000000	0.418625
471	7.983014	-9.273083	0.904093
472	7.848179	-8.833785	0.932752
473	5.344525	-9.260823	0.922818
474	2.831447	-8.688418	0.918904
475	-2.830943	-8.688485	0.918903
476	0.000184	-9.033169	0.920518
477	-7.848100	-8.833895	0.932747
478	-7.982393	-9.273337	0.904131
479	-5.344188	-9.260908	0.922873
480	6.471662	-1.002510	0.560864
481	6.894816	-0.930709	0.519299
482	4.295730	-0.835473	0.521612
483	1.998486	-0.530871	0.415050
484	-2.012028	-0.535119	0.416145
485	0.001511	-0.648787	0.452992
486	-7.157439	-0.991722	0.535119
487	-6.536729	-1.033471	0.570020
488	-4.322283	-0.844283	0.525058
489	3.050072	-0.332654	0.361206
490	-3.195363	-0.343511	0.362233
491	-0.046254	-0.231534	0.339151
492	-7.478232	-0.209581	0.278462
493	-7.301612	0.213819	0.285795
494	-4.887818	-0.002068	0.311435
495	-2.911794	0.329392	0.357741
496	3.111725	0.340484	0.362813
497	0.041274	0.230724	0.338987
498	7.147075	0.989302	0.537797
499	6.457715	1.023739	0.570294
500	4.303773	0.841405	0.524963
501	2.359425	1.041385	0.600731
502	-2.371386	1.040263	0.598333
503	-0.013271	0.961943	0.569272
504	-6.423364	0.990913	0.554257
505	-6.593960	0.881769	0.509694
506	-4.281090	0.837507	0.517522
507	7.848219	8.833791	0.932751
508	7.982445	9.273308	0.904133
509	5.344265	9.260893	0.922875
510	2.870327	9.533995	0.904839
511	-2.866451	9.532834	0.904891
512	0.007614	9.480069	0.907745
513	-7.982975	9.273105	0.904092
514	-7.848098	8.833859	0.932748
515	-5.344464	9.260835	0.922816
516	2.441047	10.000000	0.197688
517	-2.438741	10.000000	0.197660
518	0.001645	10.000000	0.271887
519	-7.144142	10.000000	0.320524
520	-7.077609	10.000000	0.451700
521	-4.545195	10.000000	0.417920
524	-0.039161	10.000000	0.574920
525	10.000000	-6.579750	0.118376
526	10.000000	-4.477321	0.125243
527	10.000000	-5.384169	0.236663
531	10.000000	-1.956650	0.389718
532	10.000000	-2.242038	0.560353
533	10.000000	-3.169482	0.447319
534	10.000000	-3.808329	0.776565
535	10.000000	-5.302880	0.793688
536	10.000000	-4.712008	0.670365
537	10.000000	-7.673866	0.768920
538	10.000000	-8.448888	0.705702
539	10.000000	-7.093349	0.636880
540	-10.000000	-8.680692	0.296197
541	-10.000000	-8.816229	0.451112
542	-10.000000	-7.613671	0.402946
543	-10.000000	-8.448407	0.705818
544	-10.000000	-7.674263	0.768933
545	-10.000000	-7.094076	0.636880
546	-10.000000	-5.308419	0.793713
547	-10.000000	-3.822797	0.776612
548	-10.000000	-4.721653	0.670471
549	-10.000000	-2.282016	0.552126
550	-10.000000	-2.284378	0.377494
551	-10.000000	-3.240773	0.449679
555	10.000000	8.680496	0.296175
556	10.000000	8.816186	0.451106
557	10.000000	7.613437	0.402927
558	10.000000	8.448339	0.705821
559	10.000000	7.674052	0.768938
560	10.000000	7.093918	0.636883
561	10.000000	5.307616	0.793770
562	10.000000	3.822974	0.776931
563	10.000000	4.722766	0.670596
564	10.000000	2.297437	0.560145
565	10.000000	2.220630	0.389669
566	10.000000	3.232840	0.449270
570	-10.000000	6.540654	0.118394
571	-10.000000	4.267704	0.134574
572	-10.000000	5.350223	0.236509
576	-10.000000	1.895476	0.426979
577	-10.000000	2.145313	0.570376
578	-10.000000	3.163852	0.449844
579	-10.000000	3.810687	0.776626
580	-10.000000	5.306184	0.793762
581	-10.000000	4.718443	0.670297
582	-10.000000	7.674517	0.768928
583	-10.000000	8.449045	0.705696
584	-10.000000	7.094074	0.636862
603	2.374544	-8.840945	-0.000000
604	-2.374517	-8.840942	-0.000000
605	-0.000007	-7.625794	-0.000000
606	-7.279991	-6.673299	-0.000000
607	-7.253087	-4.606024	-0.000132
608	-4.670472	-5.520011	-0.000001
609	-2.316670	-2.300007	-0.000038
610	2.318961	-2.300428	-0.000038
611	-0.000481	-3.373462	-0.000001
612	2.340921	-0.681122	0.070654
613	-2.281145	-0.678375	0.075457
614	-0.000170	-0.458874	0.118426
615	-7.150424	-0.271658	0.148422
616	-7.235917	0.295972	0.093978
617	-4.458367	-0.056012	0.430194
618	-2.317126	0.670262	0.076051
619	2.278004	0.672214	0.073860
620	-0.011086	0.471412	0.114052
621	7.281444	6.669851	-0.000000
622	7.254518	4.597911	-0.000108
623	4.672275	5.517524	-0.000001
624	2.320311	2.289847	-0.000030
625	-2.317948	2.292415	-0.000029
626	0.001416	3.369677	-0.000001
627	-7.255194	4.599430	-0.000103
628	-7.281559	6.670526	-0.000000
629	-4.671620	5.518229	-0.000001
630	7.153846	-5.510846	0.974094
631	7.216582	-3.856450	0.972798
632	4.615907	-4.816707	0.974460
633	2.363866	-2.067967	0.894303
634	-2.349115	-2.070485	0.894780
635	0.002798	-3.043673	0.965562
636	-7.212490	-3.862159	0.972826
637	-7.152131	-5.513025	0.974096
638	-4.614271	-4.817773	0.974460
639	7.213307	3.860013	0.972825
640	7.152830	5.511791	0.974096
641	4.615131	4.817084	0.974460
642	2.251413	7.516066	0.964724
643	-2.251300	7.516111	0.964723
644	0.000069	6.653856	0.973834
645	-7.154078	5.511032	0.974093
646	-7.218557	3.854973	0.972771
647	-4.615760	4.816786	0.974460
648	7.664734	-10.092920	0.000000
649	7.468730	-9.643637	0.900000
650	7.654920	-1.310766	0.632612
651	7.690102	0.870535	0.485323
652	7.644976	1.334757	0.645343
653	7.465441	9.644402	0.900000
654	7.665382	10.092921	0.000000
655	10.000000	-10.000000	0.104260
656	-10.000000	-10.000000	0.104376
659	10.000000	10.000000	0.104363
660	-10.000000	10.000000	0.104234
661	10.000000	-9.562405	0.670708
662	-10.000000	-9.563117	0.671501
667	10.000000	7.377353	0.899730
668	-10.000000	7.377458	0.899729
669	10.000000	-9.133426	0.000000
670	-10.000000	-9.133052	0.000000
671	10.000000	9.131011	0.000000
672	-10.000000	9.130668	0.000000
673	7.764904	1.668672	0.000000
676	10.000000	-1.383441	0.000000
677	-10.000000	-1.367498	0.000000
678	7.627858	-0.806568	0.455881
679	7.734084	-1.697128	0.000000
680	9.480763	-1.287135	0.325844
681	-9.487075	-1.286282	0.345920
682	7.807455	-7.505602	0.900000
683	7.807297	7.505818	0.900000
684	10.000000	2.143671	0.863383
685	-10.000000	2.067624	0.869274
686	10.000000	-6.409776	0.900000
687	-10.000000	-6.412557	0.900000
688	8.320557	-10.000000	0.129995
689	8.145247	-10.000000	0.571817
690	-8.138932	-10.000000	0.574537
691	-8.320582	-10.000000	0.130002
692	8.964258	-9.621442	0.745291
693	8.522448	-7.710614	0.919309
694	-8.522027	-7.711375	0.919309
695	-8.964554	-9.622339	0.745553
696	7.676824	-1.254409	0.604430
697	7.402193	-0.817887	0.480242
698	-7.511546	-0.877912	0.506409
699	-7.581802	-1.270232	0.614646
700	8.277713	-0.854157	0.381202
701	-8.400202	-0.917550	0.404796
702	-8.253032	0.837393	0.422886
703	8.413547	0.951338	0.424925
704	7.525701	0.891782	0.508731
705	7.572842	1.266840	0.616806
706	-7.708393	1.225898	0.616619
707	-7.070335	0.780562	0.461843
708	8.522277	7.710800	0.919311
709	8.964580	9.622336	0.745552
710	-8.964237	9.621445	0.745292
711	-8.522362	7.710921	0.919307
712	8.320727	10.000000	0.130002
713	-8.320624	10.000000	0.129995
714	-8.145245	10.000000	0.571817
715	8.138933	10.000000	0.574537
716	10.000000	-9.303802	0.075316
718	10.000000	-2.199312	0.119537
719	10.000000	-2.104790	0.771132
720	10.000000	-6.911098	0.862493
721	10.000000	-9.406777	0.602567
722	-10.000000	-9.304287	0.075343
724	-10.000000	-6.912608	0.862493
725	-10.000000	-2.143553	0.762103
727	-10.000000	-2.198383	0.136392
728	10.000000	9.303726	0.075303
730	10.000000	6.911775	0.862500
731	10.000000	2.146077	0.766455
733	10.000000	2.224214	0.126936
734	-10.000000	9.301424	0.075289
736	-10.000000	1.861899	0.207762
737	-10.000000	2.069686	0.776217
738	-10.000000	6.911972	0.862506
739	-10.000000	9.406803	0.602558
740	-10.000000	-2.012565	-0.032241
744	10.000000	-2.024241	-0.028307
748	8.204490	-9.310713	-0.000000
749	-8.204584	-9.310673	-0.000000
750	-8.175062	-2.391560	0.015222
751	8.177894	-2.399492	0.014509
752	8.313719	-1.298498	-0.213811
753	-8.308474	-1.320001	-0.276599
754	-8.341678	1.241740	-0.197269
755	8.324404	1.291819	-0.241307
756	8.205574	9.309907	-0.000000
757	8.174769	2.374358	0.013233
758	-8.181289	2.375511	0.011101
759	-8.205490	9.310039	-0.000000
760	8.063284	-7.027096	0.949343
761	8.135492	-1.863851	0.843149
762	-8.126182	-1.887341	0.844265
763	-8.062435	-7.028283	0.949317
764	8.124291	1.886446	0.846952
765	8.062902	7.027450	0.949334
766	-8.063179	7.027485	0.949336
767	-8.146570	1.845004	0.843153
768	-2.627912	-10.102032	0.000000
769	-2.451484	-9.570042	0.900000
770	-2.652176	-1.136987	0.636596
771	-2.311263	0.380474	0.371460
772	-2.681486	1.128165	0.631422
773	-2.475592	9.569003	0.900000
774	-2.628150	10.102031	0.000000
775	10.000000	-10.000000	0.338050
776	-10.000000	-10.000000	0.341363
779	10.000000	10.000000	0.341361
780	-10.000000	10.000000	0.338047
781	10.000000	-8.309090	0.900000
782	-10.000000	-8.309499	0.900000
783	9.190912	-1.356372	0.556121
784	-9.243827	-1.413465	0.490603
787	10.000000	9.031237	0.844514
788	-10.000000	9.031004	0.844365
789	10.000000	-4.784983	0.000000
790	-10.000000	-4.776623	0.000000
791	10.000000	4.767421	0.000000
792	-10.000000	4.749972	0.000000
793	-2.637386	1.240385	0.000000
796	10.000000	0.685551	0.000000
797	-10.000000	0.687125	0.000000
798	-2.589909	-0.393457	0.376246
799	-2.591453	-1.251962	0.000000
800	9.113036	0.493371	0.131427
801	-9.101977	0.461360	0.133559
802	-2.782895	-8.248550	0.900000
803	-2.783125	8.248481	0.900000
804	10.000000	5.148560	0.900000
805	-10.000000	5.141433	0.900000
806	10.000000	-3.591214	0.899992
807	-10.000000	-3.610455	0.899993
808	2.805247	-10.000000	0.330428
809	2.840897	-10.000000	0.517223
810	-2.796992	-10.000000	0.517483
811	-2.806936	-10.000000	0.330637
812	3.794052	-9.440407	0.910532
813	3.320771	-9.132878	0.922862
814	-3.320569	-9.132888	0.922885
815	-3.792458	-9.440876	0.910588
816	2.681633	-0.910366	0.550222
817	2.611049	-0.723838	0.480964
818	-2.622986	-0.727667	0.482154
819	-2.659389	-0.911603	0.550799
820	3.109972	-0.153534	0.327265
821	-3.147921	-0.157079	0.326318
822	-3.061985	0.153029	0.325339
823	3.103758	0.156008	0.327551
824	2.626693	0.726716	0.482168
825	2.640901	0.910480	0.550667
826	-2.677106	0.911620	0.548660
827	-2.567059	0.725158	0.479095
828	3.320708	9.132872	0.922887
829	3.792495	9.440874	0.910588
830	-3.794020	9.440409	0.910531
831	-3.320657	9.132890	0.922861
832	2.806938	10.000000	0.330636
833	-2.805248	10.000000	0.330428
834	-2.840898	10.000000	0.517223
835	2.796993	10.000000	0.517483
836	10.000000	-6.657276	0.304304
838	10.000000	-4.060097	0.323266
839	10.000000	-3.811468	0.570868
840	10.000000	-5.917128	0.646444
841	10.000000	-7.311569	0.526772
842	-10.000000	-6.661683	0.304379
843	-10.000000	-7.312106	0.526781
844	-10.000000	-5.920422	0.646455
845	-10.000000	-3.833575	0.571378
847	-10.000000	-4.114770	0.323087
848	10.000000	6.660538	0.304351
849	10.000000	7.311966	0.526775
850	10.000000	5.920397	0.646478
851	10.000000	3.837049	0.571520
853	10.000000	4.098180	0.322826
854	-10.000000	6.651520	0.303969
856	-10.000000	4.025604	0.324995
857	-10.000000	3.820153	0.570463
858	-10.000000	5.919830	0.646396
859	-10.000000	7.311663	0.526728
868	2.865515	-6.795664	-0.000000
869	-2.865601	-6.795606	-0.000000
870	-2.839732	-4.200407	0.000005
871	2.838928	-4.200675	0.000005
872	2.628344	-0.352221	-0.060229
873	-2.638280	-0.362302	-0.054120
874	-2.598009	0.314696	-0.042603
875	2.569303	0.364628	-0.099989
876	2.866521	6.794932	-0.000000
877	2.841460	4.197327	0.000004
878	-2.839801	4.198000	0.000004
879	-2.866184	6.795095	-0.000000
880	2.789347	-5.943199	0.974453
881	2.844704	-3.742399	0.973131
882	-2.841735	-3.743271	0.973138
883	-2.788702	-5.943445	0.974453
884	2.843209	3.742600	0.973133
885	2.789166	5.943245	0.974453
886	-2.789098	5.943281	0.974453
887	-2.844120	3.742221	0.973130
888	-2.096465	-10.000000	0.277041
889	-1.283097	-10.000000	0.141525
890	3.342384	-10.000000	0.238434
891	-2.873019	-9.484795	0.907880
892	-1.386920	-9.550273	0.897116
893	4.303714	-9.512702	0.905957
894	-2.011987	-6.569752	0.973952
895	-1.230159	-7.980411	0.943621
896	3.148383	-6.966616	0.972294
897	-1.974089	-0.959014	0.568680
898	-1.332233	-1.079725	0.614317
899	3.139157	-0.998677	0.584221
900	4.774912	0.129100	0.321128
901	8.361154	0.193067	0.207220
902	6.178732	-0.227821	0.322316
903	-1.805089	0.658954	0.456049
904	-1.058683	0.440531	0.387398
905	2.866266	0.619843	0.444984
906	-2.086599	3.108510	0.966891
907	-1.268035	1.562290	0.782424
908	3.282259	2.641093	0.950753
909	-2.513342	9.013438	0.922729
910	-1.456041	8.546215	0.910343
911	3.931142	8.819016	0.925382
912	4.386765	10.000000	0.483559
913	8.480758	10.000000	0.387008
914	5.663640	10.000000	0.307065
915	10.000000	-7.761076	0.481268
916	10.000000	-9.344364	0.382511
917	10.000000	-7.984650	0.272351
918	-10.000000	-4.489729	0.248042
919	-10.000000	-5.120476	0.060132
920	-10.000000	-6.922773	0.182035
921	10.000000	4.477916	0.248204
922	10.000000	5.136456	0.059569
923	10.000000	6.922227	0.182046
924	-10.000000	7.760935	0.481226
925	-10.000000	9.344283	0.382499
926	-10.000000	7.982018	0.272209
933	4.483211	-4.582106	0.000013
934	8.666755	-5.197333	-0.000050
935	5.754947	-7.041794	0.000000
936	4.220132	0.195166	-0.012647
937	8.762600	0.291552	0.256229
938	5.689757	-0.448253	0.136475
939	-2.099620	7.551900	0.000000
940	-1.261116	9.489114	0.000000
941	3.310594	8.134137	0.000000
942	8.536312	-10.000000	0.322820
943	5.647884	-10.000000	0.501187
944	4.404370	-10.000000	0.351404
946	-3.232827	-10.000000	0.580847
947	2.129815	-10.000000	0.564356
948	-8.480738	-10.000000	0.387010
949	-5.663633	-10.000000	0.307066
950	-4.386761	-10.000000	0.483559
951	9.052595	-9.051902	0.874628
952	6.438224	-8.898042	0.934724
953	5.374487	-9.380807	0.916334
954	1.456462	-8.546185	0.910343
955	-3.930843	-8.819077	0.925379
956	2.513529	-9.013423	0.922730
957	-9.015754	-8.769780	0.907408
958	-6.721914	-9.400756	0.913095
959	-5.133579	-9.115679	0.927632
960	7.748187	-1.155192	0.547425
961	5.396612	-0.775487	0.495179
962	4.147026	-0.897586	0.545097
963	1.112079	-0.440632	0.387995
964	-2.871294	-0.621131	0.444933
965	1.871721	-0.658717	0.457180
966	-8.453824	-1.274060	0.547871
967	-5.161915	-0.963997	0.567961
968	-4.208018	-0.779659	0.501270
969	1.510944	-0.336426	0.358927
970	-4.029441	-0.310611	0.352225
971	2.404653	-0.229109	0.338838
972	-8.488846	-0.110481	0.184457
973	-6.005642	0.226146	0.318959
974	-4.827392	-0.128760	0.318521
975	-1.403385	0.334935	0.357763
976	3.937225	0.308575	0.353533
977	-2.345389	0.228358	0.337119
978	8.384469	1.271052	0.554560
979	5.113558	0.958851	0.567825
980	4.204140	0.777420	0.501403
981	1.336487	1.078134	0.613932
982	-3.150435	0.999797	0.582011
983	1.953667	0.958185	0.568613
984	-7.748546	1.131477	0.573934
985	-5.100340	0.758983	0.484457
986	-4.137486	0.898932	0.541336
987	9.015821	8.769641	0.907419
988	6.721962	9.400746	0.913096
989	5.133703	9.115650	0.927634
990	1.386928	9.550273	0.897116
991	-4.303673	9.512702	0.905957
992	2.873062	9.484795	0.907880
993	-9.052565	9.051957	0.874621
994	-6.438108	8.898096	0.934721
995	-5.374445	9.380813	0.916333
996	1.283250	10.000000	0.141523
997	-3.342393	10.000000	0.238433
998	2.096472	10.000000	0.277040
999	-8.536338	10.000000	0.322817
1000	-5.647887	10.000000	0.501187
1001	-4.404372	10.000000	0.351404
1003	3.232829	10.000000	0.580847
1004	-2.129815	10.000000	0.564356
1005	10.000000	-6.216886	0.058502
1006	10.000000	-3.966992	0.196746
1007	10.000000	-6.325153	0.238191
1011	10.000000	-1.405271	0.508378
1012	10.000000	-2.766983	0.590725
1013	10.000000	-3.293506	0.361206
1014	10.000000	-4.081096	0.841283
1015	10.000000	-5.750094	0.747399
1016	10.000000	-4.004097	0.649285
1017	10.000000	-8.303578	0.818005
1018	10.000000	-8.165694	0.634071
1019	10.000000	-6.650172	0.671017
1020	-10.000000	-9.325005	0.312292
1021	-10.000000	-8.346574	0.508914
1022	-10.000000	-7.435357	0.325488
1023	-10.000000	-8.673166	0.783657
1024	-10.000000	-6.948483	0.732318
1025	-10.000000	-7.519990	0.600853
1026	-10.000000	-4.856445	0.845013
1027	-10.000000	-3.583518	0.703572
1028	-10.000000	-5.456186	0.688184
1029	-10.000000	-1.816806	0.512116
1030	-10.000000	-2.940044	0.321521
1031	-10.000000	-3.240599	0.536738
1035	10.000000	9.324935	0.312278
1036	10.000000	8.346517	0.508909
1037	10.000000	7.434857	0.325460
1038	10.000000	8.673082	0.783665
1039	10.000000	6.948220	0.732330
1040	10.000000	7.519874	0.600853
1041	10.000000	4.854778	0.845065
1042	10.000000	3.586290	0.704187
1043	10.000000	5.456333	0.688238
1044	10.000000	1.826114	0.542480
1045	10.000000	2.891942	0.320767
1046	10.000000	3.246451	0.537178
1050	-10.000000	6.163481	0.059151
1051	-10.000000	3.798877	0.209480
1052	-10.000000	6.308570	0.237736
1056	-10.000000	1.347622	0.546675
1057	-10.000000	2.748823	0.591584
1058	-10.000000	3.223401	0.365532
1059	-10.000000	4.078955	0.841386
1060	-10.000000	5.753518	0.747427
1061	-10.000000	4.012078	0.649044
1062	-10.000000	8.303861	0.818007
1063	-10.000000	8.165832	0.634062
1064	-10.000000	6.651642	0.671002
1083	1.261036	-9.489161	0.000000
1084	-3.309837	-8.134492	0.000000
1085	2.099248	-7.552184	0.000000
1086	-8.674356	-6.273273	0.000003
1087	-5.706772	-4.110525	-0.000137
1088	-4.511823	-6.465308	0.000000
1089	-1.230832	-1.713291	0.000009
1090	3.239280	-2.964695	0.000066
1091	-2.062383	-3.464151	-0.000007
1092	1.256288	-0.846426	-0.212842
1093	-3.137528	-0.599028	-0.124725
1094	1.908049	-0.464862	0.118748
1095	-8.402053	-0.018450	-0.102649
1096	-5.605176	0.437887	0.147051
1097	-4.285714	-0.191922	0.058458
1098	-1.260602	0.832996	-0.179050
1099	3.058166	0.587092	-0.139146
1100	-1.900469	0.472575	0.116108
1101	8.675160	6.267045	0.000002
1102	5.708991	4.103670	-0.000111
1103	4.513239	6.463860	0.000000
1104	1.239272	1.700542	0.000008
1105	-3.240245	2.958445	0.000051
1106	2.064207	3.459802	-0.000006
1107	-8.669933	5.184413	-0.000039
1108	-5.756258	7.040412	0.000000
1109	-4.484929	4.578956	0.000010
1110	8.599294	-4.976378	0.967264
1111	5.705148	-3.553511	0.971914
1112	4.413344	-5.605457	0.974497
1113	1.267537	-1.564068	0.782958
1114	-3.278690	-2.642700	0.950859
1115	2.087531	-3.108988	0.966904
1116	-8.614884	-4.161833	0.966619
1117	-5.600822	-5.968997	0.974366
1118	-4.468127	-4.026403	0.973840
1119	8.615232	4.159139	0.966622
1120	5.601478	5.968386	0.974366
1121	4.469358	4.025451	0.973837
1122	1.230389	7.980360	0.943622
1123	-3.148167	6.966705	0.972294
1124	2.012331	6.569648	0.973952
1125	-8.600176	4.975600	0.967240
1126	-5.706556	3.552648	0.971894
1127	-4.413135	5.605604	0.974497
1128	2.627961	-10.102033	0.000000
1129	2.475594	-9.569002	0.900000
1130	2.673942	-1.131425	0.634162
1131	2.597042	0.392570	0.376922
1132	2.660145	1.134377	0.635770
1133	2.451486	9.570042	0.900000
1134	2.628317	10.102030	0.000000
1135	10.000000	-10.000000	0.243376
1136	-10.000000	-10.000000	0.244657
1139	10.000000	10.000000	0.244647
1140	-10.000000	10.000000	0.243359
1141	10.000000	-9.030930	0.844379
1142	-10.000000	-9.031339	0.844495
1145	9.216311	1.415278	0.503413
1146	-9.032508	1.225205	0.545738
1147	10.000000	8.309180	0.900000
1148	-10.000000	8.309294	0.900000
1149	10.000000	-6.992669	0.000000
1150	-10.000000	-6.990329	0.000000
1151	10.000000	6.983797	0.000000
1152	-10.000000	6.979921	0.000000
1153	2.631387	1.234454	0.000000
1156	10.000000	-0.021966	0.000000
1157	-10.000000	-0.008424	0.000000
1158	2.529579	-0.385507	0.375174
1159	2.630310	-1.253084	0.000000
1160	9.314158	-0.336087	0.065972
1161	-9.313281	-0.333654	0.069489
1162	2.783492	-8.248391	0.900000
1163	2.783355	8.248406	0.900000
1164	10.000000	3.607850	0.899995
1165	-10.000000	3.578989	0.899988
1166	10.000000	-5.143502	0.900000
1167	-10.000000	-5.151205	0.900000
1168	5.291842	-10.000000	0.247835
1169	5.417427	-10.000000	0.551830
1170	-5.112341	-10.000000	0.559369
1171	-5.294005	-10.000000	0.248021
1172	6.498875	-9.491611	0.907572
1173	6.026349	-8.695763	0.933009
1174	-6.026045	-8.695883	0.933007
1175	-6.496377	-9.492354	0.907638
1176	4.870722	-1.007058	0.585005
1177	4.748080	-0.679393	0.466831
1178	-4.716883	-0.692689	0.469909
1179	-4.766005	-1.010837	0.587227
1180	5.929578	-0.345413	0.350785
1181	-5.986522	-0.360555	0.351397
1182	-5.764847	0.341044	0.344429
1183	5.868556	0.362418	0.356020
1184	4.706979	0.689869	0.470456
1185	4.729031	1.006845	0.586784
1186	-4.861224	1.006921	0.579870
1187	-4.452515	0.666093	0.454468
1188	6.026308	8.695765	0.933011
1189	6.496424	9.492351	0.907638
1190	-6.498836	9.491614	0.907572
1191	-6.026172	8.695844	0.933006
1192	5.294014	10.000000	0.248020
1193	-5.291846	10.000000	0.247834
1194	-5.417428	10.000000	0.551830
1195	5.112345	10.000000	0.559369
1196	10.000000	-7.809694	0.195368
1198	10.000000	-3.078471	0.229368
1199	10.000000	-2.943097	0.679401
1200	10.000000	-6.497702	0.763756
1201	10.000000	-8.497353	0.583365
1202	-10.000000	-7.812193	0.195409
1203	-10.000000	-8.497322	0.583486
1204	-10.000000	-6.499792	0.763763
1205	-10.000000	-2.971585	0.678478
1207	-10.000000	-3.146746	0.233069
1208	10.000000	7.811605	0.195383
1209	10.000000	8.497281	0.583485
1210	10.000000	6.499367	0.763784
1211	10.000000	2.977251	0.680043
1213	10.000000	3.173835	0.226052
1214	-10.000000	7.802868	0.195186
1216	-10.000000	2.800416	0.269374
1217	-10.000000	2.942813	0.678881
1218	-10.000000	6.499710	0.763774
1219	-10.000000	8.497387	0.583355
1228	5.302780	-7.944485	-0.000000
1229	-5.302835	-7.944440	-0.000000
1230	-5.226509	-3.247901	0.000543
1231	5.224973	-3.249107	0.000540
1232	5.302670	-0.638390	-0.071404
1233	-5.310100	-0.614690	-0.098967
1234	-5.222198	0.629616	-0.070257
1235	5.158857	0.616989	-0.139775
1236	5.303996	7.943597	-0.000000
1237	5.228267	3.238434	0.000449
1238	-5.226664	3.241369	0.000424
1239	-5.303726	7.943810	-0.000000
1240	5.095189	-6.678403	0.973105
1241	5.258436	-2.816435	0.958733
1242	-5.249892	-2.821387	0.958918
1243	-5.094376	-6.678905	0.973102
1244	5.252119	2.819379	0.958864
1245	5.094907	6.678522	0.973104
1246	-5.094976	6.678596	0.973104
1247	-5.261805	2.814532	0.958602
1248	-7.664751	-10.092929	0.000000
1249	-7.465432	-9.644403	0.900000
1250	-7.641168	-1.335177	0.642332
1251	-7.197349	0.728698	0.436406
1252	-7.678725	1.282066	0.641622
1253	-7.468723	9.643638	0.900000
1254	-7.665219	10.092913	0.000000
1255	10.000000	-10.000000	0.401353
1256	-10.000000	-10.000000	0.405614
1257	10.000000	1.998013	-0.022619
1259	10.000000	10.000000	0.405615
1260	-10.000000	10.000000	0.401354
1261	10.000000	-7.377063	0.899729
1262	-10.000000	-7.378143	0.899730
1267	10.000000	9.563097	0.671510
1268	-10.000000	9.562421	0.670701
1269	10.000000	-2.834465	0.000000
1270	-10.000000	-2.820589	0.000000
1271	10.000000	2.807958	0.000000
1272	-10.000000	2.782896	0.000000
1273	-7.775487	1.672602	0.000000
1276	10.000000	1.350605	0.000000
1277	-10.000000	1.344957	0.000000
1278	-7.724068	-0.860989	0.478315
1279	-7.712591	-1.687151	0.000000
1280	9.508373	1.319153	0.375695
1281	-9.418460	1.161027	0.372444
1282	-7.806963	-7.506479	0.900000
1283	-7.807288	7.505958	0.900000
1284	10.000000	6.411026	0.900000
1285	-10.000000	6.410048	0.900000
1286	10.000000	-2.101987	0.866752
1287	-10.000000	-2.139234	0.859393
1288	0.783046	-10.000000	0.405130
1289	0.808377	-10.000000	0.461938
1290	-0.790500	-10.000000	0.462044
1291	-0.779489	-10.000000	0.405218
1292	1.080792	-9.395569	0.911176
1293	0.901450	-9.319603	0.914782
1294	-0.901328	-9.319607	0.914791
1295	-1.082092	-9.395586	0.911191
1296	0.774130	-0.844819	0.524679
1297	0.760173	-0.791371	0.504587
1298	-0.742675	-0.791607	0.504690
1299	-0.759620	-0.845070	0.524803
1300	0.841519	-0.043809	0.319154
1301	-0.853095	-0.044248	0.318821
1302	-0.844223	0.043280	0.318751
1303	0.847381	0.043640	0.319153
1304	0.748294	0.791516	0.504794
1305	0.759643	0.844907	0.524858
1306	-0.768408	0.845250	0.524392
1307	-0.748991	0.791829	0.504330
1308	0.901376	9.319606	0.914792
1309	1.082123	9.395585	0.911191
1310	-1.080762	9.395570	0.911176
1311	-0.901405	9.319604	0.914782
1312	0.779490	10.000000	0.405218
1313	-0.783046	10.000000	0.405130
1314	-0.808377	10.000000	0.461938
1315	0.790500	10.000000	0.462044
1316	10.000000	-5.754675	0.408901
1318	10.000000	-4.997647	0.416310
1319	10.000000	-4.870685	0.488833
1320	10.000000	-5.523961	0.520903
1321	10.000000	-6.038250	0.475347
1322	-10.000000	-5.760256	0.408976
1323	-10.000000	-6.040943	0.475377
1324	-10.000000	-5.528963	0.520941
1325	-10.000000	-4.881613	0.489017
1327	-10.000000	-5.010084	0.416410
1328	10.000000	5.759294	0.408925
1329	10.000000	6.040562	0.475355
1330	10.000000	5.528686	0.520919
1331	10.000000	4.880965	0.488912
1333	10.000000	5.008250	0.416274
1334	-10.000000	5.753129	0.408587
1336	-10.000000	4.996046	0.415781
1337	-10.000000	4.872356	0.488312
1338	-10.000000	5.525511	0.520673
1339	-10.000000	6.038425	0.475167
1348	0.811407	-5.838601	-0.000000
1349	-0.811541	-5.838574	-0.000000
1350	-0.813275	-5.096874	0.000000
1351	0.812983	-5.096907	0.000000
1352	0.706347	-0.222462	-0.067071
1353	-0.755359	-0.239871	-0.030696
1354	-0.689806	0.162465	-0.050512
1355	0.708657	0.200105	-0.023715
1356	0.811971	5.837958	-0.000000
1357	0.813701	5.095832	0.000000
1358	-0.813059	5.095903	0.000000
1359	-0.811606	5.838021	-0.000000
1360	0.803762	-5.183996	0.974525
1361	0.804981	-4.548650	0.974440
1362	-0.803979	-4.548736	0.974440
1363	-0.803173	-5.184075	0.974525
1364	0.804612	4.548588	0.974439
1365	0.803594	5.183980	0.974525
1366	-0.803428	5.183989	0.974525
1367	-0.804425	4.548589	0.974439
1368	2.093535	-10.000000	0.276938
1369	-3.345005	-10.000000	0.238535
1370	1.283025	-10.000000	0.141526
1371	2.862005	-9.483866	0.907899
1372	-4.309679	-9.513905	0.906005
1373	1.387462	-9.549574	0.897063
1374	2.012443	-6.569634	0.973952
1375	-3.147891	-6.966801	0.972293
1376	1.230454	-7.980361	0.943622
1377	1.986983	-0.958028	0.568233
1378	-3.109257	-1.001134	0.585257
1379	1.303382	-1.077686	0.613317
1380	4.816046	-0.123796	0.320355
1381	6.074261	0.241163	0.326892
1382	8.490208	-0.103020	0.181902
1383	1.887112	0.660960	0.458224
1384	-2.763050	0.613339	0.439833
1385	1.168768	0.443026	0.388856
1386	2.084504	3.109060	0.966908
1387	-3.288946	2.639064	0.950600
1388	1.253241	1.563906	0.783060
1389	2.513424	9.013416	0.922741
1390	-3.930986	8.819063	0.925374
1391	1.456326	8.546185	0.910343
1392	4.404943	10.000000	0.351818
1393	5.578260	10.000000	0.504432
1394	8.537018	10.000000	0.324002
1395	10.000000	-7.433494	0.325414
1396	10.000000	-8.345919	0.508840
1397	10.000000	-9.323001	0.311765
1398	-10.000000	-6.333571	0.238168
1399	-10.000000	-4.006824	0.196399
1400	-10.000000	-6.217945	0.058364
1401	10.000000	6.331716	0.238191
1402	10.000000	4.020252	0.195264
1403	10.000000	6.220455	0.058246
1404	-10.000000	7.431073	0.325237
1405	-10.000000	8.345878	0.508822
1406	-10.000000	9.322754	0.311741
1413	4.511645	-6.465449	0.000000
1414	5.705477	-4.111445	-0.000137
1415	8.673847	-6.274607	0.000003
1416	4.297431	-0.211909	0.033789
1417	5.538343	0.462837	0.090342
1418	8.372184	-0.034656	-0.131415
1419	2.099860	7.551832	0.000000
1420	-3.310359	8.134220	0.000000
1421	1.261258	9.489107	0.000000
1422	5.661988	-10.000000	0.306664
1423	8.488247	-10.000000	0.384732
1424	4.413952	-10.000000	0.482382
1425	3.598537	-10.000000	0.576155
1426	-1.213012	-10.000000	0.623666
1427	-2.030312	-10.000000	0.564153
1428	-5.578254	-10.000000	0.504432
1429	-8.536998	-10.000000	0.324005
1430	-4.404939	-10.000000	0.351818
1431	6.723954	-9.400369	0.913027
1432	9.015787	-8.769597	0.907379
1433	5.133714	-9.115650	0.927599
1434	3.931217	-8.819019	0.925376
1435	-1.455859	-8.546237	0.910343
1436	-2.513206	-9.013438	0.922740
1437	-6.438076	-8.898110	0.934732
1438	-9.052494	-9.052131	0.874711
1439	-5.372933	-9.381082	0.916405
1440	5.212858	-0.957369	0.564125
1441	7.846159	-1.133656	0.531893
1442	4.142326	-0.767330	0.496965
1443	2.876172	-0.615145	0.443457
1444	-1.159902	-0.443433	0.388575
1445	-1.878208	-0.661519	0.458103
1446	-5.499590	-0.801540	0.505256
1447	-7.933778	-1.225007	0.567457
1448	-4.128576	-0.901671	0.547068
1449	3.933657	-0.300215	0.351895
1450	-1.681601	-0.342253	0.359706
1451	-2.484473	-0.233308	0.338481
1452	-6.192260	-0.236181	0.320996
1453	-8.346982	0.173042	0.209566
1454	-4.734028	0.123205	0.317331
1455	-3.803031	0.297326	0.347778
1456	1.663736	0.340862	0.360385
1457	2.428317	0.231982	0.339312
1458	5.513240	0.799655	0.507114
1459	7.823876	1.214597	0.572831
1460	4.101448	0.899002	0.546770
1461	3.087279	0.999454	0.584889
1462	-1.303641	1.076597	0.612475
1463	-1.992561	0.958867	0.567274
1464	-5.179588	0.955718	0.558234
1465	-8.054508	1.100158	0.549346
1466	-4.096116	0.769196	0.492741
1467	6.438241	8.898036	0.934735
1468	9.052538	9.052055	0.874721
1469	5.372985	9.381075	0.916406
1470	4.309727	9.513905	0.906005
1471	-1.387454	9.549575	0.897063
1472	-2.861966	9.483866	0.907899
1473	-6.723916	9.400377	0.913026
1474	-9.015744	8.769694	0.907371
1475	-5.133619	9.115671	0.927597
1476	3.345026	10.000000	0.238534
1477	-1.283042	10.000000	0.141524
1478	-2.093536	10.000000	0.276937
1479	-5.661995	10.000000	0.306663
1480	-8.488266	10.000000	0.384730
1481	-4.413954	10.000000	0.482382
1482	-3.598537	10.000000	0.576155
1483	1.213013	10.000000	0.623666
1484	2.030313	10.000000	0.564153
1485	10.000000	-6.917574	0.182065
1486	10.000000	-5.124649	0.060261
1487	10.000000	-4.443963	0.248843
1491	10.000000	-2.760093	0.323547
1492	10.000000	-1.758980	0.554570
1493	10.000000	-3.204881	0.535807
1494	10.000000	-3.563535	0.703570
1495	10.000000	-4.848892	0.845001
1496	10.000000	-5.450946	0.688151
1497	10.000000	-6.947273	0.732311
1498	10.000000	-8.673480	0.783503
1499	10.000000	-7.519697	0.600853
1500	-10.000000	-7.986397	0.272429
1501	-10.000000	-9.346925	0.383245
1502	-10.000000	-7.761675	0.481297
1503	-10.000000	-8.165489	0.634113
1504	-10.000000	-8.303603	0.818045
1505	-10.000000	-6.651678	0.671020
1506	-10.000000	-5.754154	0.747418
1507	-10.000000	-4.092776	0.841297
1508	-10.000000	-4.020629	0.649492
1509	-10.000000	-2.801601	0.589830
1510	-10.000000	-1.641218	0.371428
1511	-10.000000	-3.391849	0.361822
1515	10.000000	7.985963	0.272401
1516	10.000000	9.346894	0.383238
1517	10.000000	7.761556	0.481288
1518	10.000000	8.165419	0.634114
1519	10.000000	8.303443	0.818050
1520	10.000000	6.651495	0.671032
1521	10.000000	5.753798	0.747461
1522	10.000000	4.091300	0.841412
1523	10.000000	4.023572	0.649795
1524	10.000000	2.811817	0.591930
1525	10.000000	1.521245	0.481948
1526	10.000000	3.364199	0.361181
1530	-10.000000	6.899415	0.181757
1531	-10.000000	5.007281	0.063545
1532	-10.000000	4.382532	0.251455
1536	-10.000000	2.516645	0.346146
1537	-10.000000	1.454530	0.603507
1538	-10.000000	3.208996	0.536462
1539	-10.000000	3.570140	0.703337
1540	-10.000000	4.849659	0.845090
1541	-10.000000	5.455185	0.688132
1542	-10.000000	6.948606	0.732317
1543	-10.000000	8.673622	0.783497
1544	-10.000000	7.519981	0.600833
1563	3.309830	-8.134508	0.000000
1564	-1.260990	-9.489161	0.000000
1565	-2.099274	-7.552165	0.000000
1566	-5.755107	-7.041652	0.000000
1567	-8.667746	-5.194749	-0.000050
1568	-4.483979	-4.581673	0.000013
1569	-3.240321	-2.964100	0.000066
1570	1.244981	-1.713484	0.000010
1571	2.061251	-3.464428	-0.000007
1572	3.126784	-0.581659	-0.127591
1573	-1.222435	-0.845824	-0.183644
1574	-1.920176	-0.472351	0.120495
1575	-5.681720	-0.444199	0.128321
1576	-8.749701	0.294877	0.277053
1577	-4.217730	0.242212	0.058874
1578	-3.093865	0.590594	-0.126159
1579	1.228595	0.831859	-0.175343
1580	1.866181	0.456107	0.106690
1581	5.756538	7.039979	0.000000
1582	8.668229	5.185969	-0.000041
1583	4.486148	4.577840	0.000010
1584	3.242694	2.956589	0.000053
1585	-1.241253	1.702538	0.000007
1586	-2.061599	3.460534	-0.000005
1587	-5.707942	4.105759	-0.000106
1588	-8.676069	6.266646	0.000002
1589	-4.512817	6.464253	0.000000
1590	5.601982	-5.968105	0.974367
1591	8.617702	-4.153320	0.966558
1592	4.470937	-4.024804	0.973834
1593	3.287878	-2.640168	0.950687
1594	-1.247216	-1.565871	0.783606
1595	-2.082062	-3.109947	0.966934
1596	-5.700395	-3.557194	0.971947
1597	-8.597359	-4.981640	0.967299
1598	-4.412290	-5.606094	0.974497
1599	5.701748	3.555541	0.971936
1600	8.597811	4.979446	0.967295
1601	4.412937	5.605640	0.974497
1602	3.148259	6.966645	0.972294
1603	-1.230254	7.980386	0.943621
1604	-2.012213	6.569685	0.973952
1605	-5.601840	5.968328	0.974366
1606	-8.619516	4.150509	0.966499
1607	-4.470940	4.024655	0.973833
1608	-0.001252	-10.000000	0.196692
1609	1.148590	-10.000000	0.232673
1610	-1.151707	-10.000000	0.232706
1611	-0.002681	-9.526932	0.905607
1612	1.393752	-9.504088	0.901677
1613	-1.403327	-9.504710	0.901709
1614	0.000134	-7.589804	0.964017
1615	1.066899	-7.115715	0.971684
1616	-1.066564	-7.115761	0.971684
1617	-0.016206	-1.037896	0.598178
1618	1.090705	-0.999492	0.583811
1619	-1.100416	-1.000272	0.584166
1620	7.412823	0.017181	0.270994
1621	6.237355	-0.075025	0.305008
1622	6.190408	0.087948	0.306892
1623	0.016938	0.518959	0.410668
1624	0.976550	0.592397	0.434408
1625	-0.931069	0.591150	0.433360
1626	-0.003912	2.033528	0.888292
1627	1.119109	2.545643	0.944678
1628	-1.123190	2.545136	0.944632
1629	0.000122	8.748352	0.916521
1630	1.382201	8.891941	0.920407
1631	-1.382046	8.891956	0.920404
1632	7.164302	10.000000	0.388645
1633	5.833066	10.000000	0.373393
1634	5.806428	10.000000	0.441129
1635	10.000000	-8.753874	0.374817
1636	10.000000	-8.126816	0.351604
1637	10.000000	-8.238074	0.431072
1638	-10.000000	-5.534774	0.117692
1639	-10.000000	-5.953802	0.176365
1640	-10.000000	-4.960684	0.180115
1641	10.000000	5.547650	0.117629
1642	10.000000	5.954421	0.176476
1643	10.000000	4.965176	0.180278
1644	-10.000000	8.753579	0.374785
1645	-10.000000	8.125923	0.351524
1646	-10.000000	8.237814	0.431033
1653	7.344888	-5.631582	0.000009
1654	5.981530	-6.064580	-0.000001
1655	5.965026	-5.065850	0.000015
1656	7.048880	0.187843	-0.209179
1657	5.735269	-0.287937	-0.224486
1658	5.602783	0.340978	-0.246589
1659	0.000074	8.872924	0.000000
1660	1.128334	8.235133	-0.000000
1661	-1.128155	8.235154	-0.000000
1662	5.820285	-10.000000	0.439596
1663	5.834167	-10.000000	0.372606
1664	7.168478	-10.000000	0.387287
1666	1.224455	-10.000000	0.624081
1668	-5.833058	-10.000000	0.373394
1669	-5.806421	-10.000000	0.441129
1670	-7.164288	-10.000000	0.388646
1671	6.646452	-9.096272	0.930251
1672	6.728749	-9.267568	0.921952
1673	7.936489	-9.075991	0.920571
1674	-1.381892	-8.891961	0.920406
1675	1.382328	-8.891944	0.920404
1676	0.000268	-8.748357	0.916521
1677	-6.728237	-9.267723	0.921998
1678	-6.646349	-9.096336	0.930276
1679	-7.936392	-9.076110	0.920578
1680	5.479040	-0.840070	0.518366
1681	5.408435	-0.901179	0.541552
1682	6.576979	-0.953395	0.538586
1683	-0.967873	-0.592699	0.434230
1684	0.969079	-0.591230	0.433724
1685	-0.006308	-0.518951	0.410575
1686	-5.500468	-0.920278	0.548817
1687	-5.661772	-0.872249	0.528848
1688	-6.954098	-1.025390	0.554269
1689	-1.530706	-0.282176	0.348421
1690	1.400573	-0.278497	0.348321
1691	-0.084103	-0.306526	0.355392
1692	-6.161177	0.079239	0.301885
1693	-6.230523	-0.081542	0.302021
1694	-7.397447	0.006713	0.267734
1695	1.481797	0.280801	0.348870
1696	-1.350340	0.277661	0.347230
1697	0.087678	0.305997	0.355216
1698	5.459321	0.914655	0.549292
1699	5.653758	0.868908	0.530294
1700	6.927818	1.022556	0.556428
1701	-1.105793	0.999671	0.583330
1702	1.082036	0.999613	0.584117
1703	0.004012	1.037246	0.597978
1704	-5.510229	0.843903	0.512253
1705	-5.429232	0.901265	0.535305
1706	-6.855075	0.973112	0.538379
1707	6.728306	9.267701	0.922000
1708	6.646453	9.096294	0.930279
1709	7.936471	9.076054	0.920582
1710	-1.393733	9.504088	0.901677
1711	1.403347	9.504710	0.901709
1712	0.002690	9.526932	0.905607
1713	-6.646376	9.096304	0.930248
1714	-6.728697	9.267585	0.921950
1715	-7.936433	9.076033	0.920568
1716	-1.148589	10.000000	0.232672
1717	1.151722	10.000000	0.232704
1718	0.001275	10.000000	0.196690
1719	-5.820289	10.000000	0.439596
1720	-5.834173	10.000000	0.372605
1721	-7.168490	10.000000	0.387286
1723	-1.224454	10.000000	0.624081
1725	10.000000	-4.938457	0.180810
1726	10.000000	-5.942613	0.176616
1727	10.000000	-5.528357	0.118077
1731	10.000000	-2.634567	0.499366
1732	10.000000	-2.595967	0.410381
1733	10.000000	-2.054950	0.474585
1734	10.000000	-4.999706	0.734695
1735	10.000000	-4.260581	0.721117
1736	10.000000	-4.549612	0.785996
1737	10.000000	-7.785837	0.672351
1738	10.000000	-7.378222	0.703412
1739	10.000000	-8.077649	0.742905
1740	-10.000000	-8.239081	0.431152
1741	-10.000000	-8.128062	0.351691
1742	-10.000000	-8.755517	0.375028
1743	-10.000000	-7.378760	0.703417
1744	-10.000000	-7.785905	0.672362
1745	-10.000000	-8.077585	0.742939
1746	-10.000000	-4.273083	0.721247
1747	-10.000000	-5.007065	0.734759
1748	-10.000000	-4.558825	0.786066
1749	-10.000000	-2.749442	0.411423
1750	-10.000000	-2.687973	0.498882
1751	-10.000000	-2.149284	0.456484
1755	10.000000	8.238977	0.431140
1756	10.000000	8.127842	0.351670
1757	10.000000	8.755426	0.375015
1758	10.000000	7.378584	0.703422
1759	10.000000	7.785790	0.672364
1760	10.000000	8.077461	0.742943
1761	10.000000	4.274197	0.721482
1762	10.000000	5.007144	0.734854
1763	10.000000	4.558324	0.786194
1764	10.000000	2.721995	0.413107
1765	10.000000	2.696635	0.501694
1766	10.000000	2.154221	0.474122
1770	-10.000000	4.847308	0.182905
1771	-10.000000	5.899430	0.176447
1772	-10.000000	5.433516	0.119422
1776	-10.000000	2.614329	0.506430
1777	-10.000000	2.558613	0.423694
1778	-10.000000	1.985841	0.500548
1779	-10.000000	5.004921	0.734745
1780	-10.000000	4.267367	0.721142
1781	-10.000000	4.553334	0.786117
1782	-10.000000	7.786192	0.672345
1783	-10.000000	7.378967	0.703411
1784	-10.000000	8.077992	0.742905
1803	-1.128025	-8.235298	-0.000000
1804	1.128036	-8.235302	-0.000000
1805	0.000016	-8.873011	0.000000
1806	-5.965783	-5.065239	0.000015
1807	-5.981897	-6.064249	-0.000001
1808	-7.345589	-5.630725	0.000009
1809	1.099616	-2.815851	0.000006
1810	-1.099863	-2.815701	0.000006
1811	0.002053	-2.234870	-0.000005
1812	-1.041871	-0.557499	-0.123098
1813	1.049288	-0.565233	-0.124171
1814	0.006965	-0.674199	0.080789
1815	-5.612549	0.289476	-0.133250
1816	-5.716487	-0.289464	-0.120003
1817	-7.038864	0.098002	-0.181163
1818	1.013876	0.571330	-0.125520
1819	-1.044470	0.569666	-0.125472
1820	-0.028619	0.671101	0.087004
1821	5.967865	5.060570	0.000012
1822	5.983654	6.061313	-0.000001
1823	7.347144	5.625222	0.000008
1824	-1.098625	2.810275	0.000004
1825	1.101960	2.809569	0.000005
1826	0.001039	2.226440	-0.000004
1827	-5.983370	6.062095	-0.000001
1828	-5.967440	5.061891	0.000011
1829	-7.347618	5.626210	0.000007
1830	5.920245	-4.356914	0.974195
1831	5.886281	-5.180557	0.974477
1832	7.269011	-4.691708	0.973913
1833	-1.115573	-2.546767	0.944769
1834	1.124956	-2.546002	0.944697
1835	0.007371	-2.034892	0.888506
1836	-5.884573	-5.182093	0.974478
1837	-5.917528	-4.359395	0.974199
1838	-7.266477	-4.695334	0.973921
1839	5.885372	5.181169	0.974478
1840	5.918526	4.358106	0.974198
1841	7.267238	4.693628	0.973919
1842	-1.066691	7.115734	0.971684
1843	1.066816	7.115714	0.971684
1844	0.000058	7.589794	0.964017
1845	-5.920716	4.356738	0.974193
1846	-5.886330	5.180702	0.974477
1847	-7.269819	4.691398	0.973908
1848	-0.000504	-10.000000	0.359164
1849	-0.977106	-10.000000	0.316994
1850	0.974525	-10.000000	0.316927
1851	-4.702200	-10.000000	0.200033
1852	-6.193546	-10.000000	0.136315
1853	-3.805788	-10.000000	0.139951
1854	4.700329	-10.000000	0.199970
1855	3.805726	-10.000000	0.139954
1856	6.193511	-10.000000	0.136316
1857	-0.005746	-9.437206	0.909174
1858	-1.543956	-9.458494	0.906464
1859	1.530651	-9.458055	0.906439
1860	-5.878168	-9.546944	0.908264
1861	-7.184038	-9.590506	0.908216
1862	-4.367168	-9.562971	0.899065
1863	5.878125	-9.545784	0.908262
1864	4.368246	-9.561556	0.899008
1865	7.184779	-9.589547	0.908240
1866	0.000241	-5.684884	0.974510
1867	-0.963091	-6.138756	0.974400
1868	0.963542	-6.138693	0.974400
1869	-4.421248	-7.296356	0.966539
1870	-5.935932	-7.501888	0.948688
1871	-3.644061	-7.820470	0.945529
1872	4.421799	-7.296063	0.966543
1873	3.644454	-7.820278	0.945534
1874	5.936533	-7.501394	0.948702
1875	0.005951	-0.885513	0.540096
1876	-0.933261	-0.922139	0.554208
1877	0.943004	-0.921800	0.554040
1878	-4.369826	-1.059305	0.606580
1879	-5.835811	-1.157337	0.632067
1880	-3.776603	-1.102469	0.624452
1881	4.419207	-1.053435	0.604313
1882	3.778730	-1.095503	0.621880
1883	5.874109	-1.143813	0.627846
1884	2.192308	0.000198	0.318488
1885	3.474133	0.055982	0.318893
1886	3.481500	-0.054290	0.318799
1887	7.316452	0.434002	0.338810
1888	8.500517	0.781463	0.340774
1889	8.342493	0.488687	0.266490
1890	7.451468	-0.408052	0.319852
1891	8.509337	-0.429993	0.221931
1892	8.542903	-0.738603	0.301178
1893	0.004671	0.747050	0.488064
1894	-0.874172	0.703675	0.472104
1895	0.905290	0.703774	0.472760
1896	-3.814823	0.573135	0.424705
1897	-5.232433	0.572108	0.417455
1898	-3.231370	0.474056	0.394866
1899	3.862880	0.584775	0.434057
1900	3.366135	0.488020	0.402979
1901	5.422054	0.609103	0.439557
1902	0.000041	4.043049	0.974031
1903	-0.986640	3.573731	0.972411
1904	0.986229	3.573833	0.972412
1905	-4.598918	2.164937	0.908672
1906	-6.041943	1.698193	0.815945
1907	-3.732534	1.605778	0.795398
1908	4.582611	2.171427	0.909731
1909	3.710686	1.612655	0.798273
1910	6.012874	1.717189	0.820816
1911	-0.000034	9.240506	0.917422
1912	-1.163325	9.144190	0.919902
1913	1.163319	9.144183	0.919911
1914	-5.289646	8.524538	0.925003
1915	-6.545555	8.096219	0.916934
1916	-4.186644	8.387560	0.913031
1917	5.289813	8.524448	0.925005
1918	4.186862	8.387469	0.913031
1919	6.545647	8.096078	0.916934
1920	2.035317	10.000000	0.430727
1921	3.208983	10.000000	0.458385
1922	3.205574	10.000000	0.392987
1923	6.766556	10.000000	0.516199
1924	8.057093	10.000000	0.504866
1925	8.305078	10.000000	0.447363
1926	6.996540	10.000000	0.257209
1927	8.519217	10.000000	0.259934
1928	8.438399	10.000000	0.200452
1929	10.000000	-6.462793	0.425240
1930	10.000000	-7.132727	0.450986
1931	10.000000	-6.924999	0.375800
1932	10.000000	-8.894964	0.521787
1933	10.000000	-9.430710	0.509851
1934	10.000000	-9.362935	0.449375
1935	10.000000	-8.581610	0.216196
1936	10.000000	-9.284007	0.237610
1937	10.000000	-9.237296	0.160105
1938	-10.000000	-5.361954	0.353351
1939	-10.000000	-4.936168	0.300353
1940	-10.000000	-5.810687	0.294627
1941	-10.000000	-3.455405	0.148485
1942	-10.000000	-3.041298	0.091314
1943	-10.000000	-4.046605	0.068073
1944	-10.000000	-7.585825	0.124548
1945	-10.000000	-7.302533	0.060066
1946	-10.000000	-8.341087	0.064725
1947	10.000000	5.359208	0.353271
1948	10.000000	4.928898	0.300334
1949	10.000000	5.807863	0.294616
1950	10.000000	3.581480	0.138628
1951	10.000000	3.118403	0.077108
1952	10.000000	4.092939	0.064707
1953	10.000000	7.585469	0.124520
1954	10.000000	7.301251	0.060012
1955	10.000000	8.339660	0.064684
1956	-10.000000	6.461904	0.425060
1957	-10.000000	7.132332	0.450893
1958	-10.000000	6.923214	0.375615
1959	-10.000000	8.894955	0.521779
1960	-10.000000	9.430714	0.509846
1961	-10.000000	9.362917	0.449368
1962	-10.000000	8.579292	0.216104
1963	-10.000000	9.283348	0.237568
1964	-10.000000	9.235805	0.160050
1983	2.102429	-5.476917	0.000000
1984	3.295977	-5.044411	-0.000001
1985	3.304658	-5.943171	0.000000
1986	7.004453	-3.654443	0.001023
1987	8.425336	-3.228825	-0.004450
1988	8.583503	-4.169042	0.000631
1989	7.058148	-7.676794	0.000000
1990	8.603869	-7.350199	-0.000000
1991	8.454289	-8.375481	0.000000
1992	2.036367	-0.109513	-0.164657
1993	3.059745	0.245786	0.225128
1994	3.112501	-0.315265	0.248376
1995	7.020678	0.645401	-0.135664
1996	8.550213	0.971191	0.332036
1997	8.439506	0.519116	-0.037574
1998	7.159449	-0.629793	-0.034947
1999	8.652302	-0.473881	-0.053188
2000	8.564134	-0.982408	0.215072
2001	0.000145	6.431777	0.000000
2002	-0.992931	6.989424	0.000000
2003	0.993187	6.989382	0.000000
2004	-4.629702	8.747057	0.000000
2005	-6.072782	9.399622	0.000000
2006	-3.734751	9.458833	-0.000000
2007	4.629937	8.746969	0.000000
2008	3.734939	9.458806	-0.000000
2009	6.073003	9.399550	0.000000
2010	8.436376	-10.000000	0.200250
2011	8.517416	-10.000000	0.259352
2012	6.994542	-10.000000	0.256892
2013	8.357639	-10.000000	0.442437
2014	8.217516	-10.000000	0.494600
2015	6.917869	-10.000000	0.509915
2016	3.208074	-10.000000	0.392655
2017	3.223679	-10.000000	0.457990
2018	2.043923	-10.000000	0.430507
2019	6.013534	-10.000000	0.640314
2020	3.645462	-10.000000	0.616782
2021	5.355064	-10.000000	0.587926
2022	-3.646025	-10.000000	0.628687
2023	-6.005060	-10.000000	0.638523
2025	1.009874	-10.000000	0.538352
2026	-0.945987	-10.000000	0.538230
2027	0.020157	-10.000000	0.504379
2028	-8.057092	-10.000000	0.504866
2029	-8.305055	-10.000000	0.447365
2030	-6.766547	-10.000000	0.516200
2031	-8.519195	-10.000000	0.259939
2032	-8.438376	-10.000000	0.200455
2033	-6.996529	-10.000000	0.257211
2034	-3.208981	-10.000000	0.458385
2035	-3.205572	-10.000000	0.392987
2036	-2.035316	-10.000000	0.430727
2037	9.128229	-9.469474	0.779452
2038	9.092358	-9.281053	0.830706
2039	8.014672	-9.422163	0.887208
2040	8.946590	-8.435073	0.925896
2041	8.803256	-8.067660	0.929439
2042	7.656251	-8.561693	0.936924
2043	3.960716	-9.360373	0.915640
2044	3.795606	-9.252668	0.920292
2045	2.475239	-9.339557	0.914711
2046	6.545784	-8.096013	0.916936
2047	4.186977	-8.387451	0.913032
2048	5.289898	-8.524435	0.925006
2049	-4.186410	-8.387632	0.913030
2050	-6.545258	-8.096409	0.916932
2051	-5.289449	-8.524600	0.925002
2052	1.163458	-9.144187	0.919903
2053	-1.163177	-9.144189	0.919910
2054	0.000118	-9.240506	0.917422
2055	-8.803045	-8.068121	0.929435
2056	-8.946492	-8.435338	0.925899
2057	-7.656051	-8.561879	0.936915
2058	-9.091787	-9.281457	0.830887
2059	-9.126931	-9.470091	0.779809
2060	-8.012618	-9.422676	0.887313
2061	-3.795448	-9.252703	0.920335
2062	-3.960014	-9.360538	0.915695
2063	-2.475255	-9.339613	0.914743
2064	7.777796	-1.223337	0.583501
2065	7.799351	-1.191012	0.564944
2066	6.348433	-1.050776	0.582749
2067	8.142625	-1.103508	0.497043
2068	7.562507	-0.892085	0.483866
2069	6.662266	-0.831224	0.494327
2070	3.074899	-0.853737	0.528855
2071	3.054036	-0.789714	0.505052
2072	1.967751	-0.818654	0.515179
2073	5.329994	-0.580621	0.430695
2074	3.311813	-0.478170	0.400119
2075	3.906700	-0.577173	0.432015
2076	-3.391591	-0.490295	0.402626
2077	-5.482679	-0.615009	0.438655
2078	-3.902360	-0.588068	0.434101
2079	0.901331	-0.703153	0.472286
2080	-0.891693	-0.703881	0.472576
2081	0.009398	-0.746845	0.488009
2082	-7.559934	-0.917295	0.516147
2083	-8.065524	-1.086788	0.520203
2084	-6.564363	-0.842715	0.506776
2085	-7.660159	-1.212858	0.580503
2086	-7.572137	-1.231298	0.595606
2087	-6.178407	-1.057718	0.588614
2088	-3.048737	-0.793214	0.506296
2089	-3.055543	-0.855878	0.529760
2090	-1.948724	-0.819582	0.515572
2091	6.759121	-0.582538	0.410928
2092	4.520780	-0.411438	0.379653
2093	5.476336	-0.411208	0.374714
2094	-4.640428	-0.431265	0.382803
2095	-6.845608	-0.618509	0.420238
2096	-5.569893	-0.431906	0.377447
2097	1.077933	-0.171194	0.329955
2098	-1.131288	-0.172408	0.329660
2099	-0.014877	-0.111970	0.323176
2100	-8.546832	-0.746178	0.313453
2101	-8.508962	-0.435133	0.227367
2102	-7.460855	-0.419151	0.322236
2103	-8.306255	0.444504	0.267057
2104	-8.403416	0.691203	0.339623
2105	-7.226917	0.397105	0.324091
2106	-3.487524	-0.056927	0.317314
2107	-3.458174	0.053429	0.316960
2108	-2.193112	-0.001050	0.317507
2109	-6.541840	0.557537	0.394009
2110	-4.306893	0.399713	0.370995
2111	-5.293303	0.401211	0.365400
2112	4.564431	0.427485	0.383779
2113	6.804761	0.623405	0.426754
2114	5.475384	0.430376	0.380095
2115	-1.065755	0.170630	0.329289
2116	1.109553	0.171520	0.330012
2117	0.009393	0.111366	0.323100
2118	7.452506	0.903250	0.517532
2119	7.969952	1.073302	0.523077
2120	6.522256	0.834269	0.508957
2121	7.549977	1.199813	0.583836
2122	7.500763	1.221534	0.598105
2123	6.110599	1.049196	0.588419
2124	3.045102	0.791910	0.506228
2125	3.044110	0.854542	0.529632
2126	1.947556	0.818979	0.515636
2127	5.853111	1.154541	0.631724
2128	3.790416	1.099985	0.623786
2129	4.362186	1.056472	0.606065
2130	-3.788305	1.093807	0.617433
2131	-5.921191	1.137891	0.621080
2132	-4.446354	1.053626	0.599746
2133	0.921850	0.921830	0.554241
2134	-0.946921	0.922213	0.553692
2135	-0.007996	0.885590	0.540026
2136	-7.678247	1.182976	0.598805
2137	-7.546733	1.141642	0.578683
2138	-6.255294	1.037427	0.576532
2139	-7.477809	0.944453	0.509502
2140	-7.107394	0.839971	0.484056
2141	-6.006615	0.766690	0.477771
2142	-3.060882	0.855346	0.526812
2143	-3.027674	0.791538	0.502919
2144	-1.953066	0.819725	0.514263
2145	8.803201	8.067731	0.929441
2146	8.946591	8.435097	0.925908
2147	7.656237	8.561701	0.936920
2148	9.091814	9.281419	0.830894
2149	9.126947	9.470074	0.779813
2150	8.012652	9.422663	0.887314
2151	3.795530	9.252694	0.920336
2152	3.960065	9.360533	0.915696
2153	2.475304	9.339610	0.914743
2154	7.184059	9.590505	0.908216
2155	4.367188	9.562971	0.899065
2156	5.878203	9.546944	0.908264
2157	-4.368229	9.561556	0.899008
2158	-7.184762	9.589547	0.908240
2159	-5.878095	9.545784	0.908262
2160	1.543995	9.458494	0.906464
2161	-1.530615	9.458055	0.906438
2162	0.005785	9.437206	0.909174
2163	-9.128217	9.469488	0.779449
2164	-9.092338	9.281082	0.830700
2165	-8.014645	9.422173	0.887207
2166	-8.946531	8.435231	0.925890
2167	-8.803178	8.067896	0.929435
2168	-7.656133	8.561811	0.936920
2169	-3.960673	9.360377	0.915639
2170	-3.795539	9.252675	0.920291
2171	-2.475196	9.339559	0.914711
2172	6.193874	10.000000	0.136311
2173	3.806082	10.000000	0.139948
2174	4.702282	10.000000	0.200030
2175	-3.805883	10.000000	0.139952
2176	-6.193718	10.000000	0.136312
2177	-4.700377	10.000000	0.199969
2178	0.977108	10.000000	0.316994
2179	-0.974524	10.000000	0.316926
2180	0.000505	10.000000	0.359164
2181	-8.436426	10.000000	0.200244
2182	-8.517452	10.000000	0.259347
2183	-6.994561	10.000000	0.256891
2184	-8.357656	10.000000	0.442436
2185	-8.217516	10.000000	0.494600
2186	-6.917874	10.000000	0.509914
2187	-3.208075	10.000000	0.392655
2188	-3.223680	10.000000	0.457990
2189	-2.043923	10.000000	0.430507
2190	-6.013532	10.000000	0.640314
2191	-3.645461	10.000000	0.616782
2192	-5.355063	10.000000	0.587926
2193	3.646027	10.000000	0.628687
2194	6.005063	10.000000	0.638523
2196	-1.009874	10.000000	0.538352
2197	0.945987	10.000000	0.538230
2198	-0.020157	10.000000	0.504379
2199	10.000000	-8.340040	0.064734
2200	10.000000	-7.300982	0.060119
2201	10.000000	-7.583055	0.124568
2202	10.000000	-4.065525	0.066830
2203	10.000000	-3.069169	0.084099
2204	10.000000	-3.461474	0.144205
2205	10.000000	-5.799547	0.294626
2206	10.000000	-4.909999	0.300544
2207	10.000000	-5.349417	0.353309
2219	10.000000	-2.304404	0.288814
2220	10.000000	-1.942273	0.622897
2221	10.000000	-2.055311	0.695465
2222	10.000000	-2.407855	0.649313
2223	10.000000	-3.815126	0.403814
2224	10.000000	-3.732677	0.487589
2225	10.000000	-4.333993	0.446951
2226	10.000000	-2.645545	0.820805
2227	10.000000	-3.324058	0.835962
2228	10.000000	-3.126569	0.762250
2229	10.000000	-5.588534	0.848186
2230	10.000000	-6.277665	0.852454
2231	10.000000	-6.041530	0.802089
2232	10.000000	-4.473664	0.600589
2233	10.000000	-5.184335	0.624762
2234	10.000000	-4.980907	0.558100
2235	10.000000	-7.424250	0.847420
2236	10.000000	-7.888599	0.835352
2237	10.000000	-7.233585	0.791061
2238	10.000000	-9.025871	0.718545
2240	10.000000	-8.794766	0.651746
2241	10.000000	-6.392833	0.607359
2242	10.000000	-6.861554	0.568320
2243	10.000000	-6.195416	0.541988
2244	-10.000000	-9.238701	0.160249
2245	-10.000000	-9.285612	0.237928
2246	-10.000000	-8.583261	0.216295
2247	-10.000000	-9.365118	0.450344
2248	-10.000000	-9.430236	0.511422
2249	-10.000000	-8.895689	0.522136
2250	-10.000000	-6.927032	0.375872
2251	-10.000000	-7.133694	0.451023
2252	-10.000000	-6.465056	0.425300
2253	-10.000000	-9.405539	0.604030
2254	-10.000000	-9.025107	0.719043
2255	-10.000000	-8.793915	0.652083
2256	-10.000000	-7.888973	0.835364
2257	-10.000000	-7.425083	0.847427
2258	-10.000000	-7.234542	0.791070
2259	-10.000000	-6.862477	0.568321
2260	-10.000000	-6.394679	0.607360
2261	-10.000000	-6.197614	0.541995
2262	-10.000000	-6.280325	0.852450
2263	-10.000000	-5.593116	0.848185
2264	-10.000000	-6.044662	0.802094
2265	-10.000000	-3.341137	0.835792
2266	-10.000000	-2.673601	0.818506
2267	-10.000000	-3.149187	0.761587
2268	-10.000000	-5.190991	0.624822
2269	-10.000000	-4.486238	0.600793
2270	-10.000000	-4.989720	0.558226
2271	-10.000000	-2.096282	0.684351
2272	-10.000000	-1.974020	0.604141
2273	-10.000000	-2.441681	0.644530
2276	-10.000000	-2.421905	0.299373
2277	-10.000000	-3.768285	0.488748
2278	-10.000000	-3.863064	0.404629
2279	-10.000000	-4.356917	0.447380
2289	10.000000	9.238424	0.160217
2290	10.000000	9.285466	0.237906
2291	10.000000	8.582905	0.216265
2292	10.000000	9.365105	0.450341
2293	10.000000	9.430225	0.511423
2294	10.000000	8.895663	0.522134
2295	10.000000	6.926517	0.375844
2296	10.000000	7.133457	0.451007
2297	10.000000	6.464585	0.425274
2298	10.000000	9.405519	0.604036
2299	10.000000	9.025064	0.719051
2300	10.000000	8.793877	0.652086
2301	10.000000	7.888686	0.835368
2302	10.000000	7.424596	0.847433
2303	10.000000	7.234186	0.791080
2304	10.000000	6.862309	0.568320
2305	10.000000	6.394524	0.607367
2306	10.000000	6.197399	0.541990
2307	10.000000	6.279184	0.852464
2308	10.000000	5.591641	0.848212
2309	10.000000	6.043882	0.802122
2310	10.000000	3.340443	0.836093
2311	10.000000	2.672692	0.819944
2312	10.000000	3.149829	0.762524
2313	10.000000	5.191506	0.624865
2314	10.000000	4.487902	0.600875
2315	10.000000	4.989969	0.558213
2316	10.000000	2.103766	0.690541
2317	10.000000	1.996256	0.616024
2318	10.000000	2.453344	0.648829
2319	10.000000	1.670318	0.408160
2320	10.000000	2.215269	0.241444
2321	10.000000	2.443961	0.288983
2322	10.000000	3.767188	0.488398
2323	10.000000	3.853399	0.404025
2324	10.000000	4.354357	0.447068
2334	-10.000000	8.331825	0.064746
2335	-10.000000	7.279016	0.060246
2336	-10.000000	7.568247	0.124471
2337	-10.000000	3.845633	0.081317
2338	-10.000000	2.743282	0.130351
2339	-10.000000	3.047414	0.187050
2340	-10.000000	5.787943	0.294154
2341	-10.000000	4.889945	0.300440
2342	-10.000000	5.343394	0.352850
2353	-10.000000	1.329136	0.441088
2354	-10.000000	1.478037	0.380992
2355	-10.000000	1.853232	0.636153
2356	-10.000000	2.015400	0.702251
2357	-10.000000	2.381887	0.650808
2358	-10.000000	3.799425	0.403511
2359	-10.000000	3.738209	0.487211
2360	-10.000000	4.332899	0.446106
2361	-10.000000	2.627228	0.820655
2362	-10.000000	3.315426	0.835903
2363	-10.000000	3.124483	0.761889
2364	-10.000000	5.589991	0.848238
2365	-10.000000	6.278935	0.852480
2366	-10.000000	6.043850	0.802126
2367	-10.000000	4.480709	0.600315
2368	-10.000000	5.188933	0.624641
2369	-10.000000	4.985059	0.557810
2370	-10.000000	7.424977	0.847433
2371	-10.000000	7.889091	0.835362
2372	-10.000000	7.234643	0.791076
2373	-10.000000	9.025936	0.718535
2375	-10.000000	8.794828	0.651739
2376	-10.000000	6.394219	0.607307
2377	-10.000000	6.862093	0.568273
2378	-10.000000	6.196375	0.541882
2433	6.072041	-9.399865	0.000000
2434	3.734338	-9.458929	-0.000000
2435	4.629039	-8.747347	0.000000
2436	-3.734305	-9.458929	-0.000000
2437	-6.072050	-9.399861	0.000000
2438	-4.629036	-8.747338	0.000000
2439	0.992760	-6.989729	0.000000
2440	-0.992810	-6.989714	0.000000
2441	-0.000041	-6.432164	0.000000
2442	-8.454427	-8.375266	0.000000
2443	-8.604128	-7.349606	-0.000000
2444	-7.058298	-7.676643	0.000000
2445	-8.585101	-4.164733	0.000634
2446	-8.426204	-3.222853	-0.004553
2447	-7.006277	-3.652259	0.001030
2448	-3.304859	-5.943044	0.000000
2449	-3.296404	-5.044203	-0.000001
2450	-2.102662	-5.476827	0.000000
2451	-6.017405	-2.063875	0.001729
2452	-3.677479	-1.831423	0.000144
2453	-4.544810	-2.492586	-0.000449
2454	3.684480	-1.833478	0.000144
2455	6.023936	-2.066695	0.001706
2456	4.545613	-2.494021	-0.000445
2457	-0.982382	-3.980319	0.000001
2458	0.981528	-3.980416	0.000001
2459	-0.000275	-4.512861	-0.000000
2460	6.137444	-1.116595	-0.112952
2461	3.711329	-0.946413	-0.212896
2462	4.589655	-0.760325	0.068532
2463	-3.689181	-0.941113	-0.156405
2464	-6.113132	-1.143168	-0.231213
2465	-4.628374	-0.773967	0.050009
2466	0.864144	-0.331846	-0.088263
2467	-0.871658	-0.342915	-0.088064
2468	-0.002359	-0.273693	0.165534
2469	-8.536160	-0.950755	0.202071
2470	-8.670194	-0.445917	-0.036680
2471	-7.142620	-0.587357	-0.119033
2472	-8.467588	0.586852	-0.148440
2473	-8.568813	0.949169	0.184929
2474	-7.068302	0.649075	-0.038185
2475	-3.110096	-0.291458	0.333505
2476	-3.148432	0.333366	0.277793
2477	-2.104416	0.157253	-0.083172
2478	-6.147837	1.108310	-0.123768
2479	-3.710482	0.929750	-0.172351
2480	-4.554484	0.746686	0.079718
2481	3.703509	0.932439	-0.180709
2482	6.150176	1.142177	-0.223784
2483	4.614796	0.775877	0.024308
2484	-0.871800	0.342387	-0.084557
2485	0.836714	0.341602	-0.099244
2486	-0.042008	0.294844	0.165034
2487	8.455367	8.373121	0.000000
2488	8.605031	7.345629	-0.000000
2489	7.059604	7.674711	0.000000
2490	8.584967	4.153182	0.000537
2491	8.425685	3.208271	-0.003939
2492	7.007141	3.640979	0.000862
2493	3.306115	5.941776	0.000000
2494	3.297940	5.042110	-0.000001
2495	2.103584	5.475694	0.000000
2496	6.025517	2.044277	0.001473
2497	3.688623	1.815237	0.000119
2498	4.547530	2.479879	-0.000368
2499	-3.687365	1.822074	0.000114
2500	-6.035429	2.050977	0.001364
2501	-4.548239	2.483791	-0.000350
2502	0.983353	3.977758	0.000001
2503	-0.981481	3.977969	0.000001
2504	0.000579	4.511294	-0.000000
2505	-8.426329	3.206268	-0.003535
2506	-8.587002	4.150513	0.000495
2507	-7.007109	3.643540	0.000807
2508	-8.605387	7.345792	-0.000000
2509	-8.455419	8.373369	0.000000
2510	-7.059496	7.675129	0.000000
2511	-3.297033	5.042625	-0.000001
2512	-3.305599	5.942095	0.000000
2513	-2.103015	5.475904	0.000000
2514	8.311923	-6.439913	0.965847
2515	8.496338	-5.750566	0.968062
2516	6.874280	-6.267564	0.973524
2517	8.551815	-3.329565	0.963369
2518	8.397812	-2.552531	0.940185
2519	6.999577	-3.055942	0.964995
2520	3.253551	-5.224986	0.974514
2521	3.272697	-4.462384	0.974355
2522	2.080247	-4.858645	0.974492
2523	6.025604	-1.707129	0.818358
2524	3.722854	-1.609120	0.797325
2525	4.592086	-2.167969	0.909259
2526	-3.702607	-1.615321	0.799137
2527	-6.008144	-1.720131	0.820603
2528	-4.577887	-2.173900	0.909985
2529	0.987844	-3.574002	0.972413
2530	-0.984670	-3.574270	0.972417
2531	0.000908	-4.043238	0.974032
2532	-8.390813	-2.570939	0.940400
2533	-8.547409	-3.342586	0.963483
2534	-6.992498	-3.064274	0.965133
2535	-8.494919	-5.753717	0.968079
2536	-8.310830	-6.441796	0.965840
2537	-6.873044	-6.268836	0.973522
2538	-3.271094	-4.463056	0.974356
2539	-3.252589	-5.225427	0.974514
2540	-2.079325	-4.858908	0.974492
2541	8.390133	2.568807	0.940998
2542	8.547477	3.339772	0.963552
2543	6.993395	3.061868	0.965156
2544	8.495402	5.752088	0.968077
2545	8.311317	6.440640	0.965847
2546	6.873677	6.267999	0.973524
2547	3.272013	4.462559	0.974355
2548	3.253220	5.225091	0.974514
2549	2.079947	4.858670	0.974492
2550	5.936354	7.501490	0.948698
2551	3.644369	7.820301	0.945533
2552	4.421647	7.296113	0.966542
2553	-3.644246	7.820386	0.945532
2554	-5.936318	7.501629	0.948697
2555	-4.421586	7.296207	0.966541
2556	0.963419	6.138691	0.974400
2557	-0.963280	6.138709	0.974400
2558	0.000077	5.684855	0.974510
2559	-8.311988	6.440276	0.965841
2560	-8.496700	5.750663	0.968053
2561	-6.874226	6.267870	0.973523
2562	-8.555361	3.322990	0.963161
2563	-8.404490	2.540323	0.939430
2564	-7.003936	3.052428	0.964827
2565	-3.253269	5.225069	0.974514
2566	-3.272313	4.462390	0.974354
2567	-2.079860	4.858660	0.974492
