1	10.000000	-15.000000	0.000000
2	-10.000000	-15.000000	0.000000
3	10.000000	15.000000	0.000000
4	-10.000000	15.000000	0.000000
5	10.000000	-10.086570	0.000000
6	-10.000000	-10.086606	0.000000
7	10.000000	10.086593	0.000000
8	-10.000000	10.086530	0.000000
9	10.000000	-9.732581	0.514531
10	-10.000000	-9.734379	0.516331
11	10.000000	-1.692844	0.633289
12	-10.000000	-1.742033	0.599811
13	10.000000	1.749212	0.608210
14	-10.000000	1.644979	0.711863
15	10.000000	9.734379	0.516331
16	-10.000000	9.732582	0.514532
17	10.000000	-6.659661	0.900000
18	-10.000000	-6.663347	0.900000
19	10.000000	6.662122	0.900000
20	-10.000000	6.658687	0.900000
22	-10.000000	1.997824	-0.005299
23	10.000000	1.721777	0.441416
27	10.000000	-1.667892	0.383300
29	0.006884	-10.000000	0.428059
30	-0.001249	-9.310383	0.913710
31	0.009247	-0.804479	0.552816
32	0.001102	-0.000607	0.411252
33	-0.003399	0.804679	0.552243
34	0.001371	9.310382	0.913710
35	-0.006883	10.000000	0.428059
36	10.000000	-5.448027	0.461470
37	-10.000000	-5.462810	0.461768
38	10.000000	5.460636	0.461615
39	-10.000000	5.446675	0.461084
42	-0.000210	-5.487428	-0.000000
43	0.017234	-0.083431	0.242416
44	0.000432	5.485996	-0.000000
45	0.000836	-4.850181	0.996111
46	-0.000304	4.849955	0.996111
47	0.000000	0.000000	0.000000
48	-0.000025	-10.111487	0.000000
49	0.013782	-9.512585	0.900000
50	0.012037	-1.166206	0.657870
51	0.154273	0.324172	0.440018
52	-0.014689	1.161502	0.656170
53	-0.013772	9.512585	0.900000
54	0.000115	10.111483	0.000000
55	10.000000	-10.000000	0.259414
56	-10.000000	-10.000000	0.262609
59	10.000000	10.000000	0.262603
60	-10.000000	10.000000	0.259375
61	10.000000	-8.484347	0.890884
62	-10.000000	-8.485303	0.890920
66	-9.052123	1.436062	0.647815
67	10.000000	8.484943	0.890948
68	-10.000000	8.484480	0.890873
69	10.000000	-5.950058	0.000000
70	-10.000000	-5.942759	0.000000
71	10.000000	5.937715	0.000000
72	-10.000000	5.912462	0.000000
73	-0.014458	1.274784	0.000000
78	-0.049669	-0.326723	0.440738
79	-0.000880	-1.291752	0.000000
80	9.319893	0.162756	0.075627
81	-9.322981	0.147328	0.079091
82	0.000717	-8.106751	0.900000
83	-0.000105	8.106686	0.900000
84	10.000000	4.310557	0.899997
85	-10.000000	4.280958	0.899996
86	10.000000	-4.293225	0.899997
87	-10.000000	-4.309877	0.899997
88	3.901481	-10.000000	0.292957
89	4.050962	-10.000000	0.515236
90	-3.915052	-10.000000	0.518222
91	-3.906856	-10.000000	0.293263
92	5.420425	-9.391045	0.912989
93	4.613802	-8.832269	0.932923
94	-4.613257	-8.832440	0.932956
95	-5.418842	-9.392062	0.913057
96	3.616955	-0.961294	0.596291
97	3.530216	-0.689412	0.520392
98	-3.585797	-0.704035	0.524161
99	-3.575715	-0.966520	0.598410
100	4.751865	-0.227281	0.416481
101	-4.805298	-0.239309	0.414565
102	-4.618131	0.225114	0.412625
103	4.720722	0.241696	0.418833
104	3.566448	0.701362	0.525089
105	3.552728	0.963925	0.598757
106	-3.584520	0.959093	0.592076
107	-3.331984	0.680184	0.514249
108	4.613655	8.832330	0.932963
109	5.418963	9.392050	0.913059
110	-5.420338	9.391054	0.912987
111	-4.613561	8.832326	0.932919
112	3.906863	10.000000	0.293262
113	-3.901488	10.000000	0.292956
114	-4.050972	10.000000	0.515236
115	3.915062	10.000000	0.518222
116	10.000000	-7.172737	0.247577
118	10.000000	-3.635547	0.278941
119	10.000000	-3.438268	0.618695
120	10.000000	-6.149859	0.705831
121	10.000000	-7.913915	0.547265
122	-10.000000	-7.181456	0.247558
123	-10.000000	-7.914966	0.547361
124	-10.000000	-6.155082	0.705907
125	-10.000000	-3.465429	0.618606
127	-10.000000	-3.744446	0.277407
128	10.000000	7.180958	0.247634
129	10.000000	7.914807	0.547350
130	10.000000	6.155237	0.705936
131	10.000000	3.476627	0.619838
133	10.000000	3.731458	0.276469
134	-10.000000	7.155453	0.246954
136	-10.000000	3.453242	0.299974
137	-10.000000	3.421306	0.619999
138	-10.000000	6.151925	0.705824
139	-10.000000	7.913895	0.547180
148	3.997163	-7.363205	-0.000000
149	-3.997527	-7.363026	-0.000000
150	-3.967939	-3.797519	-0.000279
151	3.966420	-3.798718	-0.000278
152	3.889650	-0.559158	0.095545
153	-3.872450	-0.538131	0.105302
154	-3.785906	0.570192	0.098331
155	3.784399	0.522549	0.089195
156	3.998963	7.361685	-0.000000
157	3.969154	3.789929	-0.000225
158	-3.968595	3.791594	-0.000212
159	-3.998944	7.361907	-0.000000
160	3.850952	-6.218114	0.995051
161	3.933212	-3.303733	0.984399
162	-3.924604	-3.307373	0.984508
163	-3.849266	-6.218966	0.995048
164	3.925045	3.306137	0.984476
165	3.849876	6.218528	0.995049
166	-3.851258	6.218029	0.995051
167	-3.936565	3.301203	0.984298
168	5.177585	-10.106984	0.000000
169	4.941470	-9.536570	0.900000
170	5.192946	-1.267051	0.683961
171	5.301708	0.542744	0.472435
172	5.170265	1.283927	0.690195
173	4.938512	9.538260	0.900000
174	5.178631	10.106975	0.000000
175	10.000000	-10.000000	0.178726
176	-10.000000	-10.000000	0.179667
179	10.000000	10.000000	0.179655
180	-10.000000	10.000000	0.178624
181	10.000000	-9.194517	0.769527
182	-10.000000	-9.195435	0.770066
186	-9.011968	1.291299	0.523220
187	10.000000	7.610821	0.899972
188	-10.000000	7.609937	0.899973
189	10.000000	-8.136688	0.000000
190	-10.000000	-8.134125	0.000000
191	10.000000	8.130985	0.000000
192	-10.000000	8.123169	0.000000
193	5.217481	1.490208	0.000000
196	10.000000	-0.717861	0.000000
197	-10.000000	-0.724892	0.000000
198	5.235420	-0.508587	0.463972
199	5.242563	-1.524213	0.000000
200	9.355770	-0.861594	0.176004
201	-9.354843	-0.866182	0.186360
202	5.379886	-7.718937	0.900000
203	5.379123	7.719372	0.900000
204	10.000000	2.900240	0.899549
205	-10.000000	2.842353	0.900000
206	10.000000	-5.636473	0.900000
207	-10.000000	-5.644494	0.900000
208	6.574022	-10.000000	0.208571
209	6.841164	-10.000000	0.530906
210	-6.249076	-10.000000	0.546947
211	-6.579504	-10.000000	0.208739
212	7.998674	-9.467696	0.871474
213	7.139189	-8.097419	0.934622
214	-7.138281	-8.098213	0.934616
215	-7.997296	-9.468937	0.871605
216	6.074095	-1.158085	0.636857
217	5.611784	-0.705621	0.511557
218	-5.547555	-0.723855	0.517697
219	-5.985588	-1.171763	0.643201
220	7.365221	-0.590255	0.415719
221	-7.442081	-0.628283	0.422577
222	-7.237496	0.580565	0.424732
223	7.355850	0.645601	0.434888
224	5.517799	0.722660	0.519213
225	5.975388	1.170625	0.644149
226	-6.003401	1.142278	0.629166
227	-5.388946	0.678640	0.501087
228	7.138687	8.097765	0.934624
229	7.997370	9.468922	0.871604
230	-7.998623	9.467706	0.871475
231	-7.139227	8.097506	0.934617
232	6.579567	10.000000	0.208737
233	-6.573967	10.000000	0.208568
234	-6.841157	10.000000	0.530906
235	6.249081	10.000000	0.546947
236	10.000000	-8.480125	0.132333
238	10.000000	-2.538350	0.206502
239	10.000000	-2.672045	0.727576
240	10.000000	-6.604251	0.814939
241	10.000000	-9.003435	0.556481
242	-10.000000	-8.483332	0.132369
243	-10.000000	-9.002762	0.557652
244	-10.000000	-6.607610	0.814956
245	-10.000000	-2.700307	0.721401
247	-10.000000	-2.561070	0.217839
248	10.000000	8.484033	0.132353
249	10.000000	9.002712	0.557654
250	10.000000	6.607118	0.814979
251	10.000000	2.713783	0.725552
253	10.000000	2.874697	0.175849
254	-10.000000	8.465920	0.132147
256	-10.000000	1.766443	0.349779
257	-10.000000	2.640725	0.733548
258	-10.000000	6.605180	0.814976
259	-10.000000	9.003454	0.556453
268	6.640069	-8.616590	-0.000000
269	-6.640510	-8.616336	-0.000000
270	-6.617543	-2.897072	-0.008326
271	6.618822	-2.903814	-0.008150
272	6.880822	-1.032098	0.126366
273	-6.853515	-1.017603	0.096756
274	-6.789158	1.017027	0.128046
275	6.835969	1.026656	0.068749
276	6.641892	8.615033	-0.000000
277	6.617633	2.883408	-0.007067
278	-6.622055	2.881841	-0.006237
279	-6.642594	8.614933	-0.000000
280	6.449414	-6.733762	0.982822
281	6.526724	-2.385718	0.924775
282	-6.515627	-2.399924	0.925802
283	-6.447450	-6.735527	0.982787
284	6.513332	2.400108	0.926415
285	6.448000	6.734734	0.982800
286	-6.450082	6.733584	0.982830
287	-6.533656	2.374419	0.923824
288	-5.177733	-10.106983	0.000000
289	-4.938492	-9.538260	0.900000
290	-5.171155	-1.283181	0.689422
291	-4.799648	0.460086	0.451631
292	-5.199781	1.252969	0.673846
293	-4.941455	9.536570	0.900000
294	-5.178589	10.106974	0.000000
301	10.000000	-7.609941	0.899973
302	-10.000000	-7.611591	0.899972
303	9.090309	-1.408737	0.484341
307	10.000000	9.195313	0.770104
308	-10.000000	9.194586	0.769505
309	10.000000	-3.837850	0.000000
310	-10.000000	-3.825131	0.000000
311	10.000000	3.819038	0.000000
312	-10.000000	3.771310	0.000000
313	-5.230461	1.495259	0.000000
318	-5.377378	-0.546233	0.470615
319	-5.206738	-1.508019	0.000000
320	9.360018	0.936643	0.222205
321	-9.349608	0.858616	0.227163
322	-5.378492	-7.719925	0.900000
323	-5.379794	7.719025	0.900000
324	10.000000	5.643271	0.900000
325	-10.000000	5.632282	0.900000
326	10.000000	-2.866034	0.899912
327	-10.000000	-2.894566	0.899444
328	1.685536	-10.000000	0.367881
329	1.738284	-10.000000	0.476768
330	-1.704027	-10.000000	0.476918
331	-1.684690	-10.000000	0.368044
332	2.600510	-9.350447	0.912170
333	2.068940	-9.167240	0.920410
334	-2.069124	-9.167315	0.920439
335	-2.603627	-9.350848	0.912203
336	1.611762	-0.865310	0.570042
337	1.555368	-0.743310	0.536028
338	-1.560576	-0.746260	0.536621
339	-1.592861	-0.866861	0.570389
340	2.007989	-0.086553	0.413685
341	-2.036035	-0.089242	0.412184
342	-1.977975	0.085091	0.411711
343	2.030000	0.087857	0.413823
344	1.565869	0.745584	0.536961
345	1.583194	0.865937	0.570563
346	-1.605966	0.865819	0.568280
347	-1.532421	0.743966	0.534283
348	2.069362	9.167298	0.920441
349	2.603756	9.350842	0.912204
350	-2.600400	9.350452	0.912169
351	-2.068737	9.167249	0.920409
352	1.684692	10.000000	0.368044
353	-1.685537	10.000000	0.367881
354	-1.738287	10.000000	0.476768
355	1.704030	10.000000	0.476918
356	10.000000	-6.165296	0.356102
358	10.000000	-4.587095	0.371208
359	10.000000	-4.370957	0.524660
360	10.000000	-5.696897	0.583463
361	10.000000	-6.679156	0.495269
362	-10.000000	-6.179338	0.356226
363	-10.000000	-6.683423	0.495374
364	-10.000000	-5.706126	0.583673
365	-10.000000	-4.400231	0.525684
367	-10.000000	-4.634316	0.371444
368	10.000000	6.176479	0.356204
369	10.000000	6.682836	0.495335
370	10.000000	5.705965	0.583631
371	10.000000	4.399796	0.525457
373	10.000000	4.624354	0.371165
374	-10.000000	6.156898	0.355568
376	-10.000000	4.564137	0.372316
377	-10.000000	4.370469	0.524690
378	-10.000000	5.698938	0.583276
379	-10.000000	6.678925	0.495036
388	1.758229	-6.306564	-0.000000
389	-1.758577	-6.306461	-0.000000
390	-1.758619	-4.710649	-0.000004
391	1.757734	-4.710834	-0.000004
392	1.623261	-0.166945	0.179392
393	-1.677399	-0.188138	0.208539
394	-1.601563	0.136888	0.213551
395	1.628445	0.204495	0.150385
396	1.759583	6.305208	-0.000000
397	1.759639	4.707516	-0.000003
398	-1.758209	4.707903	-0.000003
399	-1.759065	6.305401	-0.000000
400	1.719321	-5.500720	0.996179
401	1.731577	-4.162711	0.994766
402	-1.727826	-4.163363	0.994771
403	-1.717848	-5.501105	0.996179
404	1.728657	4.162719	0.994767
405	1.718443	5.500834	0.996179
406	-1.719248	5.500595	0.996179
407	-1.731543	4.162105	0.994762
408	-0.002426	-10.000000	0.279136
409	-2.385164	-10.000000	0.207826
410	2.380888	-10.000000	0.207788
411	-0.011801	-9.423623	0.908294
412	-3.120923	-9.480613	0.905017
413	3.114245	-9.479062	0.905072
414	0.000490	-6.555849	0.994169
415	-2.253220	-7.346771	0.977272
416	2.254123	-7.346500	0.977278
417	0.006696	-0.958855	0.597275
418	-2.316152	-1.066405	0.629084
419	2.325171	-1.061685	0.627665
420	5.109715	0.005619	0.398017
421	7.456891	0.262004	0.347575
422	7.590923	-0.214684	0.330106
423	0.048093	0.625294	0.504722
424	-1.879088	0.499316	0.472988
425	1.989470	0.509965	0.478144
426	-0.005352	3.065715	0.977053
427	-2.324667	2.104480	0.888330
428	2.296516	2.110541	0.889685
429	0.000159	8.928910	0.923792
430	-2.706011	8.521600	0.922002
431	2.706054	8.521586	0.922013
432	4.452336	10.000000	0.408049
433	6.927087	10.000000	0.431564
434	7.035207	10.000000	0.312033
435	10.000000	-7.579496	0.394559
436	10.000000	-8.773237	0.428565
437	10.000000	-8.624172	0.283217
438	-10.000000	-5.436854	0.237012
439	-10.000000	-4.530147	0.126705
440	-10.000000	-6.603777	0.117477
441	10.000000	5.435948	0.237261
442	10.000000	4.600912	0.124200
443	10.000000	6.614542	0.117517
444	-10.000000	7.577104	0.394262
445	-10.000000	8.772799	0.428478
446	-10.000000	8.620775	0.282989
453	4.631973	-5.567949	-0.000008
454	7.236689	-4.693683	-0.000526
455	7.249158	-6.726782	-0.000003
456	4.629174	0.121176	0.273371
457	6.895616	0.336293	-0.014294
458	7.072150	-0.082655	0.220165
459	0.000178	7.630508	-0.000000
460	-2.354192	8.848061	-0.000000
461	2.354403	8.848012	-0.000000
462	7.030716	-10.000000	0.310961
463	6.975625	-10.000000	0.427768
464	4.460013	-10.000000	0.407069
467	0.051706	-10.000000	0.551562
468	-6.927053	-10.000000	0.431565
469	-7.035185	-10.000000	0.312035
470	-4.452325	-10.000000	0.408050
471	8.096944	-9.137917	0.903614
472	7.834871	-8.649828	0.937910
473	5.494843	-9.151391	0.927443
474	2.706501	-8.521540	0.922005
475	-2.705360	-8.521726	0.922009
476	0.000295	-8.928919	0.923791
477	-7.834502	-8.650254	0.937924
478	-8.095631	-9.138557	0.903733
479	-5.494114	-9.151712	0.927520
480	6.372399	-1.051692	0.598021
481	6.690138	-0.963697	0.561421
482	4.119830	-0.839646	0.559357
483	1.972654	-0.504777	0.476503
484	-1.994431	-0.511533	0.477463
485	-0.003278	-0.625649	0.505292
486	-7.049096	-1.046797	0.570364
487	-6.436272	-1.085656	0.605392
488	-4.187179	-0.854683	0.564235
489	3.188183	-0.306419	0.436296
490	-3.392653	-0.324710	0.437116
491	-0.078933	-0.204185	0.424416
492	-7.586546	-0.227613	0.332437
493	-7.411839	0.231241	0.345792
494	-5.081945	-0.003705	0.394314
495	-3.010131	0.298514	0.431614
496	3.326508	0.322622	0.439213
497	0.102435	0.202000	0.423941
498	6.969432	1.036174	0.571276
499	6.438457	1.085997	0.606659
500	4.171654	0.852106	0.564901
501	2.331894	1.064795	0.629192
502	-2.302182	1.058665	0.624335
503	-0.007283	0.958324	0.596554
504	-6.270797	1.034670	0.589328
505	-6.479729	0.927285	0.551770
506	-4.112992	0.838770	0.555041
507	7.834703	8.650030	0.937935
508	8.095728	9.138475	0.903740
509	5.494295	9.151664	0.927525
510	3.121020	9.480613	0.905017
511	-3.114166	9.479062	0.905072
512	0.011935	9.423623	0.908294
513	-8.096890	9.137968	0.903609
514	-7.834798	8.649932	0.937904
515	-5.494723	9.151421	0.927440
516	2.385297	10.000000	0.207822
517	-2.380948	10.000000	0.207784
518	0.002433	10.000000	0.279135
519	-7.030818	10.000000	0.310953
520	-6.975699	10.000000	0.427764
521	-4.460032	10.000000	0.407068
524	-0.051704	10.000000	0.551562
525	10.000000	-6.597504	0.117826
526	10.000000	-4.523210	0.126806
527	10.000000	-5.403101	0.237659
531	10.000000	-2.188930	0.392155
532	10.000000	-2.402623	0.556539
533	10.000000	-3.270915	0.446490
534	10.000000	-3.810012	0.774070
535	10.000000	-5.205558	0.791981
536	10.000000	-4.709322	0.668175
537	10.000000	-7.577871	0.766585
538	10.000000	-8.400546	0.695610
539	10.000000	-7.084877	0.633765
540	-10.000000	-8.628156	0.283516
541	-10.000000	-8.776053	0.429075
542	-10.000000	-7.583166	0.394691
543	-10.000000	-8.400183	0.695883
544	-10.000000	-7.578966	0.766635
545	-10.000000	-7.087090	0.633814
546	-10.000000	-5.214375	0.792046
547	-10.000000	-3.827124	0.773984
548	-10.000000	-4.723587	0.668523
549	-10.000000	-2.442154	0.541897
550	-10.000000	-2.416443	0.378028
551	-10.000000	-3.359711	0.447408
555	10.000000	8.627908	0.283501
556	10.000000	8.775936	0.429063
557	10.000000	7.582586	0.394667
558	10.000000	8.400082	0.695891
559	10.000000	7.578763	0.766648
560	10.000000	7.086949	0.633812
561	10.000000	5.214725	0.792110
562	10.000000	3.831753	0.774413
563	10.000000	4.725818	0.668625
564	10.000000	2.475232	0.554364
565	10.000000	2.343322	0.394689
566	10.000000	3.352630	0.447855
570	-10.000000	6.525615	0.118143
571	-10.000000	4.256178	0.141657
572	-10.000000	5.340149	0.238704
576	-10.000000	1.914099	0.457431
577	-10.000000	2.240139	0.581779
578	-10.000000	3.225419	0.455269
579	-10.000000	3.802459	0.774073
580	-10.000000	5.205269	0.792058
581	-10.000000	4.710740	0.668111
582	-10.000000	7.578765	0.766591
583	-10.000000	8.400849	0.695587
584	-10.000000	7.085858	0.633709
603	2.353497	-8.848370	-0.000000
604	-2.353615	-8.848344	-0.000000
605	-0.000085	-7.630993	-0.000000
606	-7.250051	-6.725545	-0.000003
607	-7.238359	-4.690411	-0.000525
608	-4.632915	-5.567358	-0.000008
609	-2.328250	-2.391486	-0.000252
610	2.328752	-2.393620	-0.000252
611	-0.000652	-3.441062	-0.000016
612	2.332243	-0.728642	0.008708
613	-2.310870	-0.726382	0.001839
614	0.004935	-0.473739	0.123062
615	-7.061292	-0.249761	0.152841
616	-7.132055	0.336770	0.104635
617	-4.530829	0.035163	0.425631
618	-2.300776	0.715052	0.010897
619	2.296811	0.714491	0.006938
620	-0.002266	0.489801	0.111531
621	7.251155	6.721386	-0.000003
622	7.238466	4.681972	-0.000437
623	4.634564	5.563554	-0.000007
624	2.332069	2.379391	-0.000201
625	-2.330400	2.382503	-0.000193
626	0.001714	3.435050	-0.000012
627	-7.241688	4.679324	-0.000399
628	-7.253027	6.720237	-0.000003
629	-4.634683	5.564206	-0.000006
630	7.102847	-5.385251	0.994853
631	7.145090	-3.827914	0.991101
632	4.543593	-4.769428	0.995885
633	2.317555	-2.108632	0.889319
634	-2.297936	-2.112559	0.890028
635	0.005088	-3.067124	0.977121
636	-7.139358	-3.836963	0.991173
637	-7.099705	-5.389549	0.994858
638	-4.540222	-4.771600	0.995890
639	7.138719	3.836051	0.991214
640	7.099964	5.388392	0.994860
641	4.540889	4.770777	0.995888
642	2.253651	7.346581	0.977276
643	-2.253981	7.346539	0.977278
644	-0.000169	6.555783	0.994169
645	-7.104751	5.383555	0.994846
646	-7.149222	3.822161	0.991003
647	-4.544814	4.768531	0.995883
648	7.647471	-10.099556	0.000000
649	7.488376	-9.600984	0.900000
650	7.623214	-1.432917	0.666962
651	7.685317	0.938747	0.511602
652	7.609866	1.462421	0.679881
653	7.484271	9.602099	0.900000
654	7.648440	10.099553	0.000000
655	10.000000	-10.000000	0.108102
656	-10.000000	-10.000000	0.108195
659	10.000000	10.000000	0.108184
660	-10.000000	10.000000	0.108004
661	10.000000	-9.490755	0.652378
662	-10.000000	-9.491894	0.653579
667	10.000000	7.135683	0.899744
668	-10.000000	7.133906	0.899742
669	10.000000	-9.157296	0.000000
670	-10.000000	-9.156210	0.000000
671	10.000000	9.154628	0.000000
672	-10.000000	9.151385	0.000000
673	7.764786	1.749730	0.000000
676	10.000000	-1.407339	0.000000
677	-10.000000	-1.405818	0.000000
678	7.662290	-0.879087	0.491313
679	7.756423	-1.779243	0.000000
680	9.490023	-1.335292	0.355637
681	-9.487026	-1.349296	0.359073
682	7.790315	-7.261520	0.900000
683	7.789631	7.262608	0.900000
684	10.000000	2.269892	0.828140
685	-10.000000	2.197864	0.857741
686	10.000000	-6.193643	0.900000
687	-10.000000	-6.199019	0.900000
688	8.313871	-10.000000	0.137792
689	8.148448	-10.000000	0.539733
690	-8.139374	-10.000000	0.543271
691	-8.313876	-10.000000	0.137784
692	9.040164	-9.571153	0.713937
693	8.436288	-7.492030	0.920653
694	-8.435366	-7.493762	0.920654
695	-9.040663	-9.572500	0.714441
696	7.682215	-1.363319	0.635345
697	7.453398	-0.902080	0.519807
698	-7.548325	-0.966784	0.541179
699	-7.626599	-1.385009	0.643392
700	8.359339	-0.939403	0.414950
701	-8.474959	-1.010395	0.431750
702	-8.255735	0.899493	0.453744
703	8.425559	1.020839	0.446898
704	7.513817	0.972873	0.539432
705	7.626536	1.387584	0.649313
706	-7.641339	1.332764	0.650844
707	-6.994187	0.822020	0.508943
708	8.435616	7.492977	0.920660
709	9.040718	9.572487	0.714441
710	-9.040127	9.571162	0.713938
711	-8.436604	7.491901	0.920645
712	8.314134	10.000000	0.137783
713	-8.313950	10.000000	0.137790
714	-8.148438	10.000000	0.539733
715	8.139380	10.000000	0.543271
716	10.000000	-9.328663	0.074420
718	10.000000	-2.258647	0.135314
719	10.000000	-2.244257	0.752410
720	10.000000	-6.707087	0.861886
721	10.000000	-9.365218	0.574807
722	-10.000000	-9.329129	0.074447
724	-10.000000	-6.710278	0.861889
725	-10.000000	-2.281615	0.738686
727	-10.000000	-2.277484	0.141971
728	10.000000	9.329174	0.074409
730	10.000000	6.709402	0.861901
731	10.000000	2.290128	0.743625
733	10.000000	2.288726	0.138123
734	-10.000000	9.322019	0.074363
736	-10.000000	1.894938	0.218052
737	-10.000000	2.209679	0.773924
738	-10.000000	6.707189	0.861912
739	-10.000000	9.365280	0.574779
740	-10.000000	-2.065459	-0.025263
744	10.000000	-2.071038	-0.022054
748	8.182897	-9.327011	-0.000000
749	-8.183338	-9.326754	-0.000000
750	-8.190338	-2.477455	0.025537
751	8.197089	-2.489448	0.024282
752	8.332595	-1.344244	-0.223267
753	-8.337447	-1.355988	-0.212069
754	-8.332278	1.300404	-0.250644
755	8.350885	1.332386	-0.231823
756	8.184303	9.325828	-0.000000
757	8.192407	2.464569	0.021620
758	-8.198195	2.448328	0.017776
759	-8.185308	9.325430	-0.000000
760	8.080031	-6.795045	0.954398
761	8.076076	-1.970137	0.834565
762	-8.069635	-1.994612	0.835856
763	-8.078327	-6.797681	0.954330
764	8.068141	1.998445	0.839106
765	8.078717	6.796632	0.954349
766	-8.080745	6.794599	0.954422
767	-8.077145	1.949005	0.839789
768	-2.615722	-10.110465	0.000000
769	-2.442224	-9.517437	0.900000
770	-2.622138	-1.195672	0.667375
771	-2.252619	0.345371	0.440500
772	-2.651487	1.179434	0.660023
773	-2.469055	9.516146	0.900000
774	-2.616135	10.110462	0.000000
775	10.000000	-10.000000	0.287313
776	-10.000000	-10.000000	0.291764
779	10.000000	10.000000	0.291762
780	-10.000000	10.000000	0.287299
781	10.000000	-8.065198	0.900000
782	-10.000000	-8.066370	0.900000
784	-9.160654	-1.509036	0.503894
787	10.000000	8.860572	0.848471
788	-10.000000	8.860005	0.848228
789	10.000000	-4.864058	0.000000
790	-10.000000	-4.853628	0.000000
791	10.000000	4.848417	0.000000
792	-10.000000	4.810677	0.000000
793	-2.635892	1.333554	0.000000
796	10.000000	0.694708	0.000000
797	-10.000000	0.687166	0.000000
798	-2.647297	-0.369759	0.446168
799	-2.610132	-1.345430	0.000000
800	9.135685	0.523223	0.157426
801	-9.123514	0.480543	0.164433
802	-2.761826	-8.007754	0.900000
803	-2.762875	8.007420	0.900000
804	10.000000	5.006320	0.900000
805	-10.000000	4.987631	0.900000
806	10.000000	-3.568806	0.899992
807	-10.000000	-3.591185	0.899992
808	2.736431	-10.000000	0.331512
809	2.814132	-10.000000	0.499130
810	-2.757241	-10.000000	0.499648
811	-2.739616	-10.000000	0.331765
812	4.058503	-9.368619	0.912627
813	3.317535	-9.033839	0.926233
814	-3.317252	-9.033940	0.926274
815	-4.058892	-9.369398	0.912695
816	2.573074	-0.907097	0.581730
817	2.477812	-0.710843	0.527091
818	-2.518736	-0.718433	0.528856
819	-2.550795	-0.910068	0.582634
820	3.319267	-0.143821	0.415181
821	-3.361999	-0.149888	0.413132
822	-3.244268	0.142224	0.412047
823	3.326320	0.149413	0.415879
824	2.521470	0.717191	0.529623
825	2.532476	0.908325	0.582984
826	-2.562493	0.907013	0.578950
827	-2.422761	0.710273	0.524075
828	3.317574	9.033893	0.926278
829	4.059015	9.369388	0.912696
830	-4.058408	9.368626	0.912626
831	-3.317294	9.033866	0.926231
832	2.739620	10.000000	0.331764
833	-2.736434	10.000000	0.331512
834	-2.814137	10.000000	0.499130
835	2.757247	10.000000	0.499648
836	10.000000	-6.635860	0.302299
838	10.000000	-4.120829	0.324678
839	10.000000	-3.875794	0.568158
840	10.000000	-5.904166	0.645724
841	10.000000	-7.307104	0.520693
842	-10.000000	-6.647757	0.302336
843	-10.000000	-7.309277	0.520763
844	-10.000000	-5.911065	0.645857
845	-10.000000	-3.906005	0.569121
847	-10.000000	-4.199697	0.324233
848	10.000000	6.645769	0.302387
849	10.000000	7.308979	0.520742
850	10.000000	5.911291	0.645864
851	10.000000	3.911083	0.569339
853	10.000000	4.183078	0.323941
854	-10.000000	6.622508	0.301655
856	-10.000000	4.051736	0.330829
857	-10.000000	3.872077	0.568921
858	-10.000000	5.906459	0.645647
859	-10.000000	7.307011	0.520546
868	2.830473	-6.811196	-0.000000
869	-2.830822	-6.811052	-0.000000
870	-2.817857	-4.260121	0.000035
871	2.816610	-4.260606	0.000035
872	2.670532	-0.369867	-0.059032
873	-2.659404	-0.387620	-0.030742
874	-2.590932	0.322492	-0.009269
875	2.598361	0.404722	-0.086012
876	2.832102	6.809767	-0.000000
877	2.819208	4.255200	0.000028
878	-2.817774	4.256104	0.000027
879	-2.831804	6.810006	-0.000000
880	2.744360	-5.865744	0.995934
881	2.787359	-3.746816	0.991904
882	-2.781506	-3.748454	0.991930
883	-2.742809	-5.866341	0.995934
884	2.782361	3.747495	0.991915
885	2.743418	5.866003	0.995934
886	-2.744483	5.865646	0.995934
887	-2.788453	3.745608	0.991884
888	-2.042450	-10.000000	0.283159
889	-1.276154	-10.000000	0.151238
890	3.256099	-10.000000	0.245946
891	-3.215629	-9.425759	0.908793
892	-1.484829	-9.496009	0.897163
893	4.681439	-9.454523	0.907547
894	-1.985684	-6.467450	0.994447
895	-1.235542	-7.777714	0.948515
896	3.128502	-6.826159	0.990539
897	-1.899763	-0.960062	0.597474
898	-1.292589	-1.112272	0.642419
899	3.073164	-1.013386	0.612663
900	4.994528	0.134582	0.404553
901	8.416649	0.214244	0.244591
902	6.372895	-0.239804	0.391012
903	-1.679359	0.637104	0.506101
904	-1.001911	0.402732	0.454277
905	2.760895	0.606333	0.501006
906	-2.045518	3.128220	0.979302
907	-1.254826	1.605169	0.782815
908	3.208350	2.673217	0.955011
909	-2.449470	8.902322	0.926219
910	-1.398343	8.345443	0.912263
911	3.797391	8.675601	0.929160
912	4.312220	10.000000	0.466839
913	8.360219	10.000000	0.360522
914	5.553199	10.000000	0.304922
915	10.000000	-7.740818	0.471049
916	10.000000	-9.294479	0.355147
917	10.000000	-7.937015	0.264864
918	-10.000000	-4.552897	0.249561
919	-10.000000	-5.174847	0.060625
920	-10.000000	-6.916375	0.180158
921	10.000000	4.549510	0.249417
922	10.000000	5.207389	0.059575
923	10.000000	6.919318	0.180302
924	-10.000000	7.740149	0.470884
925	-10.000000	9.294055	0.355073
926	-10.000000	7.928972	0.264453
933	4.453451	-4.646659	0.000071
934	8.658489	-5.281722	-0.000199
935	5.712652	-7.074325	0.000000
936	4.311736	0.136919	0.034224
937	8.669966	0.301575	0.191020
938	5.715941	-0.486904	0.127193
939	-2.074232	7.559389	0.000000
940	-1.252607	9.496936	0.000000
941	3.277583	8.143171	0.000000
942	8.439368	-10.000000	0.303594
943	5.593970	-10.000000	0.478993
944	4.310456	-10.000000	0.347735
946	-3.232627	-10.000000	0.557084
947	2.162261	-10.000000	0.541624
948	-8.360173	-10.000000	0.360526
949	-5.553190	-10.000000	0.304923
950	-4.312209	-10.000000	0.466839
951	9.090475	-8.876130	0.877252
952	6.391653	-8.742034	0.940258
953	5.616352	-9.286823	0.920116
954	1.398956	-8.345421	0.912264
955	-3.796839	-8.675737	0.929154
956	2.449834	-8.902294	0.926221
957	-9.019436	-8.563560	0.911819
958	-6.927893	-9.300590	0.915868
959	-5.163669	-8.995416	0.932342
960	7.887809	-1.261410	0.575244
961	5.225194	-0.793051	0.538677
962	3.984387	-0.904154	0.578485
963	1.107040	-0.406318	0.456273
964	-2.778427	-0.608402	0.500122
965	1.781883	-0.639117	0.508722
966	-8.350741	-1.350827	0.562537
967	-5.041854	-0.995983	0.602132
968	-4.069668	-0.786743	0.545274
969	1.508450	-0.296821	0.440171
970	-4.387374	-0.311818	0.429966
971	2.674902	-0.210628	0.423788
972	-8.535359	-0.119964	0.224927
973	-6.184169	0.238317	0.391754
974	-5.041385	-0.131559	0.400182
975	-1.360804	0.291509	0.437802
976	4.303980	0.312409	0.433418
977	-2.588626	0.208067	0.420793
978	8.352295	1.343862	0.569750
979	5.016514	0.992686	0.602384
980	4.057525	0.784319	0.546097
981	1.319013	1.109982	0.641991
982	-3.048105	1.011287	0.608886
983	1.888030	0.958699	0.597602
984	-7.649590	1.207962	0.602187
985	-4.913966	0.767027	0.530205
986	-3.968268	0.901995	0.574012
987	9.019536	8.563273	0.911842
988	6.928001	9.300555	0.915872
989	5.163937	8.995340	0.932349
990	1.484876	9.496009	0.897163
991	-4.681326	9.454525	0.907546
992	3.215786	9.425757	0.908793
993	-9.090450	8.876223	0.877239
994	-6.391508	8.742116	0.940253
995	-5.616260	9.286841	0.920114
996	1.276414	10.000000	0.151233
997	-3.256120	10.000000	0.245944
998	2.042462	10.000000	0.283158
999	-8.439531	10.000000	0.303574
1000	-5.593998	10.000000	0.478992
1001	-4.310474	10.000000	0.347734
1003	3.232635	10.000000	0.557084
1004	-2.162264	10.000000	0.541624
1005	10.000000	-6.264115	0.058463
1006	10.000000	-4.019613	0.199282
1007	10.000000	-6.316343	0.237518
1011	10.000000	-1.810206	0.477994
1012	10.000000	-2.897027	0.586343
1013	10.000000	-3.381789	0.362356
1014	10.000000	-4.033527	0.839969
1015	10.000000	-5.673143	0.745886
1016	10.000000	-4.042629	0.646250
1017	10.000000	-8.156176	0.816412
1018	10.000000	-8.151453	0.622193
1019	10.000000	-6.625746	0.669704
1020	-10.000000	-9.276684	0.292309
1021	-10.000000	-8.324154	0.492291
1022	-10.000000	-7.400592	0.319640
1023	-10.000000	-8.558590	0.780039
1024	-10.000000	-6.883662	0.730856
1025	-10.000000	-7.517241	0.594246
1026	-10.000000	-4.757225	0.843840
1027	-10.000000	-3.636024	0.699660
1028	-10.000000	-5.428524	0.686901
1029	-10.000000	-1.980948	0.506229
1030	-10.000000	-3.048139	0.322182
1031	-10.000000	-3.350681	0.533166
1035	10.000000	9.276569	0.292293
1036	10.000000	8.324013	0.492278
1037	10.000000	7.399669	0.319642
1038	10.000000	8.558436	0.780059
1039	10.000000	6.883553	0.730876
1040	10.000000	7.517072	0.594238
1041	10.000000	4.757649	0.843896
1042	10.000000	3.643783	0.700528
1043	10.000000	5.429316	0.686947
1044	10.000000	2.014273	0.539115
1045	10.000000	3.008814	0.323148
1046	10.000000	3.360614	0.534419
1050	-10.000000	6.175330	0.059738
1051	-10.000000	3.775052	0.220833
1052	-10.000000	6.282030	0.236973
1056	-10.000000	1.408606	0.595453
1057	-10.000000	2.840636	0.592884
1058	-10.000000	3.256684	0.375826
1059	-10.000000	4.024392	0.839989
1060	-10.000000	5.674873	0.745924
1061	-10.000000	4.039623	0.646333
1062	-10.000000	8.156618	0.816413
1063	-10.000000	8.151682	0.622152
1064	-10.000000	6.627387	0.669668
1083	1.252362	-9.497060	0.000000
1084	-3.276448	-8.143870	0.000000
1085	2.073418	-7.560041	0.000000
1086	-8.661352	-6.342262	0.000014
1087	-5.688526	-4.192732	-0.000552
1088	-4.469762	-6.495261	0.000001
1089	-1.241831	-1.808707	0.000077
1090	3.240447	-3.050760	0.000369
1091	-2.053628	-3.534545	-0.000059
1092	1.244570	-0.957019	-0.273175
1093	-3.128458	-0.591824	-0.161664
1094	1.905261	-0.474384	0.124004
1095	-8.374170	-0.008904	-0.127987
1096	-5.537929	0.505773	0.142732
1097	-4.302707	-0.135258	0.105178
1098	-1.244397	0.934586	-0.244396
1099	3.076519	0.583123	-0.171084
1100	-1.879756	0.494661	0.119580
1101	8.661603	6.336605	0.000011
1102	5.689185	4.184361	-0.000453
1103	4.471399	6.492894	0.000000
1104	1.243812	1.794984	0.000061
1105	-3.242478	3.041574	0.000282
1106	2.055252	3.527912	-0.000046
1107	-8.662993	5.258339	-0.000148
1108	-5.715494	7.071484	0.000000
1109	-4.456079	4.641322	0.000054
1110	8.565409	-4.858737	0.983439
1111	5.621034	-3.550585	0.988988
1112	4.350024	-5.523747	0.996078
1113	1.247529	-1.609727	0.784326
1114	-3.208375	-2.674781	0.955135
1115	2.043623	-3.129992	0.979387
1116	-8.572705	-4.105362	0.981845
1117	-5.544719	-5.848154	0.995530
1118	-4.389607	-4.014135	0.993812
1119	8.571993	4.104941	0.981915
1120	5.545298	5.847371	0.995531
1121	4.390224	4.013120	0.993805
1122	1.235954	7.777591	0.948518
1123	-3.128535	6.826181	0.990540
1124	1.986179	6.467247	0.994448
1125	-8.567633	4.853666	0.983376
1126	-5.625221	3.546780	0.988886
1127	-4.350717	5.523379	0.996078
1128	2.615645	-10.110467	0.000000
1129	2.469065	-9.516146	0.900000
1130	2.646308	-1.187884	0.664947
1131	2.644122	0.368418	0.447588
1132	2.621032	1.193445	0.667204
1133	2.442236	9.517437	0.900000
1134	2.616322	10.110460	0.000000
1135	10.000000	-10.000000	0.221523
1136	-10.000000	-10.000000	0.223521
1139	10.000000	10.000000	0.223511
1140	-10.000000	10.000000	0.221453
1141	10.000000	-8.859898	0.848248
1142	-10.000000	-8.860795	0.848431
1145	9.223549	1.509008	0.519201
1146	-8.956979	1.320839	0.566058
1147	10.000000	8.065825	0.900000
1148	-10.000000	8.065313	0.900000
1149	10.000000	-7.055497	0.000000
1150	-10.000000	-7.050900	0.000000
1151	10.000000	7.046515	0.000000
1152	-10.000000	7.031609	0.000000
1153	2.610537	1.327913	0.000000
1156	10.000000	-0.017913	0.000000
1157	-10.000000	-0.022197	0.000000
1158	2.526217	-0.356707	0.444903
1159	2.642425	-1.353180	0.000000
1160	9.325411	-0.346291	0.087711
1161	-9.327935	-0.354033	0.092792
1162	2.763265	-8.007352	0.900000
1163	2.762524	8.007482	0.900000
1164	10.000000	3.594080	0.899994
1165	-10.000000	3.550824	0.899992
1166	10.000000	-4.995179	0.900000
1167	-10.000000	-5.006962	0.900000
1168	5.173214	-10.000000	0.252077
1169	5.436901	-10.000000	0.526869
1170	-5.078942	-10.000000	0.535356
1171	-5.179255	-10.000000	0.252356
1172	6.743767	-9.417793	0.908549
1173	5.892112	-8.531615	0.937483
1174	-5.891377	-8.531974	0.937491
1175	-6.741757	-9.418938	0.908603
1176	4.766544	-1.038308	0.614943
1177	4.658931	-0.690818	0.517024
1178	-4.590163	-0.704166	0.521429
1179	-4.692100	-1.046760	0.619319
1180	6.152275	-0.364436	0.417139
1181	-6.214607	-0.386211	0.417419
1182	-5.985974	0.360420	0.415239
1183	6.096870	0.394574	0.424710
1184	4.537275	0.699103	0.522014
1185	4.671931	1.043923	0.619581
1186	-4.703667	1.031008	0.608830
1187	-4.272811	0.661387	0.505702
1188	5.891816	8.531742	0.937500
1189	6.741867	9.418923	0.908605
1190	-6.743689	9.417803	0.908548
1191	-5.891949	8.531708	0.937478
1192	5.179274	10.000000	0.252354
1193	-5.173218	10.000000	0.252075
1194	-5.436917	10.000000	0.526868
1195	5.078956	10.000000	0.535355
1196	10.000000	-7.779708	0.191003
1198	10.000000	-3.149152	0.234386
1199	10.000000	-3.049986	0.674179
1200	10.000000	-6.399692	0.762509
1201	10.000000	-8.484674	0.565383
1202	-10.000000	-7.785299	0.190988
1203	-10.000000	-8.484898	0.565719
1204	-10.000000	-6.403751	0.762549
1205	-10.000000	-3.074316	0.671733
1207	-10.000000	-3.222796	0.236257
1208	10.000000	7.785962	0.191029
1209	10.000000	8.484811	0.565715
1210	10.000000	6.403619	0.762580
1211	10.000000	3.089613	0.674471
1213	10.000000	3.279277	0.228970
1214	-10.000000	7.761746	0.190572
1216	-10.000000	2.765522	0.289716
1217	-10.000000	3.023829	0.676415
1218	-10.000000	6.401292	0.762538
1219	-10.000000	8.484683	0.565335
1228	5.260360	-7.963376	-0.000000
1229	-5.260754	-7.963162	-0.000000
1230	-5.223844	-3.338942	0.001774
1231	5.222710	-3.341872	0.001759
1232	5.358097	-0.694048	-0.102643
1233	-5.307755	-0.640087	-0.118765
1234	-5.197954	0.665967	-0.107960
1235	5.178153	0.640368	-0.138494
1236	5.262239	7.961783	-0.000000
1237	5.224373	3.328008	0.001469
1238	-5.226029	3.329898	0.001353
1239	-5.262555	7.961905	-0.000000
1240	5.065599	-6.522876	0.992119
1241	5.170486	-2.844031	0.966093
1242	-5.159386	-2.851504	0.966473
1243	-5.063746	-6.524084	0.992108
1244	5.158629	2.850366	0.966486
1245	5.064345	6.523500	0.992113
1246	-5.066090	6.522780	0.992121
1247	-5.176745	2.838602	0.965668
1248	-7.647663	-10.099564	0.000000
1249	-7.484242	-9.602099	0.900000
1250	-7.610223	-1.458355	0.674264
1251	-7.127882	0.762842	0.484299
1252	-7.628622	1.406541	0.677997
1253	-7.488356	9.600985	0.900000
1254	-7.648632	10.099535	0.000000
1255	10.000000	-10.000000	0.338563
1256	-10.000000	-10.000000	0.344279
1257	10.000000	2.051194	-0.012790
1259	10.000000	10.000000	0.344283
1260	-10.000000	10.000000	0.338571
1261	10.000000	-7.134229	0.899743
1262	-10.000000	-7.136698	0.899745
1267	10.000000	9.491843	0.653605
1268	-10.000000	9.490787	0.652364
1269	10.000000	-2.899067	0.000000
1270	-10.000000	-2.887484	0.000000
1271	10.000000	2.877735	0.000000
1272	-10.000000	2.828965	0.000000
1273	-7.790491	1.736013	0.000000
1276	10.000000	1.383888	0.000000
1277	-10.000000	1.363569	0.000000
1278	-7.776525	-0.945527	0.510223
1279	-7.740939	-1.764823	0.000000
1280	9.519668	1.376481	0.397532
1281	-9.415530	1.225462	0.379471
1282	-7.789231	-7.263508	0.900000
1283	-7.790472	7.261369	0.900000
1284	10.000000	6.197682	0.900000
1285	-10.000000	6.191543	0.900000
1286	10.000000	-2.226481	0.837790
1287	-10.000000	-2.262321	0.824928
1288	0.764520	-10.000000	0.400937
1289	0.792950	-10.000000	0.451827
1290	-0.770815	-10.000000	0.451908
1291	-0.757928	-10.000000	0.401016
1292	1.182356	-9.334034	0.912392
1293	0.943293	-9.255533	0.916303
1294	-0.944212	-9.255577	0.916316
1295	-1.186691	-9.334117	0.912411
1296	0.741642	-0.831413	0.560443
1297	0.722877	-0.776261	0.545033
1298	-0.709331	-0.777130	0.545185
1299	-0.722673	-0.832068	0.560566
1300	0.893786	-0.039784	0.412267
1301	-0.905862	-0.040739	0.411521
1302	-0.886061	0.038460	0.411380
1303	0.909421	0.039349	0.412253
1304	0.714734	0.776941	0.545065
1305	0.721588	0.831795	0.560398
1306	-0.736078	0.831868	0.559389
1307	-0.710084	0.776797	0.544007
1308	0.944378	9.255572	0.916317
1309	1.186821	9.334113	0.912412
1310	-1.182236	9.334036	0.912392
1311	-0.943138	9.255534	0.916302
1312	0.757929	10.000000	0.401016
1313	-0.764520	10.000000	0.400937
1314	-0.792951	10.000000	0.451827
1315	0.770816	10.000000	0.451908
1316	10.000000	-5.767204	0.409466
1318	10.000000	-5.030687	0.417273
1319	10.000000	-4.905980	0.489015
1320	10.000000	-5.544932	0.521101
1321	10.000000	-6.049719	0.475220
1322	-10.000000	-5.781998	0.409680
1323	-10.000000	-6.057884	0.475391
1324	-10.000000	-5.556810	0.521378
1325	-10.000000	-4.928167	0.489633
1327	-10.000000	-5.057207	0.417637
1328	10.000000	5.779181	0.409577
1329	10.000000	6.056719	0.475315
1330	10.000000	5.555778	0.521272
1331	10.000000	4.925834	0.489385
1333	10.000000	5.052383	0.417403
1334	-10.000000	5.762997	0.409042
1336	-10.000000	5.024040	0.417056
1337	-10.000000	4.904682	0.488655
1338	-10.000000	5.545724	0.520784
1339	-10.000000	6.049210	0.474894
1348	0.799094	-5.857850	-0.000000
1349	-0.799461	-5.857796	-0.000000
1350	-0.803282	-5.129107	0.000001
1351	0.802685	-5.129163	0.000001
1352	0.678931	-0.221807	-0.027477
1353	-0.711880	-0.268195	0.032942
1354	-0.657225	0.145151	-0.019898
1355	0.690349	0.223471	-0.030702
1356	0.800090	5.856510	-0.000000
1357	0.803856	5.127068	0.000000
1358	-0.802727	5.127195	0.000000
1359	-0.799397	5.856614	-0.000000
1360	0.787883	-5.152035	0.996204
1361	0.786875	-4.538079	0.995786
1362	-0.784472	-4.538276	0.995787
1363	-0.786391	-5.152223	0.996204
1364	0.785146	4.537884	0.995785
1365	0.786963	5.151993	0.996203
1366	-0.787589	5.151870	0.996203
1367	-0.786438	4.537745	0.995785
1368	2.037461	-10.000000	0.283034
1369	-3.261597	-10.000000	0.246083
1370	1.275981	-10.000000	0.151241
1371	3.204373	-9.424567	0.908797
1372	-4.685940	-9.456051	0.907597
1373	1.484471	-9.495081	0.897095
1374	1.986845	-6.467141	0.994449
1375	-3.127270	-6.826645	0.990534
1376	1.236354	-7.777577	0.948519
1377	1.925101	-0.957941	0.596906
1378	-3.033190	-1.018083	0.614289
1379	1.285470	-1.108948	0.641470
1380	5.038289	-0.122778	0.403018
1381	6.263742	0.263914	0.397924
1382	8.536416	-0.105308	0.217501
1383	1.809254	0.643588	0.510268
1384	-2.608570	0.591273	0.493230
1385	1.234845	0.409890	0.457048
1386	2.034513	3.130363	0.979409
1387	-3.227218	2.667276	0.954416
1388	1.218973	1.609705	0.784451
1389	2.449718	8.902314	0.926245
1390	-3.797325	8.675616	0.929135
1391	1.398325	8.345439	0.912266
1392	4.313206	10.000000	0.348308
1393	5.495436	10.000000	0.483103
1394	8.442278	10.000000	0.305428
1395	10.000000	-7.394603	0.319530
1396	10.000000	-8.322587	0.492074
1397	10.000000	-9.272578	0.291423
1398	-10.000000	-6.333644	0.237270
1399	-10.000000	-4.067166	0.198887
1400	-10.000000	-6.263175	0.058226
1401	10.000000	6.333100	0.237464
1402	10.000000	4.107451	0.196400
1403	10.000000	6.276316	0.057997
1404	-10.000000	7.387798	0.319051
1405	-10.000000	8.322297	0.491983
1406	-10.000000	9.271416	0.291309
1413	4.469169	-6.495615	0.000001
1414	5.686804	-4.194765	-0.000551
1415	8.660470	-6.345461	0.000014
1416	4.389304	-0.155241	0.021213
1417	5.463069	0.689548	0.113826
1418	8.319388	0.007799	-0.311852
1419	2.074525	7.559274	0.000000
1420	-3.277445	8.143289	0.000000
1421	1.252850	9.496924	0.000000
1422	5.547724	-10.000000	0.304319
1423	8.372319	-10.000000	0.357233
1424	4.352799	-10.000000	0.465178
1425	3.674654	-10.000000	0.551467
1426	-1.206050	-10.000000	0.596940
1427	-2.033463	-10.000000	0.541765
1428	-5.495417	-10.000000	0.483104
1429	-8.442246	-10.000000	0.305433
1430	-4.313198	-10.000000	0.348309
1431	6.930365	-9.299823	0.915787
1432	9.019669	-8.562925	0.911771
1433	5.164066	-8.995225	0.932286
1434	3.797674	-8.675550	0.929138
1435	-1.397574	-8.345555	0.912264
1436	-2.449257	-8.902370	0.926241
1437	-6.391185	-8.742318	0.940281
1438	-9.090035	-8.876798	0.877398
1439	-5.614578	-9.287425	0.920201
1440	5.057839	-0.982812	0.596075
1441	8.050514	-1.251293	0.556775
1442	3.974681	-0.768376	0.539923
1443	2.794764	-0.599889	0.498450
1444	-1.202645	-0.411188	0.456706
1445	-1.799463	-0.644441	0.509709
1446	-5.368086	-0.827868	0.549565
1447	-7.918246	-1.307527	0.585109
1448	-3.992242	-0.912969	0.581843
1449	4.280738	-0.295591	0.430494
1450	-1.731606	-0.306105	0.440581
1451	-2.775768	-0.217848	0.422682
1452	-6.378695	-0.252330	0.389925
1453	-8.400214	0.184808	0.253107
1454	-4.930415	0.122105	0.399778
1455	-4.139676	0.290741	0.425828
1456	1.744584	0.304221	0.441430
1457	2.734627	0.216823	0.424742
1458	5.309748	0.821887	0.549310
1459	7.980597	1.316304	0.591605
1460	3.968309	0.910064	0.582319
1461	3.026693	1.016181	0.614578
1462	-1.259760	1.104829	0.638983
1463	-1.913582	0.957605	0.594676
1464	-4.990824	0.974433	0.589836
1465	-8.002233	1.191973	0.583186
1466	-3.919834	0.765917	0.535432
1467	6.391488	8.742152	0.940290
1468	9.090104	8.876622	0.877421
1469	5.614709	9.287398	0.920205
1470	4.686085	9.456048	0.907598
1471	-1.484428	9.495081	0.897095
1472	-3.204250	9.424569	0.908797
1473	-6.930295	9.299846	0.915784
1474	-9.019647	8.563048	0.911759
1475	-5.163895	8.995270	0.932282
1476	3.261639	10.000000	0.246080
1477	-1.276051	10.000000	0.151236
1478	-2.037464	10.000000	0.283033
1479	-5.547768	10.000000	0.304317
1480	-8.372471	10.000000	0.357218
1481	-4.352814	10.000000	0.465178
1482	-3.674659	10.000000	0.551467
1483	1.206057	10.000000	0.596940
1484	2.033468	10.000000	0.541765
1485	10.000000	-6.906709	0.180383
1486	10.000000	-5.180710	0.060761
1487	10.000000	-4.490621	0.250611
1491	10.000000	-2.874729	0.326558
1492	10.000000	-1.956828	0.549020
1493	10.000000	-3.305800	0.532815
1494	10.000000	-3.615252	0.699897
1495	10.000000	-4.745709	0.843815
1496	10.000000	-5.419497	0.686730
1497	10.000000	-6.880975	0.730812
1498	10.000000	-8.558723	0.779763
1499	10.000000	-7.515934	0.594193
1500	-10.000000	-7.942012	0.264971
1501	-10.000000	-9.298661	0.356321
1502	-10.000000	-7.742968	0.471154
1503	-10.000000	-8.151585	0.622354
1504	-10.000000	-8.156586	0.816498
1505	-10.000000	-6.629324	0.669765
1506	-10.000000	-5.680097	0.745967
1507	-10.000000	-4.049058	0.839956
1508	-10.000000	-4.063279	0.646714
1509	-10.000000	-2.930699	0.582992
1510	-10.000000	-1.762906	0.394505
1511	-10.000000	-3.503326	0.361641
1515	10.000000	7.941618	0.264979
1516	10.000000	9.298586	0.356309
1517	10.000000	7.742673	0.471133
1518	10.000000	8.151477	0.622353
1519	10.000000	8.156339	0.816511
1520	10.000000	6.629297	0.669775
1521	10.000000	5.680408	0.746018
1522	10.000000	4.051607	0.840103
1523	10.000000	4.068536	0.647054
1524	10.000000	2.951786	0.587133
1525	10.000000	1.674589	0.496505
1526	10.000000	3.477921	0.361493
1530	-10.000000	6.867819	0.179917
1531	-10.000000	5.018867	0.066055
1532	-10.000000	4.382595	0.257669
1536	-10.000000	2.517537	0.368085
1537	-10.000000	1.537493	0.640589
1538	-10.000000	3.283600	0.537388
1539	-10.000000	3.605861	0.700169
1540	-10.000000	4.740821	0.843878
1541	-10.000000	5.421821	0.686699
1542	-10.000000	6.882450	0.730816
1543	-10.000000	8.558996	0.779748
1544	-10.000000	7.516329	0.594121
1563	3.276231	-8.143946	0.000000
1564	-1.252422	-9.497054	0.000000
1565	-2.073635	-7.559979	0.000000
1566	-5.713267	-7.073859	0.000000
1567	-8.659626	-5.276660	-0.000197
1568	-4.454813	-4.645793	0.000071
1569	-3.241334	-3.049106	0.000370
1570	1.248426	-1.810744	0.000076
1571	2.052318	-3.535131	-0.000059
1572	3.111066	-0.558324	-0.151720
1573	-1.231195	-0.950537	-0.242238
1574	-1.903823	-0.493869	0.124915
1575	-5.615548	-0.581828	0.158786
1576	-8.723690	0.295227	0.281479
1577	-4.219017	0.189529	0.092228
1578	-3.063238	0.575096	-0.160293
1579	1.215034	0.931856	-0.243590
1580	1.859672	0.459995	0.106900
1581	5.714823	7.071361	0.000000
1582	8.659396	5.269272	-0.000167
1583	4.456229	4.640221	0.000057
1584	3.243517	3.039211	0.000296
1585	-1.248884	1.797271	0.000059
1586	-2.052820	3.528988	-0.000044
1587	-5.690536	4.185314	-0.000421
1588	-8.664336	6.329747	0.000010
1589	-4.471509	6.493273	0.000000
1590	5.547180	-5.846181	0.995533
1591	8.576223	-4.092747	0.981759
1592	4.394905	-4.011168	0.993787
1593	3.221930	-2.670728	0.954791
1594	-1.222854	-1.612517	0.785090
1595	-2.033913	-3.131663	0.979465
1596	-5.613725	-3.556657	0.989084
1597	-8.562585	-4.867585	0.983498
1598	-4.347704	-5.525169	0.996077
1599	5.613570	3.555536	0.989089
1600	8.562314	4.866484	0.983518
1601	4.348361	5.524545	0.996077
1602	3.127796	6.826354	0.990537
1603	-1.236056	7.777587	0.948519
1604	-1.986761	6.467128	0.994449
1605	-5.548164	5.845720	0.995534
1606	-8.579135	4.084175	0.981642
1607	-4.396938	4.009520	0.993767
1608	-0.002099	-10.000000	0.207306
1609	1.115726	-10.000000	0.241882
1610	-1.120956	-10.000000	0.241922
1611	-0.005153	-9.471103	0.905943
1612	1.574141	-9.448029	0.902247
1613	-1.589829	-9.448877	0.902290
1614	0.000377	-7.426891	0.976264
1615	1.060245	-6.986126	0.989430
1616	-1.059347	-6.986253	0.989428
1617	-0.006293	-1.053411	0.625023
1618	1.072818	-1.005114	0.610906
1619	-1.065952	-1.006671	0.611299
1620	7.523072	0.025140	0.325975
1621	6.413320	-0.075485	0.376628
1622	6.365270	0.099571	0.379439
1623	0.057155	0.484849	0.471961
1624	0.956585	0.566078	0.490858
1625	-0.854588	0.562201	0.488678
1626	-0.013983	2.070500	0.882478
1627	1.086620	2.576381	0.946855
1628	-1.105001	2.574626	0.946644
1629	0.000081	8.585276	0.919663
1630	1.322229	8.759897	0.923947
1631	-1.322010	8.759908	0.923937
1632	7.052073	10.000000	0.371451
1633	5.729524	10.000000	0.363704
1634	5.706241	10.000000	0.424622
1635	10.000000	-8.701905	0.356719
1636	10.000000	-8.078230	0.340418
1637	10.000000	-8.199383	0.416570
1638	-10.000000	-5.571359	0.117962
1639	-10.000000	-5.972469	0.176156
1640	-10.000000	-5.003408	0.181154
1641	10.000000	5.601112	0.117653
1642	10.000000	5.981366	0.176379
1643	10.000000	5.024605	0.180932
1644	-10.000000	8.700593	0.356570
1645	-10.000000	8.075069	0.340135
1646	-10.000000	8.198290	0.416402
1653	7.321739	-5.702902	0.000052
1654	5.944562	-6.114935	-0.000007
1655	5.935750	-5.134357	0.000081
1656	6.948986	0.320057	-0.277312
1657	5.783380	-0.392644	-0.446008
1658	5.546711	0.483223	-0.454823
1659	0.000136	8.879248	0.000000
1660	1.115935	8.240550	-0.000000
1661	-1.115645	8.240589	-0.000000
1662	5.728403	-10.000000	0.422513
1663	5.729481	-10.000000	0.362559
1664	7.058181	-10.000000	0.369454
1666	1.225431	-10.000000	0.597494
1668	-5.729507	-10.000000	0.363705
1669	-5.706221	-10.000000	0.424623
1670	-7.052042	-10.000000	0.371453
1671	6.705059	-8.952028	0.936077
1672	6.882522	-9.142048	0.926752
1673	7.998443	-8.911221	0.924118
1674	-1.321634	-8.759949	0.923944
1675	1.322529	-8.759892	0.923938
1676	0.000589	-8.585302	0.919662
1677	-6.881324	-9.142520	0.926815
1678	-6.704536	-8.952334	0.936120
1679	-7.997880	-8.911678	0.924170
1680	5.323427	-0.862760	0.557920
1681	5.238520	-0.923824	0.576879
1682	6.537496	-1.008107	0.579806
1683	-0.932503	-0.566889	0.490789
1684	0.936224	-0.564265	0.490433
1685	-0.012854	-0.486372	0.472678
1686	-5.348860	-0.949500	0.585577
1687	-5.503699	-0.899575	0.568651
1688	-6.762069	-1.066111	0.588168
1689	-1.799282	-0.250693	0.429941
1690	1.594832	-0.243259	0.430184
1691	-0.121222	-0.263822	0.430219
1692	-6.323513	0.082747	0.375568
1693	-6.397757	-0.087701	0.374256
1694	-7.502985	0.006632	0.326688
1695	1.777917	0.248579	0.430960
1696	-1.502328	0.239611	0.427932
1697	0.176314	0.261105	0.429582
1698	5.330536	0.946943	0.585855
1699	5.477864	0.896380	0.568710
1700	6.749526	1.064855	0.589525
1701	-1.059046	1.004080	0.609268
1702	1.070356	1.005423	0.611053
1703	0.028966	1.051529	0.624038
1704	-5.336318	0.861923	0.552548
1705	-5.252786	0.920137	0.571208
1706	-6.689978	1.020121	0.574926
1707	6.881467	9.142455	0.926821
1708	6.704742	8.952227	0.936127
1709	7.998019	8.911537	0.924180
1710	-1.574049	9.448029	0.902246
1711	1.589937	9.448877	0.902291
1712	0.005208	9.471103	0.905943
1713	-6.704945	8.952089	0.936073
1714	-6.882436	9.142088	0.926748
1715	-7.998377	8.911298	0.924112
1716	-1.115726	10.000000	0.241879
1717	1.120987	10.000000	0.241920
1718	0.002140	10.000000	0.207303
1719	-5.728441	10.000000	0.422512
1720	-5.729527	10.000000	0.362557
1721	-7.058270	10.000000	0.369448
1723	-1.225425	10.000000	0.597494
1725	10.000000	-4.973997	0.182048
1726	10.000000	-5.955149	0.176733
1727	10.000000	-5.563681	0.118532
1731	10.000000	-2.767680	0.497809
1732	10.000000	-2.730097	0.412366
1733	10.000000	-2.246449	0.475090
1734	10.000000	-4.952474	0.732627
1735	10.000000	-4.256813	0.718445
1736	10.000000	-4.495635	0.783960
1737	10.000000	-7.762829	0.665729
1738	10.000000	-7.337971	0.700303
1739	10.000000	-8.007278	0.737841
1740	-10.000000	-8.202077	0.416763
1741	-10.000000	-8.082020	0.340593
1742	-10.000000	-8.705491	0.357129
1743	-10.000000	-7.339503	0.700350
1744	-10.000000	-7.763486	0.665803
1745	-10.000000	-8.007563	0.737945
1746	-10.000000	-4.272461	0.718674
1747	-10.000000	-4.963363	0.732799
1748	-10.000000	-4.508349	0.784066
1749	-10.000000	-2.886132	0.408390
1750	-10.000000	-2.832986	0.493137
1751	-10.000000	-2.312612	0.452680
1755	10.000000	8.201814	0.416744
1756	10.000000	8.081582	0.340577
1757	10.000000	8.705288	0.357112
1758	10.000000	7.339380	0.700359
1759	10.000000	7.763361	0.665805
1760	10.000000	8.007420	0.737954
1761	10.000000	4.276051	0.718935
1762	10.000000	4.964723	0.732897
1763	10.000000	4.510188	0.784210
1764	10.000000	2.860759	0.412416
1765	10.000000	2.848249	0.498490
1766	10.000000	2.324065	0.473332
1770	-10.000000	4.828730	0.187640
1771	-10.000000	5.876856	0.177249
1772	-10.000000	5.419379	0.121757
1776	-10.000000	2.694193	0.514440
1777	-10.000000	2.600569	0.439466
1778	-10.000000	2.049172	0.523667
1779	-10.000000	4.953413	0.732654
1780	-10.000000	4.254949	0.718432
1781	-10.000000	4.492794	0.784009
1782	-10.000000	7.763406	0.665699
1783	-10.000000	7.339005	0.700288
1784	-10.000000	8.007850	0.737832
1803	-1.115453	-8.240938	-0.000000
1804	1.115323	-8.240957	-0.000000
1805	-0.000040	-8.879472	0.000000
1806	-5.937180	-5.132980	0.000081
1807	-5.945527	-6.114078	-0.000007
1808	-7.323053	-5.700781	0.000052
1809	1.100108	-2.896462	0.000057
1810	-1.100831	-2.895850	0.000057
1811	0.000906	-2.324791	-0.000051
1812	-1.038681	-0.532233	-0.151202
1813	1.040187	-0.547296	-0.153896
1814	-0.001653	-0.718324	0.010749
1815	-5.583838	0.363644	-0.272991
1816	-5.707344	-0.394414	-0.356066
1817	-6.966760	0.142178	-0.239787
1818	1.021850	0.556252	-0.162023
1819	-1.026940	0.553064	-0.159695
1820	-0.012973	0.714179	0.015977
1821	5.938354	5.126933	0.000065
1822	5.947013	6.110018	-0.000005
1823	7.323762	5.694639	0.000042
1824	-1.099507	2.888287	0.000043
1825	1.103209	2.887232	0.000045
1826	0.001356	2.314099	-0.000039
1827	-5.948122	6.110163	-0.000005
1828	-5.939759	5.127292	0.000061
1829	-7.326479	5.692618	0.000039
1830	5.843360	-4.315328	0.994893
1831	5.817699	-5.097450	0.995964
1832	7.207241	-4.613524	0.994434
1833	-1.087235	-2.578196	0.947031
1834	1.102180	-2.576929	0.946891
1835	0.010357	-2.073194	0.882950
1836	-5.814364	-5.100549	0.995967
1837	-5.838560	-4.319857	0.994913
1838	-7.203122	-4.619964	0.994457
1839	5.814838	5.099575	0.995967
1840	5.838810	4.318764	0.994913
1841	7.203040	4.618795	0.994464
1842	-1.060031	6.986116	0.989431
1843	1.059729	6.986142	0.989430
1844	-0.000080	7.426844	0.976265
1845	-5.846031	4.313003	0.994874
1846	-5.819369	5.096267	0.995961
1847	-7.210076	4.610142	0.994407
1848	0.000026	-10.000000	0.359509
1849	-0.951685	-10.000000	0.320760
1850	0.948425	-10.000000	0.320688
1851	-4.608662	-10.000000	0.208734
1852	-6.175292	-10.000000	0.145194
1853	-3.788190	-10.000000	0.149456
1854	4.604061	-10.000000	0.208644
1855	3.788005	-10.000000	0.149464
1856	6.175151	-10.000000	0.145202
1857	-0.008771	-9.378813	0.909995
1858	-1.734840	-9.400054	0.907417
1859	1.716752	-9.399496	0.907390
1860	-6.155269	-9.493613	0.909066
1861	-7.311426	-9.546632	0.907696
1862	-4.644955	-9.513886	0.900115
1863	6.156242	-9.492044	0.909072
1864	4.645534	-9.512031	0.900084
1865	7.311922	-9.545219	0.907773
1866	0.000619	-5.634097	0.996162
1867	-0.946255	-6.065603	0.995762
1868	0.947410	-6.065442	0.995762
1869	-4.421987	-7.111505	0.979892
1870	-5.953598	-7.274985	0.954440
1871	-3.658425	-7.607135	0.950766
1872	4.423331	-7.110752	0.979909
1873	3.659442	-7.606629	0.950780
1874	5.955003	-7.273776	0.954477
1875	0.009817	-0.873811	0.572540
1876	-0.889523	-0.914559	0.584275
1877	0.909071	-0.913793	0.584122
1878	-4.319188	-1.102556	0.637535
1879	-5.806742	-1.237189	0.665630
1880	-3.707948	-1.152974	0.654816
1881	4.372090	-1.093413	0.633741
1882	3.728525	-1.143187	0.651416
1883	5.852381	-1.221009	0.659656
1884	2.327392	0.000664	0.411004
1885	3.671159	0.055187	0.408687
1886	3.676789	-0.050424	0.408405
1887	7.441001	0.482966	0.387249
1888	8.554547	0.849557	0.364685
1889	8.401301	0.534784	0.298846
1890	7.577361	-0.441983	0.364512
1891	8.561577	-0.457171	0.251710
1892	8.590739	-0.789807	0.327291
1893	0.013579	0.730229	0.531899
1894	-0.807358	0.684223	0.519092
1895	0.874138	0.685757	0.520680
1896	-3.703190	0.558188	0.481990
1897	-5.185807	0.577186	0.476330
1898	-3.194872	0.449689	0.458928
1899	3.818574	0.583793	0.494067
1900	3.455478	0.480812	0.470103
1901	5.540568	0.651571	0.498679
1902	-0.001435	4.046399	0.994350
1903	-0.967085	3.586274	0.990155
1904	0.961290	3.586838	0.990168
1905	-4.521135	2.208577	0.904118
1906	-5.961838	1.771878	0.815921
1907	-3.676017	1.658441	0.795576
1908	4.494401	2.222871	0.906659
1909	3.641426	1.673656	0.801233
1910	5.934909	1.802178	0.823224
1911	0.000343	9.169825	0.919433
1912	-1.154254	9.058083	0.922655
1913	1.154682	9.058089	0.922671
1914	-5.122528	8.346243	0.928246
1915	-6.419672	7.884131	0.918907
1916	-4.060208	8.182823	0.914873
1917	5.122283	8.346290	0.928258
1918	4.059909	8.182876	0.914878
1919	6.418954	7.884470	0.918912
1920	1.987633	10.000000	0.422993
1921	3.144823	10.000000	0.446255
1922	3.134536	10.000000	0.387614
1923	6.684778	10.000000	0.490137
1924	8.063874	10.000000	0.467336
1925	8.162814	10.000000	0.416863
1926	6.875438	10.000000	0.256612
1927	8.428632	10.000000	0.251640
1928	8.339795	10.000000	0.202843
1929	10.000000	-6.459552	0.423758
1930	10.000000	-7.118640	0.445890
1931	10.000000	-6.902769	0.372168
1932	10.000000	-8.870730	0.496442
1933	10.000000	-9.418249	0.470052
1934	10.000000	-9.321931	0.416633
1935	10.000000	-8.536383	0.208492
1936	10.000000	-9.236502	0.225282
1937	10.000000	-9.205625	0.154667
1938	-10.000000	-5.397018	0.354542
1939	-10.000000	-4.988531	0.301656
1940	-10.000000	-5.827329	0.294956
1941	-10.000000	-3.516779	0.151500
1942	-10.000000	-3.113351	0.092790
1943	-10.000000	-4.108388	0.069437
1944	-10.000000	-7.587860	0.122389
1945	-10.000000	-7.335175	0.059382
1946	-10.000000	-8.365224	0.063363
1947	10.000000	5.391144	0.354468
1948	10.000000	4.979464	0.301690
1949	10.000000	5.822984	0.295062
1950	10.000000	3.668710	0.140246
1951	10.000000	3.187230	0.079814
1952	10.000000	4.168539	0.065195
1953	10.000000	7.591042	0.122410
1954	10.000000	7.339021	0.059314
1955	10.000000	8.365827	0.063320
1956	-10.000000	6.457090	0.423369
1957	-10.000000	7.117283	0.445617
1958	-10.000000	6.898065	0.371710
1959	-10.000000	8.870628	0.496395
1960	-10.000000	9.418246	0.470025
1961	-10.000000	9.321817	0.416587
1962	-10.000000	8.528711	0.208214
1963	-10.000000	9.233810	0.225123
1964	-10.000000	9.200439	0.154501
1983	2.075918	-5.507171	0.000001
1984	3.263471	-5.090218	-0.000007
1985	3.267387	-5.972530	0.000001
1986	7.000319	-3.750140	0.003042
1987	8.430175	-3.322131	-0.010008
1988	8.580835	-4.260855	0.001865
1989	7.022349	-7.711492	0.000000
1990	8.585572	-7.402785	-0.000001
1991	8.432836	-8.408463	0.000000
1992	2.003808	-0.098244	-0.123873
1993	3.055971	0.233329	0.261815
1994	3.140214	-0.312277	0.265531
1995	7.042537	0.739780	-0.092256
1996	8.593184	1.037369	0.352065
1997	8.407441	0.652338	-0.096772
1998	7.189542	-0.628807	-0.035754
1999	8.606121	-0.492203	-0.096754
2000	8.575476	-1.001431	0.345950
2001	0.000267	6.442691	0.000000
2002	-0.979257	6.997123	0.000000
2003	0.979677	6.997047	0.000000
2004	-4.595360	8.758065	0.000000
2005	-6.044153	9.410731	0.000000
2006	-3.711852	9.467471	-0.000000
2007	4.595301	8.757986	0.000000
2008	3.711964	9.467439	-0.000000
2009	6.043864	9.410736	0.000000
2010	8.333397	-10.000000	0.202539
2011	8.422993	-10.000000	0.250689
2012	6.868820	-10.000000	0.256111
2013	8.232826	-10.000000	0.410239
2014	8.227419	-10.000000	0.455109
2015	6.872098	-10.000000	0.482293
2016	3.137388	-10.000000	0.387210
2017	3.164064	-10.000000	0.445735
2018	1.999191	-10.000000	0.422777
2019	6.015317	-10.000000	0.619522
2020	3.642342	-10.000000	0.592323
2021	5.407716	-10.000000	0.563529
2022	-3.637220	-10.000000	0.604991
2023	-6.002646	-10.000000	0.617421
2025	1.009773	-10.000000	0.519560
2026	-0.935943	-10.000000	0.519515
2027	0.022239	-10.000000	0.489796
2028	-8.063873	-10.000000	0.467335
2029	-8.162757	-10.000000	0.416867
2030	-6.684750	-10.000000	0.490138
2031	-8.428609	-10.000000	0.251646
2032	-8.339773	-10.000000	0.202846
2033	-6.875428	-10.000000	0.256614
2034	-3.144816	-10.000000	0.446255
2035	-3.134531	-10.000000	0.387614
2036	-1.987630	-10.000000	0.422993
2037	9.159225	-9.379566	0.765417
2038	9.141675	-9.146877	0.826869
2039	8.132591	-9.323405	0.881977
2040	8.909667	-8.212858	0.929560
2041	8.730949	-7.844673	0.931912
2042	7.567835	-8.369385	0.941709
2043	4.179919	-9.277182	0.918543
2044	3.901286	-9.161176	0.923553
2045	2.619262	-9.267561	0.916694
2046	6.419647	-7.884046	0.918911
2047	4.060532	-8.182719	0.914875
2048	5.122752	-8.346138	0.928250
2049	-4.059199	-8.183176	0.914875
2050	-6.418420	-7.885000	0.918908
2051	-5.121695	-8.346573	0.928251
2052	1.154568	-9.058077	0.922656
2053	-1.154335	-9.058107	0.922669
2054	-0.000104	-9.169828	0.919433
2055	-8.730454	-7.845839	0.931907
2056	-8.909391	-8.213652	0.929566
2057	-7.567311	-8.369937	0.941706
2058	-9.140722	-9.147703	0.827191
2059	-9.157953	-9.380579	0.765984
2060	-8.130263	-9.324323	0.882181
2061	-3.901169	-9.161358	0.923616
2062	-4.179589	-9.277582	0.918618
2063	-2.620225	-9.267742	0.916738
2064	7.746375	-1.318690	0.611909
2065	7.792335	-1.283221	0.592627
2066	6.249380	-1.103950	0.616723
2067	8.208526	-1.226101	0.528889
2068	7.576662	-0.972538	0.530658
2069	6.655689	-0.888139	0.540758
2070	2.940791	-0.848420	0.564473
2071	2.908817	-0.781469	0.545723
2072	1.877225	-0.806569	0.553323
2073	5.414758	-0.607167	0.488133
2074	3.345511	-0.462989	0.465329
2075	3.854514	-0.572100	0.489559
2076	-3.472897	-0.482332	0.468508
2077	-5.584691	-0.652251	0.497004
2078	-3.860541	-0.586967	0.492890
2079	0.844536	-0.684055	0.520294
2080	-0.855740	-0.686013	0.520632
2081	0.002319	-0.730039	0.532411
2082	-7.509451	-0.987874	0.551298
2083	-7.928976	-1.144989	0.552350
2084	-6.423858	-0.883410	0.547346
2085	-7.771304	-1.316236	0.602082
2086	-7.675307	-1.341015	0.620838
2087	-6.181414	-1.121326	0.623642
2088	-2.937478	-0.788997	0.547766
2089	-2.940501	-0.853533	0.566027
2090	-1.868181	-0.809167	0.553917
2091	6.804928	-0.622813	0.459609
2092	4.540442	-0.401543	0.448783
2093	5.687437	-0.429387	0.441796
2094	-4.719744	-0.431806	0.451915
2095	-6.924189	-0.670630	0.469103
2096	-5.799520	-0.458985	0.444243
2097	1.173498	-0.154507	0.419142
2098	-1.253913	-0.156637	0.418416
2099	-0.022530	-0.101513	0.414850
2100	-8.592937	-0.801828	0.339589
2101	-8.561809	-0.466795	0.260668
2102	-7.581009	-0.456486	0.369252
2103	-8.363708	0.480242	0.306757
2104	-8.460393	0.751371	0.371738
2105	-7.353928	0.432423	0.381779
2106	-3.673571	-0.055784	0.405613
2107	-3.631434	0.049229	0.405291
2108	-2.315360	-0.002142	0.408950
2109	-6.622864	0.594004	0.454469
2110	-4.305664	0.383825	0.441472
2111	-5.519260	0.418641	0.436081
2112	4.643398	0.430043	0.454626
2113	6.849296	0.675834	0.474272
2114	5.706598	0.462563	0.449115
2115	-1.136931	0.152742	0.417708
2116	1.248410	0.155082	0.419196
2117	0.031701	0.100038	0.414644
2118	7.506393	1.007532	0.551715
2119	7.882336	1.144473	0.557818
2120	6.320279	0.875446	0.546721
2121	7.787126	1.319732	0.609062
2122	7.664886	1.341443	0.627482
2123	6.161197	1.119070	0.624623
2124	2.931783	0.787331	0.548468
2125	2.925763	0.851609	0.566559
2126	1.863909	0.808171	0.554271
2127	5.817396	1.238385	0.666809
2128	3.727281	1.152052	0.655205
2129	4.324756	1.101173	0.637984
2130	-3.713787	1.135661	0.645141
2131	-5.847647	1.207710	0.652033
2132	-4.348513	1.087162	0.627718
2133	0.880549	0.913922	0.584097
2134	-0.908360	0.913895	0.582866
2135	-0.012049	0.873806	0.571932
2136	-7.597498	1.277640	0.631046
2137	-7.560620	1.236112	0.615934
2138	-6.102216	1.082700	0.608431
2139	-7.521660	1.029392	0.549428
2140	-7.051445	0.894330	0.529428
2141	-5.888000	0.795482	0.526627
2142	-2.929024	0.848587	0.561385
2143	-2.887662	0.781856	0.542652
2144	-1.863891	0.807310	0.551347
2145	8.730651	7.845228	0.931919
2146	8.909532	8.213219	0.929583
2147	7.567603	8.369605	0.941716
2148	9.140769	9.147602	0.827211
2149	9.157986	9.380530	0.765997
2150	8.130333	9.324281	0.882185
2151	3.901384	9.161326	0.923620
2152	4.179738	9.277562	0.918621
2153	2.620387	9.267729	0.916739
2154	7.311485	9.546629	0.907696
2155	4.645038	9.513886	0.900116
2156	6.155364	9.493610	0.909066
2157	-4.645468	9.512031	0.900084
2158	-7.311879	9.545222	0.907773
2159	-6.156169	9.492046	0.909072
2160	1.735005	9.400053	0.907417
2161	-1.716605	9.399497	0.907390
2162	0.008939	9.378813	0.909995
2163	-9.159206	9.379598	0.765409
2164	-9.141653	9.146938	0.826856
2165	-8.132548	9.323433	0.881974
2166	-8.909670	8.212986	0.929552
2167	-8.731035	7.844737	0.931905
2168	-7.567781	8.369501	0.941703
2169	-4.179807	9.277195	0.918541
2170	-3.901127	9.161197	0.923550
2171	-2.619128	9.267569	0.916693
2172	6.175822	10.000000	0.145188
2173	3.788691	10.000000	0.149451
2174	4.608817	10.000000	0.208730
2175	-3.788371	10.000000	0.149458
2176	-6.175621	10.000000	0.145193
2177	-4.604162	10.000000	0.208639
2178	0.951689	10.000000	0.320760
2179	-0.948424	10.000000	0.320687
2180	-0.000025	10.000000	0.359508
2181	-8.333574	10.000000	0.202513
2182	-8.423172	10.000000	0.250662
2183	-6.868909	10.000000	0.256103
2184	-8.232974	10.000000	0.410229
2185	-8.227413	10.000000	0.455110
2186	-6.872146	10.000000	0.482291
2187	-3.137395	10.000000	0.387209
2188	-3.164071	10.000000	0.445734
2189	-1.999193	10.000000	0.422777
2190	-6.015306	10.000000	0.619522
2191	-3.642335	10.000000	0.592323
2192	-5.407711	10.000000	0.563529
2193	3.637229	10.000000	0.604991
2194	6.002658	10.000000	0.617421
2196	-1.009774	10.000000	0.519560
2197	0.935946	10.000000	0.519514
2198	-0.022238	10.000000	0.489796
2199	10.000000	-8.364248	0.063400
2200	10.000000	-7.334377	0.059514
2201	10.000000	-7.583489	0.122515
2202	10.000000	-4.121194	0.068434
2203	10.000000	-3.124537	0.088138
2204	10.000000	-3.510460	0.148381
2205	10.000000	-5.803134	0.295101
2206	10.000000	-4.942665	0.302039
2207	10.000000	-5.369625	0.354467
2219	10.000000	-2.422840	0.298909
2220	10.000000	-2.113641	0.613896
2221	10.000000	-2.210251	0.681981
2222	10.000000	-2.558384	0.642077
2223	10.000000	-3.887023	0.403836
2224	10.000000	-3.807658	0.486009
2225	10.000000	-4.386880	0.446908
2226	10.000000	-2.743158	0.812243
2227	10.000000	-3.340449	0.833942
2228	10.000000	-3.194336	0.757417
2229	10.000000	-5.441697	0.847134
2230	10.000000	-6.099441	0.851603
2231	10.000000	-5.913521	0.800720
2232	10.000000	-4.503654	0.598631
2233	10.000000	-5.188034	0.623629
2234	10.000000	-5.006787	0.557510
2235	10.000000	-7.230713	0.846598
2236	10.000000	-7.713585	0.834314
2237	10.000000	-7.108443	0.789748
2238	10.000000	-8.947640	0.707437
2240	10.000000	-8.763480	0.633632
2241	10.000000	-6.393301	0.606412
2242	10.000000	-6.864887	0.565540
2243	10.000000	-6.206265	0.541434
2244	-10.000000	-9.208696	0.154923
2245	-10.000000	-9.240270	0.225840
2246	-10.000000	-8.540476	0.208655
2247	-10.000000	-9.325048	0.418148
2248	-10.000000	-9.417715	0.472557
2249	-10.000000	-8.871953	0.497166
2250	-10.000000	-6.909627	0.372308
2251	-10.000000	-7.122400	0.446008
2252	-10.000000	-6.467017	0.423923
2253	-10.000000	-9.363942	0.577005
2254	-10.000000	-8.946924	0.708254
2255	-10.000000	-8.762653	0.634303
2256	-10.000000	-7.714630	0.834346
2257	-10.000000	-7.232622	0.846616
2258	-10.000000	-7.110539	0.789780
2259	-10.000000	-6.867936	0.565605
2260	-10.000000	-6.398064	0.606501
2261	-10.000000	-6.212434	0.541558
2262	-10.000000	-6.104554	0.851602
2263	-10.000000	-5.449605	0.847143
2264	-10.000000	-5.919175	0.800747
2265	-10.000000	-3.360488	0.833402
2266	-10.000000	-2.773448	0.808111
2267	-10.000000	-3.217488	0.755819
2268	-10.000000	-5.200191	0.623945
2269	-10.000000	-4.523462	0.599275
2270	-10.000000	-5.023666	0.558020
2271	-10.000000	-2.243791	0.665042
2272	-10.000000	-2.139974	0.588742
2273	-10.000000	-2.583980	0.632805
2276	-10.000000	-2.521930	0.302977
2277	-10.000000	-3.857904	0.487528
2278	-10.000000	-3.957731	0.404695
2279	-10.000000	-4.426580	0.447834
2289	10.000000	9.208764	0.154902
2290	10.000000	9.240187	0.225823
2291	10.000000	8.540477	0.208648
2292	10.000000	9.325009	0.418141
2293	10.000000	9.417685	0.472558
2294	10.000000	8.871887	0.497160
2295	10.000000	6.908332	0.372285
2296	10.000000	7.121770	0.445975
2297	10.000000	6.465654	0.423869
2298	10.000000	9.363896	0.577019
2299	10.000000	8.946833	0.708273
2300	10.000000	8.762581	0.634310
2301	10.000000	7.714231	0.834358
2302	10.000000	7.232029	0.846629
2303	10.000000	7.110234	0.789799
2304	10.000000	6.867656	0.565586
2305	10.000000	6.397915	0.606489
2306	10.000000	6.211914	0.541514
2307	10.000000	6.103696	0.851620
2308	10.000000	5.449052	0.847171
2309	10.000000	5.918893	0.800783
2310	10.000000	3.366264	0.833914
2311	10.000000	2.780858	0.810131
2312	10.000000	3.225859	0.757306
2313	10.000000	5.201021	0.623942
2314	10.000000	4.525673	0.599286
2315	10.000000	5.023463	0.557903
2316	10.000000	2.261534	0.673758
2317	10.000000	2.177927	0.605125
2318	10.000000	2.610956	0.640336
2319	10.000000	1.785072	0.417880
2320	10.000000	2.315394	0.246278
2321	10.000000	2.552229	0.294886
2322	10.000000	3.856152	0.487288
2323	10.000000	3.945268	0.404194
2324	10.000000	4.421080	0.447412
2334	-10.000000	8.344616	0.063426
2335	-10.000000	7.290452	0.059775
2336	-10.000000	7.550137	0.122342
2337	-10.000000	3.865237	0.086647
2338	-10.000000	2.779477	0.137193
2339	-10.000000	3.053271	0.199700
2340	-10.000000	5.779204	0.294736
2341	-10.000000	4.902228	0.303469
2342	-10.000000	5.355863	0.354286
2353	-10.000000	1.378514	0.486991
2354	-10.000000	1.520244	0.406744
2355	-10.000000	1.979163	0.648494
2356	-10.000000	2.157324	0.705373
2357	-10.000000	2.495264	0.652188
2358	-10.000000	3.847330	0.407238
2359	-10.000000	3.796046	0.487976
2360	-10.000000	4.376551	0.447203
2361	-10.000000	2.716866	0.816796
2362	-10.000000	3.326488	0.834131
2363	-10.000000	3.177047	0.758441
2364	-10.000000	5.439705	0.847201
2365	-10.000000	6.098975	0.851651
2366	-10.000000	5.914291	0.800781
2367	-10.000000	4.505403	0.598547
2368	-10.000000	5.190711	0.623492
2369	-10.000000	5.008838	0.557243
2370	-10.000000	7.231318	0.846618
2371	-10.000000	7.714192	0.834327
2372	-10.000000	7.109568	0.789768
2373	-10.000000	8.947786	0.707411
2375	-10.000000	8.763605	0.633604
2376	-10.000000	6.394807	0.606306
2377	-10.000000	6.865510	0.565414
2378	-10.000000	6.207124	0.541227
2433	6.042337	-9.411302	0.000000
2434	3.710855	-9.467705	-0.000000
2435	4.593770	-8.758730	0.000000
2436	-3.710990	-9.467680	-0.000000
2437	-6.042620	-9.411225	0.000000
2438	-4.594013	-8.758647	0.000000
2439	0.978882	-6.997825	0.000000
2440	-0.979120	-6.997787	0.000000
2441	-0.000141	-6.443562	0.000000
2442	-8.433327	-8.407601	0.000000
2443	-8.586210	-7.400978	-0.000001
2444	-7.022954	-7.710865	0.000000
2445	-8.581806	-4.253598	0.001881
2446	-8.429327	-3.312548	-0.010278
2447	-7.001547	-3.745406	0.003070
2448	-3.267950	-5.972270	0.000001
2449	-3.264364	-5.089837	-0.000007
2450	-2.076472	-5.507007	0.000001
2451	-6.048344	-2.155524	0.004803
2452	-3.699339	-1.927697	0.000680
2453	-4.562080	-2.587022	-0.001746
2454	3.704114	-1.933863	0.000678
2455	6.057258	-2.165520	0.004733
2456	4.563293	-2.591255	-0.001735
2457	-0.974473	-4.036244	0.000009
2458	0.973265	-4.036397	0.000009
2459	-0.000454	-4.556226	-0.000002
2460	6.140999	-1.207112	-0.204089
2461	3.714043	-1.045519	-0.251465
2462	4.614902	-0.808446	0.030625
2463	-3.671098	-1.044585	-0.233236
2464	-6.115696	-1.229032	-0.232671
2465	-4.634408	-0.833409	-0.002273
2466	0.875432	-0.320927	-0.072025
2467	-0.866308	-0.331719	-0.065249
2468	0.008181	-0.304241	0.212154
2469	-8.576799	-1.002737	0.323372
2470	-8.665891	-0.526556	-0.109987
2471	-7.192139	-0.670017	-0.121879
2472	-8.471632	0.589272	-0.173016
2473	-8.580940	0.982195	0.211620
2474	-7.035390	0.692221	-0.035303
2475	-3.084865	-0.291734	0.352982
2476	-3.106832	0.322429	0.388414
2477	-2.066025	0.042085	0.011556
2478	-6.123145	1.191324	-0.184122
2479	-3.680379	1.023455	-0.220439
2480	-4.533996	0.798086	0.030582
2481	3.667833	1.028000	-0.227731
2482	6.134450	1.219253	-0.194341
2483	4.619716	0.820638	0.001814
2484	-0.875506	0.339066	-0.068123
2485	0.841128	0.332561	-0.093554
2486	-0.023259	0.353561	0.183329
2487	8.434150	8.405290	0.000000
2488	8.586805	7.397043	-0.000001
2489	7.024257	7.708328	0.000000
2490	8.581233	4.244425	0.001611
2491	8.429485	3.301461	-0.008857
2492	7.001225	3.734447	0.002590
2493	3.269468	5.970045	0.000000
2494	3.265853	5.086363	-0.000006
2495	2.077627	5.504898	0.000000
2496	6.056153	2.138588	0.004037
2497	3.704192	1.911395	0.000554
2498	4.565520	2.573110	-0.001432
2499	-3.709138	1.917317	0.000527
2500	-6.066012	2.139523	0.003628
2501	-4.568425	2.576534	-0.001333
2502	0.975488	4.031887	0.000007
2503	-0.973127	4.032205	0.000006
2504	0.000875	4.553336	-0.000001
2505	-8.431488	3.285338	-0.007627
2506	-8.584818	4.229838	0.001414
2507	-7.004208	3.731947	0.002335
2508	-8.588664	7.393387	-0.000001
2509	-8.435410	8.403691	0.000000
2510	-7.025409	7.707853	0.000000
2511	-3.265088	5.087028	-0.000005
2512	-3.269065	5.970465	0.000000
2513	-2.076815	5.505218	0.000000
2514	8.305972	-6.234966	0.977881
2515	8.472594	-5.583834	0.983597
2516	6.842084	-6.100842	0.992862
2517	8.501879	-3.329260	0.973765
2518	8.339455	-2.610037	0.937534
2519	6.917803	-3.073700	0.975613
2520	3.195579	-5.175040	0.996150
2521	3.210545	-4.441812	0.995468
2522	2.037815	-4.832138	0.996035
2523	5.953070	-1.785765	0.819057
2524	3.665773	-1.666375	0.799319
2525	4.512160	-2.215614	0.905574
2526	-3.643798	-1.675168	0.801520
2527	-5.937329	-1.801662	0.822206
2528	-4.495843	-2.224148	0.906719
2529	0.967007	-3.587252	0.990175
2530	-0.960611	-3.587763	0.990187
2531	0.002007	-4.046986	0.994355
2532	-8.333558	-2.631212	0.937625
2533	-8.497257	-3.346190	0.973867
2534	-6.909629	-3.085495	0.975882
2535	-8.470222	-5.589759	0.983618
2536	-8.303946	-6.238859	0.977847
2537	-6.839593	-6.103594	0.992848
2538	-3.207086	-4.443191	0.995474
2539	-3.193380	-5.176026	0.996150
2540	-2.035629	-4.832730	0.996036
2541	8.331671	2.633752	0.938902
2542	8.495949	3.347054	0.974178
2543	6.908163	3.085108	0.976081
2544	8.470258	5.588468	0.983627
2545	8.304193	6.237647	0.977861
2546	6.840049	6.102604	0.992854
2547	3.207904	4.442473	0.995471
2548	3.194097	5.175512	0.996150
2549	2.036371	4.832288	0.996035
2550	5.954153	7.274347	0.954454
2551	3.658937	7.606809	0.950773
2552	4.422538	7.111077	0.979901
2553	-3.659308	7.606717	0.950780
2554	-5.955189	7.273812	0.954485
2555	-4.423464	7.110801	0.979911
2556	0.946703	6.065457	0.995762
2557	-0.947196	6.065386	0.995763
2558	-0.000248	5.633977	0.996162
2559	-8.307131	6.233772	0.977887
2560	-8.474245	5.581188	0.983569
2561	-6.843293	6.100154	0.992864
2562	-8.505580	3.316393	0.973592
2563	-8.343375	2.592868	0.938141
2564	-6.923544	3.065159	0.975276
2565	-3.195939	5.174709	0.996149
2566	-3.211171	4.441095	0.995465
2567	-2.037787	4.831818	0.996035
