0.001834862385321101 1.0033670033670035
0.06605504587155964 1.0033670033670035
0.09724770642201838 1.0000000000000002
0.1596330275229358 1.0000000000000002
0.21467889908256882 1.0000000000000002
0.31926605504587163 1.0000000000000002
0.3504587155963303 1.0000000000000002
0.363302752293578 0.9932659932659934
0.3743119266055046 0.9898989898989902
0.381651376146789 0.9831649831649834
0.3908256880733945 0.97979797979798
0.3981651376146789 0.9730639730639732
0.4091743119266055 0.9663299663299666
0.4183486238532111 0.952861952861953
0.42752293577981654 0.9393939393939396
0.43853211009174314 0.9259259259259262
0.44587155963302755 0.9090909090909093
0.4550458715596331 0.8888888888888891
0.46422018348623856 0.8686868686868688
0.47155963302752296 0.8484848484848487
0.4807339449541284 0.8316498316498319
0.48990825688073397 0.8114478114478116
0.5009174311926605 0.7979797979797982
0.5119266055045872 0.7878787878787881
0.5247706422018348 0.7878787878787881
0.5357798165137615 0.8013468013468016
0.5467889908256882 0.814814814814815
0.5559633027522937 0.8282828282828285
0.5651376146788991 0.8484848484848487
0.5743119266055046 0.8686868686868688
0.581651376146789 0.8821548821548824
0.5889908256880736 0.9023569023569026
0.5999999999999999 0.9225589225589227
0.6110091743119266 0.9427609427609429
0.6220183486238533 0.952861952861953
0.6330275229357798 0.9663299663299666
0.6458715596330276 0.9764309764309766
0.6605504587155964 0.9865319865319867
0.6770642201834862 0.9932659932659934
0.6954128440366973 0.9966329966329969
0.7119266055045872 1.0000000000000002
0.7321100917431194 1.0033670033670035
0.7541284403669726 1.0033670033670035
0.7743119266055045 1.0033670033670035
0.7908256880733946 1.0033670033670035
0.8073394495412844 1.0033670033670035
0.8238532110091743 1.0033670033670035
0.8366972477064221 1.0000000000000002
0.855045871559633 1.0000000000000002
0.869724770642202 1.0000000000000002
0.8844036697247706 1.0000000000000002
0.9027522935779817 1.0000000000000002
0.9137614678899084 1.0000000000000002
0.9284403669724772 1.0000000000000002
0.9449541284403671 1.0000000000000002
0.9633027522935782 1.0033670033670035
0.9834862385321104 1.0033670033670035
1.0036697247706423 1.0033670033670035
1.0238532110091745 1.0033670033670035
