 #
 # Subroutine ELSEPA. Elastic scattering of electrons and positrons
 #                    by neutral atoms and positive ions
 #
 # Projectile: electron
 # Kinetic energy = 1.80000E+04 eV = 6.61488E+02 a.u.
 #
 # Element:  H,  Z =   1,  atomic weight = 1.00790E+00 g/mol
 #
 # Nuclear model: Fermi distribution
 #                Average radius = 1.07281E-13 cm
 #                Skin thickness = 5.46000E-14 cm
 #
 # Number of electrons =  1
 #
 # Electron density: Read from file z_001.den   
 #                   Number of data points =  751
 #                   Volume integral = 1.00000E+00
 #
 # Furness-McCarthy exchange potential
 #
 # LDA absorption potential (only electron-hole excitations):
 #                           Delta = 1.02000E+01 eV
 #                            Aabs = 2.00000E+00
 #
 # Total elastic cross section = 1.63588E-19 cm**2 = 5.84182E-03 a0**2
 # 1st transport cross section = 7.58504E-22 cm**2 = 2.70867E-05 a0**2
 # 2nd transport cross section = 1.97484E-21 cm**2 = 7.05229E-05 a0**2
 #
 #    Absorption cross section = 7.55669E-19 cm**2 = 2.69854E-02 a0**2
 #   Grand total cross section = 9.19303E-19 cm**2 = 3.28289E-02 a0**2
 #
 #
 # Differential cross section:                       MU=(1-COS(THETA))/2
 #
 #  THETA        MU          DCS          DCS        Sherman      error
 #  (deg)                 (cm**2/sr)   (a0**2/sr)    function
 #----------------------------------------------------------------------
  0.000E+00  0.00000E+00  3.02269E-17  1.07942E+00  0.00000E+00  1.5E-07
  1.000E-04  7.61557E-13  3.02269E-17  1.07942E+00  0.00000E+00  1.5E-07
  1.250E-04  1.18994E-12  3.02269E-17  1.07942E+00  0.00000E+00  1.5E-07
  1.500E-04  1.71346E-12  3.02269E-17  1.07942E+00  0.00000E+00  1.5E-07
  1.750E-04  2.33225E-12  3.02269E-17  1.07942E+00  0.00000E+00  1.5E-07
  2.000E-04  3.04617E-12  3.02269E-17  1.07942E+00  0.00000E+00  1.5E-07
  2.250E-04  3.85530E-12  3.02269E-17  1.07942E+00  0.00000E+00  1.5E-07
  2.500E-04  4.75964E-12  3.02269E-17  1.07942E+00  0.00000E+00  1.5E-07
  2.750E-04  5.75917E-12  3.02269E-17  1.07942E+00  0.00000E+00  1.5E-07
  3.000E-04  6.85391E-12  3.02269E-17  1.07942E+00  0.00000E+00  1.5E-07
  3.250E-04  8.04379E-12  3.02269E-17  1.07942E+00  0.00000E+00  1.5E-07
  3.500E-04  9.32893E-12  3.02269E-17  1.07942E+00  0.00000E+00  1.5E-07
  3.750E-04  1.07092E-11  3.02269E-17  1.07942E+00  0.00000E+00  1.5E-07
  4.000E-04  1.21847E-11  3.02269E-17  1.07942E+00  0.00000E+00  1.5E-07
  4.250E-04  1.37554E-11  3.02269E-17  1.07942E+00  0.00000E+00  1.5E-07
  4.500E-04  1.54213E-11  3.02269E-17  1.07942E+00  0.00000E+00  1.5E-07
  4.750E-04  1.71823E-11  3.02269E-17  1.07942E+00  0.00000E+00  1.5E-07
  5.000E-04  1.90386E-11  3.02269E-17  1.07942E+00  0.00000E+00  1.5E-07
  5.250E-04  2.09900E-11  3.02269E-17  1.07942E+00  0.00000E+00  1.5E-07
  5.500E-04  2.30367E-11  3.02269E-17  1.07942E+00  0.00000E+00  1.5E-07
  5.750E-04  2.51785E-11  3.02269E-17  1.07942E+00  0.00000E+00  1.5E-07
  6.000E-04  2.74156E-11  3.02269E-17  1.07942E+00  0.00000E+00  1.5E-07
  6.250E-04  2.97478E-11  3.02269E-17  1.07942E+00  0.00000E+00  1.5E-07
  6.500E-04  3.21752E-11  3.02269E-17  1.07942E+00  0.00000E+00  1.5E-07
  6.750E-04  3.46979E-11  3.02269E-17  1.07942E+00  0.00000E+00  1.5E-07
  7.000E-04  3.73157E-11  3.02269E-17  1.07942E+00  0.00000E+00  1.5E-07
  7.250E-04  4.00286E-11  3.02269E-17  1.07942E+00  0.00000E+00  1.5E-07
  7.500E-04  4.28368E-11  3.02269E-17  1.07942E+00  0.00000E+00  1.5E-07
  7.750E-04  4.57402E-11  3.02269E-17  1.07942E+00  0.00000E+00  1.5E-07
  8.000E-04  4.87388E-11  3.02269E-17  1.07942E+00  0.00000E+00  1.5E-07
  8.250E-04  5.18325E-11  3.02269E-17  1.07942E+00  0.00000E+00  1.5E-07
  8.500E-04  5.50215E-11  3.02269E-17  1.07942E+00  0.00000E+00  1.5E-07
  8.750E-04  5.83057E-11  3.02269E-17  1.07942E+00  0.00000E+00  1.5E-07
  9.000E-04  6.16850E-11  3.02269E-17  1.07942E+00  0.00000E+00  1.5E-07
  9.250E-04  6.51595E-11  3.02269E-17  1.07942E+00  0.00000E+00  1.5E-07
  9.500E-04  6.87293E-11  3.02269E-17  1.07942E+00  0.00000E+00  1.5E-07
  9.750E-04  7.23943E-11  3.02269E-17  1.07942E+00  0.00000E+00  1.5E-07
  1.000E-03  7.61544E-11  3.02269E-17  1.07942E+00  0.00000E+00  1.5E-07
  1.250E-03  1.18991E-10  3.02269E-17  1.07942E+00  0.00000E+00  1.5E-07
  1.500E-03  1.71347E-10  3.02269E-17  1.07942E+00  0.00000E+00  1.5E-07
  1.750E-03  2.33223E-10  3.02269E-17  1.07942E+00  0.00000E+00  1.5E-07
  2.000E-03  3.04617E-10  3.02269E-17  1.07942E+00  0.00000E+00  1.5E-07
  2.250E-03  3.85531E-10  3.02269E-17  1.07942E+00  0.00000E+00  1.5E-07
  2.500E-03  4.75965E-10  3.02268E-17  1.07942E+00  0.00000E+00  1.5E-07
  2.750E-03  5.75917E-10  3.02268E-17  1.07942E+00  0.00000E+00  1.5E-07
  3.000E-03  6.85389E-10  3.02268E-17  1.07942E+00  0.00000E+00  1.5E-07
  3.250E-03  8.04380E-10  3.02268E-17  1.07942E+00  0.00000E+00  1.5E-07
  3.500E-03  9.32891E-10  3.02268E-17  1.07942E+00  0.00000E+00  1.5E-07
  3.750E-03  1.07092E-09  3.02268E-17  1.07942E+00  0.00000E+00  1.5E-07
  4.000E-03  1.21847E-09  3.02268E-17  1.07942E+00  0.00000E+00  1.5E-07
  4.250E-03  1.37554E-09  3.02267E-17  1.07942E+00  0.00000E+00  1.5E-07
  4.500E-03  1.54213E-09  3.02267E-17  1.07942E+00  0.00000E+00  1.5E-07
  4.750E-03  1.71823E-09  3.02267E-17  1.07941E+00  0.00000E+00  1.5E-07
  5.000E-03  1.90386E-09  3.02267E-17  1.07941E+00  0.00000E+00  1.5E-07
  5.250E-03  2.09900E-09  3.02266E-17  1.07941E+00  0.00000E+00  1.5E-07
  5.500E-03  2.30367E-09  3.02266E-17  1.07941E+00  0.00000E+00  1.5E-07
  5.750E-03  2.51785E-09  3.02266E-17  1.07941E+00  0.00000E+00  1.5E-07
  6.000E-03  2.74156E-09  3.02266E-17  1.07941E+00  0.00000E+00  1.5E-07
  6.250E-03  2.97478E-09  3.02265E-17  1.07941E+00  0.00000E+00  1.5E-07
  6.500E-03  3.21752E-09  3.02265E-17  1.07941E+00  0.00000E+00  1.5E-07
  6.750E-03  3.46978E-09  3.02265E-17  1.07941E+00  0.00000E+00  1.5E-07
  7.000E-03  3.73156E-09  3.02264E-17  1.07941E+00  0.00000E+00  1.5E-07
  7.250E-03  4.00286E-09  3.02264E-17  1.07940E+00  0.00000E+00  1.5E-07
  7.500E-03  4.28368E-09  3.02264E-17  1.07940E+00  0.00000E+00  1.5E-07
  7.750E-03  4.57402E-09  3.02263E-17  1.07940E+00  0.00000E+00  1.5E-07
  8.000E-03  4.87388E-09  3.02263E-17  1.07940E+00  0.00000E+00  1.5E-07
  8.250E-03  5.18326E-09  3.02263E-17  1.07940E+00  0.00000E+00  1.5E-07
  8.500E-03  5.50215E-09  3.02262E-17  1.07940E+00  0.00000E+00  1.5E-07
  8.750E-03  5.83057E-09  3.02262E-17  1.07940E+00  0.00000E+00  1.5E-07
  9.000E-03  6.16850E-09  3.02262E-17  1.07940E+00  0.00000E+00  1.5E-07
  9.250E-03  6.51596E-09  3.02261E-17  1.07939E+00  0.00000E+00  1.5E-07
  9.500E-03  6.87293E-09  3.02261E-17  1.07939E+00  0.00000E+00  1.5E-07
  9.750E-03  7.23942E-09  3.02260E-17  1.07939E+00  0.00000E+00  1.5E-07
  1.000E-02  7.61544E-09  3.02260E-17  1.07939E+00  0.00000E+00  1.5E-07
  1.250E-02  1.18991E-08  3.02254E-17  1.07937E+00  0.00000E+00  1.5E-07
  1.500E-02  1.71347E-08  3.02248E-17  1.07935E+00  0.00000E+00  1.5E-07
  1.750E-02  2.33223E-08  3.02240E-17  1.07932E+00  0.00000E+00  1.5E-07
  2.000E-02  3.04617E-08  3.02232E-17  1.07929E+00  0.00000E+00  1.5E-07
  2.250E-02  3.85531E-08  3.02222E-17  1.07925E+00  0.00000E+00  1.5E-07
  2.500E-02  4.75965E-08  3.02211E-17  1.07921E+00  0.00000E+00  1.5E-07
  2.750E-02  5.75917E-08  3.02198E-17  1.07917E+00  0.00000E+00  1.5E-07
  3.000E-02  6.85389E-08  3.02185E-17  1.07912E+00  0.00000E+00  1.5E-07
  3.250E-02  8.04380E-08  3.02170E-17  1.07907E+00  0.00000E+00  1.5E-07
  3.500E-02  9.32891E-08  3.02155E-17  1.07901E+00  0.00000E+00  1.5E-07
  3.750E-02  1.07092E-07  3.02138E-17  1.07895E+00  0.00000E+00  1.5E-07
  4.000E-02  1.21847E-07  3.02120E-17  1.07889E+00  0.00000E+00  1.5E-07
  4.250E-02  1.37554E-07  3.02101E-17  1.07882E+00  0.00000E+00  1.5E-07
  4.500E-02  1.54213E-07  3.02080E-17  1.07875E+00  0.00000E+00  1.5E-07
  4.750E-02  1.71823E-07  3.02059E-17  1.07867E+00  0.00000E+00  1.5E-07
  5.000E-02  1.90386E-07  3.02036E-17  1.07859E+00  0.00000E+00  1.5E-07
  5.250E-02  2.09900E-07  3.02012E-17  1.07850E+00  0.00000E+00  1.4E-07
  5.500E-02  2.30367E-07  3.01987E-17  1.07841E+00  0.00000E+00  1.4E-07
  5.750E-02  2.51785E-07  3.01961E-17  1.07832E+00  0.00000E+00  1.4E-07
  6.000E-02  2.74156E-07  3.01933E-17  1.07822E+00  0.00000E+00  1.4E-07
  6.250E-02  2.97478E-07  3.01905E-17  1.07812E+00  0.00000E+00  1.4E-07
  6.500E-02  3.21752E-07  3.01875E-17  1.07802E+00  0.00000E+00  1.4E-07
  6.750E-02  3.46978E-07  3.01844E-17  1.07790E+00  0.00000E+00  1.4E-07
  7.000E-02  3.73156E-07  3.01812E-17  1.07779E+00  0.00000E+00  1.4E-07
  7.250E-02  4.00286E-07  3.01779E-17  1.07767E+00  0.00000E+00  1.4E-07
  7.500E-02  4.28368E-07  3.01745E-17  1.07755E+00  0.00000E+00  1.4E-07
  7.750E-02  4.57402E-07  3.01709E-17  1.07742E+00  0.00000E+00  1.4E-07
  8.000E-02  4.87388E-07  3.01672E-17  1.07729E+00  0.00000E+00  1.4E-07
  8.250E-02  5.18325E-07  3.01635E-17  1.07716E+00  0.00000E+00  1.4E-07
  8.500E-02  5.50215E-07  3.01596E-17  1.07702E+00  0.00000E+00  1.4E-07
  8.750E-02  5.83057E-07  3.01555E-17  1.07687E+00  0.00000E+00  1.4E-07
  9.000E-02  6.16850E-07  3.01514E-17  1.07673E+00  0.00000E+00  1.4E-07
  9.250E-02  6.51596E-07  3.01472E-17  1.07658E+00  0.00000E+00  1.4E-07
  9.500E-02  6.87293E-07  3.01428E-17  1.07642E+00  0.00000E+00  1.4E-07
  9.750E-02  7.23942E-07  3.01383E-17  1.07626E+00  0.00000E+00  1.4E-07
  1.000E-01  7.61543E-07  3.01338E-17  1.07610E+00  0.00000E+00  1.4E-07
  1.250E-01  1.18991E-06  3.00815E-17  1.07423E+00  0.00000E+00  1.3E-07
  1.500E-01  1.71347E-06  3.00179E-17  1.07196E+00  0.00000E+00  1.2E-07
  1.750E-01  2.33223E-06  2.99429E-17  1.06928E+00  0.00000E+00  1.1E-07
  2.000E-01  3.04617E-06  2.98567E-17  1.06620E+00  0.00000E+00  1.0E-07
  2.250E-01  3.85531E-06  2.97594E-17  1.06273E+00  0.00000E+00  1.0E-07
  2.500E-01  4.75964E-06  2.96512E-17  1.05886E+00  0.00000E+00  1.0E-07
  2.750E-01  5.75916E-06  2.95322E-17  1.05461E+00  0.00000E+00  1.0E-07
  3.000E-01  6.85388E-06  2.94026E-17  1.04999E+00  0.00000E+00  1.0E-07
  3.250E-01  8.04378E-06  2.92627E-17  1.04499E+00  0.00000E+00  1.0E-07
  3.500E-01  9.32888E-06  2.91126E-17  1.03963E+00  0.00000E+00  1.0E-07
  3.750E-01  1.07092E-05  2.89526E-17  1.03392E+00  0.00000E+00  1.0E-07
  4.000E-01  1.21846E-05  2.87830E-17  1.02786E+00  0.00000E+00  1.0E-07
  4.250E-01  1.37553E-05  2.86038E-17  1.02146E+00  0.00000E+00  1.0E-07
  4.500E-01  1.54212E-05  2.84155E-17  1.01474E+00  0.00000E+00  1.0E-07
  4.750E-01  1.71822E-05  2.82183E-17  1.00770E+00  0.00000E+00  1.0E-07
  5.000E-01  1.90385E-05  2.80125E-17  1.00035E+00  0.00000E+00  1.0E-07
  5.250E-01  2.09899E-05  2.77984E-17  9.92700E-01  0.00000E+00  1.0E-07
  5.500E-01  2.30365E-05  2.75763E-17  9.84768E-01  0.00000E+00  1.0E-07
  5.750E-01  2.51783E-05  2.73465E-17  9.76561E-01  0.00000E+00  1.0E-07
  6.000E-01  2.74153E-05  2.71093E-17  9.68091E-01  0.00000E+00  1.0E-07
  6.250E-01  2.97475E-05  2.68650E-17  9.59368E-01  0.00000E+00  1.0E-07
  6.500E-01  3.21749E-05  2.66140E-17  9.50405E-01  0.00000E+00  1.0E-07
  6.750E-01  3.46974E-05  2.63567E-17  9.41213E-01  0.00000E+00  1.0E-07
  7.000E-01  3.73152E-05  2.60932E-17  9.31805E-01  0.00000E+00  1.0E-07
  7.250E-01  4.00281E-05  2.58240E-17  9.22192E-01  0.00000E+00  1.0E-07
  7.500E-01  4.28362E-05  2.55494E-17  9.12386E-01  0.00000E+00  1.0E-07
  7.750E-01  4.57395E-05  2.52698E-17  9.02400E-01  0.00000E+00  1.0E-07
  8.000E-01  4.87380E-05  2.49854E-17  8.92245E-01  0.00000E+00  1.0E-07
  8.250E-01  5.18317E-05  2.46967E-17  8.81934E-01  0.00000E+00  1.0E-07
  8.500E-01  5.50205E-05  2.44039E-17  8.71478E-01  0.00000E+00  1.0E-07
  8.750E-01  5.83045E-05  2.41074E-17  8.60890E-01  0.00000E+00  1.0E-07
  9.000E-01  6.16838E-05  2.38075E-17  8.50181E-01  0.00000E+00  1.0E-07
  9.250E-01  6.51582E-05  2.35046E-17  8.39363E-01  0.00000E+00  1.0E-07
  9.500E-01  6.87277E-05  2.31989E-17  8.28448E-01  0.00000E+00  1.0E-07
  9.750E-01  7.23925E-05  2.28908E-17  8.17446E-01  0.00000E+00  1.0E-07
  1.000E+00  7.61524E-05  2.25806E-17  8.06369E-01  0.00000E+00  1.0E-07
  1.100E+00  9.21439E-05  2.13248E-17  7.61523E-01  0.00000E+00  1.0E-07
  1.200E+00  1.09658E-04  2.00585E-17  7.16303E-01  0.00000E+00  1.0E-07
  1.300E+00  1.28695E-04  1.87982E-17  6.71296E-01  0.00000E+00  1.0E-07
  1.400E+00  1.49255E-04  1.75581E-17  6.27012E-01  0.00000E+00  1.0E-07
  1.500E+00  1.71338E-04  1.63502E-17  5.83875E-01  0.00000E+00  1.0E-07
  1.600E+00  1.94942E-04  1.51840E-17  5.42231E-01  0.00000E+00  1.0E-07
  1.700E+00  2.20070E-04  1.40671E-17  5.02344E-01  0.00000E+00  1.0E-07
  1.800E+00  2.46720E-04  1.30047E-17  4.64408E-01  0.00000E+00  1.0E-07
  1.900E+00  2.74892E-04  1.20006E-17  4.28550E-01  0.00000E+00  1.0E-07
  2.000E+00  3.04586E-04  1.10567E-17  3.94842E-01  0.00000E+00  1.0E-07
  2.100E+00  3.35803E-04  1.01737E-17  3.63309E-01  0.00000E+00  1.0E-07
  2.200E+00  3.68542E-04  9.35114E-18  3.33935E-01  0.00000E+00  1.0E-07
  2.300E+00  4.02802E-04  8.58776E-18  3.06675E-01  0.00000E+00  1.0E-07
  2.400E+00  4.38585E-04  7.88159E-18  2.81457E-01  0.00000E+00  1.0E-07
  2.500E+00  4.75889E-04  7.23016E-18  2.58194E-01  0.00000E+00  1.0E-07
  2.600E+00  5.14715E-04  6.63065E-18  2.36785E-01  0.00000E+00  1.0E-07
  2.700E+00  5.55063E-04  6.08007E-18  2.17123E-01  0.00000E+00  1.0E-07
  2.800E+00  5.96931E-04  5.57526E-18  1.99096E-01  0.00000E+00  1.0E-07
  2.900E+00  6.40321E-04  5.11309E-18  1.82592E-01  0.00000E+00  1.0E-07
  3.000E+00  6.85233E-04  4.69042E-18  1.67498E-01  0.00000E+00  1.0E-07
  3.100E+00  7.31665E-04  4.30423E-18  1.53707E-01  0.00000E+00  1.0E-07
  3.200E+00  7.79618E-04  3.95162E-18  1.41115E-01  0.00000E+00  1.0E-07
  3.300E+00  8.29092E-04  3.62981E-18  1.29623E-01  0.00000E+00  1.0E-07
  3.400E+00  8.80086E-04  3.33621E-18  1.19138E-01  0.00000E+00  1.0E-07
  3.500E+00  9.32601E-04  3.06839E-18  1.09574E-01  0.00000E+00  1.0E-07
  3.600E+00  9.86636E-04  2.82408E-18  1.00850E-01  0.00000E+00  1.0E-07
  3.700E+00  1.04219E-03  2.60120E-18  9.28906E-02  0.00000E+00  1.0E-07
  3.800E+00  1.09927E-03  2.39783E-18  8.56279E-02  0.00000E+00  1.0E-07
  3.900E+00  1.15786E-03  2.21218E-18  7.89986E-02  0.00000E+00  1.0E-07
  4.000E+00  1.21797E-03  2.04267E-18  7.29449E-02  0.00000E+00  1.0E-07
  4.100E+00  1.27961E-03  1.88779E-18  6.74144E-02  0.00000E+00  1.0E-07
  4.200E+00  1.34276E-03  1.74623E-18  6.23589E-02  0.00000E+00  1.0E-07
  4.300E+00  1.40743E-03  1.61674E-18  5.77349E-02  0.00000E+00  1.0E-07
  4.400E+00  1.47362E-03  1.49823E-18  5.35029E-02  0.00000E+00  1.0E-07
  4.500E+00  1.54133E-03  1.38969E-18  4.96268E-02  0.00000E+00  1.0E-07
  4.600E+00  1.61056E-03  1.29021E-18  4.60742E-02  0.00000E+00  1.0E-07
  4.700E+00  1.68131E-03  1.19896E-18  4.28155E-02  0.00000E+00  1.0E-07
  4.800E+00  1.75357E-03  1.11519E-18  3.98241E-02  0.00000E+00  1.0E-07
  4.900E+00  1.82735E-03  1.03823E-18  3.70758E-02  0.00000E+00  1.2E-07
  5.000E+00  1.90265E-03  9.67464E-19  3.45488E-02  0.00000E+00  1.1E-07
  5.100E+00  1.97947E-03  9.02341E-19  3.22232E-02  0.00000E+00  1.0E-07
  5.200E+00  2.05780E-03  8.42360E-19  3.00812E-02  0.00000E+00  1.0E-07
  5.300E+00  2.13765E-03  7.87066E-19  2.81066E-02  0.00000E+00  1.0E-07
  5.400E+00  2.21902E-03  7.36048E-19  2.62848E-02  0.00000E+00  1.3E-07
  5.500E+00  2.30190E-03  6.88935E-19  2.46023E-02  0.00000E+00  1.3E-07
  5.600E+00  2.38630E-03  6.45391E-19  2.30473E-02  0.00000E+00  1.0E-07
  5.700E+00  2.47222E-03  6.05108E-19  2.16088E-02  0.00000E+00  1.0E-07
  5.800E+00  2.55965E-03  5.67812E-19  2.02769E-02  0.00000E+00  1.0E-07
  5.900E+00  2.64859E-03  5.33250E-19  1.90427E-02  0.00000E+00  1.3E-07
  6.000E+00  2.73905E-03  5.01195E-19  1.78980E-02  0.00000E+00  1.5E-07
  6.100E+00  2.83103E-03  4.71439E-19  1.68354E-02  0.00000E+00  1.2E-07
  6.200E+00  2.92452E-03  4.43794E-19  1.58482E-02  0.00000E+00  1.0E-07
  6.300E+00  3.01952E-03  4.18089E-19  1.49302E-02  0.00000E+00  1.0E-07
  6.400E+00  3.11604E-03  3.94168E-19  1.40760E-02  0.00000E+00  1.3E-07
  6.500E+00  3.21407E-03  3.71889E-19  1.32804E-02  0.00000E+00  1.7E-07
  6.600E+00  3.31362E-03  3.51122E-19  1.25388E-02  0.00000E+00  1.5E-07
  6.700E+00  3.41468E-03  3.31751E-19  1.18470E-02  0.00000E+00  1.0E-07
  6.800E+00  3.51725E-03  3.13665E-19  1.12012E-02  0.00000E+00  1.0E-07
  6.900E+00  3.62133E-03  2.96768E-19  1.05978E-02  0.00000E+00  1.2E-07
  7.000E+00  3.72692E-03  2.80969E-19  1.00336E-02  0.00000E+00  1.8E-07
  7.100E+00  3.83403E-03  2.66186E-19  9.50569E-03  0.00000E+00  1.8E-07
  7.200E+00  3.94265E-03  2.52343E-19  9.01135E-03  0.00000E+00  1.2E-07
  7.300E+00  4.05278E-03  2.39372E-19  8.54812E-03  0.00000E+00  1.0E-07
  7.400E+00  4.16442E-03  2.27208E-19  8.11373E-03  0.00000E+00  1.0E-07
  7.500E+00  4.27757E-03  2.15793E-19  7.70611E-03 -2.28381E-06  1.8E-07
  7.600E+00  4.39223E-03  2.05074E-19  7.32333E-03 -2.37207E-06  2.1E-07
  7.700E+00  4.50840E-03  1.95002E-19  6.96364E-03 -2.46226E-06  1.6E-07
  7.800E+00  4.62608E-03  1.85531E-19  6.62543E-03 -2.55441E-06  1.0E-07
  7.900E+00  4.74527E-03  1.76619E-19  6.30719E-03 -2.64853E-06  1.0E-07
  8.000E+00  4.86597E-03  1.68229E-19  6.00757E-03 -2.74462E-06  1.8E-07
  8.100E+00  4.98817E-03  1.60324E-19  5.72529E-03 -2.84272E-06  2.3E-07
  8.200E+00  5.11188E-03  1.52873E-19  5.45918E-03 -2.94285E-06  2.0E-07
  8.300E+00  5.23711E-03  1.45843E-19  5.20816E-03 -3.04508E-06  1.1E-07
  8.400E+00  5.36383E-03  1.39209E-19  4.97124E-03 -3.14948E-06  1.0E-07
  8.500E+00  5.49207E-03  1.32943E-19  4.74749E-03 -3.25613E-06  1.6E-07
  8.600E+00  5.62181E-03  1.27023E-19  4.53606E-03 -3.36510E-06  2.4E-07
  8.700E+00  5.75306E-03  1.21424E-19  4.33615E-03 -3.47646E-06  2.4E-07
  8.800E+00  5.88581E-03  1.16128E-19  4.14702E-03 -3.59026E-06  1.6E-07
  8.900E+00  6.02007E-03  1.11115E-19  3.96800E-03 -3.70651E-06  1.0E-07
  9.000E+00  6.15583E-03  1.06367E-19  3.79845E-03 -3.82521E-06  1.4E-07
  9.100E+00  6.29310E-03  1.01868E-19  3.63779E-03 -3.94636E-06  2.4E-07
  9.200E+00  6.43187E-03  9.76029E-20  3.48546E-03 -4.06997E-06  2.7E-07
  9.300E+00  6.57214E-03  9.35567E-20  3.34097E-03 -4.19605E-06  2.1E-07
  9.400E+00  6.71392E-03  8.97165E-20  3.20383E-03 -4.32465E-06  1.0E-07
  9.500E+00  6.85720E-03  8.60700E-20  3.07362E-03 -4.45583E-06  1.0E-07
  9.600E+00  7.00198E-03  8.26057E-20  2.94990E-03 -4.58964E-06  2.4E-07
  9.700E+00  7.14827E-03  7.93130E-20  2.83232E-03 -4.72616E-06  3.0E-07
  9.800E+00  7.29605E-03  7.61817E-20  2.72050E-03 -4.86541E-06  2.6E-07
  9.900E+00  7.44534E-03  7.32025E-20  2.61411E-03 -5.00739E-06  1.3E-07
  1.000E+01  7.59612E-03  7.03669E-20  2.51285E-03 -5.15209E-06  1.0E-07
  1.025E+01  7.97965E-03  6.38530E-20  2.28023E-03 -5.52542E-06  3.2E-07
  1.050E+01  8.37255E-03  5.80726E-20  2.07381E-03 -5.91498E-06  1.0E-07
  1.075E+01  8.77480E-03  5.29293E-20  1.89014E-03 -6.32110E-06  3.4E-07
  1.100E+01  9.18641E-03  4.83411E-20  1.72629E-03 -6.74425E-06  1.0E-07
  1.125E+01  9.60736E-03  4.42378E-20  1.57976E-03 -7.18395E-06  3.5E-07
  1.150E+01  1.00376E-02  4.05596E-20  1.44841E-03 -7.63913E-06  1.5E-07
  1.175E+01  1.04773E-02  3.72548E-20  1.33039E-03 -8.10959E-06  3.4E-07
  1.200E+01  1.09262E-02  3.42790E-20  1.22412E-03 -8.59583E-06  2.3E-07
  1.225E+01  1.13844E-02  3.15937E-20  1.12823E-03 -9.09753E-06  3.2E-07
  1.250E+01  1.18520E-02  2.91657E-20  1.04152E-03 -9.61342E-06  3.0E-07
  1.275E+01  1.23288E-02  2.69659E-20  9.62971E-04 -1.01429E-05  2.8E-07
  1.300E+01  1.28150E-02  2.49693E-20  8.91671E-04 -1.06869E-05  3.7E-07
  1.325E+01  1.33104E-02  2.31538E-20  8.26837E-04 -1.12459E-05  2.2E-07
  1.350E+01  1.38150E-02  2.15001E-20  7.67782E-04 -1.18195E-05  4.3E-07
  1.375E+01  1.43290E-02  1.99913E-20  7.13903E-04 -1.24076E-05  1.5E-07
  1.400E+01  1.48521E-02  1.86126E-20  6.64667E-04 -1.30118E-05  2.5E-07
  1.425E+01  1.53845E-02  1.73507E-20  6.19606E-04 -1.36342E-05  1.0E-07
  1.450E+01  1.59262E-02  1.61942E-20  5.78305E-04 -1.42756E-05  5.2E-07
  1.475E+01  1.64770E-02  1.51326E-20  5.40397E-04 -1.49361E-05  1.0E-07
  1.500E+01  1.70371E-02  1.41569E-20  5.05554E-04 -1.56171E-05  5.4E-07
  1.525E+01  1.76063E-02  1.32589E-20  4.73484E-04 -1.63208E-05  1.4E-07
  1.550E+01  1.81848E-02  1.24312E-20  4.43927E-04 -1.70476E-05  5.4E-07
  1.575E+01  1.87724E-02  1.16674E-20  4.16650E-04 -1.77958E-05  2.5E-07
  1.600E+01  1.93692E-02  1.09616E-20  3.91444E-04 -1.85643E-05  5.1E-07
  1.625E+01  1.99751E-02  1.03085E-20  3.68122E-04 -1.93533E-05  3.6E-07
  1.650E+01  2.05901E-02  9.70342E-21  3.46516E-04 -2.01618E-05  4.6E-07
  1.675E+01  2.12143E-02  9.14217E-21  3.26473E-04 -2.09863E-05  4.6E-07
  1.700E+01  2.18476E-02  8.62094E-21  3.07859E-04 -2.18235E-05  3.9E-07
  1.725E+01  2.24900E-02  8.13630E-21  2.90553E-04 -2.26726E-05  5.6E-07
  1.750E+01  2.31415E-02  7.68520E-21  2.74443E-04 -2.35340E-05  3.0E-07
  1.775E+01  2.38021E-02  7.26488E-21  2.59433E-04 -2.44059E-05  6.3E-07
  1.800E+01  2.44717E-02  6.87287E-21  2.45435E-04 -2.52866E-05  1.9E-07
  1.825E+01  2.51504E-02  6.50695E-21  2.32367E-04 -2.61779E-05  6.9E-07
  1.850E+01  2.58382E-02  6.16507E-21  2.20159E-04 -2.70841E-05  1.0E-07
  1.875E+01  2.65349E-02  5.84542E-21  2.08744E-04 -2.80075E-05  7.3E-07
  1.900E+01  2.72407E-02  5.54633E-21  1.98063E-04 -2.89493E-05  1.0E-07
  1.925E+01  2.79555E-02  5.26626E-21  1.88062E-04 -2.99125E-05  7.4E-07
  1.950E+01  2.86793E-02  5.00381E-21  1.78689E-04 -3.09023E-05  2.2E-07
  1.975E+01  2.94120E-02  4.75767E-21  1.69900E-04 -3.19218E-05  7.2E-07
  2.000E+01  3.01537E-02  4.52667E-21  1.61650E-04 -3.29701E-05  3.6E-07
  2.025E+01  3.09043E-02  4.30967E-21  1.53901E-04 -3.40458E-05  6.8E-07
  2.050E+01  3.16639E-02  4.10567E-21  1.46616E-04 -3.51493E-05  5.0E-07
  2.075E+01  3.24324E-02  3.91371E-21  1.39761E-04 -3.62798E-05  6.0E-07
  2.100E+01  3.32098E-02  3.73291E-21  1.33305E-04 -3.74319E-05  6.3E-07
  2.125E+01  3.39961E-02  3.56249E-21  1.27219E-04 -3.85989E-05  5.0E-07
  2.150E+01  3.47912E-02  3.40169E-21  1.21477E-04 -3.97777E-05  7.5E-07
  2.175E+01  3.55952E-02  3.24985E-21  1.16054E-04 -4.09663E-05  3.7E-07
  2.200E+01  3.64081E-02  3.10637E-21  1.10930E-04 -4.21610E-05  8.4E-07
  2.225E+01  3.72297E-02  2.97068E-21  1.06085E-04 -4.33573E-05  2.2E-07
  2.250E+01  3.80602E-02  2.84230E-21  1.01500E-04 -4.45551E-05  9.0E-07
  2.275E+01  3.88995E-02  2.72075E-21  9.71599E-05 -4.57591E-05  1.0E-07
  2.300E+01  3.97476E-02  2.60564E-21  9.30490E-05 -4.69729E-05  9.4E-07
  2.325E+01  4.06044E-02  2.49657E-21  8.91542E-05 -4.81985E-05  1.0E-07
  2.350E+01  4.14700E-02  2.39320E-21  8.54625E-05 -4.94413E-05  9.4E-07
  2.375E+01  4.23443E-02  2.29518E-21  8.19623E-05 -5.07087E-05  3.1E-07
  2.400E+01  4.32273E-02  2.20221E-21  7.86423E-05 -5.20081E-05  9.0E-07
  2.425E+01  4.41190E-02  2.11399E-21  7.54919E-05 -5.33414E-05  4.9E-07
  2.450E+01  4.50194E-02  2.03024E-21  7.25011E-05 -5.47090E-05  8.3E-07
  2.475E+01  4.59284E-02  1.95068E-21  6.96601E-05 -5.61130E-05  6.5E-07
  2.500E+01  4.68461E-02  1.87506E-21  6.69596E-05 -5.75537E-05  7.2E-07
  2.550E+01  4.87074E-02  1.73467E-21  6.19463E-05 -6.05212E-05  5.9E-07
  2.600E+01  5.06030E-02  1.60728E-21  5.73971E-05 -6.35558E-05  4.2E-07
  2.650E+01  5.25328E-02  1.49135E-21  5.32572E-05 -6.66089E-05  1.3E-07
  2.700E+01  5.44967E-02  1.38562E-21  4.94812E-05 -6.96389E-05  1.0E-07
  2.750E+01  5.64946E-02  1.28903E-21  4.60320E-05 -7.26593E-05  1.9E-07
  2.800E+01  5.85262E-02  1.20074E-21  4.28790E-05 -7.57049E-05  4.0E-07
  2.850E+01  6.05914E-02  1.11999E-21  3.99957E-05 -7.88511E-05  6.1E-07
  2.900E+01  6.26901E-02  1.04611E-21  3.73572E-05 -8.21473E-05  8.0E-07
  2.950E+01  6.48222E-02  9.78413E-22  3.49397E-05 -8.56234E-05  9.7E-07
  3.000E+01  6.69873E-02  9.16256E-22  3.27201E-05 -8.92456E-05  1.1E-06
  3.050E+01  6.91854E-02  8.59029E-22  3.06765E-05 -9.29505E-05  1.2E-06
  3.100E+01  7.14163E-02  8.06198E-22  2.87898E-05 -9.66567E-05  1.3E-06
  3.150E+01  7.36799E-02  7.57316E-22  2.70442E-05 -1.00309E-04  1.1E-06
  3.200E+01  7.59760E-02  7.12038E-22  2.54273E-05 -1.03907E-04  6.3E-07
  3.250E+01  7.83043E-02  6.70091E-22  2.39294E-05 -1.07493E-04  1.4E-07
  3.300E+01  8.06647E-02  6.31243E-22  2.25421E-05 -1.11162E-04  3.2E-07
  3.350E+01  8.30571E-02  5.95272E-22  2.12575E-05 -1.14988E-04  7.3E-07
  3.400E+01  8.54812E-02  5.61946E-22  2.00675E-05 -1.19022E-04  6.8E-07
  3.450E+01  8.79369E-02  5.31021E-22  1.89631E-05 -1.23238E-04  4.5E-07
  3.500E+01  9.04240E-02  5.02252E-22  1.79357E-05 -1.27563E-04  2.0E-07
  3.550E+01  9.29422E-02  4.75413E-22  1.69773E-05 -1.31892E-04  1.0E-07
  3.600E+01  9.54915E-02  4.50315E-22  1.60810E-05 -1.36145E-04  3.3E-07
  3.650E+01  9.80716E-02  4.26818E-22  1.52420E-05 -1.40291E-04  5.9E-07
  3.700E+01  1.00682E-01  4.04819E-22  1.44563E-05 -1.44375E-04  8.3E-07
  3.750E+01  1.03323E-01  3.84240E-22  1.37215E-05 -1.48496E-04  8.9E-07
  3.800E+01  1.05995E-01  3.65007E-22  1.30346E-05 -1.52758E-04  5.9E-07
  3.850E+01  1.08696E-01  3.47035E-22  1.23929E-05 -1.57246E-04  2.6E-07
  3.900E+01  1.11427E-01  3.30227E-22  1.17926E-05 -1.61951E-04  1.0E-07
  3.950E+01  1.14188E-01  3.14471E-22  1.12300E-05 -1.66816E-04  3.6E-07
  4.000E+01  1.16978E-01  2.99661E-22  1.07011E-05 -1.71709E-04  6.3E-07
  4.050E+01  1.19797E-01  2.85702E-22  1.02026E-05 -1.76528E-04  8.4E-07
  4.100E+01  1.22645E-01  2.72524E-22  9.73201E-06 -1.81199E-04  9.9E-07
  4.150E+01  1.25522E-01  2.60079E-22  9.28761E-06 -1.85745E-04  1.1E-06
  4.200E+01  1.28428E-01  2.48339E-22  8.86835E-06 -1.90255E-04  8.8E-07
  4.250E+01  1.31361E-01  2.37279E-22  8.47340E-06 -1.94854E-04  6.3E-07
  4.300E+01  1.34323E-01  2.26871E-22  8.10172E-06 -1.99664E-04  3.7E-07
  4.350E+01  1.37313E-01  2.17076E-22  7.75193E-06 -2.04718E-04  1.0E-07
  4.400E+01  1.40330E-01  2.07843E-22  7.42222E-06 -2.09991E-04  1.9E-07
  4.450E+01  1.43375E-01  1.99118E-22  7.11064E-06 -2.15352E-04  3.2E-07
  4.500E+01  1.46447E-01  1.90848E-22  6.81531E-06 -2.20680E-04  1.0E-07
  4.550E+01  1.49545E-01  1.82992E-22  6.53475E-06 -2.25850E-04  1.5E-07
  4.600E+01  1.52671E-01  1.75521E-22  6.26796E-06 -2.30847E-04  3.7E-07
  4.650E+01  1.55823E-01  1.68420E-22  6.01440E-06 -2.35712E-04  5.5E-07
  4.700E+01  1.59001E-01  1.61683E-22  5.77382E-06 -2.40585E-04  6.9E-07
  4.750E+01  1.62205E-01  1.55302E-22  5.54594E-06 -2.45595E-04  7.8E-07
  4.800E+01  1.65435E-01  1.49263E-22  5.33029E-06 -2.50849E-04  8.3E-07
  4.850E+01  1.68690E-01  1.43546E-22  5.12611E-06 -2.56358E-04  8.1E-07
  4.900E+01  1.71970E-01  1.38122E-22  4.93244E-06 -2.62045E-04  7.6E-07
  4.950E+01  1.75276E-01  1.32963E-22  4.74819E-06 -2.67777E-04  6.5E-07
  5.000E+01  1.78606E-01  1.28040E-22  4.57241E-06 -2.73402E-04  5.1E-07
  5.050E+01  1.81961E-01  1.23335E-22  4.40438E-06 -2.78839E-04  3.5E-07
  5.100E+01  1.85340E-01  1.18836E-22  4.24370E-06 -2.84067E-04  1.7E-07
  5.150E+01  1.88743E-01  1.14538E-22  4.09023E-06 -2.89190E-04  1.0E-07
  5.200E+01  1.92169E-01  1.10441E-22  3.94392E-06 -2.94329E-04  1.0E-07
  5.250E+01  1.95619E-01  1.06542E-22  3.80470E-06 -2.99651E-04  3.0E-07
  5.300E+01  1.99092E-01  1.02835E-22  3.67232E-06 -3.05215E-04  4.8E-07
  5.350E+01  2.02589E-01  9.93084E-23  3.54637E-06 -3.11033E-04  5.8E-07
  5.400E+01  2.06107E-01  9.59453E-23  3.42627E-06 -3.16996E-04  6.4E-07
  5.450E+01  2.09649E-01  9.27290E-23  3.31141E-06 -3.22962E-04  6.6E-07
  5.500E+01  2.13212E-01  8.96445E-23  3.20126E-06 -3.28787E-04  6.3E-07
  5.550E+01  2.16797E-01  8.66816E-23  3.09546E-06 -3.34384E-04  5.7E-07
  5.600E+01  2.20404E-01  8.38354E-23  2.99382E-06 -3.39774E-04  4.8E-07
  5.650E+01  2.24032E-01  8.11050E-23  2.89631E-06 -3.45041E-04  3.6E-07
  5.700E+01  2.27680E-01  7.84914E-23  2.80298E-06 -3.50352E-04  2.2E-07
  5.750E+01  2.31350E-01  7.59943E-23  2.71381E-06 -3.55825E-04  1.0E-07
  5.800E+01  2.35040E-01  7.36105E-23  2.62868E-06 -3.61561E-04  1.0E-07
  5.850E+01  2.38751E-01  7.13333E-23  2.54736E-06 -3.67523E-04  2.1E-07
  5.900E+01  2.42481E-01  6.91530E-23  2.46950E-06 -3.73629E-04  3.4E-07
  5.950E+01  2.46231E-01  6.70595E-23  2.39474E-06 -3.79708E-04  1.9E-07
  6.000E+01  2.50000E-01  6.50434E-23  2.32274E-06 -3.85638E-04  1.0E-07
  6.050E+01  2.53788E-01  6.30990E-23  2.25331E-06 -3.91308E-04  1.9E-07
  6.100E+01  2.57595E-01  6.12231E-23  2.18632E-06 -3.96746E-04  3.5E-07
  6.150E+01  2.61421E-01  5.94163E-23  2.12179E-06 -4.02030E-04  5.0E-07
  6.200E+01  2.65264E-01  5.76797E-23  2.05978E-06 -4.07311E-04  4.5E-07
  6.250E+01  2.69126E-01  5.60142E-23  2.00030E-06 -4.12744E-04  3.6E-07
  6.300E+01  2.73005E-01  5.44188E-23  1.94333E-06 -4.18404E-04  2.5E-07
  6.350E+01  2.76901E-01  5.28900E-23  1.88874E-06 -4.24321E-04  1.4E-07
  6.400E+01  2.80814E-01  5.14224E-23  1.83633E-06 -4.30385E-04  1.0E-07
  6.450E+01  2.84744E-01  5.00096E-23  1.78587E-06 -4.36480E-04  1.1E-07
  6.500E+01  2.88691E-01  4.86455E-23  1.73716E-06 -4.42431E-04  2.2E-07
  6.550E+01  2.92653E-01  4.73257E-23  1.69003E-06 -4.48154E-04  3.2E-07
  6.600E+01  2.96632E-01  4.60482E-23  1.64441E-06 -4.53606E-04  3.6E-07
  6.650E+01  3.00625E-01  4.48126E-23  1.60029E-06 -4.58872E-04  2.3E-07
  6.700E+01  3.04634E-01  4.36203E-23  1.55771E-06 -4.64058E-04  1.1E-07
  6.750E+01  3.08658E-01  4.24720E-23  1.51670E-06 -4.69329E-04  1.0E-07
  6.800E+01  3.12697E-01  4.13684E-23  1.47729E-06 -4.74784E-04  1.2E-07
  6.850E+01  3.16749E-01  4.03077E-23  1.43941E-06 -4.80471E-04  2.0E-07
  6.900E+01  3.20816E-01  3.92874E-23  1.40298E-06 -4.86341E-04  2.7E-07
  6.950E+01  3.24896E-01  3.83035E-23  1.36784E-06 -4.92277E-04  1.8E-07
  7.000E+01  3.28990E-01  3.73520E-23  1.33386E-06 -4.98150E-04  1.0E-07
  7.050E+01  3.33097E-01  3.64296E-23  1.30092E-06 -5.03812E-04  1.0E-07
  7.100E+01  3.37216E-01  3.55341E-23  1.26895E-06 -5.09226E-04  1.3E-07
  7.150E+01  3.41348E-01  3.46650E-23  1.23791E-06 -5.14385E-04  2.0E-07
  7.200E+01  3.45492E-01  3.38228E-23  1.20783E-06 -5.19392E-04  1.2E-07
  7.250E+01  3.49647E-01  3.30084E-23  1.17875E-06 -5.24374E-04  1.0E-07
  7.300E+01  3.53814E-01  3.22227E-23  1.15069E-06 -5.29463E-04  1.0E-07
  7.350E+01  3.57992E-01  3.14655E-23  1.12365E-06 -5.34746E-04  1.8E-07
  7.400E+01  3.62181E-01  3.07358E-23  1.09759E-06 -5.40231E-04  2.7E-07
  7.450E+01  3.66381E-01  3.00315E-23  1.07244E-06 -5.45858E-04  3.4E-07
  7.500E+01  3.70590E-01  2.93501E-23  1.04811E-06 -5.51491E-04  2.9E-07
  7.550E+01  3.74810E-01  2.86888E-23  1.02450E-06 -5.57013E-04  2.1E-07
  7.600E+01  3.79039E-01  2.80457E-23  1.00153E-06 -5.62283E-04  1.3E-07
  7.650E+01  3.83277E-01  2.74196E-23  9.79171E-07 -5.67286E-04  1.0E-07
  7.700E+01  3.87524E-01  2.68102E-23  9.57409E-07 -5.72016E-04  1.0E-07
  7.750E+01  3.91780E-01  2.62181E-23  9.36266E-07 -5.76598E-04  1.5E-07
  7.800E+01  3.96044E-01  2.56442E-23  9.15771E-07 -5.81138E-04  1.3E-07
  7.850E+01  4.00316E-01  2.50892E-23  8.95952E-07 -5.85770E-04  1.0E-07
  7.900E+01  4.04596E-01  2.45531E-23  8.76808E-07 -5.90591E-04  1.7E-07
  7.950E+01  4.08882E-01  2.40356E-23  8.58325E-07 -5.95598E-04  3.4E-07
  8.000E+01  4.13176E-01  2.35351E-23  8.40453E-07 -6.00763E-04  3.6E-07
  8.050E+01  4.17476E-01  2.30501E-23  8.23134E-07 -6.05956E-04  3.4E-07
  8.100E+01  4.21783E-01  2.25788E-23  8.06302E-07 -6.11066E-04  3.0E-07
  8.150E+01  4.26095E-01  2.21196E-23  7.89904E-07 -6.15954E-04  2.4E-07
  8.200E+01  4.30413E-01  2.16715E-23  7.73903E-07 -6.20583E-04  1.7E-07
  8.250E+01  4.34737E-01  2.12343E-23  7.58289E-07 -6.24918E-04  1.0E-07
  8.300E+01  4.39065E-01  2.08081E-23  7.43071E-07 -6.29058E-04  1.0E-07
  8.350E+01  4.43398E-01  2.03936E-23  7.28270E-07 -6.33078E-04  1.0E-07
  8.400E+01  4.47736E-01  1.99915E-23  7.13908E-07 -6.37132E-04  1.6E-07
  8.450E+01  4.52077E-01  1.96020E-23  6.99999E-07 -6.41292E-04  2.3E-07
  8.500E+01  4.56422E-01  1.92250E-23  6.86539E-07 -6.45628E-04  2.8E-07
  8.550E+01  4.60770E-01  1.88601E-23  6.73508E-07 -6.50115E-04  3.1E-07
  8.600E+01  4.65122E-01  1.85063E-23  6.60872E-07 -6.54679E-04  1.2E-07
  8.650E+01  4.69476E-01  1.81622E-23  6.48586E-07 -6.59232E-04  1.6E-07
  8.700E+01  4.73832E-01  1.78269E-23  6.36611E-07 -6.63618E-04  3.0E-07
  8.750E+01  4.78190E-01  1.74993E-23  6.24912E-07 -6.67784E-04  2.6E-07
  8.800E+01  4.82550E-01  1.71789E-23  6.13469E-07 -6.71650E-04  2.0E-07
  8.850E+01  4.86912E-01  1.68656E-23  6.02281E-07 -6.75262E-04  1.3E-07
  8.900E+01  4.91274E-01  1.65596E-23  5.91354E-07 -6.78648E-04  1.0E-07
  8.950E+01  4.95637E-01  1.62615E-23  5.80707E-07 -6.81947E-04  1.0E-07
  9.000E+01  5.00000E-01  1.59716E-23  5.70356E-07 -6.85234E-04  1.0E-07
  9.050E+01  5.04363E-01  1.56903E-23  5.60311E-07 -6.88629E-04  1.7E-07
  9.100E+01  5.08726E-01  1.54176E-23  5.50573E-07 -6.92158E-04  2.3E-07
  9.150E+01  5.13088E-01  1.51532E-23  5.41130E-07 -6.95831E-04  2.7E-07
  9.200E+01  5.17450E-01  1.48964E-23  5.31960E-07 -6.99585E-04  3.0E-07
  9.250E+01  5.21810E-01  1.46465E-23  5.23035E-07 -7.03324E-04  3.0E-07
  9.300E+01  5.26168E-01  1.44026E-23  5.14326E-07 -7.06954E-04  2.9E-07
  9.350E+01  5.30524E-01  1.41640E-23  5.05807E-07 -7.10362E-04  2.7E-07
  9.400E+01  5.34878E-01  1.39303E-23  4.97461E-07 -7.13517E-04  2.2E-07
  9.450E+01  5.39230E-01  1.37013E-23  4.89283E-07 -7.16369E-04  1.2E-07
  9.500E+01  5.43578E-01  1.34770E-23  4.81274E-07 -7.19002E-04  1.0E-07
  9.550E+01  5.47923E-01  1.32578E-23  4.73444E-07 -7.21441E-04  1.0E-07
  9.600E+01  5.52264E-01  1.30439E-23  4.65807E-07 -7.23821E-04  1.0E-07
  9.650E+01  5.56602E-01  1.28357E-23  4.58373E-07 -7.26201E-04  1.2E-07
  9.700E+01  5.60935E-01  1.26334E-23  4.51148E-07 -7.28679E-04  1.8E-07
  9.750E+01  5.65263E-01  1.24370E-23  4.44133E-07 -7.31270E-04  2.3E-07
  9.800E+01  5.69587E-01  1.22462E-23  4.37319E-07 -7.33975E-04  2.6E-07
  9.850E+01  5.73905E-01  1.20606E-23  4.30691E-07 -7.36743E-04  2.8E-07
  9.900E+01  5.78217E-01  1.18797E-23  4.24232E-07 -7.39487E-04  2.8E-07
  9.950E+01  5.82524E-01  1.17030E-23  4.17920E-07 -7.42138E-04  2.7E-07
  1.000E+02  5.86824E-01  1.15299E-23  4.11740E-07 -7.44588E-04  2.4E-07
  1.005E+02  5.91118E-01  1.13602E-23  4.05679E-07 -7.46816E-04  1.9E-07
  1.010E+02  5.95404E-01  1.11936E-23  3.99729E-07 -7.48760E-04  1.4E-07
  1.015E+02  5.99684E-01  1.10301E-23  3.93892E-07 -7.50476E-04  1.0E-07
  1.020E+02  6.03956E-01  1.08699E-23  3.88171E-07 -7.51971E-04  1.0E-07
  1.025E+02  6.08220E-01  1.07132E-23  3.82574E-07 -7.53349E-04  1.0E-07
  1.030E+02  6.12476E-01  1.05601E-23  3.77109E-07 -7.54654E-04  1.3E-07
  1.035E+02  6.16723E-01  1.04110E-23  3.71782E-07 -7.55975E-04  1.8E-07
  1.040E+02  6.20961E-01  1.02657E-23  3.66596E-07 -7.57343E-04  2.3E-07
  1.045E+02  6.25190E-01  1.01244E-23  3.61550E-07 -7.58778E-04  2.6E-07
  1.050E+02  6.29410E-01  9.98685E-24  3.56637E-07 -7.60273E-04  2.7E-07
  1.055E+02  6.33619E-01  9.85275E-24  3.51848E-07 -7.61770E-04  2.7E-07
  1.060E+02  6.37819E-01  9.72180E-24  3.47172E-07 -7.63237E-04  2.5E-07
  1.065E+02  6.42008E-01  9.59368E-24  3.42596E-07 -7.64577E-04  2.2E-07
  1.070E+02  6.46186E-01  9.46808E-24  3.38111E-07 -7.65769E-04  1.7E-07
  1.075E+02  6.50353E-01  9.34480E-24  3.33709E-07 -7.66730E-04  1.1E-07
  1.080E+02  6.54508E-01  9.22369E-24  3.29384E-07 -7.67483E-04  1.0E-07
  1.085E+02  6.58652E-01  9.10472E-24  3.25135E-07 -7.67994E-04  1.0E-07
  1.090E+02  6.62784E-01  8.98795E-24  3.20966E-07 -7.68326E-04  1.0E-07
  1.095E+02  6.66903E-01  8.87349E-24  3.16878E-07 -7.68495E-04  1.4E-07
  1.100E+02  6.71010E-01  8.76148E-24  3.12878E-07 -7.68576E-04  1.9E-07
  1.105E+02  6.75104E-01  8.65203E-24  3.08970E-07 -7.68608E-04  2.3E-07
  1.110E+02  6.79184E-01  8.54524E-24  3.05156E-07 -7.68635E-04  1.8E-07
  1.115E+02  6.83251E-01  8.44111E-24  3.01438E-07 -7.68694E-04  2.6E-07
  1.120E+02  6.87303E-01  8.33961E-24  2.97813E-07 -7.68770E-04  2.6E-07
  1.125E+02  6.91342E-01  8.24063E-24  2.94278E-07 -7.68879E-04  2.4E-07
  1.130E+02  6.95366E-01  8.14401E-24  2.90828E-07 -7.68955E-04  2.0E-07
  1.135E+02  6.99375E-01  8.04956E-24  2.87455E-07 -7.68999E-04  1.5E-07
  1.140E+02  7.03368E-01  7.95707E-24  2.84152E-07 -7.68921E-04  1.0E-07
  1.145E+02  7.07347E-01  7.86635E-24  2.80913E-07 -7.68721E-04  1.0E-07
  1.150E+02  7.11309E-01  7.77726E-24  2.77731E-07 -7.68326E-04  1.0E-07
  1.155E+02  7.15256E-01  7.68969E-24  2.74604E-07 -7.67749E-04  1.0E-07
  1.160E+02  7.19186E-01  7.60358E-24  2.71529E-07 -7.66960E-04  1.5E-07
  1.165E+02  7.23099E-01  7.51894E-24  2.68506E-07 -7.65983E-04  2.0E-07
  1.170E+02  7.26995E-01  7.43578E-24  2.65537E-07 -7.64836E-04  2.3E-07
  1.175E+02  7.30874E-01  7.35419E-24  2.62623E-07 -7.63545E-04  2.5E-07
  1.180E+02  7.34736E-01  7.27422E-24  2.59767E-07 -7.62161E-04  2.6E-07
  1.185E+02  7.38579E-01  7.19596E-24  2.56973E-07 -7.60692E-04  2.5E-07
  1.190E+02  7.42405E-01  7.11945E-24  2.54240E-07 -7.59205E-04  1.0E-07
  1.195E+02  7.46212E-01  7.04472E-24  2.51571E-07 -7.57672E-04  1.8E-07
  1.200E+02  7.50000E-01  6.97174E-24  2.48966E-07 -7.56153E-04  1.3E-07
  1.205E+02  7.53769E-01  6.90049E-24  2.46421E-07 -7.54601E-04  1.0E-07
  1.210E+02  7.57519E-01  6.83088E-24  2.43935E-07 -7.53044E-04  1.0E-07
  1.215E+02  7.61249E-01  6.76282E-24  2.41505E-07 -7.51426E-04  1.0E-07
  1.220E+02  7.64960E-01  6.69621E-24  2.39126E-07 -7.49750E-04  1.1E-07
  1.225E+02  7.68650E-01  6.63092E-24  2.36795E-07 -7.47970E-04  1.7E-07
  1.230E+02  7.72320E-01  6.56687E-24  2.34507E-07 -7.46069E-04  2.1E-07
  1.235E+02  7.75968E-01  6.50396E-24  2.32261E-07 -7.44028E-04  2.4E-07
  1.240E+02  7.79596E-01  6.44212E-24  2.30052E-07 -7.41821E-04  2.6E-07
  1.245E+02  7.83203E-01  6.38132E-24  2.27881E-07 -7.39464E-04  2.6E-07
  1.250E+02  7.86788E-01  6.32151E-24  2.25745E-07 -7.36926E-04  2.4E-07
  1.255E+02  7.90351E-01  6.26272E-24  2.23646E-07 -7.34254E-04  2.1E-07
  1.260E+02  7.93893E-01  6.20494E-24  2.21583E-07 -7.31419E-04  1.7E-07
  1.265E+02  7.97411E-01  6.14822E-24  2.19557E-07 -7.28483E-04  1.2E-07
  1.270E+02  8.00908E-01  6.09257E-24  2.17570E-07 -7.25422E-04  1.0E-07
  1.275E+02  8.04381E-01  6.03803E-24  2.15622E-07 -7.22295E-04  1.0E-07
  1.280E+02  8.07831E-01  5.98463E-24  2.13715E-07 -7.19085E-04  1.0E-07
  1.285E+02  8.11257E-01  5.93237E-24  2.11849E-07 -7.15829E-04  1.3E-07
  1.290E+02  8.14660E-01  5.88126E-24  2.10024E-07 -7.12523E-04  1.8E-07
  1.295E+02  8.18039E-01  5.83128E-24  2.08239E-07 -7.09171E-04  2.2E-07
  1.300E+02  8.21394E-01  5.78241E-24  2.06494E-07 -7.05781E-04  2.5E-07
  1.305E+02  8.24724E-01  5.73462E-24  2.04787E-07 -7.02328E-04  2.6E-07
  1.310E+02  8.28030E-01  5.68785E-24  2.03117E-07 -6.98832E-04  2.6E-07
  1.315E+02  8.31310E-01  5.64206E-24  2.01482E-07 -6.95245E-04  2.4E-07
  1.320E+02  8.34565E-01  5.59720E-24  1.99880E-07 -6.91595E-04  2.0E-07
  1.325E+02  8.37795E-01  5.55321E-24  1.98309E-07 -6.87828E-04  1.6E-07
  1.330E+02  8.40999E-01  5.51004E-24  1.96767E-07 -6.83975E-04  1.0E-07
  1.335E+02  8.44177E-01  5.46765E-24  1.95254E-07 -6.79988E-04  1.0E-07
  1.340E+02  8.47329E-01  5.42602E-24  1.93767E-07 -6.75894E-04  1.0E-07
  1.345E+02  8.50455E-01  5.38511E-24  1.92306E-07 -6.71664E-04  1.0E-07
  1.350E+02  8.53553E-01  5.34489E-24  1.90869E-07 -6.67322E-04  1.3E-07
  1.355E+02  8.56625E-01  5.30539E-24  1.89459E-07 -6.62839E-04  1.9E-07
  1.360E+02  8.59670E-01  5.26655E-24  1.88072E-07 -6.58250E-04  2.3E-07
  1.365E+02  8.62687E-01  5.22841E-24  1.86710E-07 -6.53552E-04  2.6E-07
  1.370E+02  8.65677E-01  5.19097E-24  1.85373E-07 -6.48737E-04  2.7E-07
  1.375E+02  8.68639E-01  5.15423E-24  1.84061E-07 -6.43842E-04  2.6E-07
  1.380E+02  8.71572E-01  5.11819E-24  1.82774E-07 -6.38839E-04  2.4E-07
  1.385E+02  8.74478E-01  5.08288E-24  1.81513E-07 -6.33776E-04  2.0E-07
  1.390E+02  8.77355E-01  5.04828E-24  1.80278E-07 -6.28618E-04  1.5E-07
  1.395E+02  8.80203E-01  5.01441E-24  1.79068E-07 -6.23409E-04  1.0E-07
  1.400E+02  8.83022E-01  4.98125E-24  1.77884E-07 -6.18118E-04  1.0E-07
  1.405E+02  8.85812E-01  4.94881E-24  1.76725E-07 -6.12775E-04  1.0E-07
  1.410E+02  8.88573E-01  4.91707E-24  1.75592E-07 -6.07361E-04  1.1E-07
  1.415E+02  8.91304E-01  4.88601E-24  1.74483E-07 -6.01889E-04  1.6E-07
  1.420E+02  8.94005E-01  4.85564E-24  1.73398E-07 -5.96345E-04  1.0E-07
  1.425E+02  8.96677E-01  4.82590E-24  1.72336E-07 -5.90741E-04  2.4E-07
  1.430E+02  8.99318E-01  4.79682E-24  1.71298E-07 -5.85066E-04  2.7E-07
  1.435E+02  9.01928E-01  4.76835E-24  1.70281E-07 -5.79307E-04  2.8E-07
  1.440E+02  9.04508E-01  4.74047E-24  1.69285E-07 -5.73488E-04  2.7E-07
  1.445E+02  9.07058E-01  4.71317E-24  1.68310E-07 -5.67570E-04  2.4E-07
  1.450E+02  9.09576E-01  4.68643E-24  1.67355E-07 -5.61590E-04  2.0E-07
  1.455E+02  9.12063E-01  4.66022E-24  1.66420E-07 -5.55507E-04  1.4E-07
  1.460E+02  9.14519E-01  4.63455E-24  1.65503E-07 -5.49356E-04  1.0E-07
  1.465E+02  9.16943E-01  4.60938E-24  1.64604E-07 -5.43104E-04  1.0E-07
  1.470E+02  9.19335E-01  4.58471E-24  1.63723E-07 -5.36776E-04  1.0E-07
  1.475E+02  9.21696E-01  4.56052E-24  1.62859E-07 -5.30357E-04  1.3E-07
  1.480E+02  9.24024E-01  4.53682E-24  1.62013E-07 -5.23853E-04  1.9E-07
  1.485E+02  9.26320E-01  4.51360E-24  1.61183E-07 -5.17271E-04  2.4E-07
  1.490E+02  9.28584E-01  4.49084E-24  1.60371E-07 -5.10599E-04  2.7E-07
  1.495E+02  9.30815E-01  4.46854E-24  1.59575E-07 -5.03861E-04  2.9E-07
  1.500E+02  9.33013E-01  4.44671E-24  1.58795E-07 -4.97032E-04  3.0E-07
  1.505E+02  9.35178E-01  4.42534E-24  1.58032E-07 -4.90146E-04  2.8E-07
  1.510E+02  9.37310E-01  4.40442E-24  1.57285E-07 -4.83171E-04  2.4E-07
  1.515E+02  9.39409E-01  4.38396E-24  1.56554E-07 -4.76145E-04  2.0E-07
  1.520E+02  9.41474E-01  4.36396E-24  1.55840E-07 -4.69035E-04  1.3E-07
  1.525E+02  9.43505E-01  4.34440E-24  1.55141E-07 -4.61877E-04  1.0E-07
  1.530E+02  9.45503E-01  4.32530E-24  1.54459E-07 -4.54645E-04  1.0E-07
  1.535E+02  9.47467E-01  4.30664E-24  1.53793E-07 -4.47361E-04  1.0E-07
  1.540E+02  9.49397E-01  4.28843E-24  1.53142E-07 -4.40014E-04  1.6E-07
  1.545E+02  9.51293E-01  4.27065E-24  1.52508E-07 -4.32609E-04  2.2E-07
  1.550E+02  9.53154E-01  4.25332E-24  1.51889E-07 -4.25154E-04  2.7E-07
  1.555E+02  9.54981E-01  4.23641E-24  1.51285E-07 -4.17633E-04  3.1E-07
  1.560E+02  9.56773E-01  4.21994E-24  1.50697E-07 -4.10072E-04  3.2E-07
  1.565E+02  9.58530E-01  4.20389E-24  1.50124E-07 -4.02442E-04  3.2E-07
  1.570E+02  9.60252E-01  4.18826E-24  1.49565E-07 -3.94776E-04  3.0E-07
  1.575E+02  9.61940E-01  4.17304E-24  1.49022E-07 -3.87041E-04  2.6E-07
  1.580E+02  9.63592E-01  4.15823E-24  1.48493E-07 -3.79270E-04  2.0E-07
  1.585E+02  9.65209E-01  4.14382E-24  1.47979E-07 -3.71434E-04  1.3E-07
  1.590E+02  9.66790E-01  4.12981E-24  1.47478E-07 -3.63558E-04  1.0E-07
  1.595E+02  9.68336E-01  4.11619E-24  1.46992E-07 -3.55624E-04  1.0E-07
  1.600E+02  9.69846E-01  4.10296E-24  1.46519E-07 -3.47646E-04  1.2E-07
  1.605E+02  9.71321E-01  4.09011E-24  1.46061E-07 -3.39617E-04  2.0E-07
  1.610E+02  9.72759E-01  4.07763E-24  1.45615E-07 -3.31538E-04  2.7E-07
  1.615E+02  9.74162E-01  4.06552E-24  1.45182E-07 -3.23420E-04  1.0E-07
  1.620E+02  9.75528E-01  4.05379E-24  1.44764E-07 -3.15240E-04  3.6E-07
  1.625E+02  9.76858E-01  4.04242E-24  1.44357E-07 -3.07029E-04  3.7E-07
  1.630E+02  9.78152E-01  4.03140E-24  1.43964E-07 -2.98759E-04  3.7E-07
  1.635E+02  9.79410E-01  4.02073E-24  1.43583E-07 -2.90461E-04  3.4E-07
  1.640E+02  9.80631E-01  4.01041E-24  1.43214E-07 -2.82105E-04  2.8E-07
  1.645E+02  9.81815E-01  4.00045E-24  1.42859E-07 -2.73721E-04  2.1E-07
  1.650E+02  9.82963E-01  3.99082E-24  1.42515E-07 -2.65284E-04  1.3E-07
  1.655E+02  9.84074E-01  3.98153E-24  1.42183E-07 -2.56818E-04  1.0E-07
  1.660E+02  9.85148E-01  3.97258E-24  1.41863E-07 -2.48307E-04  1.0E-07
  1.665E+02  9.86185E-01  3.96397E-24  1.41556E-07 -2.39762E-04  1.7E-07
  1.670E+02  9.87185E-01  3.95568E-24  1.41260E-07 -2.31182E-04  2.6E-07
  1.675E+02  9.88148E-01  3.94773E-24  1.40976E-07 -2.22565E-04  3.4E-07
  1.680E+02  9.89074E-01  3.94010E-24  1.40704E-07 -2.13921E-04  4.1E-07
  1.685E+02  9.89962E-01  3.93280E-24  1.40443E-07 -2.05237E-04  4.5E-07
  1.690E+02  9.90814E-01  3.92582E-24  1.40194E-07 -1.96533E-04  4.6E-07
  1.695E+02  9.91627E-01  3.91916E-24  1.39956E-07 -1.87788E-04  4.5E-07
  1.700E+02  9.92404E-01  3.91283E-24  1.39730E-07 -1.79029E-04  4.1E-07
  1.705E+02  9.93143E-01  3.90680E-24  1.39515E-07 -1.70231E-04  3.4E-07
  1.710E+02  9.93844E-01  3.90110E-24  1.39311E-07 -1.61420E-04  2.5E-07
  1.715E+02  9.94508E-01  3.89572E-24  1.39119E-07 -1.52576E-04  1.4E-07
  1.720E+02  9.95134E-01  3.89064E-24  1.38937E-07 -1.43717E-04  1.0E-07
  1.725E+02  9.95722E-01  3.88588E-24  1.38767E-07 -1.34832E-04  1.3E-07
  1.730E+02  9.96273E-01  3.88143E-24  1.38609E-07 -1.25931E-04  2.6E-07
  1.735E+02  9.96786E-01  3.87730E-24  1.38461E-07 -1.17011E-04  4.0E-07
  1.740E+02  9.97261E-01  3.87347E-24  1.38324E-07 -1.08073E-04  5.1E-07
  1.745E+02  9.97698E-01  3.86996E-24  1.38199E-07 -9.91232E-05  6.1E-07
  1.750E+02  9.98097E-01  3.86674E-24  1.38084E-07 -9.01536E-05  6.8E-07
  1.755E+02  9.98459E-01  3.86384E-24  1.37980E-07 -8.11784E-05  7.2E-07
  1.760E+02  9.98782E-01  3.86125E-24  1.37888E-07 -7.21833E-05  7.1E-07
  1.765E+02  9.99067E-01  3.85896E-24  1.37806E-07 -6.31868E-05  6.6E-07
  1.770E+02  9.99315E-01  3.85698E-24  1.37735E-07 -5.41724E-05  5.7E-07
  1.775E+02  9.99524E-01  3.85530E-24  1.37675E-07 -4.51594E-05  4.3E-07
  1.780E+02  9.99695E-01  3.85393E-24  1.37626E-07 -3.61313E-05  2.3E-07
  1.785E+02  9.99829E-01  3.85287E-24  1.37588E-07 -2.71068E-05  1.0E-07
  1.790E+02  9.99924E-01  3.85211E-24  1.37561E-07 -1.80697E-05  4.1E-07
  1.795E+02  9.99981E-01  3.85165E-24  1.37545E-07 -9.03941E-06  1.0E-06
  1.800E+02  1.00000E+00  3.85151E-24  1.37540E-07 -1.27001E-19  4.6E-06
