167.79687240248904 0.0002566025818167006
240.10624627461135 0.00043425052307455303
298.885139645687 0.007392128222336369
323.6580813762758 0.010856263076862493
357.53134364847347 0.014330267261458474
387.16514596317666 0.021219059650231076
419.2551308062868 0.024683194504756978
445.0563333194858 0.028137460029213246
491.63483937849935 0.038460779282302404
532.383741257961 0.045349571671075006
588.1017199977515 0.052248233389917687
636.8462298734655 0.05913702577869029
703.4969968799136 0.0728850025660257
761.8059851822759 0.07977379495479853
841.5347341969164 0.09009711420788769
893.3232670102182 0.09697603726659021
929.6076988558045 0.10726974852947002
1006.6577568926859 0.11415854091824262
1090.0940695300778 0.1278966483755084
1180.4459582099307 0.14163475583277418
1278.2866169108281 0.1519482057557935
1384.2367485007205 0.16568631321305904
1498.9685024868807 0.17942442067032505
1591.2158885097879 0.18972800126327427
1689.1402318629803 0.20003158185622372
1757.7486470739648 0.21032529311910309
1865.921512420276 0.22405353124629923
1980.7513982778546 0.23778176937349516
2144.9249635159586 0.2583691918992539
2276.924882641245 0.278946745094943
2417.048152907231 0.2960996407563856
2565.7946900274396 0.30982787888358154
2778.459268882226 0.3304153014093403
2949.447254487178 0.3509928546050296
3130.957939326444 0.3715704078007185
3390.4657846606265 0.3990071453949706
3671.4828048528007 0.4195945679207296
3975.791776845517 0.4470313055149818
4220.464295432059 0.4710335162449174
4570.275317119903 0.501894911373416
4851.532695583735 0.5293217796375983
5150.098815305239 0.5464746752990408
5467.038866202498 0.573901543563223
5920.171582776664 0.6013382811574751
6284.50235584641 0.6287651494216574
6539.762244215049 0.6459081757530301
7224.197747120275 0.6767794402115985
7822.9716776402565 0.700791520271604
8304.401865797174 0.7179444159330466
8992.707961485521 0.7488058110615453
9933.862756760172 0.7728277604516206
10973.516508351668 0.796849709841696
12121.977875838884 0.824296316766018
13390.634397869931 0.8414689510876002
15392.880036015951 0.8689352966720619
17694.51310244629 0.8964016422565237
20749.272859874338 0.9204531996368087
23381.69982315765 0.9307863882199676
25828.77127310184 0.9411097074730568
30287.819714393903 0.9583119497848487
36959.26644803191 0.9721092732225337
42485.63120685311 0.979027673601516
51843.86921190857 0.9894003395049545
69884.42616798008 0.9963976945244958
114952.58236954396 1.0069184003789822
161247.42774095654 1.0036615214559237
213073.90211116354 1.003799692076902
270568.140578788 1.0039181240377404
311025.0646645754 1.0039872093482294
