3.007407407407407 0.006396176821983346
3.7333333333333334 0.016705376344085865
4.562962962962964 0.030883632019115925
5.288888888888889 0.04506379928315396
5.859259259259258 0.05795651135005975
6.688888888888889 0.0734250896057349
7.103703703703702 0.08632066905615288
8.088888888888889 0.10952831541218622
8.659259259259258 0.13790489844683385
9.385185185185183 0.16369796893667865
10.059259259259257 0.1985242532855438
10.525925925925925 0.24109629629629636
11.251851851851853 0.2720506571087218
11.977777777777774 0.32623082437275985
12.703703703703699 0.35976583034647547
12.962962962962958 0.39847072879330947
13.222222222222218 0.42943369175627266
13.844444444444441 0.4629706093189965
14.31111111111111 0.5042523297491042
14.414814814814811 0.5455407407407409
14.829629629629625 0.5919847072879332
15.607407407407404 0.6345510155316608
15.762962962962959 0.671967502986858
15.866666666666664 0.71454623655914
16.177777777777774 0.7571211469534052
16.488888888888887 0.7932444444444445
16.644444444444442 0.8396931899641579
17.21481481481481 0.8758117084826764
17.52592592592592 0.9158059737156513
18.09629629629629 0.9519244922341699
18.355555555555554 0.9803068100358425
18.407407407407405 1.0125639187574673
19.08148148148148 1.0409385902031065
19.49629629629629 1.0731890083632023
20.948148148148142 1.1105816009557947
22.296296296296294 1.0886212664277184
23.125925925925923 1.0576382317801676
23.95555555555555 1.01246164874552
24.629629629629626 0.9737395459976107
25.56296296296296 0.9233997610513742
26.28888888888888 0.878225089605735
26.7037037037037 0.8420884109916371
27.429629629629627 0.8098169653524494
27.792592592592587 0.7723909199522104
28.362962962962957 0.7310900836320193
28.725925925925925 0.6936640382317804
29.244444444444436 0.6575254480286741
29.399999999999995 0.6033290322580647
30.177777777777774 0.5439598566308245
31.162962962962954 0.48071589008363225
31.83703703703703 0.4394131421744325
32.925925925925924 0.38003823178016727
34.01481481481482 0.3400181600955794
34.94814814814815 0.3090332138590204
36.03703703703703 0.28062604540023894
37.28148148148148 0.24705471923536448
38.266666666666666 0.2263913978494625
39.925925925925924 0.19281242532855436
41.170370370370364 0.16956367980884113
43.24444444444444 0.1437189964157708
44.903703703703705 0.12046260454002389
47.02962962962963 0.09848793309438486
49.51851851851852 0.08295818399044208
53.718518518518515 0.05836463560334515
55.377777777777766 0.05188243727598563
58.43703703703704 0.04795507765830331
60.51111111111111 0.044045878136200534
63.05185185185186 0.038837753882914994
65.28148148148148 0.036216009557944906
69.06666666666666 0.029694623655914132
