3.06797e+0 5.95894e-3
3.97041e+0 7.95264e-3
4.69398e+0 1.40557e-2
5.23795e+0 2.22190e-2
5.96152e+0 2.83220e-2
6.50660e+0 3.95590e-2
6.78155e+0 5.18372e-2
7.60305e+0 7.94506e-2
7.78930e+0 9.58326e-2
8.34140e+0 1.26536e-1
8.88907e+0 1.44945e-1
9.43822e+0 1.67453e-1
9.62373e+0 1.81785e-1
1.00871e+1 2.16593e-1
1.05491e+1 2.47302e-1
1.11891e+1 2.71853e-1
1.16488e+1 2.96415e-1
1.18366e+1 3.16895e-1
1.21167e+1 3.43517e-1
1.25786e+1 3.74227e-1
1.27664e+1 3.94707e-1
1.30442e+1 4.15182e-1
1.33251e+1 4.43853e-1
1.37874e+1 4.75587e-1
1.42519e+1 5.13468e-1
1.44496e+1 5.61612e-1
1.48273e+1 6.08720e-1
1.53805e+1 6.42497e-1
1.56680e+1 6.89611e-1
1.57726e+1 7.29563e-1
1.61481e+1 7.70524e-1
1.64359e+1 8.18662e-1
1.67190e+1 8.53480e-1
1.69145e+1 8.95477e-1
1.75612e+1 9.38470e-1
1.80324e+1 9.94793e-1
1.89559e+1 1.05519e+0
1.96894e+1 1.08895e+0
1.99636e+1 1.09918e+0
2.07781e+1 1.10733e+0
2.14973e+1 1.10114e+0
2.23043e+1 1.08879e+0
2.27493e+1 1.07237e+0
2.30139e+1 1.05596e+0
2.32777e+1 1.03750e+0
2.38110e+1 1.01595e+0
2.42530e+1 9.91337e-1
2.45157e+1 9.69804e-1
2.47770e+1 9.44174e-1
2.54847e+1 9.06220e-1
2.61912e+1 8.65193e-1
2.68971e+1 8.22117e-1
2.73361e+1 7.89303e-1
2.78601e+1 7.42140e-1
2.82976e+1 7.05228e-1
2.86450e+1 6.68321e-1
2.93538e+1 6.33441e-1
2.97936e+1 6.02677e-1
3.02326e+1 5.69863e-1
3.04902e+1 5.33986e-1
3.07492e+1 5.02208e-1
3.12773e+1 4.66315e-1
3.16273e+1 4.36580e-1
3.18926e+1 4.22220e-1
3.21576e+1 4.06835e-1
3.22429e+1 3.93510e-1
3.25947e+1 3.68898e-1
3.30404e+1 3.54526e-1
3.33959e+1 3.40160e-1
3.35718e+1 3.27854e-1
3.38379e+1 3.15543e-1
3.43741e+1 3.02190e-1
3.47303e+1 2.89873e-1
3.49964e+1 2.77562e-1
3.54428e+1 2.65239e-1
3.57085e+1 2.51903e-1
3.60648e+1 2.39586e-1
3.66017e+1 2.28283e-1
3.70485e+1 2.16985e-1
3.77658e+1 2.05670e-1
3.83031e+1 1.95391e-1
3.87506e+1 1.86142e-1
3.94679e+1 1.74828e-1
4.00049e+1 1.63524e-1
4.06320e+1 1.52215e-1
4.13500e+1 1.42950e-1
4.18888e+1 1.36769e-1
4.24280e+1 1.31613e-1
4.29664e+1 1.24408e-1
4.36859e+1 1.19241e-1
4.42251e+1 1.14085e-1
4.47643e+1 1.08928e-1
4.53936e+1 1.03767e-1
4.63829e+1 9.65338e-2
4.72827e+1 9.13556e-2
4.78230e+1 8.92732e-2
4.85429e+1 8.51306e-2
4.94431e+1 8.09769e-2
5.03433e+1 7.68232e-2
5.14239e+1 7.26584e-2
5.26840e+1 6.64334e-2
5.38551e+1 6.32876e-2
5.51167e+1 6.11609e-2
5.58377e+1 6.00919e-2
5.64682e+1 5.80040e-2
5.70986e+1 5.59161e-2
5.79094e+1 5.38170e-2
5.86300e+1 5.17236e-2
5.95306e+1 4.85944e-2
6.01614e+1 4.75311e-2
6.09726e+1 4.64566e-2
6.16034e+1 4.53932e-2
6.25051e+1 4.53378e-2
6.34068e+1 4.52824e-2
6.42179e+1 4.42079e-2
6.51189e+1 4.21033e-2
6.57497e+1 4.10400e-2
6.62896e+1 3.79330e-2
6.69201e+1 3.58451e-2
6.76407e+1 3.37516e-2
6.85416e+1 3.16470e-2
6.93524e+1 2.95480e-2
7.02534e+1 2.74434e-2
7.12449e+1 2.63579e-2
7.19662e+1 2.63136e-2
7.28679e+1 2.62581e-2
7.37696e+1 2.62027e-2
7.46709e+1 2.51227e-2
7.55719e+1 2.30181e-2
7.66532e+1 2.09025e-2
7.75541e+1 1.87979e-2
7.84558e+1 1.87425e-2
7.93571e+1 1.76625e-2
8.02588e+1 1.76070e-2
8.09794e+1 1.55136e-2
8.17910e+1 1.54637e-2
8.26018e+1 1.33646e-2
8.34133e+1 1.33148e-2
8.42248e+1 1.32649e-2
8.50363e+1 1.32150e-2
8.60282e+1 1.31540e-2
8.68390e+1 1.10550e-2
8.76501e+1 9.98052e-3
8.86420e+1 9.91955e-3
8.94531e+1 8.84509e-3
9.04446e+1 7.75955e-3
9.12562e+1 7.70966e-3
9.20681e+1 8.68434e-3
9.26992e+1 8.64554e-3
9.34206e+1 8.60119e-3
9.41423e+1 9.58141e-3
9.49538e+1 9.53153e-3
9.55850e+1 9.49272e-3
9.62155e+1 7.40479e-3
9.68470e+1 8.39055e-3
9.73880e+1 8.35729e-3
9.79291e+1 8.32403e-3
9.84701e+1 8.29077e-3
9.93718e+1 8.23534e-3
1.00093e+2 8.19100e-3
