9.10923e-2 1.01809e-3
1.89492e+0 1.91331e-3
2.79753e+0 3.89775e-3
3.79400e+0 1.40722e-2
4.52089e+0 2.63151e-2
5.24871e+0 4.06072e-2
6.34089e+0 6.30698e-2
7.43169e+0 8.24588e-2
7.80252e+0 1.04973e-1
8.53727e+0 1.34634e-1
9.27062e+0 1.61220e-1
9.54991e+0 1.80668e-1
1.00104e+1 2.02151e-1
1.02911e+1 2.24672e-1
1.06615e+1 2.46162e-1
1.09371e+1 2.57412e-1
1.14915e+1 2.87086e-1
1.17703e+1 3.05508e-1
1.20528e+1 3.32127e-1
1.22392e+1 3.45434e-1
1.26151e+1 3.79218e-1
1.28925e+1 3.94567e-1
1.32652e+1 4.21180e-1
1.33665e+1 4.45763e-1
1.37401e+1 4.74424e-1
1.37456e+1 4.86719e-1
1.42131e+1 5.23571e-1
1.42986e+1 5.13319e-1
1.44031e+1 5.45074e-1
1.45950e+1 5.70675e-1
1.48766e+1 5.95245e-1
1.52474e+1 6.17759e-1
1.54421e+1 6.49507e-1
1.56358e+1 6.79206e-1
1.56432e+1 6.95599e-1
1.57435e+1 7.18133e-1
1.59336e+1 7.39636e-1
1.60357e+1 7.66268e-1
1.62239e+1 7.83672e-1
1.64163e+1 8.10298e-1
1.65148e+1 8.28734e-1
1.67964e+1 8.53304e-1
1.68967e+1 8.75837e-1
1.71792e+1 9.02456e-1
1.75537e+1 9.33167e-1
1.76541e+1 9.55701e-1
1.79357e+1 9.80271e-1
1.84905e+1 1.01097e+0
1.86820e+1 1.03555e+0
1.89608e+1 1.05397e+0
1.94181e+1 1.06828e+0
1.97889e+1 1.09079e+0
2.01542e+1 1.10101e+0
2.06989e+1 1.10917e+0
2.15969e+1 1.10091e+0
2.23136e+1 1.09061e+0
2.29374e+1 1.07417e+0
2.31094e+1 1.05572e+0
2.33726e+1 1.03931e+0
2.36384e+1 1.02904e+0
2.41665e+1 1.00032e+0
2.43404e+1 9.85959e-1
2.47774e+1 9.55190e-1
2.50396e+1 9.36729e-1
2.54793e+1 9.12107e-1
2.56537e+1 8.98775e-1
2.60037e+1 8.75184e-1
2.63561e+1 8.56716e-1
2.67056e+1 8.32101e-1
2.69715e+1 8.21836e-1
2.72314e+1 7.98252e-1
2.73988e+1 7.69551e-1
2.77507e+1 7.50059e-1
2.80120e+1 7.29548e-1
2.82751e+1 7.13136e-1
2.84453e+1 6.90583e-1
2.86182e+1 6.74177e-1
2.87875e+1 6.49575e-1
2.90478e+1 6.27015e-1
2.92198e+1 6.08560e-1
2.93937e+1 5.94203e-1
2.95694e+1 5.83945e-1
2.96513e+1 5.65496e-1
2.97368e+1 5.55244e-1
2.99098e+1 5.38838e-1
3.03495e+1 5.14217e-1
3.06991e+1 4.89602e-1
3.10478e+1 4.62937e-1
3.15786e+1 4.40358e-1
3.20193e+1 4.17786e-1
3.23689e+1 3.93170e-1
3.28988e+1 3.68542e-1
3.36109e+1 3.47999e-1
3.40544e+1 3.31574e-1
3.44978e+1 3.15149e-1
3.51207e+1 2.96661e-1
3.59230e+1 2.76112e-1
3.63664e+1 2.59687e-1
3.69916e+1 2.46322e-1
3.76163e+1 2.31933e-1
3.84209e+1 2.16507e-1
3.93156e+1 2.01074e-1
3.99404e+1 1.86685e-1
4.04767e+1 1.76400e-1
4.14626e+1 1.63010e-1
4.21789e+1 1.51688e-1
4.33446e+1 1.37260e-1
4.40622e+1 1.29012e-1
4.53181e+1 1.14578e-1
4.62161e+1 1.06317e-1
4.72940e+1 9.70179e-2
4.87311e+1 8.46197e-2
5.10695e+1 7.11323e-2
5.26884e+1 6.17949e-2
5.48483e+1 5.24187e-2
5.71002e+1 4.71342e-2
5.83611e+1 4.39700e-2
5.95329e+1 4.28614e-2
6.09746e+1 4.07088e-2
6.22365e+1 3.95937e-2
6.43996e+1 3.73894e-2
6.65632e+1 3.62096e-2
6.81858e+1 3.50687e-2
6.99892e+1 3.49393e-2
7.11609e+1 3.38307e-2
7.23326e+1 3.27221e-2
7.37753e+1 3.26186e-2
7.59384e+1 3.04143e-2
7.82814e+1 2.71725e-2
8.09851e+1 2.39048e-2
8.33295e+1 2.37366e-2
8.60331e+1 2.04690e-2
8.85574e+1 1.92633e-2
9.07205e+1 1.70590e-2
9.36054e+1 1.58275e-2
9.75710e+1 1.14447e-2
9.99149e+1 1.02520e-2
