0.0  69.78305848598691
2.2784810126582293  47.36753331379187
3.291139240506329  41.24626382901367
3.797468354430382  34.93568240044635
4.810126582278482  30.42097133894616
5.569620253164558  25.063312063143094
6.835443037974684  20.649229262784452
7.848101265822784  17.980745427387685
8.86075949367089  14.814025126068257
9.87341772151899  12.547514097810314
11.898734177215193  9.001749496271163
13.670886075949372  6.457971942646324
15.949367088607598  4.633032904246324
17.974683544303804  3.2330720612452177
20.000000000000004  2.256136567392846
24.810126582278482  0.8330538520796352
29.620253164556967  0.25342307357913163
34.936708860759495  0.09619955806577175
39.74683544303798  0.11676365802593502
44.810126582278485  0.22067340690845944
49.87341772151899  0.2678456610170775
54.93670886075951  0.2605345863024367
60.000000000000014  0.1975482000221799
