1	5.000000	-7.500000	0.000000
2	-5.000000	-7.500000	0.000000
3	5.000000	7.500000	0.000000
4	-5.000000	7.500000	0.000000
5	5.000000	-5.057799	0.000000
6	-5.000000	-5.057798	0.000000
7	5.000000	5.057798	0.000000
8	-5.000000	5.057797	0.000000
9	5.000000	-4.869117	0.688785
10	-5.000000	-4.869116	0.688765
11	5.000000	-1.257290	0.900000
12	-5.000000	-1.256282	0.900000
13	5.000000	1.256660	0.900000
14	-5.000000	1.256402	0.900000
15	5.000000	4.869117	0.688763
16	-5.000000	4.869116	0.688765
17	5.000000	-2.949201	0.900000
18	-5.000000	-2.948986	0.900000
19	5.000000	2.949168	0.900000
20	-5.000000	2.948973	0.900000
21	5.000000	1.727183	0.000916
22	-5.000000	1.727110	0.000917
23	5.000000	0.244202	0.751722
24	-5.000000	0.254239	0.754291
25	5.000000	-1.727688	0.000906
26	-5.000000	-1.727591	0.000910
27	5.000000	-0.259794	0.753753
28	-5.000000	-0.249301	0.753205
29	0.000006	-5.000000	0.436810
30	-0.000047	-3.637810	0.938893
31	-0.005040	-0.474933	0.828421
33	0.005785	0.474252	0.828344
34	-0.000053	3.637810	0.938893
35	-0.000002	5.000000	0.436810
36	5.000000	-2.718363	0.483035
37	-5.000000	-2.717185	0.483155
38	5.000000	2.717801	0.483114
39	-5.000000	2.718706	0.483142
40	-5.000000	-0.027825	0.348593
41	5.000000	-0.031413	0.348032
42	-0.000018	-3.301214	0.000927
43	0.001517	-0.020728	-0.111617
44	-0.000013	3.301099	0.000924
45	-0.000275	-1.648839	0.924829
46	-0.000239	1.648835	0.924829
47	0.000000	0.000000	0.000000
48	-0.000018	-5.048889	0.000000
49	-0.000027	-4.820112	0.900000
50	-0.002028	-1.054621	0.893897
52	0.002119	1.054544	0.893890
53	-0.000020	4.820111	0.900000
54	-0.000010	5.048889	0.000000
55	5.000000	-5.000000	0.352476
56	-5.000000	-5.000000	0.352460
57	5.000000	1.133056	0.340322
58	-5.000000	1.136207	0.340315
59	5.000000	5.000000	0.352463
60	-5.000000	5.000000	0.352463
61	5.000000	-3.952248	0.899651
62	-5.000000	-3.952165	0.899651
63	4.423681	-0.631885	0.837955
64	-4.424254	-0.628262	0.838022
65	4.424866	0.627108	0.837311
66	-4.423963	0.629944	0.838225
67	5.000000	3.952244	0.899650
68	-5.000000	3.952160	0.899652
69	5.000000	-3.428045	0.000000
70	-5.000000	-3.427954	0.000000
71	5.000000	3.427797	0.000000
72	-5.000000	3.427764	0.000000
73	0.000001	1.712656	0.000000
74	5.000000	-1.129199	0.340550
75	-5.000000	-1.125393	0.341303
76	5.000000	0.000278	0.000000
77	-5.000000	0.000238	0.000000
79	0.000021	-1.713028	0.000000
82	-0.000111	-2.754927	0.900000
83	-0.000116	2.754926	0.900000
84	5.000000	2.066236	0.899993
85	-5.000000	2.065914	0.899992
86	5.000000	-2.066400	0.899992
87	-5.000000	-2.065934	0.899992
88	1.958036	-5.000000	0.259022
89	2.002089	-5.000000	0.600723
90	-2.002100	-5.000000	0.600720
91	-1.958013	-5.000000	0.259020
92	1.908957	-4.150540	0.935021
93	2.056341	-3.304198	0.935570
94	-2.056465	-3.304157	0.935571
95	-1.909031	-4.150525	0.935022
96	1.794707	-0.713194	0.856677
97	1.787490	-0.323289	0.813295
98	-1.789592	-0.318833	0.812575
99	-1.800235	-0.712142	0.856459
100	2.632297	-0.029116	0.794662
101	-2.777002	-0.021330	0.793246
102	-2.637158	0.026690	0.794784
103	2.780183	0.018736	0.793000
104	1.791839	0.317728	0.812436
105	1.801701	0.711816	0.856406
106	-1.794785	0.712493	0.856597
107	-1.788536	0.321900	0.813204
108	2.056339	3.304199	0.935570
109	1.908957	4.150540	0.935021
110	-1.909032	4.150525	0.935021
111	-2.056474	3.304156	0.935571
112	1.958018	5.000000	0.259020
113	-1.958021	5.000000	0.259020
114	-2.002096	5.000000	0.600720
115	2.002089	5.000000	0.600720
116	5.000000	-3.819455	0.264154
117	5.000000	-2.427863	0.245174
118	5.000000	-1.361256	0.546259
119	5.000000	-1.677336	0.716330
120	5.000000	-2.906964	0.714788
121	5.000000	-3.948070	0.571051
122	-5.000000	-3.818947	0.264176
123	-5.000000	-3.947861	0.571038
124	-5.000000	-2.906613	0.714807
125	-5.000000	-1.675512	0.716527
126	-5.000000	-1.357412	0.546739
127	-5.000000	-2.426293	0.245395
128	5.000000	3.819348	0.264151
129	5.000000	3.947982	0.571047
130	5.000000	2.906558	0.714795
131	5.000000	1.675046	0.716424
132	5.000000	1.358865	0.546468
133	5.000000	2.427736	0.245140
134	-5.000000	3.819511	0.264145
135	-5.000000	2.428501	0.245121
136	-5.000000	1.362117	0.546802
137	-5.000000	1.676932	0.716577
138	-5.000000	2.907026	0.714841
139	-5.000000	3.948138	0.571059
140	-5.000000	-0.567611	0.179087
141	-5.000000	0.556263	0.184536
144	5.000000	-0.568736	0.178689
145	5.000000	0.555498	0.184399
148	1.974694	-4.018871	0.000001
149	-1.974734	-4.018857	0.000001
150	-2.042018	-2.674633	0.000579
151	2.041995	-2.674664	0.000579
152	2.008355	-0.682520	-0.002431
153	-2.008161	-0.682470	-0.002431
154	-2.007751	0.681988	-0.002404
155	2.008268	0.682185	-0.002409
156	1.974732	4.018791	0.000001
157	2.041991	2.674437	0.000578
158	-2.042016	2.674418	0.000578
159	-1.974754	4.018783	0.000001
160	1.935318	-2.109354	0.924369
161	2.180628	-1.444982	0.920267
162	-2.181380	-1.444772	0.920258
163	-1.935628	-2.109248	0.924370
164	2.180958	1.444936	0.920262
165	1.935335	2.109350	0.924369
166	-1.935648	2.109242	0.924370
167	-2.181110	1.444745	0.920260
168	2.608666	-5.051242	0.000000
169	2.492615	-4.829386	0.900000
170	2.701137	-1.107064	0.899914
171	2.291287	0.069872	0.796624
172	2.704187	1.106858	0.899885
173	2.492621	4.829385	0.900000
174	2.608690	5.051242	0.000000
175	5.000000	-5.000000	0.169341
176	-5.000000	-5.000000	0.169335
177	5.000000	1.522926	0.169030
178	-5.000000	1.523741	0.169000
179	5.000000	5.000000	0.169335
180	-5.000000	5.000000	0.169334
181	5.000000	-4.451414	0.841061
182	-5.000000	-4.451378	0.841052
183	4.465681	-0.924726	0.880102
184	-4.466231	-0.922646	0.880184
185	4.355910	0.385119	0.794883
186	-4.354348	0.390042	0.796057
187	5.000000	3.427211	0.900000
188	-5.000000	3.427072	0.900000
189	5.000000	-4.299526	0.000000
190	-5.000000	-4.299478	0.000000
191	5.000000	4.299411	0.000000
192	-5.000000	4.299396	0.000000
193	2.681536	1.718561	0.000000
194	5.000000	-1.527098	0.168749
195	-5.000000	-1.525514	0.169105
196	5.000000	-0.925438	0.000000
197	-5.000000	-0.925412	0.000000
199	2.681643	-1.718970	0.000000
202	2.646001	-2.810293	0.900000
203	2.646009	2.810287	0.900000
204	5.000000	1.602477	0.900000
205	-5.000000	1.602110	0.900000
206	5.000000	-2.528558	0.899976
207	-5.000000	-2.528247	0.899976
208	3.298587	-5.000000	0.141859
209	3.321158	-5.000000	0.701724
210	-3.321177	-5.000000	0.701720
211	-3.298574	-5.000000	0.141858
212	3.235553	-4.496651	0.921737
213	3.422373	-3.142673	0.926462
214	-3.422471	-3.142573	0.926463
215	-3.235607	-4.496637	0.921737
216	3.082322	-0.916213	0.880743
217	2.956565	-0.244228	0.803622
218	-2.957798	-0.238616	0.803147
219	-3.085334	-0.915143	0.880696
220	3.645879	-0.102529	0.785589
221	-3.844802	-0.098054	0.781858
222	-3.643051	0.099055	0.785935
223	3.840888	0.094562	0.781303
224	2.961420	0.236798	0.802814
225	3.086381	0.915110	0.880622
226	-3.082492	0.915442	0.880722
227	-2.958851	0.241931	0.803604
228	3.422379	3.142669	0.926461
229	3.235557	4.496650	0.921736
230	-3.235607	4.496637	0.921737
231	-3.422478	3.142569	0.926463
232	3.298575	5.000000	0.141858
233	-3.298578	5.000000	0.141858
234	-3.321171	5.000000	0.701720
235	3.321159	5.000000	0.701720
236	5.000000	-4.392361	0.140865
237	5.000000	-2.168305	0.125670
238	5.000000	-0.689416	0.648432
239	5.000000	-1.328530	0.846602
240	5.000000	-2.952300	0.819381
241	5.000000	-4.457847	0.645130
242	-5.000000	-4.392135	0.140874
243	-5.000000	-4.457780	0.645111
244	-5.000000	-2.952094	0.819388
245	-5.000000	-1.327000	0.846706
246	-5.000000	-0.683106	0.648785
247	-5.000000	-2.167174	0.125843
248	5.000000	4.392283	0.140858
249	5.000000	4.457820	0.645115
250	5.000000	2.952117	0.819377
251	5.000000	1.326650	0.846601
252	5.000000	0.682454	0.648462
253	5.000000	2.166828	0.125641
254	-5.000000	4.392325	0.140854
255	-5.000000	2.167215	0.125616
256	-5.000000	0.688261	0.649419
257	-5.000000	1.327731	0.846735
258	-5.000000	2.952242	0.819406
259	-5.000000	4.457861	0.645123
260	-5.000000	-1.091221	0.101610
261	-5.000000	1.085279	0.103040
264	5.000000	-1.091936	0.101379
265	5.000000	1.085125	0.103017
268	3.306522	-4.496526	0.000000
269	-3.306555	-4.496511	0.000000
270	-3.388543	-2.265915	0.000792
271	3.388544	-2.265978	0.000791
272	3.349721	-1.151526	-0.000024
273	-3.349671	-1.151485	-0.000024
274	-3.349349	1.151164	-0.000024
275	3.349376	1.151209	-0.000024
276	3.306560	4.496471	0.000000
277	3.388524	2.265640	0.000791
278	-3.388538	2.265599	0.000791
279	-3.306575	4.496465	0.000000
280	3.244851	-2.480447	0.917268
281	3.490493	-1.351002	0.916833
282	-3.491214	-1.350540	0.916843
283	-3.245029	-2.480291	0.917270
284	3.491040	1.350831	0.916831
285	3.244871	2.480436	0.917268
286	-3.245043	2.480282	0.917271
287	-3.490760	1.350514	0.916838
288	-2.608694	-5.051242	0.000000
289	-2.492659	-4.829386	0.900000
290	-2.703893	-1.106625	0.899894
292	-2.701279	1.106597	0.899896
293	-2.492654	4.829386	0.900000
294	-2.608704	5.051242	0.000000
295	5.000000	-5.000000	0.532407
296	-5.000000	-5.000000	0.532386
297	5.000000	0.623044	0.529258
298	-5.000000	0.630446	0.529413
299	5.000000	5.000000	0.532387
300	-5.000000	5.000000	0.532389
301	5.000000	-3.427224	0.900000
302	-5.000000	-3.427081	0.900000
303	4.353378	-0.392923	0.795760
304	-4.354420	-0.387336	0.795873
305	4.466456	0.922280	0.879911
306	-4.465686	0.923449	0.880233
307	5.000000	4.451412	0.841043
308	-5.000000	4.451376	0.841053
309	5.000000	-2.533201	0.000000
310	-5.000000	-2.533090	0.000000
311	5.000000	2.532812	0.000000
312	-5.000000	2.532758	0.000000
313	-2.681536	1.718522	0.000000
314	5.000000	-0.628470	0.526471
315	-5.000000	-0.620697	0.527593
316	5.000000	0.925471	0.000000
317	-5.000000	0.925397	0.000000
318	-2.290689	-0.071644	0.796727
319	-2.681610	-1.718918	0.000000
320	4.771901	-0.012861	0.731322
322	-2.646163	-2.810192	0.900000
323	-2.646171	2.810186	0.900000
324	5.000000	2.528484	0.899976
325	-5.000000	2.528231	0.899976
326	5.000000	-1.602817	0.900000
327	-5.000000	-1.602110	0.900000
328	0.859888	-5.000000	0.359468
329	0.869975	-5.000000	0.511083
330	-0.869973	-5.000000	0.511082
331	-0.859869	-5.000000	0.359467
332	0.838560	-3.853565	0.938255
333	0.888875	-3.470643	0.938298
334	-0.888986	-3.470630	0.938298
335	-0.838643	-3.853556	0.938255
336	0.772555	-0.570250	0.839389
337	0.791975	-0.402301	0.820943
338	-0.803089	-0.401056	0.820659
339	-0.780592	-0.569550	0.839212
340	1.060431	-0.003760	0.797782
342	-1.370723	0.004100	0.797423
344	0.804360	0.400254	0.820571
345	0.781906	0.569029	0.839148
346	-0.772304	0.569588	0.839309
347	-0.791926	0.401373	0.820854
348	0.888868	3.470643	0.938298
349	0.838557	3.853565	0.938255
350	-0.838647	3.853556	0.938255
351	-0.888994	3.470630	0.938298
352	0.859875	5.000000	0.359466
353	-0.859879	5.000000	0.359467
354	-0.869975	5.000000	0.511082
355	0.869970	5.000000	0.511082
356	5.000000	-3.267875	0.376149
357	5.000000	-2.593279	0.364392
358	5.000000	-2.042925	0.492549
359	5.000000	-2.174712	0.593934
360	5.000000	-2.824179	0.600427
361	5.000000	-3.361588	0.511889
362	-5.000000	-3.267059	0.376208
363	-5.000000	-3.361051	0.511910
364	-5.000000	-2.823464	0.600482
365	-5.000000	-2.173126	0.594122
366	-5.000000	-2.040677	0.492856
367	-5.000000	-2.591751	0.364581
368	5.000000	3.267694	0.376175
369	5.000000	3.361342	0.511910
370	5.000000	2.823578	0.600470
371	5.000000	2.173291	0.594059
372	5.000000	2.041821	0.492712
373	5.000000	2.593068	0.364453
374	-5.000000	3.268126	0.376177
375	-5.000000	2.593994	0.364458
376	-5.000000	2.043605	0.492799
377	-5.000000	2.174808	0.594141
378	-5.000000	2.824322	0.600513
379	-5.000000	3.361748	0.511928
380	-5.000000	-0.206835	0.261083
381	-5.000000	0.185001	0.268703
383	-5.000000	-0.052622	0.412989
384	5.000000	-0.208859	0.260584
385	5.000000	0.183004	0.268367
387	5.000000	-0.057686	0.412326
388	0.870087	-3.611097	0.000015
389	-0.870126	-3.611089	0.000015
390	-0.892307	-3.017665	0.000387
391	0.892272	-3.017675	0.000387
392	0.841806	-0.289940	-0.059551
393	-0.835045	-0.287831	-0.059329
394	-0.830368	0.285092	-0.056504
395	0.837882	0.289568	-0.057283
396	0.870108	3.611000	0.000015
397	0.892278	3.017520	0.000386
398	-0.892305	3.017513	0.000386
399	-0.870133	3.610996	0.000015
400	0.868142	-1.827595	0.926072
401	0.965167	-1.540238	0.922616
402	-0.965830	-1.540165	0.922612
403	-0.868577	-1.827542	0.926071
404	0.965303	1.540226	0.922615
405	0.868160	1.827593	0.926071
406	-0.868585	1.827538	0.926071
407	-0.965717	1.540152	0.922613
408	0.000011	-5.000000	0.237061
409	-1.169534	-5.000000	0.126512
410	1.169541	-5.000000	0.126513
411	-0.000040	-4.186840	0.934314
412	-1.114652	-4.508626	0.923441
413	1.114579	-4.508630	0.923441
414	-0.000168	-2.107816	0.922958
415	-1.126844	-2.430559	0.914746
416	1.126594	-2.430608	0.914746
417	-0.003433	-0.720719	0.857399
418	-1.116085	-0.886815	0.876877
419	1.110989	-0.887141	0.876957
420	3.003106	-0.006640	0.790850
421	4.130065	0.043836	0.769560
422	4.082693	-0.061159	0.771100
423	0.009419	0.268780	0.809294
424	-1.060360	0.164223	0.802952
425	1.029632	0.154722	0.802025
426	-0.000024	1.336154	0.914445
427	-1.302620	1.205646	0.906542
428	1.303591	1.205778	0.906544
429	-0.000092	3.182492	0.933838
430	-1.250443	2.978928	0.922893
431	1.250236	2.978964	0.922893
432	2.277527	5.000000	0.425561
433	3.578580	5.000000	0.500306
434	3.574745	5.000000	0.307935
435	5.000000	-3.899086	0.414718
436	5.000000	-4.469811	0.471147
437	5.000000	-4.442799	0.301825
438	-5.000000	-3.133662	0.243646
439	-5.000000	-2.914932	0.117426
440	-5.000000	-3.684152	0.123556
441	5.000000	3.134448	0.243557
442	5.000000	2.915207	0.117331
443	5.000000	3.684426	0.123518
444	-5.000000	3.899178	0.414721
445	-5.000000	4.469841	0.471139
446	-5.000000	4.442817	0.301813
447	-5.000000	-0.476292	0.314436
448	-5.000000	-0.572512	0.406292
449	-5.000000	-0.945894	0.242441
450	5.000000	-0.479541	0.313721
451	5.000000	-0.577809	0.405316
452	5.000000	-0.948218	0.241852
453	2.325367	-3.347253	0.000045
454	3.657133	-2.991906	0.000136
455	3.623019	-3.784522	0.000005
456	2.337040	-0.000253	-0.000199
457	3.656785	0.411135	-0.000002
458	3.657048	-0.411219	-0.000002
459	-0.000013	4.109223	0.000000
460	-1.162866	4.574899	0.000000
461	1.162843	4.574901	0.000000
462	3.574760	-5.000000	0.307940
463	3.578590	-5.000000	0.500313
464	2.277540	-5.000000	0.425564
465	1.217095	-5.000000	0.742525
466	-1.217138	-5.000000	0.742525
467	-0.000011	-5.000000	0.634900
468	-3.578584	-5.000000	0.500306
469	-3.574741	-5.000000	0.307935
470	-2.277526	-5.000000	0.425561
471	3.564737	-4.065757	0.932669
472	3.640257	-3.585719	0.935825
473	2.281412	-3.727189	0.938440
474	1.250238	-2.978963	0.922893
475	-1.250433	-2.978929	0.922893
476	-0.000083	-3.182492	0.933838
477	-3.640319	-3.585648	0.935825
478	-3.564788	-4.065719	0.932668
479	-2.281494	-3.727158	0.938440
480	3.250204	-0.687567	0.853196
481	3.207571	-0.454141	0.823836
482	2.068181	-0.518035	0.833178
483	1.060170	-0.165684	0.803000
484	-1.028242	-0.155984	0.802112
485	-0.008858	-0.269840	0.809374
486	-3.208904	-0.450094	0.823610
487	-3.252783	-0.685250	0.853085
488	-2.073704	-0.515671	0.832744
489	1.641558	-0.044331	0.798001
491	-0.109898	-0.014016	0.798387
492	-4.132008	-0.047467	0.770216
493	-4.082988	0.057575	0.771620
494	-3.017536	0.003933	0.790913
495	-1.636087	0.042132	0.798045
497	0.078917	0.012271	0.798444
498	3.211017	0.448825	0.823261
499	3.254052	0.684645	0.852861
500	2.075552	0.514933	0.832617
501	1.117002	0.886707	0.876867
502	-1.110752	0.886761	0.876909
503	0.004237	0.720334	0.857352
504	-3.250605	0.686338	0.853179
505	-3.208715	0.452352	0.823815
506	-2.068760	0.516942	0.833079
507	3.640258	3.585717	0.935825
508	3.564737	4.065757	0.932668
509	2.281409	3.727189	0.938440
510	1.114582	4.508629	0.923441
511	-1.114650	4.508626	0.923441
512	-0.000040	4.186840	0.934314
513	-3.564790	4.065718	0.932668
514	-3.640324	3.585646	0.935825
515	-2.281499	3.727157	0.938440
516	1.169533	5.000000	0.126512
517	-1.169542	5.000000	0.126512
518	-0.000002	5.000000	0.237060
519	-3.574748	5.000000	0.307935
520	-3.578584	5.000000	0.500307
521	-2.277530	5.000000	0.425561
522	-1.217128	5.000000	0.742525
523	1.217108	5.000000	0.742525
524	-0.000004	5.000000	0.634900
525	5.000000	-3.684652	0.123523
526	5.000000	-2.915754	0.117344
527	5.000000	-3.134634	0.243556
528	5.000000	-1.752826	0.277522
529	5.000000	-1.236005	0.448735
530	5.000000	-1.908457	0.386939
531	5.000000	-0.822232	0.729153
532	5.000000	-1.027768	0.797640
533	5.000000	-1.499149	0.636111
534	5.000000	-1.891803	0.797115
535	5.000000	-2.415733	0.796087
536	5.000000	-2.307621	0.693450
537	5.000000	-3.478582	0.781158
538	5.000000	-3.981231	0.734464
539	5.000000	-3.434304	0.648458
540	-5.000000	-4.442605	0.301818
541	-5.000000	-4.469686	0.471128
542	-5.000000	-3.898718	0.414717
543	-5.000000	-3.981131	0.734453
544	-5.000000	-3.478445	0.781156
545	-5.000000	-3.434026	0.648458
546	-5.000000	-2.415316	0.796111
547	-5.000000	-1.890942	0.797174
548	-5.000000	-2.306760	0.693532
549	-5.000000	-1.024768	0.797907
550	-5.000000	-0.817741	0.729362
551	-5.000000	-1.496176	0.636470
552	-5.000000	-1.231592	0.449395
553	-5.000000	-1.750428	0.277956
554	-5.000000	-1.905871	0.387339
555	5.000000	4.442759	0.301815
556	5.000000	4.469781	0.471136
557	5.000000	3.898999	0.414718
558	5.000000	3.981170	0.734455
559	5.000000	3.478465	0.781152
560	5.000000	3.434091	0.648460
561	5.000000	2.415236	0.796089
562	5.000000	1.890677	0.797129
563	5.000000	2.306566	0.693499
564	5.000000	1.024003	0.797457
565	5.000000	0.816735	0.728695
566	5.000000	1.496192	0.636263
567	5.000000	1.236244	0.449044
568	5.000000	1.753430	0.277360
569	5.000000	1.908520	0.387019
570	-5.000000	3.684529	0.123509
571	-5.000000	2.915414	0.117315
572	-5.000000	3.134818	0.243543
573	-5.000000	1.755003	0.277347
574	-5.000000	1.240059	0.449214
575	-5.000000	1.910394	0.387069
576	-5.000000	0.820461	0.729744
577	-5.000000	1.026369	0.798050
578	-5.000000	1.498780	0.636549
579	-5.000000	1.891529	0.797212
580	-5.000000	2.415636	0.796139
581	-5.000000	2.307610	0.693570
582	-5.000000	3.478595	0.781177
583	-5.000000	3.981252	0.734471
584	-5.000000	3.434394	0.648489
585	-5.000000	-0.394664	0.077836
586	-5.000000	0.397914	0.079031
587	-5.000000	0.001533	0.158744
588	-5.000000	0.937184	0.244553
589	-5.000000	0.600394	0.405255
590	-5.000000	0.443132	0.326641
594	5.000000	-0.394775	0.077686
595	5.000000	0.398027	0.078945
596	5.000000	0.001018	0.158491
597	5.000000	0.935439	0.244527
598	5.000000	0.595402	0.405175
599	5.000000	0.439955	0.326425
603	1.162815	-4.574933	0.000000
604	-1.162859	-4.574929	0.000000
605	-0.000022	-4.109280	0.000000
606	-3.623044	-3.784483	0.000005
607	-3.657148	-2.991847	0.000136
608	-2.325399	-3.347227	0.000045
609	-1.221948	-2.139064	0.001010
610	1.221943	-2.139086	0.001010
611	-0.000014	-2.545174	0.001014
612	1.190814	-1.242674	-0.002677
613	-1.190738	-1.242657	-0.002677
614	0.000057	-0.776052	-0.023956
615	-3.657010	-0.411210	-0.000002
616	-3.656745	0.411112	-0.000002
617	-2.336839	-0.000205	-0.000199
618	-1.190619	1.242286	-0.002674
619	1.190646	1.242301	-0.002674
620	-0.000076	0.775634	-0.023715
621	3.623049	3.784380	0.000005
622	3.657144	2.991661	0.000136
623	2.325392	3.347101	0.000045
624	1.221917	2.138792	0.001007
625	-1.221940	2.138777	0.001007
626	-0.000015	2.544961	0.001011
627	-3.657158	2.991630	0.000136
628	-3.623063	3.784362	0.000005
629	-2.325414	3.347086	0.000045
630	3.617803	-2.104175	0.927817
631	3.741669	-1.703018	0.928491
632	2.383813	-1.771668	0.927511
633	1.302171	-1.205844	0.906558
634	-1.303951	-1.205688	0.906537
635	-0.000567	-1.336179	0.914446
636	-3.741978	-1.702658	0.928503
637	-3.618016	-2.103933	0.927822
638	-2.384232	-1.771495	0.927510
639	3.741782	1.702927	0.928492
640	3.617846	2.104140	0.927817
641	2.383883	1.771648	0.927510
642	1.126591	2.430608	0.914746
643	-1.126860	2.430557	0.914746
644	-0.000178	2.107815	0.922958
645	-3.618027	2.103916	0.927822
646	-3.741929	1.702630	0.928501
647	-2.384222	1.771480	0.927510
648	3.842582	-5.054111	0.000000
649	3.749052	-4.843257	0.900000
650	3.908915	-1.171690	0.900000
651	3.591841	0.137425	0.790011
652	3.910598	1.171314	0.900000
653	3.749058	4.843256	0.900000
654	3.842600	5.054110	0.000000
655	5.000000	-5.000000	0.079490
656	-5.000000	-5.000000	0.079488
657	5.000000	1.653203	0.086769
658	-5.000000	1.653429	0.086752
659	5.000000	5.000000	0.079487
660	-5.000000	5.000000	0.079486
661	5.000000	-4.672647	0.775260
662	-5.000000	-4.672629	0.775246
663	4.548333	-1.100815	0.894322
664	-4.548686	-1.099312	0.894355
665	4.371681	0.279727	0.778342
666	-4.367313	0.285946	0.779556
667	5.000000	3.177914	0.900000
668	-5.000000	3.177746	0.900000
669	5.000000	-4.696213	0.000000
670	-5.000000	-4.696189	0.000000
671	5.000000	4.696158	0.000000
672	-5.000000	4.696151	0.000000
673	3.899586	1.723620	0.000000
674	5.000000	-1.656800	0.086512
675	-5.000000	-1.655966	0.086688
676	5.000000	-1.346709	0.000000
677	-5.000000	-1.346646	0.000000
678	3.576011	-0.146973	0.789505
679	3.899670	-1.724069	0.000000
682	3.872144	-2.872704	0.900000
683	3.872154	2.872689	0.900000
684	5.000000	1.393282	0.900000
685	-5.000000	1.392937	0.900000
686	5.000000	-2.744781	0.899970
687	-5.000000	-2.744524	0.899970
688	4.112415	-5.000000	0.072473
689	4.064181	-5.000000	0.748024
690	-4.064195	-5.000000	0.748017
691	-4.112415	-5.000000	0.072472
692	4.050986	-4.684731	0.888370
693	4.175217	-3.052753	0.914942
694	-4.175279	-3.052605	0.914943
695	-4.051020	-4.684722	0.888366
696	3.858873	-1.058714	0.893658
697	3.708040	-0.216341	0.793082
698	-3.717545	-0.210101	0.793978
699	-3.860842	-1.057716	0.893698
700	4.348384	-0.164431	0.767522
701	-4.373440	-0.156340	0.767334
702	-4.346599	0.160044	0.768037
703	4.370889	0.152226	0.766419
704	3.721709	0.207490	0.793282
705	3.861654	1.057888	0.893636
706	-3.859087	1.057914	0.893687
707	-3.710989	0.213187	0.793201
708	4.175225	3.052740	0.914942
709	4.050991	4.684731	0.888366
710	-4.051020	4.684722	0.888366
711	-4.175282	3.052597	0.914943
712	4.112413	5.000000	0.072472
713	-4.112414	5.000000	0.072472
714	-4.064192	5.000000	0.748018
715	4.064181	5.000000	0.748017
716	5.000000	-4.701441	0.072982
717	5.000000	-1.974328	0.065095
718	5.000000	-0.348652	0.734224
720	5.000000	-2.958793	0.864223
721	5.000000	-4.679842	0.675549
722	-5.000000	-4.701343	0.072988
723	-5.000000	-4.679811	0.675531
724	-5.000000	-2.958592	0.864226
726	-5.000000	-0.340111	0.734560
727	-5.000000	-1.973639	0.065202
728	5.000000	4.701397	0.072978
729	5.000000	4.679830	0.675530
730	5.000000	2.958697	0.864220
732	5.000000	0.336146	0.733891
733	5.000000	1.972365	0.065148
734	-5.000000	4.701411	0.072976
735	-5.000000	1.972511	0.065134
736	-5.000000	0.344098	0.735175
738	-5.000000	2.958650	0.864234
739	-5.000000	4.679842	0.675536
740	-5.000000	-1.402216	0.057110
741	-5.000000	1.398869	0.057555
743	-5.000000	-0.142491	0.679217
744	5.000000	-1.402709	0.056986
745	5.000000	1.398852	0.057552
747	5.000000	-0.157372	0.678063
748	4.092894	-4.764208	0.000000
749	-4.092916	-4.764197	0.000000
750	-4.149642	-2.018960	-0.000775
751	4.149651	-2.019043	-0.000774
752	4.122462	-1.422122	0.000148
753	-4.122431	-1.422058	0.000148
754	-4.122275	1.421701	0.000148
755	4.122277	1.421758	0.000148
756	4.092920	4.764175	0.000000
757	4.149627	2.018628	-0.000775
758	-4.149633	2.018572	-0.000776
759	-4.092928	4.764170	0.000000
760	4.050788	-2.700637	0.910291
761	4.174060	-1.299256	0.910663
762	-4.174631	-1.298586	0.910680
763	-4.050889	-2.700453	0.910293
764	4.174599	1.298933	0.910668
765	4.050805	2.700617	0.910291
766	-4.050896	2.700442	0.910293
767	-4.174183	1.298593	0.910675
768	-1.319535	-5.049482	0.000000
769	-1.244755	-4.822335	0.900000
770	-1.387808	-1.067735	0.895316
771	-0.600500	0.042908	0.799036
772	-1.384170	1.067675	0.895330
773	-1.244748	4.822335	0.900000
774	-1.319538	5.049482	0.000000
775	5.000000	-5.000000	0.444258
776	-5.000000	-5.000000	0.444239
777	5.000000	0.877834	0.433873
778	-5.000000	0.882891	0.433925
779	5.000000	5.000000	0.444241
780	-5.000000	5.000000	0.444242
781	5.000000	-3.688302	0.899999
782	-5.000000	-3.688191	0.899999
783	4.395390	-0.508255	0.815575
784	-4.395892	-0.503684	0.815622
785	4.443261	0.765733	0.860016
786	-4.442382	0.767677	0.860632
787	5.000000	4.209212	0.881890
788	-5.000000	4.209154	0.881897
789	5.000000	-2.975947	0.000000
790	-5.000000	-2.975842	0.000000
791	5.000000	2.975628	0.000000
792	-5.000000	2.975585	0.000000
793	-1.368791	1.714290	0.000000
794	5.000000	-0.869761	0.433449
795	-5.000000	-0.864201	0.434405
796	5.000000	0.472388	0.000000
797	-5.000000	0.472326	0.000000
799	-1.368833	-1.714666	0.000000
801	-4.772205	0.009606	0.732262
802	-1.344849	-2.769232	0.900000
803	-1.344857	2.769229	0.900000
804	5.000000	2.301258	0.899983
805	-5.000000	2.300972	0.899983
806	5.000000	-1.830333	0.900000
807	-5.000000	-1.829759	0.900000
808	1.383547	-5.000000	0.311497
809	1.408765	-5.000000	0.554559
810	-1.408769	-5.000000	0.554557
811	-1.383525	-5.000000	0.311496
812	1.347543	-3.994610	0.937154
813	1.444935	-3.385776	0.937338
814	-1.445055	-3.385751	0.937338
815	-1.347622	-3.994597	0.937154
816	1.254607	-0.635813	0.847255
817	1.271229	-0.363148	0.817146
818	-1.280086	-0.360590	0.816643
819	-1.261453	-0.634881	0.847030
820	1.749679	-0.014633	0.797506
822	-1.759784	0.013328	0.797517
824	1.281784	0.359667	0.816538
825	1.262922	0.634450	0.846973
826	-1.254555	0.635138	0.847172
827	-1.271689	0.362024	0.817053
828	1.444930	3.385776	0.937338
829	1.347541	3.994610	0.937154
830	-1.347625	3.994597	0.937154
831	-1.445064	3.385751	0.937338
832	1.383530	5.000000	0.311495
833	-1.383534	5.000000	0.311496
834	-1.408768	5.000000	0.554557
835	1.408762	5.000000	0.554557
836	5.000000	-3.542696	0.321239
837	5.000000	-2.517981	0.304812
838	5.000000	-1.701353	0.513710
839	5.000000	-1.915816	0.653587
840	5.000000	-2.869406	0.658267
841	5.000000	-3.663359	0.538290
842	-5.000000	-3.542039	0.321276
843	-5.000000	-3.663018	0.538288
844	-5.000000	-2.868898	0.658300
845	-5.000000	-1.914067	0.653790
846	-5.000000	-1.698382	0.514120
847	-5.000000	-2.516383	0.305024
848	5.000000	3.542571	0.321247
849	5.000000	3.663209	0.538295
850	5.000000	2.868887	0.658289
851	5.000000	1.913895	0.653710
852	5.000000	1.699784	0.513906
853	5.000000	2.517933	0.304830
854	-5.000000	3.542846	0.321243
855	-5.000000	2.518806	0.304823
856	-5.000000	1.702207	0.514080
857	-5.000000	1.915668	0.653829
858	-5.000000	2.869506	0.658336
859	-5.000000	3.663466	0.538310
860	-5.000000	-0.364589	0.220051
861	-5.000000	0.349436	0.227745
864	5.000000	-0.366092	0.219593
865	5.000000	0.348104	0.227515
868	1.397609	-3.805642	0.000002
869	-1.397649	-3.805631	0.000002
870	-1.441971	-2.852262	-0.000449
871	1.441940	-2.852281	-0.000449
872	1.403379	-0.475704	0.013653
873	-1.402013	-0.475286	0.013614
874	-1.401095	0.474370	0.013263
875	1.403230	0.475254	0.013375
876	1.397640	3.805554	0.000002
877	1.441943	2.852094	-0.000448
878	-1.441969	2.852082	-0.000448
879	-1.397664	3.805547	0.000002
880	1.379381	-1.956900	0.925782
881	1.555034	-1.491083	0.921425
882	-1.555750	-1.490952	0.921418
883	-1.379754	-1.956820	0.925781
884	1.555256	1.491060	0.921422
885	1.379398	1.956898	0.925781
886	-1.379772	1.956815	0.925782
887	-1.555567	1.490932	0.921420
888	-1.014592	-5.000000	0.242936
889	-0.632394	-5.000000	0.064856
890	1.611896	-5.000000	0.188831
891	-0.978421	-4.177065	0.934538
892	-0.593568	-4.668316	0.913432
893	1.554783	-4.337112	0.930611
894	-0.989079	-2.108304	0.923309
895	-0.613305	-2.591848	0.907976
896	1.565087	-2.270488	0.920206
897	-0.933418	-0.718439	0.857139
898	-0.624928	-0.970078	0.885698
899	1.497724	-0.802200	0.867298
901	4.429914	0.023823	0.758658
903	-0.928691	0.283509	0.810447
904	-0.563167	0.100129	0.800507
905	1.463257	0.232186	0.806113
906	-1.162965	1.365355	0.916087
907	-0.685115	1.121056	0.899777
908	1.811447	1.312767	0.913618
909	-1.082241	3.215305	0.934363
910	-0.664593	2.856273	0.912705
911	1.718669	3.127453	0.930598
912	2.208927	5.000000	0.515168
913	4.290769	5.000000	0.429793
914	2.805622	5.000000	0.281937
915	5.000000	-3.926821	0.492216
916	5.000000	-4.735108	0.413831
917	5.000000	-4.139561	0.281210
918	-5.000000	-2.779079	0.241321
919	-5.000000	-3.163729	0.057649
920	-5.000000	-3.761427	0.192173
921	5.000000	2.780142	0.241166
922	5.000000	3.163766	0.057612
923	5.000000	3.761806	0.192137
924	-5.000000	3.926904	0.492222
925	-5.000000	4.735120	0.413818
926	-5.000000	4.139594	0.281199
927	-5.000000	-0.286617	0.383571
928	-5.000000	-0.836944	0.376477
929	-5.000000	-0.784286	0.206331
930	5.000000	-0.291182	0.382765
931	5.000000	-0.841597	0.375566
932	5.000000	-0.785957	0.205841
933	2.262770	-2.998297	-0.000205
934	4.347787	-3.197366	0.000032
935	2.840328	-3.916807	-0.000003
936	2.250083	0.353748	0.000923
937	4.354372	0.222231	-0.000001
938	2.882650	-0.565592	-0.000145
939	-1.018913	4.085557	-0.000000
940	-0.623410	4.818861	-0.000000
941	1.614970	4.310466	-0.000000
942	4.293823	-5.000000	0.333189
943	2.830411	-5.000000	0.558252
944	2.189307	-5.000000	0.338427
945	0.615108	-5.000000	0.805576
946	-1.681879	-5.000000	0.677691
947	1.052755	-5.000000	0.626428
948	-4.290770	-5.000000	0.429792
949	-2.805618	-5.000000	0.281937
950	-2.208932	-5.000000	0.515167
951	4.305369	-4.012362	0.923762
952	2.897081	-3.431688	0.936579
953	2.159861	-3.945820	0.937459
954	0.664363	-2.856295	0.912705
955	-1.718829	-3.127411	0.930598
956	1.082079	-3.215327	0.934362
957	-4.328863	-3.760432	0.928036
958	-2.769399	-4.112132	0.934999
959	-2.248310	-3.507665	0.937986
960	3.855978	-0.663978	0.848610
961	2.538360	-0.380872	0.817677
962	1.993880	-0.618344	0.845134
963	0.563672	-0.101605	0.800526
964	-1.461180	-0.233385	0.806228
965	0.928342	-0.284695	0.810529
966	-3.829426	-0.535423	0.831405
967	-2.573876	-0.701663	0.855251
968	-2.001478	-0.414069	0.821548
970	-2.276771	-0.034498	0.796180
971	1.411875	-0.023580	0.798061
972	-4.431271	-0.027571	0.759431
976	2.286868	0.032702	0.796097
977	-1.387811	0.021307	0.798121
978	3.830846	0.534160	0.830885
979	2.575317	0.701241	0.855141
980	2.003534	0.413123	0.821403
981	0.625444	0.970004	0.885694
982	-1.497606	0.801667	0.867233
983	0.934649	0.718121	0.857101
984	-3.856379	0.662411	0.848717
985	-2.539656	0.379264	0.817595
986	-1.994198	0.617451	0.845042
987	4.328831	3.760508	0.928035
988	2.769334	4.112156	0.934999
989	2.248209	3.507703	0.937985
990	0.593505	4.668317	0.913432
991	-1.554857	4.337103	0.930611
992	0.978343	4.177071	0.934538
993	-4.305401	4.012302	0.923760
994	-2.897181	3.431628	0.936579
995	-2.159939	3.945797	0.937459
996	0.632381	5.000000	0.064856
997	-1.611886	5.000000	0.188830
998	1.014599	5.000000	0.242936
999	-4.293815	5.000000	0.333181
1000	-2.830411	5.000000	0.558248
1001	-2.189293	5.000000	0.338425
1002	-0.615150	5.000000	0.805576
1003	1.681859	5.000000	0.677692
1004	-1.052768	5.000000	0.626427
1005	5.000000	-3.577697	0.059249
1006	5.000000	-2.673155	0.179666
1007	5.000000	-3.483115	0.251428
1008	5.000000	-1.433577	0.306450
1009	5.000000	-1.297566	0.498423
1010	5.000000	-2.173468	0.314232
1011	5.000000	-0.588006	0.824173
1012	5.000000	-1.350057	0.749960
1013	5.000000	-1.426848	0.592357
1014	5.000000	-1.982322	0.846926
1015	5.000000	-2.649610	0.752114
1016	5.000000	-1.998928	0.698067
1017	5.000000	-3.733101	0.833734
1018	5.000000	-3.966237	0.651771
1019	5.000000	-3.171556	0.681508
1020	-5.000000	-4.729228	0.325456
1021	-5.000000	-4.206853	0.523825
1022	-5.000000	-3.863418	0.338601
1023	-5.000000	-3.984063	0.818065
1024	-5.000000	-3.199373	0.741620
1025	-5.000000	-3.692222	0.612384
1026	-5.000000	-2.221155	0.846506
1027	-5.000000	-1.784842	0.754373
1028	-5.000000	-2.608478	0.699264
1029	-5.000000	-0.712155	0.855444
1030	-5.000000	-1.083593	0.635208
1031	-5.000000	-1.579612	0.677606
1032	-5.000000	-1.174162	0.397061
1033	-5.000000	-2.082421	0.257276
1034	-5.000000	-1.632802	0.464427
1035	5.000000	4.729295	0.325458
1036	5.000000	4.206971	0.523834
1037	5.000000	3.863776	0.338590
1038	5.000000	3.984105	0.818063
1039	5.000000	3.199360	0.741613
1040	5.000000	3.692325	0.612391
1041	5.000000	2.221203	0.846488
1042	5.000000	1.784408	0.754306
1043	5.000000	2.608365	0.699244
1044	5.000000	0.711254	0.854551
1045	5.000000	1.083718	0.634843
1046	5.000000	1.579292	0.677452
1047	5.000000	1.182400	0.396304
1048	5.000000	2.084440	0.256875
1049	5.000000	1.635188	0.464140
1050	-5.000000	3.577467	0.059242
1051	-5.000000	2.673126	0.179616
1052	-5.000000	3.483215	0.251419
1053	-5.000000	1.437542	0.306205
1054	-5.000000	1.299683	0.498972
1055	-5.000000	2.174927	0.314230
1056	-5.000000	0.585785	0.824505
1057	-5.000000	1.349226	0.750289
1058	-5.000000	1.426891	0.592864
1059	-5.000000	1.981988	0.846970
1060	-5.000000	2.649615	0.752171
1061	-5.000000	1.998781	0.698243
1062	-5.000000	3.733069	0.833742
1063	-5.000000	3.966285	0.651779
1064	-5.000000	3.171642	0.681551
1065	-5.000000	-0.218740	0.037182
1066	-5.000000	0.511706	0.127280
1067	-5.000000	-0.301118	0.163394
1068	-5.000000	1.056664	0.288446
1069	-5.000000	0.327004	0.469987
1070	-5.000000	0.529165	0.251899
1073	-5.000000	0.057319	0.474858
1074	5.000000	-0.218658	0.037119
1075	5.000000	0.511534	0.127167
1076	5.000000	-0.301854	0.163072
1077	5.000000	1.054220	0.288459
1078	5.000000	0.320228	0.469802
1079	5.000000	0.527406	0.251731
1082	5.000000	0.050446	0.474301
1083	0.623370	-4.818877	-0.000000
1084	-1.614978	-4.310511	-0.000000
1085	1.018861	-4.085624	-0.000000
1086	-4.337635	-3.621961	-0.000005
1087	-2.898849	-2.815799	0.000314
1088	-2.221965	-3.695196	-0.000007
1089	-0.654366	-1.916985	-0.000605
1090	1.688047	-2.389074	-0.000974
1091	-1.065814	-2.579504	0.000875
1092	0.641742	-1.485704	0.001708
1093	-1.647241	-0.976830	0.003063
1094	1.027560	-0.753623	-0.013578
1095	-4.354439	-0.222097	-0.000001
1096	-2.882106	0.565305	-0.000145
1097	-2.250244	-0.354242	0.000933
1098	-0.641639	1.485320	0.001708
1099	1.647169	0.976514	0.003050
1100	-1.027383	0.753036	-0.013426
1101	4.337638	3.621832	-0.000005
1102	2.898834	2.815607	0.000314
1103	2.221964	3.695102	-0.000007
1104	0.654348	1.916668	-0.000603
1105	-1.688056	2.388795	-0.000972
1106	1.065781	2.579302	0.000872
1107	-4.347804	3.197083	0.000032
1108	-2.840385	3.916689	-0.000003
1109	-2.262803	2.998088	-0.000204
1110	4.345245	-2.090726	0.925200
1111	3.026328	-1.560212	0.925120
1112	2.221063	-1.943381	0.927002
1113	0.684830	-1.121201	0.899792
1114	-1.811870	-1.312628	0.913612
1115	1.162399	-1.365491	0.916095
1116	-4.382650	-1.871229	0.925652
1117	-2.814316	-2.108803	0.926080
1118	-2.378193	-1.600898	0.925244
1119	4.382558	1.871522	0.925642
1120	2.814076	2.108957	0.926079
1121	2.377804	1.601065	0.925246
1122	0.613069	2.591872	0.907976
1123	-1.565384	2.270409	0.920207
1124	0.988752	2.108355	0.923309
1125	-4.345371	2.090366	0.925206
1126	-3.026705	1.559891	0.925121
1127	-2.221432	1.943232	0.927002
1128	1.319501	-5.049482	0.000000
1129	1.244703	-4.822335	0.900000
1130	1.384109	-1.067941	0.895358
1132	1.388045	1.067826	0.895327
1133	1.244710	4.822334	0.900000
1134	1.319520	5.049482	0.000000
1135	5.000000	-5.000000	0.259930
1136	-5.000000	-5.000000	0.259919
1137	5.000000	1.347508	0.252641
1138	-5.000000	1.349273	0.252611
1139	5.000000	5.000000	0.259920
1140	-5.000000	5.000000	0.259920
1141	5.000000	-4.209215	0.881900
1142	-5.000000	-4.209157	0.881896
1143	4.442266	-0.769251	0.860416
1144	-4.442873	-0.766463	0.860511
1145	4.396829	0.502036	0.814738
1146	-4.395921	0.505878	0.815865
1147	5.000000	3.688295	0.899999
1148	-5.000000	3.688184	0.899999
1149	5.000000	-3.873806	0.000000
1150	-5.000000	-3.873734	0.000000
1151	5.000000	3.873625	0.000000
1152	-5.000000	3.873603	0.000000
1153	1.368793	1.714310	0.000000
1154	5.000000	-1.349375	0.252581
1155	-5.000000	-1.346850	0.253130
1156	5.000000	-0.471994	0.000000
1157	-5.000000	-0.472003	0.000000
1158	0.601354	-0.044551	0.799007
1159	1.368872	-1.714693	0.000000
1162	1.344642	-2.769282	0.900000
1163	1.344644	2.769280	0.900000
1164	5.000000	1.830095	0.900000
1165	-5.000000	1.829742	0.900000
1166	5.000000	-2.301370	0.899983
1167	-5.000000	-2.300990	0.899983
1168	2.590664	-5.000000	0.202439
1169	2.643588	-5.000000	0.649861
1170	-2.643605	-5.000000	0.649858
1171	-2.590644	-5.000000	0.202437
1172	2.532231	-4.318407	0.930944
1173	2.716784	-3.224524	0.932383
1174	-2.716902	-3.224459	0.932384
1175	-2.532297	-4.318391	0.930944
1176	2.400616	-0.804861	0.867792
1177	2.341113	-0.282424	0.809026
1178	-2.339065	-0.277229	0.808320
1179	-2.404831	-0.803774	0.867636
1180	3.061711	-0.060849	0.790692
1181	-3.254980	-0.050956	0.789444
1182	-3.059049	0.058006	0.790938
1183	3.255165	0.048095	0.789076
1184	2.341973	0.275850	0.808120
1185	2.406135	0.803578	0.867579
1186	-2.400758	0.804126	0.867729
1187	-2.342768	0.280662	0.808952
1188	2.716786	3.224524	0.932383
1189	2.532233	4.318406	0.930944
1190	-2.532298	4.318391	0.930944
1191	-2.716910	3.224456	0.932384
1192	2.590647	5.000000	0.202437
1193	-2.590651	5.000000	0.202437
1194	-2.643599	5.000000	0.649858
1195	2.643590	5.000000	0.649858
1196	5.000000	-4.101116	0.204244
1197	5.000000	-2.315020	0.185499
1198	5.000000	-1.024559	0.590294
1199	5.000000	-1.472554	0.781253
1200	5.000000	-2.934890	0.768939
1201	5.000000	-4.213352	0.607997
1202	-5.000000	-4.100751	0.204258
1203	-5.000000	-4.213230	0.607979
1204	-5.000000	-2.934639	0.768950
1205	-5.000000	-1.470793	0.781415
1206	-5.000000	-1.019632	0.590774
1207	-5.000000	-2.313600	0.185709
1208	5.000000	4.101018	0.204237
1209	5.000000	4.213303	0.607987
1210	5.000000	2.934601	0.768937
1211	5.000000	1.470209	0.781295
1212	5.000000	1.020580	0.590487
1213	5.000000	2.314381	0.185437
1214	-5.000000	4.101108	0.204231
1215	-5.000000	2.314982	0.185412
1216	-5.000000	1.024927	0.591074
1217	-5.000000	1.471934	0.781464
1218	-5.000000	2.934902	0.768977
1219	-5.000000	4.213390	0.607996
1220	-5.000000	-0.811640	0.141331
1221	-5.000000	0.802979	0.144431
1223	-5.000000	-0.171596	0.576262
1224	5.000000	-0.812540	0.141007
1225	5.000000	0.802586	0.144363
1227	5.000000	-0.182554	0.575100
1228	2.606901	-4.249020	0.000000
1229	-2.606940	-4.249005	0.000000
1230	-2.689785	-2.481368	-0.000718
1231	2.689773	-2.481414	-0.000718
1232	2.652212	-0.906726	0.000408
1233	-2.652143	-0.906701	0.000408
1234	-2.651699	0.906345	0.000407
1235	2.651818	0.906403	0.000407
1236	2.606943	4.248951	0.000000
1237	2.689762	2.481137	-0.000717
1238	-2.689782	2.481108	-0.000717
1239	-2.606962	4.248943	0.000000
1240	2.549623	-2.283877	0.921611
1241	2.827630	-1.399183	0.918980
1242	-2.828391	-1.398868	0.918975
1243	-2.549869	-2.283746	0.921613
1244	2.828079	1.399094	0.918974
1245	2.549643	2.283870	0.921611
1246	-2.549888	2.283739	0.921613
1247	-2.828021	1.398836	0.918974
1248	-3.842599	-5.054110	0.000000
1249	-3.749082	-4.843256	0.900000
1250	-3.910380	-1.170984	0.900000
1251	-3.574495	0.143550	0.789747
1252	-3.909036	1.171014	0.900000
1253	-3.749079	4.843256	0.900000
1254	-3.842608	5.054110	0.000000
1255	5.000000	-5.000000	0.621982
1256	-5.000000	-5.000000	0.621961
1257	5.000000	0.387535	0.629333
1258	-5.000000	0.397632	0.629768
1259	5.000000	5.000000	0.621960
1260	-5.000000	5.000000	0.621962
1261	5.000000	-3.177935	0.900000
1262	-5.000000	-3.177757	0.900000
1263	4.365715	-0.289539	0.779243
1264	-4.369463	-0.282726	0.779412
1265	4.548732	1.099263	0.894268
1266	-4.548260	1.099765	0.894363
1267	5.000000	4.672645	0.775239
1268	-5.000000	4.672629	0.775246
1269	5.000000	-2.113380	0.000000
1270	-5.000000	-2.113272	0.000000
1271	5.000000	2.112925	0.000000
1272	-5.000000	2.112862	0.000000
1273	-3.899587	1.723563	0.000000
1274	5.000000	-0.401042	0.627768
1275	-5.000000	-0.390530	0.628894
1276	5.000000	1.346404	0.000000
1277	-5.000000	1.346327	0.000000
1278	-3.591665	-0.140298	0.790527
1279	-3.899649	-1.723993	0.000000
1282	-3.872236	-2.872548	0.900000
1283	-3.872241	2.872539	0.900000
1284	5.000000	2.744732	0.899970
1285	-5.000000	2.744510	0.899970
1286	5.000000	-1.393763	0.900000
1287	-5.000000	-1.392895	0.900000
1288	0.391812	-5.000000	0.401917
1289	0.393968	-5.000000	0.471062
1290	-0.393961	-5.000000	0.471061
1291	-0.391797	-5.000000	0.401916
1292	0.383227	-3.732302	0.938757
1293	0.400296	-3.556833	0.938760
1294	-0.400398	-3.556828	0.938760
1295	-0.383315	-3.732298	0.938757
1296	0.347933	-0.516160	0.833075
1297	0.358785	-0.440200	0.824754
1298	-0.369729	-0.439740	0.824640
1299	-0.357012	-0.515794	0.832983
1302	-0.980396	-0.004746	0.798658
1304	0.370690	0.439015	0.824560
1305	0.358057	0.515192	0.832912
1306	-0.347436	0.515497	0.832999
1307	-0.358334	0.439417	0.824671
1308	0.400290	3.556833	0.938760
1309	0.383223	3.732302	0.938757
1310	-0.383320	3.732298	0.938757
1311	-0.400405	3.556828	0.938760
1312	0.391802	5.000000	0.401916
1313	-0.391805	5.000000	0.401916
1314	-0.393966	5.000000	0.471061
1315	0.393962	5.000000	0.471061
1316	5.000000	-2.993254	0.429720
1317	5.000000	-2.658950	0.423832
1318	5.000000	-2.383027	0.482541
1319	5.000000	-2.444369	0.537360
1320	5.000000	-2.773381	0.541925
1321	5.000000	-3.045600	0.493136
1322	-5.000000	-2.992266	0.429807
1323	-5.000000	-3.044790	0.493196
1324	-5.000000	-2.772434	0.542011
1325	-5.000000	-2.442987	0.537517
1326	-5.000000	-2.381373	0.482746
1327	-5.000000	-2.657569	0.423989
1328	5.000000	2.992939	0.429771
1329	5.000000	3.045218	0.493181
1330	5.000000	2.772757	0.541989
1331	5.000000	2.443431	0.537467
1332	5.000000	2.382232	0.482662
1333	5.000000	2.658536	0.423912
1334	-5.000000	2.993581	0.429782
1335	-5.000000	2.659470	0.423930
1336	-5.000000	2.383519	0.482707
1337	-5.000000	2.444638	0.537518
1338	-5.000000	2.773599	0.542026
1339	-5.000000	3.045835	0.493203
1340	-5.000000	-0.086599	0.295787
1341	-5.000000	0.055389	0.299912
1344	5.000000	-0.089154	0.295273
1345	5.000000	0.052815	0.299469
1348	0.397083	-3.440046	-0.000044
1349	-0.397121	-3.440042	-0.000044
1350	-0.404089	-3.169764	-0.000455
1351	0.404053	-3.169768	-0.000455
1352	0.346488	-0.160567	0.106848
1353	-0.340563	-0.165785	0.127628
1354	-0.334633	0.153511	0.113503
1355	0.333782	0.173982	0.090135
1356	0.397096	3.439940	-0.000044
1357	0.404059	3.169637	-0.000454
1358	-0.404086	3.169634	-0.000454
1359	-0.397121	3.439938	-0.000044
1360	0.400985	-1.723755	0.925601
1361	0.436041	-1.593706	0.923817
1362	-0.436645	-1.593676	0.923815
1363	-0.401480	-1.723729	0.925601
1364	0.436116	1.593700	0.923816
1365	0.401009	1.723752	0.925601
1366	-0.401470	1.723725	0.925601
1367	-0.436580	1.593668	0.923815
1368	1.014615	-5.000000	0.242937
1369	-1.611877	-5.000000	0.188831
1370	0.632377	-5.000000	0.064856
1371	0.978343	-4.177072	0.934538
1372	-1.554857	-4.337103	0.930611
1373	0.593500	-4.668317	0.913432
1374	0.988749	-2.108355	0.923309
1375	-1.565364	-2.270412	0.920207
1376	0.613076	-2.591872	0.907976
1377	0.926904	-0.718947	0.857270
1378	-1.503112	-0.801575	0.867157
1379	0.620294	-0.970206	0.885732
1381	3.536632	0.016338	0.784629
1382	4.410316	-0.043028	0.759947
1383	0.940476	0.280809	0.809946
1384	-1.468469	0.238176	0.806991
1385	0.448939	0.083195	0.799707
1386	1.162879	1.365460	0.916090
1387	-1.811223	1.312595	0.913615
1388	0.687362	1.121130	0.899777
1389	1.082073	3.215328	0.934362
1390	-1.718839	3.127410	0.930598
1391	0.664360	2.856295	0.912705
1392	2.189290	5.000000	0.338425
1393	2.830405	5.000000	0.558247
1394	4.293813	5.000000	0.333181
1395	5.000000	-3.863865	0.338590
1396	5.000000	-4.207024	0.523842
1397	5.000000	-4.729312	0.325469
1398	-5.000000	-3.482394	0.251478
1399	-5.000000	-2.671976	0.179810
1400	-5.000000	-3.577330	0.059273
1401	5.000000	3.482965	0.251428
1402	5.000000	2.672699	0.179637
1403	5.000000	3.577418	0.059248
1404	-5.000000	3.863952	0.338588
1405	-5.000000	4.207073	0.523841
1406	-5.000000	4.729320	0.325457
1407	-5.000000	-0.551932	0.243185
1409	-5.000000	-1.054573	0.288498
1410	5.000000	-0.553953	0.242630
1412	5.000000	-1.057652	0.287808
1413	2.221929	-3.695216	-0.000007
1414	2.898830	-2.815844	0.000314
1415	4.337622	-3.622021	-0.000005
1416	2.250186	-0.354183	0.000932
1417	2.882237	0.565330	-0.000145
1418	4.354460	-0.222088	-0.000001
1419	1.018889	4.085560	-0.000000
1420	-1.614993	4.310462	-0.000000
1421	0.623388	4.818862	-0.000000
1422	2.805640	-5.000000	0.281940
1423	4.290778	-5.000000	0.429804
1424	2.208935	-5.000000	0.515170
1425	1.681850	-5.000000	0.677693
1426	-0.615159	-5.000000	0.805576
1427	-1.052774	-5.000000	0.626427
1428	-2.830413	-5.000000	0.558247
1429	-4.293811	-5.000000	0.333180
1430	-2.189286	-5.000000	0.338425
1431	2.769334	-4.112157	0.934999
1432	4.328830	-3.760510	0.928037
1433	2.248212	-3.507703	0.937985
1434	1.718671	-3.127452	0.930598
1435	-0.664586	-2.856274	0.912705
1436	-1.082231	-3.215306	0.934363
1437	-2.897174	-3.431630	0.936579
1438	-4.305399	-4.012305	0.923760
1439	-2.159936	-3.945798	0.937459
1440	2.569800	-0.703321	0.855475
1441	3.828342	-0.539314	0.831139
1442	1.996675	-0.417347	0.822123
1443	1.467584	-0.239622	0.807064
1444	-0.448269	-0.084554	0.799771
1445	-0.938969	-0.281846	0.810042
1446	-2.539724	-0.376649	0.817107
1447	-3.857354	-0.660974	0.848783
1448	-1.999470	-0.616715	0.844819
1449	2.170499	-0.041817	0.797381
1450	-0.991829	-0.038026	0.798624
1451	-1.763922	-0.014405	0.797362
1452	-3.538920	-0.019596	0.785022
1453	-4.410169	0.039218	0.760687
1455	-2.167288	0.039439	0.797379
1456	0.993444	0.036625	0.798542
1457	1.795958	0.013626	0.797213
1458	2.542170	0.375446	0.816887
1459	3.858361	0.660115	0.848370
1460	2.001121	0.616197	0.844728
1461	1.504348	0.801386	0.867132
1462	-0.620051	0.969974	0.885704
1463	-0.926586	0.718431	0.857204
1464	-2.570104	0.702381	0.855404
1465	-3.829078	0.537405	0.831254
1466	-1.997510	0.416079	0.822023
1467	2.897081	3.431688	0.936578
1468	4.305370	4.012361	0.923758
1469	2.159859	3.945820	0.937459
1470	1.554784	4.337111	0.930611
1471	-0.593563	4.668316	0.913432
1472	-0.978422	4.177064	0.934538
1473	-2.769401	4.112131	0.934999
1474	-4.328865	3.760428	0.928036
1475	-2.248318	3.507665	0.937986
1476	1.611881	5.000000	0.188830
1477	-0.632395	5.000000	0.064856
1478	-1.014603	5.000000	0.242936
1479	-2.805626	5.000000	0.281937
1480	-4.290772	5.000000	0.429794
1481	-2.208932	5.000000	0.515168
1482	-1.681871	5.000000	0.677692
1483	0.615118	5.000000	0.805576
1484	1.052760	5.000000	0.626426
1485	5.000000	-3.761962	0.192142
1486	5.000000	-3.164194	0.057613
1487	5.000000	-2.780334	0.241174
1488	5.000000	-2.084355	0.256960
1489	5.000000	-1.178470	0.396318
1490	5.000000	-1.636024	0.463960
1491	5.000000	-1.087926	0.634803
1492	5.000000	-0.715419	0.855303
1493	5.000000	-1.582024	0.677325
1494	5.000000	-1.786129	0.754253
1495	5.000000	-2.221595	0.846492
1496	5.000000	-2.609036	0.699220
1497	5.000000	-3.199589	0.741615
1498	5.000000	-3.984141	0.818071
1499	5.000000	-3.692465	0.612392
1500	-5.000000	-4.139228	0.281214
1501	-5.000000	-4.735040	0.413812
1502	-5.000000	-3.926535	0.492206
1503	-5.000000	-3.966092	0.651756
1504	-5.000000	-3.733004	0.833731
1505	-5.000000	-3.171243	0.681518
1506	-5.000000	-2.649223	0.752139
1507	-5.000000	-1.981737	0.846947
1508	-5.000000	-1.997645	0.698202
1509	-5.000000	-1.347628	0.750209
1510	-5.000000	-0.583869	0.824096
1511	-5.000000	-1.423406	0.592778
1512	-5.000000	-1.293351	0.498985
1513	-5.000000	-1.430559	0.307031
1514	-5.000000	-2.171438	0.314542
1515	5.000000	4.139492	0.281203
1516	5.000000	4.735093	0.413817
1517	5.000000	3.926731	0.492215
1518	5.000000	3.966159	0.651763
1519	5.000000	3.733053	0.833728
1520	5.000000	3.171251	0.681513
1521	5.000000	2.649124	0.752121
1522	5.000000	1.981742	0.846922
1523	5.000000	1.997338	0.698146
1524	5.000000	1.346988	0.750001
1525	5.000000	0.582509	0.822952
1526	5.000000	1.423985	0.592531
1527	5.000000	1.296064	0.498699
1528	5.000000	1.435285	0.306214
1529	5.000000	2.173679	0.314229
1530	-5.000000	3.761946	0.192128
1531	-5.000000	3.163833	0.057604
1532	-5.000000	2.780678	0.241150
1533	-5.000000	2.085534	0.256857
1534	-5.000000	1.186078	0.396364
1535	-5.000000	1.637778	0.464292
1536	-5.000000	1.087407	0.635468
1537	-5.000000	0.713597	0.855697
1538	-5.000000	1.581556	0.677669
1539	-5.000000	1.785818	0.754418
1540	-5.000000	2.221340	0.846526
1541	-5.000000	2.609084	0.699300
1542	-5.000000	3.199636	0.741648
1543	-5.000000	3.984120	0.818076
1544	-5.000000	3.692548	0.612411
1545	-5.000000	-0.513932	0.124356
1546	-5.000000	0.223071	0.037440
1547	-5.000000	0.298969	0.167126
1548	-5.000000	0.769430	0.210876
1549	-5.000000	0.853801	0.375613
1554	5.000000	-0.514441	0.124095
1555	5.000000	0.223238	0.037392
1556	5.000000	0.298432	0.166932
1557	5.000000	0.768244	0.210796
1558	5.000000	0.849642	0.375608
1563	1.614934	-4.310519	-0.000000
1564	-0.623412	-4.818876	-0.000000
1565	-1.018905	-4.085617	-0.000000
1566	-2.840362	-3.916783	-0.000003
1567	-4.347796	-3.197292	0.000032
1568	-2.262797	-2.998267	-0.000205
1569	-1.688063	-2.389046	-0.000974
1570	0.654378	-1.916997	-0.000605
1571	1.065788	-2.579520	0.000875
1572	1.647313	-0.976847	0.003062
1573	-0.641678	-1.485693	0.001708
1574	-1.027569	-0.753622	-0.013580
1575	-2.882626	-0.565589	-0.000145
1576	-4.354354	0.222200	-0.000001
1577	-2.249642	0.353745	0.000924
1578	-1.647181	0.976487	0.003050
1579	0.641658	1.485329	0.001708
1580	1.027030	0.753050	-0.013428
1581	2.840366	3.916702	-0.000003
1582	4.347797	3.197117	0.000032
1583	2.262780	2.998106	-0.000204
1584	1.688031	2.388813	-0.000972
1585	-0.654363	1.916659	-0.000603
1586	-1.065810	2.579292	0.000872
1587	-2.898854	2.815581	0.000314
1588	-4.337646	3.621807	-0.000005
1589	-2.221985	3.695091	-0.000007
1590	2.814043	-2.108970	0.926078
1591	4.382504	-1.871644	0.925641
1592	2.377656	-1.601098	0.925248
1593	1.810729	-1.312824	0.913628
1594	-0.687562	-1.121111	0.899773
1595	-1.163408	-1.365381	0.916085
1596	-3.026835	-1.559919	0.925122
1597	-4.345369	-2.090388	0.925206
1598	-2.221416	-1.943241	0.927002
1599	3.026528	1.560145	0.925118
1600	4.345282	2.090646	0.925200
1601	2.221100	1.943371	0.927002
1602	1.565092	2.270487	0.920206
1603	-0.613317	2.591847	0.907976
1604	-0.989097	2.108302	0.923309
1605	-2.814334	2.108792	0.926081
1606	-4.382638	1.871203	0.925651
1607	-2.378105	1.600877	0.925245
1608	0.000003	-5.000000	0.124409
1609	0.548641	-5.000000	0.181375
1610	-0.548624	-5.000000	0.181375
1611	-0.000037	-4.510874	0.923309
1612	0.524943	-4.347805	0.930099
1613	-0.525020	-4.347802	0.930099
1614	-0.000129	-2.423275	0.914459
1615	0.527922	-2.262562	0.919529
1616	-0.528214	-2.262538	0.919529
1617	-0.002712	-0.882543	0.876307
1618	0.508191	-0.800038	0.866892
1619	-0.514246	-0.799835	0.866837
1620	3.983027	-0.009368	0.773055
1621	3.466671	-0.032510	0.785653
1623	0.009990	0.151154	0.802360
1624	0.509939	0.211886	0.805379
1625	-0.494391	0.214389	0.805737
1626	0.000560	1.185128	0.904785
1627	0.628863	1.264894	0.910337
1628	-0.628496	1.264833	0.910335
1629	-0.000114	2.955180	0.922248
1630	0.591450	3.073125	0.929385
1631	-0.591652	3.073111	0.929385
1632	3.612553	5.000000	0.402072
1633	2.922105	5.000000	0.369933
1634	2.929251	5.000000	0.463527
1635	5.000000	-4.459608	0.385801
1636	5.000000	-4.169647	0.360435
1637	5.000000	-4.192017	0.441406
1638	-5.000000	-3.302776	0.118996
1639	-5.000000	-3.405399	0.183815
1640	-5.000000	-3.039314	0.179510
1641	5.000000	3.303084	0.118936
1642	5.000000	3.405900	0.183752
1643	5.000000	3.039936	0.179405
1644	-5.000000	4.459636	0.385791
1645	-5.000000	4.169698	0.360429
1646	-5.000000	4.192072	0.441402
1647	-5.000000	-0.779809	0.324021
1648	-5.000000	-0.689792	0.281393
1649	-5.000000	-0.498495	0.369911
1650	5.000000	-0.783448	0.323229
1651	5.000000	-0.692586	0.280717
1652	5.000000	-0.502928	0.369049
1653	3.677533	-3.389882	-0.000030
1654	2.974519	-3.555384	0.000017
1655	2.995752	-3.180621	-0.000087
1656	3.697399	-0.000011	0.000000
1657	3.004969	-0.192837	0.000021
1658	3.004778	0.192651	0.000021
1659	-0.000012	4.584835	-0.000000
1660	0.547955	4.342445	0.000000
1661	-0.547981	4.342444	0.000000
1662	2.929263	-5.000000	0.463531
1663	2.922121	-5.000000	0.369937
1664	3.612566	-5.000000	0.402078
1665	-0.577775	-5.000000	0.688978
1666	0.577742	-5.000000	0.688979
1667	-0.000023	-5.000000	0.744684
1668	-2.922103	-5.000000	0.369933
1669	-2.929253	-5.000000	0.463527
1670	-3.612552	-5.000000	0.402071
1671	2.962717	-3.657648	0.937886
1672	2.916812	-3.888938	0.937237
1673	3.636253	-3.827180	0.935390
1674	-0.591642	-3.073111	0.929385
1675	0.591456	-3.073125	0.929385
1676	-0.000107	-2.955179	0.922248
1677	-2.916880	-3.888902	0.937237
1678	-2.962794	-3.657600	0.937886
1679	-3.636307	-3.827126	0.935390
1680	2.646535	-0.486870	0.829065
1681	2.655540	-0.596044	0.842166
1682	3.258868	-0.569401	0.837979
1683	-0.508897	-0.213027	0.805460
1684	0.494446	-0.215615	0.805805
1685	-0.009448	-0.152425	0.802419
1686	-2.659402	-0.593670	0.841852
1687	-2.649695	-0.483628	0.828636
1688	-3.261073	-0.566269	0.837820
1689	-0.879372	-0.019934	0.799295
1690	0.766580	-0.026908	0.799161
1692	-3.469706	0.029540	0.785941
1694	-3.984135	0.005860	0.773596
1695	0.850946	0.018496	0.799246
1696	-0.758886	0.024928	0.799096
1698	2.661090	0.592985	0.841687
1699	2.651712	0.482669	0.828428
1700	3.262694	0.565335	0.837521
1701	-0.507675	0.799669	0.866845
1702	0.515183	0.799584	0.866809
1703	0.003308	0.882317	0.876281
1704	-2.647438	0.485470	0.828983
1705	-2.656110	0.594877	0.842088
1706	-3.259586	0.567899	0.837962
1707	2.916811	3.888938	0.937237
1708	2.962716	3.657648	0.937886
1709	3.636253	3.827179	0.935389
1710	-0.525020	4.347802	0.930099
1711	0.524944	4.347805	0.930099
1712	-0.000035	4.510873	0.923309
1713	-2.962799	3.657599	0.937886
1714	-2.916884	3.888902	0.937237
1715	-3.636311	3.827124	0.935390
1716	-0.548634	5.000000	0.181375
1717	0.548628	5.000000	0.181374
1718	-0.000005	5.000000	0.124409
1719	-2.929255	5.000000	0.463527
1720	-2.922109	5.000000	0.369933
1721	-3.612556	5.000000	0.402072
1722	0.577752	5.000000	0.688978
1723	-0.577765	5.000000	0.688978
1724	-0.000010	5.000000	0.744684
1725	5.000000	-3.040263	0.179417
1726	5.000000	-3.406130	0.183757
1727	5.000000	-3.303434	0.118943
1728	5.000000	-1.570039	0.412907
1729	5.000000	-1.834690	0.332697
1730	5.000000	-1.502651	0.360503
1731	5.000000	-1.246531	0.715108
1732	5.000000	-1.159711	0.676696
1733	5.000000	-0.914577	0.765453
1734	5.000000	-2.365662	0.744360
1735	5.000000	-2.080530	0.744390
1736	5.000000	-2.153875	0.794046
1737	5.000000	-3.717776	0.687037
1738	5.000000	-3.462210	0.715798
1739	5.000000	-3.735121	0.761411
1740	-5.000000	-4.191791	0.441393
1741	-5.000000	-4.169363	0.360430
1742	-5.000000	-4.459448	0.385786
1743	-5.000000	-3.462021	0.715795
1744	-5.000000	-3.717609	0.687028
1745	-5.000000	-3.735004	0.761405
1746	-5.000000	-2.079644	0.744468
1747	-5.000000	-2.365071	0.744407
1748	-5.000000	-2.153274	0.794085
1749	-5.000000	-1.155945	0.677068
1750	-5.000000	-1.243390	0.715437
1751	-5.000000	-0.910808	0.765715
1752	-5.000000	-1.832119	0.333125
1753	-5.000000	-1.566689	0.413430
1754	-5.000000	-1.499353	0.361071
1755	5.000000	4.191964	0.441399
1756	5.000000	4.169590	0.360429
1757	5.000000	4.459576	0.385790
1758	5.000000	3.462041	0.715794
1759	5.000000	3.717658	0.687032
1760	5.000000	3.735035	0.761404
1761	5.000000	2.079352	0.744427
1762	5.000000	2.364889	0.744380
1763	5.000000	2.153115	0.794054
1764	5.000000	1.155608	0.676702
1765	5.000000	1.242837	0.715131
1766	5.000000	0.909898	0.765112
1767	5.000000	1.835456	0.332655
1768	5.000000	1.570334	0.413022
1769	5.000000	1.504508	0.360425
1770	-5.000000	3.040238	0.179388
1771	-5.000000	3.406108	0.183739
1772	-5.000000	3.303232	0.118924
1773	-5.000000	1.573001	0.413126
1774	-5.000000	1.837245	0.332673
1775	-5.000000	1.507080	0.360468
1776	-5.000000	1.245531	0.715567
1777	-5.000000	1.158769	0.677265
1778	-5.000000	0.912912	0.765966
1779	-5.000000	2.365624	0.744443
1780	-5.000000	2.080397	0.744508
1781	-5.000000	2.153713	0.794118
1782	-5.000000	3.717831	0.687054
1783	-5.000000	3.462267	0.715823
1784	-5.000000	3.735141	0.761425
1785	-5.000000	0.179154	0.117895
1786	-5.000000	-0.174418	0.116680
1787	-5.000000	0.003163	0.075597
1788	-5.000000	0.488525	0.375978
1789	-5.000000	0.672345	0.286957
1790	-5.000000	0.779126	0.325359
1791	-5.000000	-0.042229	0.544328
1794	5.000000	0.179039	0.117736
1795	5.000000	-0.174652	0.116473
1796	5.000000	0.003227	0.075481
1797	5.000000	0.484218	0.375819
1798	5.000000	0.669907	0.286855
1799	5.000000	0.775934	0.325313
1800	5.000000	-0.051828	0.543543
1803	-0.547981	-4.342486	0.000000
1804	0.547936	-4.342489	0.000000
1805	-0.000023	-4.584863	-0.000000
1806	-2.995776	-3.180581	-0.000087
1807	-2.974549	-3.555351	0.000017
1808	-3.677553	-3.389832	-0.000030
1809	0.577568	-2.339365	-0.001087
1810	-0.577588	-2.339355	-0.001088
1811	-0.000003	-2.121853	0.000975
1812	-0.558389	-1.011989	0.008439
1813	0.558476	-1.011995	0.008438
1814	0.000039	-1.253858	-0.004220
1815	-3.004672	0.192656	0.000021
1816	-3.004910	-0.192820	0.000021
1817	-3.697359	-0.000018	0.000000
1818	0.558445	1.011668	0.008402
1819	-0.558435	1.011657	0.008402
1820	0.000014	1.253480	-0.004214
1821	2.995771	3.180428	-0.000087
1822	2.974550	3.555236	0.000017
1823	3.677555	3.389689	-0.000030
1824	-0.577587	2.339109	-0.001085
1825	0.577558	2.339115	-0.001085
1826	-0.000012	2.121568	0.000972
1827	-2.974568	3.555218	0.000017
1828	-2.995789	3.180405	-0.000087
1829	-3.677568	3.389664	-0.000030
1830	3.078163	-1.740118	0.928396
1831	2.998949	-1.926431	0.928553
1832	3.717949	-1.903559	0.929594
1833	-0.629382	-1.264867	0.910334
1834	0.627947	-1.264932	0.910343
1835	-0.001001	-1.185175	0.904789
1836	-2.999261	-1.926222	0.928556
1837	-3.078543	-1.739863	0.928399
1838	-3.718195	-1.903261	0.929602
1839	2.999003	1.926405	0.928554
1840	3.078260	1.740073	0.928396
1841	3.718014	1.903500	0.929595
1842	-0.528229	2.262537	0.919529
1843	0.527915	2.262563	0.919529
1844	-0.000140	2.423275	0.914459
1845	-3.078513	1.739841	0.928398
1846	-2.999268	1.926206	0.928556
1847	-3.718191	1.903238	0.929601
1848	0.000010	-5.000000	0.347013
1849	-0.478189	-5.000000	0.295303
1850	0.478212	-5.000000	0.295303
1851	-2.282264	-5.000000	0.132519
1852	-3.048377	-5.000000	0.068818
1853	-1.873987	-5.000000	0.066230
1854	2.282274	-5.000000	0.132520
1855	1.873973	-5.000000	0.066230
1856	3.048370	-5.000000	0.068818
1857	-0.000042	-3.878177	0.938142
1858	-0.461471	-4.024110	0.936854
1859	0.461390	-4.024114	0.936854
1860	-2.200370	-4.502905	0.924414
1861	-2.926198	-4.672550	0.915342
1862	-1.771977	-4.669208	0.913586
1863	2.200304	-4.502913	0.924414
1864	1.771914	-4.669212	0.913586
1865	2.926146	-4.672556	0.915341
1866	-0.000217	-1.838547	0.925882
1867	-0.470352	-1.964670	0.925144
1868	0.469970	-1.964697	0.925144
1869	-2.218783	-2.451050	0.915626
1870	-2.976806	-2.650882	0.909194
1871	-1.821212	-2.612538	0.908348
1872	2.218559	-2.451150	0.915625
1873	1.821004	-2.612612	0.908347
1874	2.976641	-2.651008	0.909193
1875	-0.004143	-0.579667	0.840421
1876	-0.436736	-0.645440	0.848286
1877	0.429242	-0.645743	0.848367
1878	-2.161292	-0.898915	0.878529
1879	-2.933198	-1.017572	0.891338
1880	-1.832272	-0.986546	0.887757
1881	2.157077	-0.899591	0.878634
1882	1.828252	-0.986942	0.887825
1883	2.930185	-1.018262	0.891370
1885	2.234567	-0.002851	0.796184
1887	3.894630	0.063901	0.778101
1888	4.591245	0.108693	0.754200
1890	3.789547	-0.077768	0.780671
1891	4.549588	-0.124713	0.757190
1893	0.007313	0.380612	0.818742
1894	-0.436568	0.330393	0.814249
1895	0.452210	0.329504	0.814049
1896	-2.042143	0.191131	0.803289
1897	-2.694216	0.150716	0.798955
1898	-1.581275	0.106767	0.800140
1899	2.037729	0.185732	0.802409
1900	1.601897	0.101994	0.799323
1901	2.708762	0.145552	0.797894
1902	-0.000208	1.498384	0.921317
1903	-0.552225	1.425536	0.918675
1904	0.551929	1.425582	0.918676
1905	-2.483486	1.263346	0.911131
1906	-3.173308	1.215063	0.907886
1907	-1.999738	1.153878	0.903100
1908	2.484118	1.263586	0.911132
1909	2.001535	1.154082	0.903097
1910	3.174418	1.215356	0.907884
1911	-0.000068	3.423332	0.938092
1912	-0.506369	3.312640	0.936710
1913	0.506214	3.312649	0.936710
1914	-2.407169	3.044824	0.924617
1915	-3.132374	2.961832	0.915042
1916	-1.951226	2.893806	0.913546
1917	2.407012	3.044894	0.924616
1918	1.951035	2.893871	0.913545
1919	3.132247	2.961939	0.915041
1920	1.018617	5.000000	0.434787
1921	1.609318	5.000000	0.473617
1922	1.600692	5.000000	0.389588
1923	3.478371	5.000000	0.600384
1924	4.168260	5.000000	0.631553
1925	4.249511	5.000000	0.528953
1926	3.467965	5.000000	0.220570
1927	4.261041	5.000000	0.240741
1928	4.196339	5.000000	0.154707
1929	5.000000	-3.318081	0.443776
1930	5.000000	-3.630102	0.464995
1931	5.000000	-3.590544	0.392572
1932	5.000000	-4.472124	0.557422
1933	5.000000	-4.729478	0.589172
1934	5.000000	-4.736146	0.502103
1935	5.000000	-4.419545	0.219979
1936	5.000000	-4.719335	0.238498
1937	5.000000	-4.706062	0.154360
1938	-5.000000	-2.932905	0.366560
1939	-5.000000	-2.863537	0.303653
1940	-5.000000	-3.207309	0.309363
1941	-5.000000	-2.532047	0.119312
1942	-5.000000	-2.347876	0.059733
1943	-5.000000	-2.749458	0.057694
1944	-5.000000	-4.049674	0.130852
1945	-5.000000	-3.978002	0.062402
1946	-5.000000	-4.355627	0.066933
1947	5.000000	2.933824	0.366490
1948	5.000000	2.864627	0.303541
1949	5.000000	3.208076	0.309302
1950	5.000000	2.532142	0.119166
1951	5.000000	2.347375	0.059663
1952	5.000000	2.749336	0.057640
1953	5.000000	4.049889	0.130828
1954	5.000000	3.978095	0.062385
1955	5.000000	4.355705	0.066920
1956	-5.000000	3.318288	0.443813
1957	-5.000000	3.630234	0.465014
1958	-5.000000	3.590695	0.392586
1959	-5.000000	4.472150	0.557415
1960	-5.000000	4.729487	0.589159
1961	-5.000000	4.736158	0.502090
1962	-5.000000	4.419542	0.219966
1963	-5.000000	4.719336	0.238486
1964	-5.000000	4.706050	0.154350
1965	-5.000000	-0.187848	0.338812
1967	-5.000000	-0.349656	0.292301
1969	-5.000000	-0.360567	0.552203
1970	-5.000000	-0.559019	0.466996
1971	-5.000000	-1.049151	0.167958
1972	-5.000000	-1.225229	0.205513
1973	-5.000000	-1.342478	0.128288
1974	5.000000	-0.191320	0.338174
1976	5.000000	-0.352354	0.291684
1978	5.000000	-0.370101	0.550859
1979	5.000000	-0.565789	0.465857
1980	5.000000	-1.050533	0.167560
1981	5.000000	-1.227171	0.205032
1982	5.000000	-1.343597	0.127998
1983	1.039130	-3.314011	-0.000077
1984	1.646860	-3.163748	0.000124
1985	1.628276	-3.493345	-0.000019
1986	3.561374	-2.611575	-0.000421
1987	4.257960	-2.379337	0.000460
1988	4.321362	-2.777200	-0.000148
1989	3.498714	-4.157344	-0.000001
1990	4.292136	-4.033132	0.000001
1991	4.212852	-4.417040	-0.000000
1992	0.985291	-0.000074	0.032763
1993	1.624435	0.163901	-0.004570
1994	1.624414	-0.164652	-0.004670
1995	3.539215	0.799804	0.000010
1996	4.238811	1.059395	-0.000070
1997	4.315090	0.655484	0.000011
1998	3.539599	-0.800014	0.000010
1999	4.315310	-0.655492	0.000011
2000	4.239058	-1.059603	-0.000070
2001	-0.000013	3.658837	0.000008
2002	-0.481195	3.869439	-0.000002
2003	0.481169	3.869441	-0.000002
2004	-2.277709	4.545601	-0.000000
2005	-3.017444	4.792698	-0.000000
2006	-1.849542	4.810136	0.000000
2007	2.277688	4.545605	-0.000000
2008	1.849522	4.810138	0.000000
2009	3.017428	4.792701	-0.000000
2010	4.196350	-5.000000	0.154710
2011	4.261052	-5.000000	0.240747
2012	3.467981	-5.000000	0.220574
2013	4.249519	-5.000000	0.528965
2014	4.168266	-5.000000	0.631563
2015	3.478377	-5.000000	0.600391
2016	1.600706	-5.000000	0.389590
2017	1.609328	-5.000000	0.473619
2018	1.018627	-5.000000	0.434789
2019	3.027990	-5.000000	0.809309
2020	1.837646	-5.000000	0.807588
2021	2.361651	-5.000000	0.734108
2022	-1.837692	-5.000000	0.807588
2023	-3.028025	-5.000000	0.809308
2024	-2.361687	-5.000000	0.734106
2025	0.490814	-5.000000	0.576710
2026	-0.490824	-5.000000	0.576709
2027	-0.000000	-5.000000	0.526203
2028	-4.168270	-5.000000	0.631552
2029	-4.249516	-5.000000	0.528953
2030	-3.478382	-5.000000	0.600384
2031	-4.261038	-5.000000	0.240741
2032	-4.196337	-5.000000	0.154707
2033	-3.467961	-5.000000	0.220570
2034	-1.609320	-5.000000	0.473618
2035	-1.600689	-5.000000	0.389588
2036	-1.018615	-5.000000	0.434788
2037	4.170191	-4.481521	0.901268
2038	4.251863	-4.255144	0.914541
2039	3.431860	-4.291351	0.927949
2040	4.318744	-3.509389	0.928298
2041	4.272351	-3.269950	0.924471
2042	3.571997	-3.353698	0.933281
2043	1.583398	-3.794459	0.938457
2044	1.624131	-3.584285	0.938594
2045	1.015577	-3.661506	0.938792
2046	3.132238	-2.961944	0.915041
2047	1.951031	-2.893872	0.913545
2048	2.407008	-3.044895	0.924616
2049	-1.951217	-2.893808	0.913546
2050	-3.132366	-2.961837	0.915042
2051	-2.407159	-3.044827	0.924617
2052	0.506222	-3.312648	0.936710
2053	-0.506360	-3.312640	0.936710
2054	-0.000060	-3.423332	0.938092
2055	-4.272398	-3.269825	0.924471
2056	-4.318782	-3.509287	0.928297
2057	-3.572073	-3.353612	0.933282
2058	-4.251893	-4.255106	0.914538
2059	-4.170223	-4.481499	0.901264
2060	-3.431912	-4.291326	0.927949
2061	-1.624228	-3.584262	0.938594
2062	-1.583482	-3.794441	0.938457
2063	-1.015670	-3.661493	0.938792
2064	3.858496	-0.930847	0.882108
2065	3.859368	-0.795316	0.866268
2066	3.191007	-0.804978	0.867899
2067	3.771956	-0.422092	0.815730
2068	3.711467	-0.312770	0.803281
2069	3.102550	-0.344926	0.812157
2070	1.452316	-0.546494	0.836630
2071	1.462863	-0.452605	0.826082
2072	0.924428	-0.486359	0.829790
2073	2.693244	-0.153054	0.798951
2074	1.581755	-0.108550	0.800168
2075	2.040980	-0.192946	0.803344
2076	-1.600341	-0.103403	0.799418
2077	-2.706072	-0.147402	0.798124
2078	-2.035108	-0.187168	0.802559
2079	0.436771	-0.331389	0.814333
2080	-0.451204	-0.330432	0.814135
2081	-0.006662	-0.381462	0.818826
2082	-3.713165	-0.307110	0.803962
2083	-3.772730	-0.417268	0.816164
2084	-3.102669	-0.339975	0.811832
2085	-3.860824	-0.793082	0.866385
2086	-3.859940	-0.929251	0.882182
2087	-3.193718	-0.803341	0.867824
2088	-1.470770	-0.450561	0.825647
2089	-1.459577	-0.545032	0.836300
2090	-0.933503	-0.485274	0.829528
2091	3.382258	-0.109758	0.790000
2093	2.226110	-0.075785	0.798600
2095	-3.429032	-0.101621	0.790367
2096	-2.771204	-0.060498	0.794781
2099	0.441696	-0.008302	0.799112
2100	-4.592743	-0.112706	0.755176
2102	-3.896039	-0.067336	0.778709
2103	-4.548543	0.120517	0.757882
2105	-3.788478	0.074351	0.781080
2106	-2.273341	0.000605	0.796152
2109	-3.379766	0.106506	0.790250
2111	-2.223663	0.073557	0.798590
2113	3.426297	0.098673	0.789974
2114	2.767741	0.058080	0.794649
2116	1.098610	0.004834	0.798608
2117	-0.353796	0.004729	0.798948
2118	3.715953	0.304968	0.803325
2119	3.774737	0.415574	0.815571
2120	3.105448	0.338396	0.811471
2121	3.861538	0.792585	0.866096
2122	3.860462	0.929074	0.882014
2123	3.194755	0.803035	0.867680
2124	1.472472	0.449789	0.825545
2125	1.461208	0.544439	0.836217
2126	0.934891	0.484616	0.829448
2127	2.934003	1.017711	0.891307
2128	1.832993	0.986599	0.887757
2129	2.162384	0.898877	0.878508
2130	-1.828252	0.986529	0.887784
2131	-2.930334	1.017655	0.891349
2132	-2.157119	0.899028	0.878581
2133	0.437817	0.645008	0.848234
2134	-0.428688	0.645225	0.848302
2135	0.004954	0.579124	0.840355
2136	-3.858535	0.929815	0.882166
2137	-3.859537	0.794042	0.866354
2138	-3.191198	0.803991	0.867880
2139	-3.773162	0.419804	0.815842
2140	-3.713288	0.310071	0.803389
2141	-3.104231	0.342860	0.812133
2142	-1.452516	0.545644	0.836536
2143	-1.463236	0.451594	0.825983
2144	-0.924368	0.485545	0.829701
2145	4.272355	3.269942	0.924470
2146	4.318746	3.509384	0.928297
2147	3.571999	3.353696	0.933281
2148	4.251865	4.255144	0.914535
2149	4.170195	4.481521	0.901262
2150	3.431862	4.291350	0.927948
2151	1.624126	3.584286	0.938594
2152	1.583395	3.794459	0.938457
2153	1.015573	3.661506	0.938792
2154	2.926150	4.672555	0.915341
2155	1.771919	4.669211	0.913586
2156	2.200307	4.502913	0.924414
2157	-1.771974	4.669208	0.913586
2158	-2.926196	4.672550	0.915342
2159	-2.200369	4.502905	0.924414
2160	0.461388	4.024114	0.936854
2161	-0.461473	4.024110	0.936854
2162	-0.000045	3.878177	0.938142
2163	-4.170224	4.481498	0.901264
2164	-4.251895	4.255104	0.914537
2165	-3.431913	4.291325	0.927949
2166	-4.318785	3.509282	0.928297
2167	-4.272401	3.269818	0.924471
2168	-3.572079	3.353609	0.933282
2169	-1.583486	3.794440	0.938457
2170	-1.624234	3.584262	0.938594
2171	-1.015676	3.661493	0.938792
2172	3.048374	5.000000	0.068818
2173	1.873980	5.000000	0.066229
2174	2.282264	5.000000	0.132519
2175	-1.873991	5.000000	0.066229
2176	-3.048381	5.000000	0.068818
2177	-2.282270	5.000000	0.132519
2178	0.478197	5.000000	0.295302
2179	-0.478201	5.000000	0.295302
2180	-0.000002	5.000000	0.347012
2181	-4.196341	5.000000	0.154707
2182	-4.261043	5.000000	0.240741
2183	-3.467968	5.000000	0.220570
2184	-4.249515	5.000000	0.528954
2185	-4.168265	5.000000	0.631553
2186	-3.478378	5.000000	0.600384
2187	-1.600696	5.000000	0.389588
2188	-1.609323	5.000000	0.473618
2189	-1.018620	5.000000	0.434787
2190	-3.028020	5.000000	0.809309
2191	-1.837685	5.000000	0.807588
2192	-2.361679	5.000000	0.734106
2193	1.837655	5.000000	0.807588
2194	3.027998	5.000000	0.809309
2195	2.361663	5.000000	0.734106
2196	-0.490822	5.000000	0.576709
2197	0.490815	5.000000	0.576709
2198	-0.000002	5.000000	0.526202
2199	5.000000	-4.355808	0.066923
2200	5.000000	-3.978273	0.062387
2201	5.000000	-4.050029	0.130833
2202	5.000000	-2.750013	0.057642
2203	5.000000	-2.348507	0.059658
2204	5.000000	-2.533026	0.119191
2205	5.000000	-3.208227	0.309286
2206	5.000000	-2.864769	0.303518
2207	5.000000	-2.934041	0.366447
2208	5.000000	-1.836261	0.141684
2209	5.000000	-1.654749	0.222005
2210	5.000000	-1.975425	0.199240
2211	5.000000	-0.911487	0.492085
2212	5.000000	-0.637742	0.599916
2213	5.000000	-0.962706	0.543866
2214	5.000000	-2.250196	0.370941
2215	5.000000	-1.977083	0.440249
2216	5.000000	-2.319005	0.427062
2217	5.000000	-0.389791	0.768982
2218	5.000000	-0.479121	0.792879
2219	5.000000	-0.750378	0.689694
2220	5.000000	-0.869992	0.880292
2221	5.000000	-1.073033	0.896659
2222	5.000000	-1.163929	0.824971
2223	5.000000	-1.767916	0.561947
2224	5.000000	-1.838740	0.608498
2225	5.000000	-2.108215	0.543751
2226	5.000000	-1.527217	0.857972
2227	5.000000	-1.749560	0.849725
2228	5.000000	-1.619824	0.809190
2229	5.000000	-2.464079	0.848073
2230	5.000000	-2.709108	0.852721
2231	5.000000	-2.681676	0.803484
2232	5.000000	-2.242438	0.643518
2233	5.000000	-2.559658	0.645570
2234	5.000000	-2.503769	0.591623
2235	5.000000	-3.213411	0.851725
2236	5.000000	-3.472431	0.842982
2237	5.000000	-3.215188	0.798659
2238	5.000000	-4.222994	0.787983
2239	5.000000	-4.450669	0.740299
2240	5.000000	-4.218777	0.695974
2241	5.000000	-3.135127	0.619490
2242	5.000000	-3.400163	0.580249
2243	5.000000	-3.092784	0.556499
2244	-5.000000	-4.705956	0.154360
2245	-5.000000	-4.719237	0.238491
2246	-5.000000	-4.419325	0.219980
2247	-5.000000	-4.736093	0.502082
2248	-5.000000	-4.729437	0.589151
2249	-5.000000	-4.472031	0.557402
2250	-5.000000	-3.589982	0.392594
2251	-5.000000	-3.629650	0.465003
2252	-5.000000	-3.317399	0.443814
2253	-5.000000	-4.450622	0.740284
2254	-5.000000	-4.222932	0.787972
2255	-5.000000	-4.218693	0.695958
2256	-5.000000	-3.472308	0.842982
2257	-5.000000	-3.213254	0.851727
2258	-5.000000	-3.215022	0.798663
2259	-5.000000	-3.399766	0.580256
2260	-5.000000	-3.134674	0.619510
2261	-5.000000	-3.092159	0.556536
2262	-5.000000	-2.708852	0.852727
2263	-5.000000	-2.463746	0.848082
2264	-5.000000	-2.681385	0.803497
2265	-5.000000	-1.748785	0.849755
2266	-5.000000	-1.526208	0.858011
2267	-5.000000	-1.618615	0.809277
2268	-5.000000	-2.558860	0.645642
2269	-5.000000	-2.241231	0.643647
2270	-5.000000	-2.502684	0.591734
2271	-5.000000	-1.071317	0.896759
2272	-5.000000	-0.867522	0.880518
2273	-5.000000	-1.161739	0.825156
2274	-5.000000	-0.474005	0.792619
2275	-5.000000	-0.383567	0.768604
2276	-5.000000	-0.745057	0.689914
2277	-5.000000	-1.836520	0.608776
2278	-5.000000	-1.765278	0.562295
2279	-5.000000	-2.106269	0.544000
2280	-5.000000	-0.629882	0.600736
2281	-5.000000	-0.905529	0.492938
2282	-5.000000	-0.957084	0.544510
2283	-5.000000	-1.652694	0.222416
2284	-5.000000	-1.834945	0.141934
2285	-5.000000	-1.973729	0.199538
2286	-5.000000	-1.974614	0.440607
2287	-5.000000	-2.248195	0.371227
2288	-5.000000	-2.317136	0.427312
2289	5.000000	4.706030	0.154353
2290	5.000000	4.719312	0.238488
2291	5.000000	4.419490	0.219970
2292	5.000000	4.736132	0.502087
2293	5.000000	4.729465	0.589154
2294	5.000000	4.472095	0.557409
2295	5.000000	3.590412	0.392583
2296	5.000000	3.629956	0.465005
2297	5.000000	3.317858	0.443803
2298	5.000000	4.450650	0.740283
2299	5.000000	4.222967	0.787970
2300	5.000000	4.218735	0.695962
2301	5.000000	3.472365	0.842978
2302	5.000000	3.213326	0.851721
2303	5.000000	3.215034	0.798654
2304	5.000000	3.399921	0.580260
2305	5.000000	3.134760	0.619508
2306	5.000000	3.092386	0.556531
2307	5.000000	2.708942	0.852718
2308	5.000000	2.463820	0.848070
2309	5.000000	2.681362	0.803482
2310	5.000000	1.748728	0.849720
2311	5.000000	1.526105	0.857964
2312	5.000000	1.618236	0.809207
2313	5.000000	2.558821	0.645620
2314	5.000000	2.241145	0.643604
2315	5.000000	2.502827	0.591703
2316	5.000000	1.071198	0.896564
2317	5.000000	0.867017	0.879946
2318	5.000000	1.161123	0.824907
2319	5.000000	0.472079	0.791318
2320	5.000000	0.380949	0.767255
2321	5.000000	0.744122	0.689317
2322	5.000000	1.836664	0.608660
2323	5.000000	1.765939	0.562135
2324	5.000000	2.106843	0.543905
2325	5.000000	0.629478	0.601182
2326	5.000000	0.910264	0.493127
2327	5.000000	0.959275	0.544429
2328	5.000000	1.653519	0.221900
2329	5.000000	1.833780	0.141702
2330	5.000000	1.974535	0.199137
2331	5.000000	1.976469	0.440392
2332	5.000000	2.250071	0.371013
2333	5.000000	2.318496	0.427174
2334	-5.000000	4.355728	0.066916
2335	-5.000000	3.978129	0.062380
2336	-5.000000	4.049957	0.130822
2337	-5.000000	2.749425	0.057630
2338	-5.000000	2.347489	0.059650
2339	-5.000000	2.532426	0.119146
2340	-5.000000	3.208489	0.309295
2341	-5.000000	2.865233	0.303532
2342	-5.000000	2.934464	0.366491
2343	-5.000000	1.834330	0.141673
2344	-5.000000	1.654751	0.221868
2345	-5.000000	1.975390	0.199108
2346	-5.000000	0.915728	0.493334
2347	-5.000000	0.636895	0.601696
2348	-5.000000	0.964392	0.544856
2349	-5.000000	2.251391	0.371032
2350	-5.000000	1.978328	0.440467
2351	-5.000000	2.319824	0.427209
2352	-5.000000	0.386515	0.769178
2353	-5.000000	0.476424	0.793127
2354	-5.000000	0.748747	0.690413
2355	-5.000000	0.868521	0.880631
2356	-5.000000	1.071879	0.896793
2357	-5.000000	1.162879	0.825227
2358	-5.000000	1.768174	0.562303
2359	-5.000000	1.838692	0.608806
2360	-5.000000	2.108514	0.543992
2361	-5.000000	1.526617	0.858035
2362	-5.000000	1.749119	0.849780
2363	-5.000000	1.619357	0.809315
2364	-5.000000	2.463881	0.848098
2365	-5.000000	2.708948	0.852739
2366	-5.000000	2.681611	0.803520
2367	-5.000000	2.242452	0.643681
2368	-5.000000	2.559742	0.645677
2369	-5.000000	2.503912	0.591758
2370	-5.000000	3.213324	0.851737
2371	-5.000000	3.472378	0.842993
2372	-5.000000	3.215179	0.798683
2373	-5.000000	4.222982	0.787982
2374	-5.000000	4.450664	0.740292
2375	-5.000000	4.218795	0.695973
2376	-5.000000	3.135249	0.619543
2377	-5.000000	3.400285	0.580285
2378	-5.000000	3.092951	0.556561
2379	-5.000000	-1.050911	0.045913
2380	-5.000000	-0.650599	0.039891
2381	-5.000000	-0.767257	0.086271
2382	-5.000000	0.651712	0.040517
2383	-5.000000	1.048703	0.046587
2384	-5.000000	0.764623	0.087984
2385	-5.000000	-0.132713	0.204071
2386	-5.000000	0.127739	0.207110
2387	-5.000000	-0.006635	0.246774
2388	-5.000000	1.337389	0.128971
2389	-5.000000	1.221141	0.206065
2390	-5.000000	1.040132	0.169984
2391	-5.000000	0.589715	0.467772
2392	-5.000000	0.362895	0.555917
2394	-5.000000	0.314878	0.305426
2395	-5.000000	0.231404	0.401903
2396	-5.000000	0.137747	0.350161
2397	-5.000000	0.154093	0.673557
2399	-5.000000	0.154794	0.560484
2400	-5.000000	0.005791	0.661403
2404	-5.000000	-0.264286	0.468911
2406	5.000000	-1.051175	0.045814
2407	5.000000	-0.650669	0.039811
2408	5.000000	-0.767638	0.086083
2409	5.000000	0.651886	0.040483
2410	5.000000	1.048812	0.046567
2411	5.000000	0.764659	0.087929
2412	5.000000	-0.133827	0.203705
2413	5.000000	0.126696	0.206820
2414	5.000000	-0.008305	0.246375
2415	5.000000	1.336944	0.128979
2416	5.000000	1.219913	0.206080
2417	5.000000	1.039380	0.169962
2418	5.000000	0.583212	0.467732
2419	5.000000	0.353421	0.555849
2421	5.000000	0.312172	0.305138
2422	5.000000	0.226580	0.401548
2423	5.000000	0.134152	0.349727
2424	5.000000	0.139288	0.673096
2426	5.000000	0.144615	0.560140
2427	5.000000	-0.009568	0.660611
2431	5.000000	-0.271026	0.467891
2433	3.017394	-4.792725	-0.000000
2434	1.849491	-4.810156	0.000000
2435	2.277650	-4.545645	-0.000000
2436	-1.849530	-4.810152	0.000000
2437	-3.017427	-4.792719	-0.000000
2438	-2.277690	-4.545637	-0.000000
2439	0.481152	-3.869515	-0.000002
2440	-0.481194	-3.869512	-0.000002
2441	-0.000020	-3.658924	0.000008
2442	-4.212871	-4.417014	-0.000000
2443	-4.292152	-4.033088	0.000001
2444	-3.498743	-4.157318	-0.000001
2445	-4.321367	-2.777118	-0.000148
2446	-4.257959	-2.379252	0.000461
2447	-3.561382	-2.611512	-0.000421
2448	-1.628312	-3.493330	-0.000019
2449	-1.646893	-3.163729	0.000124
2450	-1.039166	-3.314001	-0.000077
2451	-3.103784	-1.969307	-0.000688
2452	-1.926646	-1.935178	-0.000677
2453	-2.367158	-2.188285	0.000964
2454	1.926659	-1.935215	-0.000677
2455	3.103796	-1.969368	-0.000687
2456	2.367156	-2.188328	0.000964
2457	-0.501326	-2.766603	-0.000769
2458	0.501293	-2.766609	-0.000769
2459	-0.000018	-2.957873	0.000648
2460	3.068083	-1.456324	0.000044
2461	1.895426	-1.476234	0.000715
2462	2.322528	-1.209103	-0.000679
2463	-1.895367	-1.476201	0.000715
2464	-3.068034	-1.456273	0.000044
2465	-2.322462	-1.209072	-0.000679
2466	0.469160	-0.533697	0.050390
2467	-0.469957	-0.533901	0.050411
2468	-0.004794	-0.331928	-0.090700
2469	-4.239030	-1.059562	-0.000070
2470	-4.315285	-0.655477	0.000011
2471	-3.539560	-0.799990	0.000010
2472	-4.315077	0.655438	0.000011
2473	-4.238802	1.059340	-0.000070
2474	-3.539177	0.799767	0.000010
2475	-1.624591	-0.165117	-0.004703
2476	-1.623579	0.163893	-0.004603
2477	-0.987875	-0.002175	0.032925
2478	-3.067845	1.455904	0.000044
2479	-1.895226	1.475830	0.000715
2480	-2.322220	1.208716	-0.000679
2481	1.895241	1.475856	0.000715
2482	3.067854	1.455946	0.000044
2483	2.322240	1.208746	-0.000679
2484	-0.464021	0.530441	0.049295
2485	0.461699	0.530247	0.049301
2486	-0.008293	0.337173	-0.085387
2487	4.212876	4.416962	-0.000000
2488	4.292157	4.033001	0.000001
2489	3.498749	4.157250	-0.000001
2490	4.321366	2.776891	-0.000148
2491	4.257954	2.378972	0.000461
2492	3.561372	2.611281	-0.000420
2493	1.628302	3.493226	-0.000019
2494	1.646875	3.163594	0.000124
2495	1.039146	3.313885	-0.000077
2496	3.103746	1.968992	-0.000687
2497	1.926607	1.934869	-0.000675
2498	2.367126	2.188015	0.000962
2499	-1.926620	1.934843	-0.000676
2500	-3.103756	1.968950	-0.000687
2501	-2.367145	2.187986	0.000963
2502	0.501294	2.766426	-0.000767
2503	-0.501323	2.766422	-0.000767
2504	-0.000014	2.957719	0.000646
2505	-4.257962	2.378922	0.000461
2506	-4.321374	2.776850	-0.000148
2507	-3.561386	2.611244	-0.000420
2508	-4.292164	4.032984	0.000001
2509	-4.212884	4.416952	-0.000000
2510	-3.498763	4.157238	-0.000001
2511	-1.646900	3.163582	0.000124
2512	-1.628326	3.493216	-0.000019
2513	-1.039172	3.313879	-0.000077
2514	4.175745	-2.509171	0.917847
2515	4.274376	-2.304978	0.922681
2516	3.456633	-2.297442	0.923594
2517	4.379912	-1.657586	0.923739
2518	4.330963	-1.461925	0.918673
2519	3.675100	-1.514798	0.924127
2520	1.652634	-1.800836	0.926668
2521	1.729009	-1.640856	0.925284
2522	1.079230	-1.682362	0.925403
2523	3.173070	-1.215559	0.907893
2524	1.999439	-1.154199	0.903122
2525	2.483106	-1.263694	0.911145
2526	-2.001635	-1.153921	0.903092
2527	-3.174462	-1.215084	0.907890
2528	-2.484378	-1.263381	0.911129
2529	0.551634	-1.425599	0.918678
2530	-0.552507	-1.425554	0.918674
2531	-0.000368	-1.498395	0.921318
2532	-4.331254	-1.461328	0.918696
2533	-4.380104	-1.657083	0.923757
2534	-3.675537	-1.514379	0.924141
2535	-4.274489	-2.304704	0.922686
2536	-4.175851	-2.508948	0.917850
2537	-3.456825	-2.297248	0.923598
2538	-1.729547	-1.640726	0.925281
2539	-1.653069	-1.800727	0.926666
2540	-1.079750	-1.682288	0.925401
2541	4.331163	1.461675	0.918677
2542	4.380007	1.657407	0.923741
2543	3.675334	1.514668	0.924127
2544	4.274405	2.304928	0.922682
2545	4.175768	2.509140	0.917848
2546	3.456663	2.297422	0.923595
2547	1.729106	1.640841	0.925283
2548	1.652676	1.800828	0.926667
2549	1.079284	1.682356	0.925403
2550	2.976652	2.651001	0.909194
2551	1.821006	2.612610	0.908348
2552	2.218568	2.451147	0.915625
2553	-1.821225	2.612535	0.908348
2554	-2.976818	2.650876	0.909195
2555	-2.218800	2.451045	0.915626
2556	0.469970	1.964696	0.925144
2557	-0.470365	1.964669	0.925145
2558	-0.000217	1.838546	0.925883
2559	-4.175858	2.508934	0.917850
2560	-4.274495	2.304687	0.922686
2561	-3.456839	2.297236	0.923598
2562	-4.380054	1.657057	0.923754
2563	-4.331107	1.461312	0.918691
2564	-3.675373	1.514349	0.924137
2565	-1.653072	1.800719	0.926667
2566	-1.729497	1.640713	0.925281
2567	-1.079727	1.682281	0.925402
