1	5.000000	-7.500000	0.000000
2	-5.000000	-7.500000	0.000000
3	5.000000	7.500000	0.000000
4	-5.000000	7.500000	0.000000
5	5.000000	-5.056889	0.000000
6	-5.000000	-5.056888	0.000000
7	5.000000	5.056887	0.000000
8	-5.000000	5.056887	0.000000
9	5.000000	-4.860492	0.670235
10	-5.000000	-4.860492	0.670217
11	5.000000	-1.443631	0.900000
12	-5.000000	-1.442207	0.900000
13	5.000000	1.442387	0.900000
14	-5.000000	1.442596	0.900000
15	5.000000	4.860494	0.670216
16	-5.000000	4.860493	0.670218
17	5.000000	-3.019743	0.900000
18	-5.000000	-3.019453	0.900000
19	5.000000	3.019610	0.900000
20	-5.000000	3.019452	0.900000
21	5.000000	1.705878	0.001861
22	-5.000000	1.705474	0.001864
23	5.000000	0.254929	0.773015
24	-5.000000	0.266079	0.775344
25	5.000000	-1.706061	0.001843
26	-5.000000	-1.705918	0.001851
27	5.000000	-0.271783	0.774812
28	-5.000000	-0.260203	0.774165
29	0.000005	-5.000000	0.431365
30	-0.000066	-3.736437	0.949426
31	-0.006079	-0.532458	0.855787
33	0.006741	0.531538	0.855714
34	-0.000067	3.736436	0.949426
35	-0.000003	5.000000	0.431364
36	5.000000	-2.757365	0.482926
37	-5.000000	-2.755711	0.483062
38	5.000000	2.756383	0.483020
39	-5.000000	2.757823	0.483027
40	-5.000000	-0.027796	0.364240
41	5.000000	-0.032354	0.363771
42	-0.000021	-3.329278	0.131563
43	-0.094313	0.011617	-0.071208
44	-0.000016	3.329220	0.131301
45	-0.000351	-1.808010	0.933650
46	-0.000105	1.807976	0.933651
47	0.000000	0.000000	0.000000
48	-0.000023	-5.049905	0.000000
49	-0.000028	-4.796293	0.900000
50	-0.002651	-1.198364	0.900000
52	0.002716	1.198176	0.900000
53	-0.000023	4.796292	0.900000
54	-0.000010	5.049905	0.000000
55	5.000000	-5.000000	0.340122
56	-5.000000	-5.000000	0.340108
57	5.000000	1.143175	0.352947
58	-5.000000	1.147263	0.352854
59	5.000000	5.000000	0.340110
60	-5.000000	5.000000	0.340111
61	5.000000	-3.977348	0.895365
62	-5.000000	-3.977242	0.895368
63	4.426348	-0.704223	0.852304
64	-4.427210	-0.699868	0.852347
65	4.427716	0.698480	0.851765
66	-4.426564	0.702050	0.852515
67	5.000000	3.977316	0.895362
68	-5.000000	3.977234	0.895369
69	5.000000	-3.406498	0.000000
70	-5.000000	-3.406398	0.000000
71	5.000000	3.406261	0.000000
72	-5.000000	3.406186	0.000000
73	-0.000380	1.717891	0.000000
74	5.000000	-1.139976	0.353196
75	-5.000000	-1.135382	0.353933
76	5.000000	-0.000148	0.000000
77	-5.000000	0.000153	0.000000
79	0.000118	-1.718332	0.000000
82	-0.000143	-2.872446	0.900000
83	-0.000094	2.872427	0.900000
84	5.000000	2.182416	0.899992
85	-5.000000	2.182259	0.899992
86	5.000000	-2.182855	0.899992
87	-5.000000	-2.182206	0.899992
88	1.951685	-5.000000	0.256567
89	2.002844	-5.000000	0.592340
90	-2.002859	-5.000000	0.592338
91	-1.951663	-5.000000	0.256565
92	1.938747	-4.195811	0.942346
93	2.052147	-3.406691	0.943171
94	-2.052315	-3.406638	0.943172
95	-1.938849	-4.195793	0.942347
96	1.808093	-0.806231	0.877745
97	1.795810	-0.360795	0.842676
98	-1.798877	-0.355560	0.841905
99	-1.815147	-0.804882	0.877527
100	2.623848	-0.031080	0.824485
101	-2.761070	-0.021601	0.822624
102	-2.630487	0.028322	0.824612
103	2.765032	0.018724	0.822367
104	1.800783	0.354190	0.841764
105	1.816307	0.804375	0.877467
106	-1.808170	0.805328	0.877695
107	-1.796618	0.359089	0.842616
108	2.052168	3.406680	0.943171
109	1.938754	4.195809	0.942346
110	-1.938852	4.195792	0.942347
111	-2.052310	3.406634	0.943172
112	1.951668	5.000000	0.256565
113	-1.951673	5.000000	0.256565
114	-2.002855	5.000000	0.592338
115	2.002844	5.000000	0.592338
116	5.000000	-3.825802	0.258702
117	5.000000	-2.436129	0.247875
118	5.000000	-1.396104	0.557821
119	5.000000	-1.751937	0.721361
120	5.000000	-2.976082	0.712669
121	5.000000	-3.970457	0.560746
122	-5.000000	-3.825101	0.258742
123	-5.000000	-3.970082	0.560735
124	-5.000000	-2.975399	0.712685
125	-5.000000	-1.749475	0.721527
126	-5.000000	-1.391478	0.558243
127	-5.000000	-2.434187	0.248116
128	5.000000	3.825526	0.258711
129	5.000000	3.970209	0.560746
130	5.000000	2.975336	0.712679
131	5.000000	1.748980	0.721463
132	5.000000	1.393098	0.558003
133	5.000000	2.435652	0.247840
134	-5.000000	3.825902	0.258690
135	-5.000000	2.436883	0.247793
136	-5.000000	1.397193	0.558292
137	-5.000000	1.751501	0.721580
138	-5.000000	2.976123	0.712726
139	-5.000000	3.970550	0.560759
140	-5.000000	-0.567347	0.187970
141	-5.000000	0.556441	0.193693
144	5.000000	-0.568935	0.187601
145	5.000000	0.555093	0.193606
148	1.992632	-4.040402	0.000035
149	-1.992681	-4.040385	0.000035
150	-2.024875	-2.698568	0.011442
151	2.024853	-2.698604	0.011441
152	1.881921	-0.662216	-0.049971
153	-1.879276	-0.661899	-0.049409
154	-1.884480	0.662717	-0.049009
155	1.897852	0.670824	-0.051168
156	1.992673	4.040297	0.000034
157	2.024879	2.698330	0.011404
158	-2.024924	2.698306	0.011404
159	-1.992699	4.040288	0.000034
160	1.925265	-2.252991	0.930833
161	2.117464	-1.588836	0.928984
162	-2.118604	-1.588568	0.928988
163	-1.925652	-2.252855	0.930834
164	2.118242	1.588662	0.928988
165	1.925387	2.252939	0.930834
166	-1.925611	2.252842	0.930835
167	-2.117883	1.588535	0.928985
168	2.615923	-5.051824	0.000000
169	2.479871	-4.809414	0.900000
170	2.683322	-1.263485	0.900000
171	2.282998	0.072653	0.826622
172	2.687160	1.262958	0.900000
173	2.479876	4.809414	0.900000
174	2.615950	5.051823	0.000000
175	5.000000	-5.000000	0.164020
176	-5.000000	-5.000000	0.164015
177	5.000000	1.520352	0.175367
178	-5.000000	1.521644	0.175298
179	5.000000	5.000000	0.164015
180	-5.000000	5.000000	0.164014
181	5.000000	-4.457545	0.822396
182	-5.000000	-4.457500	0.822394
183	4.464463	-1.040206	0.887495
184	-4.465269	-1.037621	0.887554
185	4.356945	0.422250	0.815630
186	-4.355131	0.428088	0.816535
187	5.000000	3.473743	0.900000
188	-5.000000	3.473618	0.900000
189	5.000000	-4.288069	0.000000
190	-5.000000	-4.288015	0.000000
191	5.000000	4.287945	0.000000
192	-5.000000	4.287922	0.000000
193	2.640658	1.716060	0.000000
194	5.000000	-1.525068	0.175042
195	-5.000000	-1.523143	0.175401
196	5.000000	-0.912336	0.000000
197	-5.000000	-0.912045	0.000000
199	2.640672	-1.716461	0.000000
202	2.641432	-2.913335	0.900000
203	2.641493	2.913286	0.900000
204	5.000000	1.756353	0.900000
205	-5.000000	1.756293	0.900000
206	5.000000	-2.617419	0.899970
207	-5.000000	-2.616992	0.899970
208	3.291475	-5.000000	0.141109
209	3.316293	-5.000000	0.692983
210	-3.316315	-5.000000	0.692979
211	-3.291464	-5.000000	0.141107
212	3.267712	-4.510062	0.923268
213	3.406658	-3.229266	0.929858
214	-3.406794	-3.229136	0.929859
215	-3.267781	-4.510046	0.923268
216	3.106489	-1.044946	0.892415
217	2.963860	-0.267954	0.831546
218	-2.965384	-0.261440	0.831087
219	-3.110174	-1.043529	0.892405
220	3.641967	-0.107400	0.811757
221	-3.840383	-0.101924	0.807643
222	-3.639307	0.103647	0.812113
223	3.836796	0.098201	0.807175
224	2.968478	0.259357	0.830797
225	3.110915	1.043314	0.892346
226	-3.106605	1.044001	0.892422
227	-2.965650	0.265322	0.831555
228	3.406693	3.229227	0.929857
229	3.267722	4.510060	0.923267
230	-3.267783	4.510046	0.923268
231	-3.406784	3.229130	0.929859
232	3.291465	5.000000	0.141107
233	-3.291467	5.000000	0.141107
234	-3.316309	5.000000	0.692979
235	3.316294	5.000000	0.692979
236	5.000000	-4.390487	0.136447
237	5.000000	-2.160087	0.128333
238	5.000000	-0.713881	0.666541
239	5.000000	-1.444891	0.850926
240	5.000000	-3.026374	0.818157
241	5.000000	-4.466890	0.628237
242	-5.000000	-4.390184	0.136465
243	-5.000000	-4.466762	0.628221
244	-5.000000	-3.025974	0.818159
245	-5.000000	-1.442867	0.850991
246	-5.000000	-0.706613	0.666847
247	-5.000000	-2.158755	0.128519
248	5.000000	4.390338	0.136447
249	5.000000	4.466804	0.628226
250	5.000000	3.025982	0.818151
251	5.000000	1.442408	0.850931
252	5.000000	0.706129	0.666601
253	5.000000	2.158314	0.128317
254	-5.000000	4.390462	0.136434
255	-5.000000	2.158973	0.128267
256	-5.000000	0.712873	0.667427
257	-5.000000	1.443951	0.851022
258	-5.000000	3.026267	0.818184
259	-5.000000	4.466913	0.628236
260	-5.000000	-1.083616	0.106402
261	-5.000000	1.077894	0.107932
264	5.000000	-1.084543	0.106180
265	5.000000	1.077457	0.107931
268	3.325635	-4.502295	0.000001
269	-3.325674	-4.502278	0.000001
270	-3.369693	-2.266695	0.005970
271	3.369697	-2.266769	0.005966
272	3.297664	-1.140286	-0.001784
273	-3.297568	-1.140245	-0.001786
274	-3.298830	1.140034	-0.001777
275	3.300601	1.141078	-0.001816
276	3.325672	4.502226	0.000001
277	3.369627	2.266424	0.005958
278	-3.369724	2.266341	0.005959
279	-3.325689	4.502218	0.000001
280	3.245527	-2.595099	0.921336
281	3.435750	-1.501487	0.921655
282	-3.436879	-1.500861	0.921673
283	-3.245760	-2.594895	0.921341
284	3.436722	1.501026	0.921669
285	3.245619	2.595021	0.921339
286	-3.245744	2.594887	0.921341
287	-3.435992	1.500906	0.921664
288	-2.615958	-5.051824	0.000000
289	-2.479916	-4.809414	0.900000
290	-2.686911	-1.262872	0.900000
292	-2.683470	1.262907	0.900000
293	-2.479914	4.809414	0.900000
294	-2.615964	5.051823	0.000000
295	5.000000	-5.000000	0.514375
296	-5.000000	-5.000000	0.514357
297	5.000000	0.634007	0.548404
298	-5.000000	0.642585	0.548390
299	5.000000	5.000000	0.514358
300	-5.000000	5.000000	0.514360
301	5.000000	-3.473814	0.900000
302	-5.000000	-3.473625	0.900000
303	4.354299	-0.431240	0.816272
304	-4.355624	-0.424735	0.816450
305	4.465443	1.037064	0.887348
306	-4.464450	1.038743	0.887593
307	5.000000	4.457533	0.822384
308	-5.000000	4.457497	0.822395
309	5.000000	-2.508681	0.000000
310	-5.000000	-2.508559	0.000000
311	5.000000	2.508404	0.000000
312	-5.000000	2.508211	0.000000
313	-2.641296	1.715946	0.000000
314	5.000000	-0.640389	0.545478
315	-5.000000	-0.631523	0.546564
316	5.000000	0.912118	0.000000
317	-5.000000	0.911963	0.000000
318	-2.282390	-0.074652	0.826704
319	-2.640535	-1.716402	0.000000
320	4.766779	-0.013583	0.754115
322	-2.641644	-2.913203	0.900000
323	-2.641620	2.913194	0.900000
324	5.000000	2.617179	0.899970
325	-5.000000	2.617007	0.899970
326	5.000000	-1.757129	0.900000
327	-5.000000	-1.756137	0.900000
328	0.857951	-5.000000	0.355501
329	0.869598	-5.000000	0.504161
330	-0.869598	-5.000000	0.504160
331	-0.857932	-5.000000	0.355500
332	0.852714	-3.930712	0.948111
333	0.891696	-3.576948	0.948141
334	-0.891850	-3.576932	0.948142
335	-0.852832	-3.930700	0.948112
336	0.777666	-0.641110	0.864628
337	0.797383	-0.450648	0.849652
338	-0.810145	-0.449127	0.849342
339	-0.787716	-0.640230	0.864440
340	1.074837	-0.004850	0.829110
342	-1.372174	0.005189	0.828557
344	0.811242	0.448072	0.849250
345	0.788816	0.639502	0.864371
346	-0.777449	0.640225	0.864563
347	-0.797285	0.449446	0.849579
348	0.891702	3.576944	0.948141
349	0.852717	3.930710	0.948111
350	-0.852835	3.930699	0.948112
351	-0.891850	3.576929	0.948142
352	0.857937	5.000000	0.355500
353	-0.857942	5.000000	0.355500
354	-0.869600	5.000000	0.504160
355	0.869593	5.000000	0.504160
356	5.000000	-3.289431	0.372613
357	5.000000	-2.617431	0.365964
358	5.000000	-2.081897	0.498193
359	5.000000	-2.230750	0.597137
360	5.000000	-2.878889	0.598740
361	5.000000	-3.395213	0.506704
362	-5.000000	-3.288286	0.372692
363	-5.000000	-3.394362	0.506737
364	-5.000000	-2.877741	0.598802
365	-5.000000	-2.228566	0.597319
366	-5.000000	-2.079027	0.498489
367	-5.000000	-2.615442	0.366172
368	5.000000	3.288969	0.372653
369	5.000000	3.394676	0.506738
370	5.000000	2.877867	0.598796
371	5.000000	2.228758	0.597274
372	5.000000	2.080276	0.498352
373	5.000000	2.616848	0.366030
374	-5.000000	3.289774	0.372636
375	-5.000000	2.618309	0.366009
376	-5.000000	2.082769	0.498410
377	-5.000000	2.230924	0.597330
378	-5.000000	2.879071	0.598829
379	-5.000000	3.395431	0.506747
380	-5.000000	-0.207947	0.273641
381	-5.000000	0.186438	0.281559
383	-5.000000	-0.052872	0.430498
384	5.000000	-0.210722	0.273201
385	5.000000	0.183626	0.281297
387	5.000000	-0.058983	0.429941
388	0.871671	-3.646196	0.002994
389	-0.871718	-3.646187	0.002994
390	-0.874034	-3.057973	0.021956
391	0.873997	-3.057985	0.021956
392	0.797953	-0.264299	-0.142706
393	-0.761890	-0.249678	-0.074638
394	-0.778312	0.265733	-0.064697
395	0.786825	0.280995	-0.111454
396	0.871724	3.646077	0.002984
397	0.874095	3.057794	0.021880
398	-0.874129	3.057787	0.021879
399	-0.871754	3.646072	0.002984
400	0.854862	-1.985123	0.933906
401	0.932229	-1.692184	0.931899
402	-0.933145	-1.692095	0.931898
403	-0.855401	-1.985055	0.933906
404	0.932690	1.692115	0.931899
405	0.855026	1.985083	0.933906
406	-0.855286	1.985035	0.933907
407	-0.932706	1.692054	0.931898
408	0.000011	-5.000000	0.235645
409	-1.167196	-5.000000	0.126999
410	1.167197	-5.000000	0.126999
411	-0.000056	-4.231621	0.940968
412	-1.129050	-4.518461	0.926102
413	1.128955	-4.518465	0.926101
414	-0.000203	-2.262729	0.929162
415	-1.129490	-2.567401	0.918556
416	1.129182	-2.567464	0.918556
417	-0.004376	-0.812771	0.878691
418	-1.124672	-1.004940	0.891862
419	1.118189	-1.005379	0.891926
420	2.989183	-0.007566	0.819660
421	4.120082	0.045173	0.794640
422	4.074046	-0.064125	0.796144
423	0.009840	0.299963	0.840089
424	-1.062934	0.181785	0.834468
425	1.032261	0.171054	0.833472
426	0.000360	1.482532	0.924470
427	-1.264730	1.349131	0.914948
428	1.266722	1.349201	0.914953
429	-0.000093	3.303901	0.940728
430	-1.235476	3.096778	0.926149
431	1.235291	3.096815	0.926148
432	2.273698	5.000000	0.419447
433	3.573408	5.000000	0.490743
434	3.567449	5.000000	0.302197
435	5.000000	-3.914682	0.406370
436	5.000000	-4.477406	0.457578
437	5.000000	-4.446261	0.292751
438	-5.000000	-3.140661	0.242098
439	-5.000000	-2.904771	0.117432
440	-5.000000	-3.677259	0.121238
441	5.000000	3.141477	0.241996
442	5.000000	2.905016	0.117330
443	5.000000	3.677532	0.121195
444	-5.000000	3.914819	0.406375
445	-5.000000	4.477452	0.457572
446	-5.000000	4.446299	0.292739
447	-5.000000	-0.480087	0.328525
448	-5.000000	-0.578926	0.422902
449	-5.000000	-0.949257	0.252991
450	5.000000	-0.484165	0.327869
451	5.000000	-0.585197	0.421986
452	5.000000	-0.952167	0.252424
453	2.331053	-3.370617	0.000706
454	3.654976	-2.992666	0.000890
455	3.635988	-3.788146	0.000040
456	2.222545	0.000698	-0.009083
457	3.607654	0.406433	-0.000111
458	3.605205	-0.406619	-0.000115
459	-0.000015	4.137467	0.000261
460	-1.174568	4.588354	0.000004
461	1.174542	4.588356	0.000004
462	3.567464	-5.000000	0.302201
463	3.573418	-5.000000	0.490749
464	2.273710	-5.000000	0.419450
465	1.215913	-5.000000	0.733562
466	-1.215956	-5.000000	0.733561
467	-0.000013	-5.000000	0.626144
468	-3.573414	-5.000000	0.490742
469	-3.567445	-5.000000	0.302197
470	-2.273698	-5.000000	0.419447
471	3.591665	-4.106729	0.937507
472	3.649083	-3.650767	0.942597
473	2.302330	-3.803660	0.948397
474	1.235249	-3.096830	0.926149
475	-1.235503	-3.096786	0.926149
476	-0.000109	-3.303907	0.940728
477	-3.649170	-3.650677	0.942598
478	-3.591735	-4.106681	0.937507
479	-2.302446	-3.803621	0.948398
480	3.257910	-0.775325	0.872632
481	3.214820	-0.506935	0.848575
482	2.078953	-0.582155	0.858959
483	1.062795	-0.183611	0.834490
484	-1.031332	-0.172611	0.833575
485	-0.009388	-0.301322	0.840163
486	-3.216986	-0.502078	0.848443
487	-3.261413	-0.772444	0.872586
488	-2.085944	-0.579254	0.858506
489	1.629606	-0.046532	0.829041
491	-0.114055	-0.014375	0.830219
492	-4.122101	-0.049067	0.795182
493	-4.074777	0.060297	0.796597
494	-3.004806	0.004544	0.819658
495	-1.629542	0.043958	0.829102
497	0.081765	0.012220	0.830298
498	3.218792	0.500562	0.848138
499	3.262443	0.771631	0.872394
500	2.087498	0.578291	0.858378
501	1.125349	1.004689	0.891846
502	-1.118050	1.004856	0.891903
503	0.004990	0.812213	0.878649
504	-3.258212	0.773861	0.872646
505	-3.215731	0.504851	0.848589
506	-2.079390	0.580797	0.858893
507	3.649099	3.650746	0.942596
508	3.591675	4.106721	0.937506
509	2.302340	3.803654	0.948397
510	1.128960	4.518464	0.926101
511	-1.129049	4.518460	0.926102
512	-0.000054	4.231620	0.940968
513	-3.591738	4.106678	0.937507
514	-3.649170	3.650672	0.942598
515	-2.302449	3.803618	0.948398
516	1.167193	5.000000	0.126998
517	-1.167201	5.000000	0.126998
518	-0.000003	5.000000	0.235644
519	-3.567453	5.000000	0.302197
520	-3.573414	5.000000	0.490743
521	-2.273703	5.000000	0.419447
522	-1.215948	5.000000	0.733561
523	1.215923	5.000000	0.733561
524	-0.000006	5.000000	0.626144
525	5.000000	-3.677887	0.121191
526	5.000000	-2.905750	0.117335
527	5.000000	-3.141912	0.241984
528	5.000000	-1.763171	0.285027
529	5.000000	-1.256383	0.461987
530	5.000000	-1.932714	0.394104
531	5.000000	-0.869507	0.742960
532	5.000000	-1.104870	0.807543
533	5.000000	-1.551133	0.645138
534	5.000000	-1.993306	0.797478
535	5.000000	-2.507290	0.795233
536	5.000000	-2.383915	0.693914
537	5.000000	-3.529952	0.777816
538	5.000000	-4.006718	0.724659
539	5.000000	-3.478749	0.642954
540	-5.000000	-4.445974	0.292752
541	-5.000000	-4.477195	0.457563
542	-5.000000	-3.914115	0.406381
543	-5.000000	-4.006515	0.724646
544	-5.000000	-3.529659	0.777810
545	-5.000000	-3.478222	0.642955
546	-5.000000	-2.506532	0.795253
547	-5.000000	-1.991956	0.797529
548	-5.000000	-2.382532	0.693993
549	-5.000000	-1.101267	0.807699
550	-5.000000	-0.864277	0.743062
551	-5.000000	-1.547482	0.645435
552	-5.000000	-1.251073	0.462622
553	-5.000000	-1.760231	0.285466
554	-5.000000	-1.929497	0.394499
555	5.000000	4.446139	0.292748
556	5.000000	4.477297	0.457571
557	5.000000	3.914418	0.406380
558	5.000000	4.006552	0.724649
559	5.000000	3.529673	0.777807
560	5.000000	3.478286	0.642960
561	5.000000	2.506427	0.795239
562	5.000000	1.991651	0.797502
563	5.000000	2.382333	0.693975
564	5.000000	1.100353	0.807363
565	5.000000	0.863189	0.742505
566	5.000000	1.547505	0.645279
567	5.000000	1.255957	0.462282
568	5.000000	1.763261	0.284847
569	5.000000	1.932297	0.394163
570	-5.000000	3.677778	0.121173
571	-5.000000	2.905419	0.117296
572	-5.000000	3.142175	0.241960
573	-5.000000	1.765511	0.284790
574	-5.000000	1.260748	0.462377
575	-5.000000	1.934898	0.394180
576	-5.000000	0.867695	0.743464
577	-5.000000	1.103391	0.807855
578	-5.000000	1.550862	0.645520
579	-5.000000	1.992926	0.797569
580	-5.000000	2.507119	0.795287
581	-5.000000	2.383878	0.694033
582	-5.000000	3.529946	0.777839
583	-5.000000	4.006739	0.724671
584	-5.000000	3.478854	0.642991
585	-5.000000	-0.390882	0.082096
586	-5.000000	0.394300	0.083355
587	-5.000000	0.001646	0.167149
588	-5.000000	0.941052	0.255236
589	-5.000000	0.608353	0.421754
590	-5.000000	0.447465	0.341221
594	5.000000	-0.391207	0.081959
595	5.000000	0.394177	0.083284
596	5.000000	0.000667	0.166933
597	5.000000	0.938554	0.255279
598	5.000000	0.602264	0.421804
599	5.000000	0.443330	0.341104
603	1.174510	-4.588399	0.000004
604	-1.174566	-4.588395	0.000004
605	-0.000028	-4.137545	0.000262
606	-3.636017	-3.788101	0.000040
607	-3.654992	-2.992600	0.000890
608	-2.331089	-3.370586	0.000707
609	-1.198666	-2.161660	0.029021
610	1.198670	-2.161685	0.029016
611	-0.000014	-2.581014	0.041405
612	1.110108	-1.205837	-0.053175
613	-1.109327	-1.205846	-0.053327
614	-0.003431	-0.768202	-0.086239
615	-3.604473	-0.406484	-0.000115
616	-3.605283	0.406127	-0.000113
617	-2.215173	-0.000145	-0.009402
618	-1.113581	1.207414	-0.053833
619	1.111100	1.207499	-0.054168
620	-0.007903	0.766086	-0.065931
621	3.636014	3.787975	0.000039
622	3.654973	2.992391	0.000889
623	2.331087	3.370427	0.000704
624	1.198663	2.161307	0.028920
625	-1.198803	2.161288	0.028920
626	-0.000024	2.580750	0.041260
627	-3.655005	2.992343	0.000889
628	-3.636033	3.787953	0.000039
629	-2.331116	3.370409	0.000704
630	3.595856	-2.226376	0.934127
631	3.694370	-1.838096	0.935044
632	2.339866	-1.914388	0.935525
633	1.264363	-1.349409	0.914947
634	-1.267017	-1.349203	0.914951
635	-0.000845	-1.482617	0.924469
636	-3.694837	-1.837617	0.935059
637	-3.596146	-2.226057	0.934136
638	-2.340433	-1.914167	0.935527
639	3.694668	1.837803	0.935051
640	3.596001	2.226222	0.934131
641	2.340129	1.914280	0.935526
642	1.129240	2.567437	0.918556
643	-1.129466	2.567389	0.918557
644	-0.000138	2.262710	0.929162
645	-3.596097	2.226051	0.934135
646	-3.694626	1.837626	0.935055
647	-2.340262	1.914147	0.935527
648	3.848451	-5.054083	0.000000
649	3.740650	-4.828031	0.900000
650	3.897543	-1.342052	0.900000
651	3.582886	0.143603	0.816617
652	3.899610	1.341217	0.900000
653	3.740655	4.828032	0.900000
654	3.848471	5.054082	0.000000
655	5.000000	-5.000000	0.077273
656	-5.000000	-5.000000	0.077272
657	5.000000	1.641264	0.090288
658	-5.000000	1.641663	0.090252
659	5.000000	5.000000	0.077271
660	-5.000000	5.000000	0.077269
661	5.000000	-4.670599	0.754114
662	-5.000000	-4.670579	0.754105
663	4.535445	-1.239231	0.897402
664	-4.536034	-1.237316	0.897436
665	4.365487	0.302711	0.801453
666	-4.360625	0.309867	0.802363
667	5.000000	3.236404	0.900000
668	-5.000000	3.236260	0.900000
669	5.000000	-4.690414	0.000000
670	-5.000000	-4.690387	0.000000
671	5.000000	4.690354	0.000000
672	-5.000000	4.690344	0.000000
673	3.875691	1.712573	0.000000
674	5.000000	-1.645119	0.089994
675	-5.000000	-1.644125	0.090174
676	5.000000	-1.328740	0.000000
677	-5.000000	-1.328537	0.000000
678	3.565543	-0.154099	0.815663
679	3.875528	-1.712896	0.000000
682	3.868320	-2.960368	0.900000
683	3.868365	2.960285	0.900000
684	5.000000	1.566519	0.900000
685	-5.000000	1.566573	0.900000
686	5.000000	-2.823729	0.899964
687	-5.000000	-2.823379	0.899964
688	4.111003	-5.000000	0.072501
689	4.056854	-5.000000	0.738244
690	-4.056869	-5.000000	0.738239
691	-4.111007	-5.000000	0.072501
692	4.073314	-4.685422	0.880809
693	4.161726	-3.130329	0.915907
694	-4.161813	-3.130135	0.915907
695	-4.073356	-4.685412	0.880805
696	3.895033	-1.213613	0.897959
697	3.720496	-0.233206	0.817887
698	-3.729664	-0.226077	0.819154
699	-3.897159	-1.212238	0.898003
700	4.346872	-0.171926	0.791030
701	-4.370983	-0.162779	0.790892
702	-4.345134	0.167321	0.791531
703	4.368532	0.158453	0.790173
704	3.733110	0.223191	0.818551
705	3.897668	1.212216	0.897961
706	-3.895152	1.212650	0.897985
707	-3.722762	0.229732	0.818035
708	4.161756	3.130257	0.915906
709	4.073324	4.685421	0.880805
710	-4.073356	4.685412	0.880805
711	-4.161803	3.130129	0.915907
712	4.111004	5.000000	0.072501
713	-4.111004	5.000000	0.072501
714	-4.056866	5.000000	0.738239
715	4.056853	5.000000	0.738238
716	5.000000	-4.699839	0.070480
717	5.000000	-1.959130	0.067050
718	5.000000	-0.365287	0.757665
720	5.000000	-3.030698	0.863631
721	5.000000	-4.683401	0.655475
722	-5.000000	-4.699709	0.070490
723	-5.000000	-4.683344	0.655461
724	-5.000000	-3.030369	0.863632
726	-5.000000	-0.355816	0.758019
727	-5.000000	-1.958336	0.067163
728	5.000000	4.699765	0.070480
729	5.000000	4.683364	0.655461
730	5.000000	3.030455	0.863627
732	5.000000	0.351663	0.757571
733	5.000000	1.957048	0.067125
734	-5.000000	4.699811	0.070472
735	-5.000000	1.957257	0.067092
736	-5.000000	0.360570	0.758580
738	-5.000000	3.030498	0.863644
739	-5.000000	4.683403	0.655468
740	-5.000000	-1.388249	0.059782
741	-5.000000	1.384984	0.060262
743	-5.000000	-0.145128	0.702026
744	5.000000	-1.388861	0.059662
745	5.000000	1.384916	0.060270
747	5.000000	-0.161227	0.700991
748	4.105253	-4.764924	0.000000
749	-4.105279	-4.764911	0.000000
750	-4.135566	-2.007557	-0.003279
751	4.135572	-2.007650	-0.003274
752	4.098270	-1.408806	0.000390
753	-4.098362	-1.408716	0.000390
754	-4.098779	1.408366	0.000387
755	4.099373	1.408873	0.000390
756	4.105278	4.764883	0.000000
757	4.135505	2.007347	-0.003278
758	-4.135607	2.007157	-0.003280
759	-4.105287	4.764878	0.000000
760	4.053382	-2.795065	0.911975
761	4.142170	-1.463493	0.912033
762	-4.143038	-1.462560	0.912046
763	-4.053519	-2.794821	0.911979
764	4.143000	1.462745	0.912044
765	4.053446	2.794964	0.911978
766	-4.053507	2.794816	0.911979
767	-4.142288	1.462715	0.912040
768	-1.324338	-5.050394	0.000000
769	-1.236342	-4.799480	0.900000
770	-1.375168	-1.214640	0.900000
771	-0.597806	0.045463	0.830970
772	-1.370409	1.214557	0.900000
773	-1.236338	4.799480	0.900000
774	-1.324336	5.050394	0.000000
775	5.000000	-5.000000	0.428816
776	-5.000000	-5.000000	0.428799
777	5.000000	0.889501	0.449880
778	-5.000000	0.895661	0.449808
779	5.000000	5.000000	0.428801
780	-5.000000	5.000000	0.428803
781	5.000000	-3.723715	0.899983
782	-5.000000	-3.723570	0.899983
783	4.398086	-0.562301	0.833025
784	-4.398872	-0.556892	0.833087
785	4.444779	0.857837	0.871182
786	-4.443656	0.860400	0.871678
787	5.000000	4.224551	0.869887
788	-5.000000	4.224493	0.869897
789	5.000000	-2.951840	0.000000
790	-5.000000	-2.951727	0.000000
791	5.000000	2.951570	0.000000
792	-5.000000	2.951446	0.000000
793	-1.331927	1.717493	0.000000
794	5.000000	-0.882065	0.449465
795	-5.000000	-0.875518	0.450394
796	5.000000	0.464915	0.000000
797	-5.000000	0.465028	0.000000
799	-1.331337	-1.717939	0.000000
801	-4.767111	0.010145	0.754873
802	-1.341884	-2.882919	0.900000
803	-1.341848	2.882907	0.900000
804	5.000000	2.402206	0.899979
805	-5.000000	2.402035	0.899979
806	5.000000	-1.964927	0.900000
807	-5.000000	-1.964124	0.900000
808	1.379533	-5.000000	0.308295
809	1.408979	-5.000000	0.546834
810	-1.408987	-5.000000	0.546833
811	-1.379511	-5.000000	0.308294
812	1.370150	-4.056483	0.945997
813	1.445660	-3.491898	0.946280
814	-1.445825	-3.491866	0.946280
815	-1.370261	-4.056467	0.945997
816	1.263706	-0.716497	0.870754
817	1.278809	-0.406358	0.846333
818	-1.288979	-0.403299	0.845790
819	-1.272375	-0.715316	0.870520
820	1.746426	-0.016412	0.828726
822	-1.751883	0.014884	0.828743
824	1.290426	0.402116	0.845678
825	1.273574	0.714692	0.870455
826	-1.263671	0.715609	0.870694
827	-1.279135	0.404940	0.846264
828	1.445673	3.491891	0.946280
829	1.370155	4.056481	0.945997
830	-1.370264	4.056466	0.945997
831	-1.445822	3.491863	0.946280
832	1.379517	5.000000	0.308294
833	-1.379522	5.000000	0.308294
834	-1.408985	5.000000	0.546833
835	1.408977	5.000000	0.546833
836	5.000000	-3.556115	0.316457
837	5.000000	-2.534412	0.307048
838	5.000000	-1.738781	0.522341
839	5.000000	-1.980425	0.657945
840	5.000000	-2.931901	0.656167
841	5.000000	-3.691987	0.530651
842	-5.000000	-3.555199	0.316514
843	-5.000000	-3.691410	0.530656
844	-5.000000	-2.931002	0.656202
845	-5.000000	-1.978043	0.658129
846	-5.000000	-1.735113	0.522715
847	-5.000000	-2.532386	0.307281
848	5.000000	3.555768	0.316478
849	5.000000	3.691614	0.530664
850	5.000000	2.930992	0.656197
851	5.000000	1.977870	0.658078
852	5.000000	1.736650	0.522518
853	5.000000	2.534009	0.307068
854	-5.000000	3.556333	0.316457
855	-5.000000	2.535392	0.307032
856	-5.000000	1.739855	0.522658
857	-5.000000	1.980308	0.658166
858	-5.000000	2.932005	0.656240
859	-5.000000	3.692133	0.530676
860	-5.000000	-0.365635	0.230864
861	-5.000000	0.350906	0.238889
864	5.000000	-0.367749	0.230449
865	5.000000	0.348864	0.238723
868	1.409540	-3.835170	-0.000198
869	-1.409589	-3.835157	-0.000198
870	-1.426365	-2.885236	-0.014830
871	1.426334	-2.885258	-0.014830
872	1.284139	-0.469702	0.137428
873	-1.281342	-0.469999	0.132311
874	-1.281339	0.469034	0.132814
875	1.292706	0.482759	0.096842
876	1.409581	3.835055	-0.000197
877	1.426398	2.885031	-0.014778
878	-1.426436	2.885017	-0.014777
879	-1.409609	3.835048	-0.000197
880	1.365761	-2.109279	0.932973
881	1.504209	-1.638233	0.930645
882	-1.505246	-1.638069	0.930645
883	-1.366223	-2.109177	0.932974
884	1.504823	1.638124	0.930646
885	1.365900	2.109235	0.932974
886	-1.366152	2.109162	0.932974
887	-1.504670	1.638028	0.930644
888	-1.011022	-5.000000	0.241254
889	-0.633212	-5.000000	0.065935
890	1.606583	-5.000000	0.188004
891	-0.996198	-4.222061	0.941415
892	-0.597023	-4.660505	0.914406
893	1.579353	-4.365004	0.935644
894	-0.985388	-2.260151	0.929577
895	-0.614622	-2.720461	0.910031
896	1.564399	-2.412282	0.925484
897	-0.942995	-0.810781	0.878385
898	-0.625734	-1.100346	0.896775
899	1.510701	-0.908339	0.885549
901	4.421810	0.024465	0.782586
903	-0.933555	0.316388	0.840917
904	-0.563370	0.109986	0.832448
905	1.469448	0.257865	0.836677
906	-1.121205	1.511047	0.925718
907	-0.668954	1.263876	0.907511
908	1.756742	1.456740	0.922366
909	-1.076210	3.331396	0.941451
910	-0.656421	2.975995	0.914174
911	1.705428	3.239376	0.935958
912	2.207252	5.000000	0.507642
913	4.285728	5.000000	0.418775
914	2.797968	5.000000	0.278172
915	5.000000	-3.946150	0.482696
916	5.000000	-4.737983	0.400200
917	5.000000	-4.144666	0.273929
918	-5.000000	-2.786372	0.241850
919	-5.000000	-3.146467	0.057296
920	-5.000000	-3.761611	0.188310
921	5.000000	2.787464	0.241679
922	5.000000	3.146492	0.057256
923	5.000000	3.762005	0.188267
924	-5.000000	3.946269	0.482707
925	-5.000000	4.738004	0.400190
926	-5.000000	4.144730	0.273917
927	-5.000000	-0.289555	0.400029
928	-5.000000	-0.845595	0.391366
929	-5.000000	-0.785405	0.215942
930	5.000000	-0.295102	0.399305
931	5.000000	-0.851145	0.390489
932	5.000000	-0.787587	0.215479
933	2.256877	-3.022072	-0.003606
934	4.349175	-3.186299	0.000168
935	2.858307	-3.930640	-0.000029
936	2.138342	0.351043	0.024017
937	4.330274	0.219022	-0.000011
938	2.796562	-0.557005	-0.005030
939	-1.030525	4.112044	0.000128
940	-0.628411	4.826189	-0.000001
941	1.631730	4.328880	-0.000014
942	4.288671	-5.000000	0.324637
943	2.828078	-5.000000	0.549628
944	2.183757	-5.000000	0.334114
945	0.610149	-5.000000	0.797037
946	-1.684357	-5.000000	0.668947
947	1.054510	-5.000000	0.617844
948	-4.285729	-5.000000	0.418774
949	-2.797964	-5.000000	0.278172
950	-2.207259	-5.000000	0.507642
951	4.319869	-4.046680	0.922951
952	2.900060	-3.516309	0.944516
953	2.188276	-4.007270	0.946599
954	0.656176	-2.976034	0.914173
955	-1.705606	-3.239337	0.935959
956	1.076018	-3.331428	0.941451
957	-4.337544	-3.805439	0.930070
958	-2.802225	-4.156518	0.942163
959	-2.257100	-3.597992	0.947366
960	3.860786	-0.745216	0.865937
961	2.546764	-0.425031	0.845230
962	2.005060	-0.697035	0.868669
963	0.563490	-0.111871	0.832442
964	-1.467749	-0.259346	0.836801
965	0.933290	-0.317886	0.840977
966	-3.835379	-0.597202	0.851880
967	-2.586374	-0.792894	0.875812
968	-2.012594	-0.463483	0.849270
970	-2.259769	-0.035057	0.826421
971	1.390905	-0.025132	0.829489
972	-4.423257	-0.028450	0.783215
976	2.273286	0.033165	0.826346
977	-1.368393	0.022585	0.829571
978	3.836578	0.595698	0.851443
979	2.587530	0.792277	0.875707
980	2.014345	0.462291	0.849126
981	0.626107	1.100146	0.896769
982	-1.510643	0.907636	0.885512
983	0.943960	0.810290	0.878342
984	-3.861087	0.743408	0.866045
985	-2.547788	0.423113	0.845182
986	-2.005308	0.695908	0.868609
987	4.337509	3.805514	0.930068
988	2.802146	4.156545	0.942163
989	2.256978	3.598031	0.947365
990	0.596945	4.660506	0.914406
991	-1.579454	4.364994	0.935644
992	0.996094	4.222069	0.941414
993	-4.319911	4.046603	0.922951
994	-2.900186	3.516230	0.944518
995	-2.188385	4.007240	0.946600
996	0.633195	5.000000	0.065934
997	-1.606575	5.000000	0.188003
998	1.011028	5.000000	0.241254
999	-4.288664	5.000000	0.324629
1000	-2.828081	5.000000	0.549624
1001	-2.183745	5.000000	0.334111
1002	-0.610195	5.000000	0.797037
1003	1.684334	5.000000	0.668947
1004	-1.054527	5.000000	0.617843
1005	5.000000	-3.563226	0.058279
1006	5.000000	-2.672048	0.180705
1007	5.000000	-3.490092	0.247877
1008	5.000000	-1.444556	0.316554
1009	5.000000	-1.324736	0.510975
1010	5.000000	-2.190434	0.319048
1011	5.000000	-0.649257	0.837025
1012	5.000000	-1.424714	0.757652
1013	5.000000	-1.469823	0.602786
1014	5.000000	-2.094860	0.846331
1015	5.000000	-2.730230	0.750872
1016	5.000000	-2.074983	0.700509
1017	5.000000	-3.771519	0.830327
1018	5.000000	-3.990693	0.641267
1019	5.000000	-3.228464	0.677965
1020	-5.000000	-4.730939	0.314638
1021	-5.000000	-4.220800	0.511468
1022	-5.000000	-3.874527	0.331660
1023	-5.000000	-4.009638	0.810199
1024	-5.000000	-3.260710	0.738693
1025	-5.000000	-3.724652	0.604519
1026	-5.000000	-2.323661	0.845824
1027	-5.000000	-1.872142	0.756881
1028	-5.000000	-2.682100	0.698260
1029	-5.000000	-0.793167	0.866185
1030	-5.000000	-1.122759	0.648229
1031	-5.000000	-1.641557	0.684761
1032	-5.000000	-1.188240	0.410384
1033	-5.000000	-2.091255	0.262319
1034	-5.000000	-1.662099	0.473897
1035	5.000000	4.731011	0.314639
1036	5.000000	4.220926	0.511478
1037	5.000000	3.874911	0.331646
1038	5.000000	4.009677	0.810196
1039	5.000000	3.260689	0.738689
1040	5.000000	3.724759	0.604528
1041	5.000000	2.323661	0.845811
1042	5.000000	1.871679	0.756841
1043	5.000000	2.681980	0.698249
1044	5.000000	0.792031	0.865452
1045	5.000000	1.122948	0.647934
1046	5.000000	1.641211	0.684656
1047	5.000000	1.196715	0.409618
1048	5.000000	2.093295	0.261894
1049	5.000000	1.664668	0.473612
1050	-5.000000	3.562987	0.058269
1051	-5.000000	2.672070	0.180636
1052	-5.000000	3.490252	0.247862
1053	-5.000000	1.448726	0.316227
1054	-5.000000	1.327132	0.511445
1055	-5.000000	2.192084	0.319003
1056	-5.000000	0.646806	0.837270
1057	-5.000000	1.423837	0.757924
1058	-5.000000	1.470025	0.603229
1059	-5.000000	2.094412	0.846374
1060	-5.000000	2.730188	0.750932
1061	-5.000000	2.074809	0.700675
1062	-5.000000	3.771465	0.830339
1063	-5.000000	3.990754	0.641281
1064	-5.000000	3.228551	0.678014
1065	-5.000000	-0.215888	0.039298
1066	-5.000000	0.509306	0.133922
1067	-5.000000	-0.300538	0.171881
1068	-5.000000	1.063796	0.300074
1069	-5.000000	0.332494	0.488740
1070	-5.000000	0.531999	0.263767
1073	-5.000000	0.058708	0.493988
1074	5.000000	-0.216014	0.039241
1075	5.000000	0.508744	0.133839
1076	5.000000	-0.301720	0.171591
1077	5.000000	1.060504	0.300166
1078	5.000000	0.324563	0.488709
1079	5.000000	0.529456	0.263672
1082	5.000000	0.050705	0.493566
1083	0.628364	-4.826210	-0.000001
1084	-1.631745	-4.328942	-0.000014
1085	1.030464	-4.112134	0.000129
1086	-4.343501	-3.613475	-0.000030
1087	-2.889835	-2.828723	0.003307
1088	-2.236224	-3.718093	-0.000114
1089	-0.639838	-1.934930	-0.021597
1090	1.663676	-2.412636	-0.022580
1091	-1.045564	-2.611687	0.029286
1092	0.606580	-1.463485	0.034123
1093	-1.539311	-0.946249	0.060749
1094	0.965855	-0.733092	-0.107893
1095	-4.329436	-0.219262	-0.000011
1096	-2.797822	0.556779	-0.004936
1097	-2.121006	-0.347038	0.024688
1098	-0.607156	1.463587	0.034370
1099	1.542886	0.949985	0.062515
1100	-0.964254	0.731525	-0.105865
1101	4.343495	3.613333	-0.000030
1102	2.889815	2.828496	0.003298
1103	2.236221	3.717972	-0.000114
1104	0.639744	1.934520	-0.021521
1105	-1.663773	2.412293	-0.022507
1106	1.045604	2.611439	0.029182
1107	-4.349193	3.185975	0.000168
1108	-2.858368	3.930492	-0.000029
1109	-2.256939	3.021817	-0.003595
1110	4.327966	-2.206445	0.929504
1111	2.963513	-1.700730	0.932864
1112	2.195638	-2.086753	0.934372
1113	0.668724	-1.264114	0.907511
1114	-1.757099	-1.456684	0.922364
1115	1.120734	-1.511243	0.925718
1116	-4.358280	-1.998121	0.929920
1117	-2.796677	-2.241429	0.932745
1118	-2.319625	-1.743857	0.933701
1119	4.358201	1.998326	0.929914
1120	2.796467	2.241556	0.932743
1121	2.319289	1.743969	0.933701
1122	0.614381	2.720470	0.910031
1123	-1.564714	2.412173	0.925486
1124	0.985078	2.260186	0.929577
1125	-4.328104	2.206000	0.929512
1126	-2.963861	1.700336	0.932869
1127	-2.196011	2.086559	0.934374
1128	1.324295	-5.050394	0.000000
1129	1.236288	-4.799480	0.900000
1130	1.370333	-1.214930	0.900000
1132	1.375367	1.214608	0.900000
1133	1.236293	4.799479	0.900000
1134	1.324318	5.050394	0.000000
1135	5.000000	-5.000000	0.251013
1136	-5.000000	-5.000000	0.251003
1137	5.000000	1.352693	0.262035
1138	-5.000000	1.355180	0.261945
1139	5.000000	5.000000	0.251004
1140	-5.000000	5.000000	0.251004
1141	5.000000	-4.224571	0.869894
1142	-5.000000	-4.224498	0.869895
1143	4.443578	-0.862183	0.871514
1144	-4.444469	-0.858779	0.871575
1145	4.399675	0.554989	0.832355
1146	-4.398516	0.559670	0.833264
1147	5.000000	3.723666	0.899983
1148	-5.000000	3.723562	0.899983
1149	5.000000	-3.856768	0.000000
1150	-5.000000	-3.856689	0.000000
1151	5.000000	3.856583	0.000000
1152	-5.000000	3.856540	0.000000
1153	1.331136	1.717538	0.000000
1154	5.000000	-1.355233	0.261953
1155	-5.000000	-1.352148	0.262498
1156	5.000000	-0.465188	0.000000
1157	-5.000000	-0.464842	0.000000
1158	0.597865	-0.047575	0.830911
1159	1.331573	-1.717969	0.000000
1162	1.341617	-2.882984	0.900000
1163	1.341676	2.882955	0.900000
1164	5.000000	1.964340	0.900000
1165	-5.000000	1.964215	0.900000
1166	5.000000	-2.402531	0.899979
1167	-5.000000	-2.402006	0.899979
1168	2.582748	-5.000000	0.200765
1169	2.643260	-5.000000	0.641133
1170	-2.643280	-5.000000	0.641130
1171	-2.582729	-5.000000	0.200764
1172	2.565990	-4.347069	0.936143
1173	2.706001	-3.320130	0.938143
1174	-2.706161	-3.320045	0.938145
1175	-2.566078	-4.347051	0.936143
1176	2.418548	-0.913529	0.885223
1177	2.348795	-0.313347	0.838120
1178	-2.347410	-0.307278	0.837368
1179	-2.423899	-0.912115	0.885090
1180	3.055377	-0.063859	0.818972
1181	-3.243109	-0.052469	0.817532
1182	-3.053578	0.060715	0.819224
1183	3.244199	0.049367	0.817181
1184	2.349891	0.305636	0.837180
1185	2.424888	0.911742	0.885031
1186	-2.418666	0.912606	0.885195
1187	-2.350091	0.311251	0.838076
1188	2.706030	3.320109	0.938143
1189	2.565999	4.347067	0.936143
1190	-2.566081	4.347050	0.936143
1191	-2.706153	3.320039	0.938145
1192	2.582732	5.000000	0.200764
1193	-2.582736	5.000000	0.200764
1194	-2.643274	5.000000	0.641130
1195	2.643261	5.000000	0.641130
1196	5.000000	-4.102116	0.198871
1197	5.000000	-2.314877	0.188379
1198	5.000000	-1.055368	0.604811
1199	5.000000	-1.561645	0.786414
1200	5.000000	-3.008218	0.767161
1201	5.000000	-4.228906	0.594585
1202	-5.000000	-4.101619	0.198898
1203	-5.000000	-4.228678	0.594568
1204	-5.000000	-3.007701	0.767168
1205	-5.000000	-1.559279	0.786539
1206	-5.000000	-1.049558	0.605227
1207	-5.000000	-2.313161	0.188606
1208	5.000000	4.101900	0.198873
1209	5.000000	4.228753	0.594578
1210	5.000000	3.007652	0.767159
1211	5.000000	1.558641	0.786465
1212	5.000000	1.050693	0.604996
1213	5.000000	2.313894	0.188321
1214	-5.000000	4.102132	0.198855
1215	-5.000000	2.314887	0.188267
1216	-5.000000	1.055944	0.605506
1217	-5.000000	1.560922	0.786591
1218	-5.000000	3.008192	0.767203
1219	-5.000000	4.228960	0.594589
1220	-5.000000	-0.808586	0.148227
1221	-5.000000	0.800286	0.151511
1223	-5.000000	-0.174296	0.597457
1224	5.000000	-0.809814	0.147920
1225	5.000000	0.799446	0.151480
1227	5.000000	-0.186419	0.596413
1228	2.627523	-4.262147	0.000004
1229	-2.627569	-4.262129	0.000004
1230	-2.670742	-2.494387	-0.008755
1231	2.670732	-2.494440	-0.008752
1232	2.563858	-0.891734	0.011661
1233	-2.562794	-0.891664	0.011647
1234	-2.565962	0.891796	0.011560
1235	2.570665	0.894508	0.012023
1236	2.627565	4.262058	0.000004
1237	2.670710	2.494120	-0.008730
1238	-2.670775	2.494078	-0.008730
1239	-2.627587	4.262049	0.000004
1240	2.545181	-2.414950	0.927133
1241	2.762239	-1.543422	0.926399
1242	-2.763427	-1.543007	0.926409
1243	-2.545493	-2.414781	0.927136
1244	2.763156	1.543139	0.926408
1245	2.545289	2.414888	0.927135
1246	-2.545469	2.414771	0.927136
1247	-2.762584	1.542998	0.926403
1248	-3.848472	-5.054082	0.000000
1249	-3.740681	-4.828031	0.900000
1250	-3.899428	-1.341060	0.900000
1251	-3.564076	0.150409	0.815922
1252	-3.897664	1.341251	0.900000
1253	-3.740680	4.828032	0.900000
1254	-3.848479	5.054082	0.000000
1255	5.000000	-5.000000	0.602744
1256	-5.000000	-5.000000	0.602726
1257	5.000000	0.397199	0.651213
1258	-5.000000	0.408427	0.651436
1259	5.000000	5.000000	0.602726
1260	-5.000000	5.000000	0.602728
1261	5.000000	-3.236502	0.900000
1262	-5.000000	-3.236265	0.900000
1263	4.359114	-0.313715	0.802073
1264	-4.363369	-0.305961	0.802337
1265	4.536073	1.237093	0.897372
1266	-4.535374	1.238022	0.897438
1267	5.000000	4.670594	0.754099
1268	-5.000000	4.670579	0.754107
1269	5.000000	-2.089992	0.000000
1270	-5.000000	-2.089866	0.000000
1271	5.000000	2.089744	0.000000
1272	-5.000000	2.089457	0.000000
1273	-3.875909	1.712343	0.000000
1274	5.000000	-0.411774	0.649491
1275	-5.000000	-0.400178	0.650568
1276	5.000000	1.328569	0.000000
1277	-5.000000	1.328208	0.000000
1278	-3.582604	-0.146687	0.817055
1279	-3.875495	-1.712807	0.000000
1282	-3.868443	-2.960161	0.900000
1283	-3.868430	2.960155	0.900000
1284	5.000000	2.823552	0.899964
1285	-5.000000	2.823385	0.899964
1286	5.000000	-1.567536	0.900000
1287	-5.000000	-1.566314	0.900000
1288	0.391215	-5.000000	0.397176
1289	0.393551	-5.000000	0.464936
1290	-0.393545	-5.000000	0.464936
1291	-0.391201	-5.000000	0.397176
1292	0.389413	-3.822100	0.949149
1293	0.402479	-3.660314	0.949116
1294	-0.402622	-3.660308	0.949116
1295	-0.389539	-3.822095	0.949149
1296	0.349616	-0.579321	0.859578
1297	0.361077	-0.493322	0.852818
1298	-0.373935	-0.492748	0.852693
1299	-0.360787	-0.578864	0.859479
1302	-0.969369	-0.004168	0.830565
1304	0.374778	0.491779	0.852613
1305	0.361686	0.578038	0.859407
1306	-0.349176	0.578427	0.859510
1307	-0.360649	0.492284	0.852745
1308	0.402481	3.660312	0.949116
1309	0.389414	3.822099	0.949149
1310	-0.389541	3.822093	0.949149
1311	-0.402622	3.660306	0.949116
1312	0.391205	5.000000	0.397175
1313	-0.391210	5.000000	0.397175
1314	-0.393550	5.000000	0.464935
1315	0.393544	5.000000	0.464935
1316	5.000000	-3.023474	0.427810
1317	5.000000	-2.690519	0.424601
1318	5.000000	-2.422576	0.485236
1319	5.000000	-2.491998	0.539021
1320	5.000000	-2.820102	0.540953
1321	5.000000	-3.082687	0.490415
1322	-5.000000	-3.022083	0.427916
1323	-5.000000	-3.081481	0.490491
1324	-5.000000	-2.818692	0.541050
1325	-5.000000	-2.490072	0.539184
1326	-5.000000	-2.420371	0.485448
1327	-5.000000	-2.688663	0.424776
1328	5.000000	3.022812	0.427876
1329	5.000000	3.081948	0.490476
1330	5.000000	2.819048	0.541033
1331	5.000000	2.490563	0.539142
1332	5.000000	2.421309	0.485366
1333	5.000000	2.689708	0.424693
1334	-5.000000	3.023910	0.427867
1335	-5.000000	2.691186	0.424686
1336	-5.000000	2.423222	0.485385
1337	-5.000000	2.492372	0.539170
1338	-5.000000	2.820396	0.541053
1339	-5.000000	3.083005	0.490482
1340	-5.000000	-0.087099	0.309711
1341	-5.000000	0.056094	0.313985
1344	5.000000	-0.090510	0.309271
1345	5.000000	0.052637	0.313623
1348	0.372131	-3.475759	-0.015199
1349	-0.372175	-3.475755	-0.015199
1350	-0.369340	-3.213610	-0.043535
1351	0.369300	-3.213614	-0.043535
1352	0.318181	-0.137991	0.113055
1353	-0.340107	-0.186674	0.274078
1354	-0.361125	0.201673	0.233458
1355	0.309846	0.200355	0.146098
1356	0.372247	3.475651	-0.015172
1357	0.369441	3.213461	-0.043414
1358	-0.369474	3.213459	-0.043414
1359	-0.372278	3.475648	-0.015173
1360	0.392720	-1.883296	0.934000
1361	0.421281	-1.750071	0.932919
1362	-0.422077	-1.750034	0.932919
1363	-0.393339	-1.883264	0.934000
1364	0.421615	1.750024	0.932919
1365	0.392918	1.883261	0.934000
1366	-0.393165	1.883237	0.934000
1367	-0.421752	1.749997	0.932919
1368	1.011044	-5.000000	0.241255
1369	-1.606566	-5.000000	0.188004
1370	0.633186	-5.000000	0.065935
1371	0.996090	-4.222070	0.941414
1372	-1.579453	-4.364994	0.935644
1373	0.596940	-4.660507	0.914406
1374	0.984986	-2.260216	0.929577
1375	-1.564741	-2.412185	0.925486
1376	0.614337	-2.720492	0.910030
1377	0.934698	-0.811437	0.878518
1378	-1.517553	-0.907519	0.885418
1379	0.619792	-1.100522	0.896792
1381	3.523516	0.016405	0.811848
1382	4.402596	-0.045177	0.783844
1383	0.946165	0.313230	0.840352
1384	-1.474179	0.264741	0.837647
1385	0.447350	0.091076	0.831668
1386	1.121804	1.511120	0.925721
1387	-1.755764	1.456637	0.922360
1388	0.672426	1.263910	0.907514
1389	1.076037	3.331421	0.941450
1390	-1.705592	3.239331	0.935959
1391	0.656227	2.976017	0.914173
1392	2.183741	5.000000	0.334111
1393	2.828073	5.000000	0.549624
1394	4.288660	5.000000	0.324629
1395	5.000000	-3.875175	0.331634
1396	5.000000	-4.221097	0.511482
1397	5.000000	-4.731068	0.314647
1398	-5.000000	-3.489133	0.247948
1399	-5.000000	-2.670614	0.180868
1400	-5.000000	-3.562785	0.058310
1401	5.000000	3.489733	0.247891
1402	5.000000	2.671316	0.180681
1403	5.000000	3.562867	0.058283
1404	-5.000000	3.875311	0.331631
1405	-5.000000	4.221169	0.511484
1406	-5.000000	4.731085	0.314636
1407	-5.000000	-0.554272	0.254652
1409	-5.000000	-1.060957	0.300130
1410	5.000000	-0.556940	0.254139
1412	5.000000	-1.064719	0.299459
1413	2.236182	-3.718117	-0.000114
1414	2.889816	-2.828774	0.003306
1415	4.343486	-3.613543	-0.000030
1416	2.126020	-0.347510	0.024817
1417	2.803935	0.558601	-0.005026
1418	4.329819	-0.219522	-0.000010
1419	1.030496	4.112048	0.000128
1420	-1.631756	4.328875	-0.000014
1421	0.628387	4.826189	-0.000001
1422	2.797985	-5.000000	0.278175
1423	4.285736	-5.000000	0.418784
1424	2.207259	-5.000000	0.507644
1425	1.684327	-5.000000	0.668949
1426	-0.610199	-5.000000	0.797037
1427	-1.054533	-5.000000	0.617843
1428	-2.828083	-5.000000	0.549623
1429	-4.288659	-5.000000	0.324628
1430	-2.183737	-5.000000	0.334111
1431	2.802136	-4.156549	0.942163
1432	4.337499	-3.805540	0.930070
1433	2.256964	-3.598040	0.947366
1434	1.705396	-3.239390	0.935958
1435	-0.656462	-2.976007	0.914174
1436	-1.076220	-3.331401	0.941451
1437	-2.900187	-3.516235	0.944517
1438	-4.319909	-4.046607	0.922950
1439	-2.188382	-4.007242	0.946600
1440	2.581063	-0.794988	0.876016
1441	3.833708	-0.601873	0.851475
1442	2.006514	-0.467421	0.849881
1443	1.473498	-0.266526	0.837691
1444	-0.447528	-0.092748	0.831750
1445	-0.944915	-0.314550	0.840454
1446	-2.549094	-0.420004	0.844653
1447	-3.862767	-0.741548	0.866193
1448	-2.012197	-0.694993	0.868346
1449	2.153928	-0.043966	0.828157
1450	-0.982407	-0.039976	0.830373
1451	-1.747900	-0.013840	0.828468
1452	-3.525956	-0.019961	0.812198
1453	-4.402639	0.041136	0.784479
1455	-2.152672	0.041241	0.828146
1456	0.983261	0.038359	0.830243
1457	1.784727	0.013153	0.828219
1458	2.551190	0.418549	0.844449
1459	3.863591	0.740467	0.865857
1460	2.013554	0.694274	0.868250
1461	1.518493	0.907167	0.885384
1462	-0.619643	1.100168	0.896783
1463	-0.934474	0.810738	0.878470
1464	-2.581301	0.793828	0.875981
1465	-3.834289	0.599696	0.851599
1466	-2.007150	0.465860	0.849814
1467	2.900079	3.516293	0.944516
1468	4.319877	4.046663	0.922948
1469	2.188285	4.007266	0.946599
1470	1.579359	4.365003	0.935644
1471	-0.597020	4.660505	0.914406
1472	-0.996200	4.222060	0.941415
1473	-2.802229	4.156516	0.942163
1474	-4.337545	3.805433	0.930070
1475	-2.257100	3.597988	0.947366
1476	1.606569	5.000000	0.188003
1477	-0.633208	5.000000	0.065934
1478	-1.011033	5.000000	0.241254
1479	-2.797972	5.000000	0.278172
1480	-4.285732	5.000000	0.418775
1481	-2.207260	5.000000	0.507642
1482	-1.684350	5.000000	0.668947
1483	0.610154	5.000000	0.797037
1484	1.054515	5.000000	0.617843
1485	5.000000	-3.762314	0.188262
1486	5.000000	-3.147010	0.057252
1487	5.000000	-2.787948	0.241680
1488	5.000000	-2.093634	0.261989
1489	5.000000	-1.193427	0.409656
1490	5.000000	-1.666052	0.473458
1491	5.000000	-1.127875	0.647911
1492	5.000000	-0.797085	0.866178
1493	5.000000	-1.644629	0.684528
1494	5.000000	-1.874017	0.756778
1495	5.000000	-2.324384	0.845813
1496	5.000000	-2.683087	0.698218
1497	5.000000	-3.261166	0.738693
1498	5.000000	-4.009780	0.810206
1499	5.000000	-3.725102	0.604524
1500	-5.000000	-4.144189	0.273946
1501	-5.000000	-4.737872	0.400184
1502	-5.000000	-3.945678	0.482695
1503	-5.000000	-3.990410	0.641254
1504	-5.000000	-3.771340	0.830321
1505	-5.000000	-3.227857	0.677974
1506	-5.000000	-2.729489	0.750893
1507	-5.000000	-2.093930	0.846347
1508	-5.000000	-2.073103	0.700633
1509	-5.000000	-1.421650	0.757837
1510	-5.000000	-0.644353	0.836843
1511	-5.000000	-1.465660	0.603141
1512	-5.000000	-1.319666	0.511496
1513	-5.000000	-1.440872	0.317133
1514	-5.000000	-2.187901	0.319370
1515	5.000000	4.144471	0.273931
1516	5.000000	4.737930	0.400190
1517	5.000000	3.945888	0.482703
1518	5.000000	3.990478	0.641262
1519	5.000000	3.771383	0.830318
1520	5.000000	3.227862	0.677974
1521	5.000000	2.729376	0.750882
1522	5.000000	2.093873	0.846330
1523	5.000000	2.072785	0.700600
1524	5.000000	1.420936	0.757697
1525	5.000000	0.642743	0.835850
1526	5.000000	1.466317	0.602939
1527	5.000000	1.322602	0.511229
1528	5.000000	1.445658	0.316298
1529	5.000000	2.190232	0.319034
1530	-5.000000	3.762331	0.188243
1531	-5.000000	3.146633	0.057239
1532	-5.000000	2.788390	0.241637
1533	-5.000000	2.094948	0.261843
1534	-5.000000	1.201389	0.409590
1535	-5.000000	1.668070	0.473727
1536	-5.000000	1.127470	0.648497
1537	-5.000000	0.795060	0.866455
1538	-5.000000	1.644195	0.684829
1539	-5.000000	1.873624	0.756927
1540	-5.000000	2.324032	0.845847
1541	-5.000000	2.683112	0.698301
1542	-5.000000	3.261194	0.738730
1543	-5.000000	4.009746	0.810215
1544	-5.000000	3.725207	0.604549
1545	-5.000000	-0.511210	0.130845
1546	-5.000000	0.220240	0.039571
1547	-5.000000	0.298717	0.175784
1548	-5.000000	0.770996	0.220741
1549	-5.000000	0.863748	0.390406
1554	5.000000	-0.512029	0.130604
1555	5.000000	0.220224	0.039528
1556	5.000000	0.297665	0.175634
1557	5.000000	0.769146	0.220721
1558	5.000000	0.858551	0.390512
1563	1.631691	-4.328951	-0.000014
1564	-0.628418	-4.826209	-0.000001
1565	-1.030519	-4.112126	0.000129
1566	-2.858348	-3.930612	-0.000029
1567	-4.349185	-3.186217	0.000168
1568	-2.256906	-3.022037	-0.003607
1569	-1.663692	-2.412603	-0.022583
1570	0.639919	-1.934943	-0.021594
1571	1.045537	-2.611705	0.029284
1572	1.541064	-0.946450	0.060426
1573	-0.605986	-1.463466	0.034137
1574	-0.960362	-0.731356	-0.108095
1575	-2.794713	-0.556899	-0.005011
1576	-4.329527	0.219144	-0.000011
1577	-2.126196	0.347443	0.024326
1578	-1.544262	0.947523	0.060535
1579	0.605855	1.463596	0.034402
1580	0.954149	0.744393	-0.110248
1581	2.858346	3.930506	-0.000029
1582	4.349174	3.186035	0.000168
1583	2.256905	3.021839	-0.003595
1584	1.663706	2.412315	-0.022507
1585	-0.640093	1.934505	-0.021522
1586	-1.045651	2.611427	0.029182
1587	-2.889856	2.828460	0.003298
1588	-4.343509	3.613295	-0.000030
1589	-2.236248	3.717959	-0.000114
1590	2.796323	-2.241646	0.932741
1591	4.358059	-1.998685	0.929910
1592	2.318852	-1.744112	0.933699
1593	1.755351	-1.456937	0.922359
1594	-0.672584	-1.263992	0.907512
1595	-1.122248	-1.511105	0.925719
1596	-2.964283	-1.700347	0.932873
1597	-4.328145	-2.205988	0.929513
1598	-2.196091	-2.086575	0.934374
1599	2.964018	1.700497	0.932870
1600	4.328072	2.206183	0.929508
1601	2.195812	2.086677	0.934373
1602	1.564483	2.412246	0.925485
1603	-0.614593	2.720446	0.910031
1604	-0.985341	2.260137	0.929578
1605	-2.796632	2.241418	0.932745
1606	-4.358199	1.998149	0.929919
1607	-2.319263	1.743832	0.933700
1608	0.000000	-5.000000	0.125042
1609	0.546785	-5.000000	0.180964
1610	-0.546770	-5.000000	0.180963
1611	-0.000049	-4.520105	0.925877
1612	0.533916	-4.375002	0.934714
1613	-0.534022	-4.374999	0.934714
1614	-0.000158	-2.563371	0.918225
1615	0.528162	-2.410443	0.924677
1616	-0.528518	-2.410411	0.924677
1617	-0.003464	-0.998887	0.891743
1618	0.512176	-0.904122	0.885543
1619	-0.519904	-0.903854	0.885490
1620	3.972481	-0.010204	0.798622
1621	3.456173	-0.034367	0.812861
1623	0.009809	0.167644	0.834185
1624	0.512424	0.235823	0.836678
1625	-0.496451	0.238697	0.837076
1626	0.001127	1.327585	0.913972
1627	0.607195	1.408770	0.920026
1628	-0.605901	1.408732	0.920023
1629	-0.000101	3.078102	0.925445
1630	0.585209	3.194923	0.934475
1631	-0.585402	3.194907	0.934475
1632	3.606407	5.000000	0.394047
1633	2.915924	5.000000	0.364048
1634	2.924903	5.000000	0.455905
1635	5.000000	-4.465329	0.374396
1636	5.000000	-4.178275	0.351287
1637	5.000000	-4.203658	0.430522
1638	-5.000000	-3.293759	0.117813
1639	-5.000000	-3.404668	0.181517
1640	-5.000000	-3.037929	0.178848
1641	5.000000	3.294056	0.117747
1642	5.000000	3.405179	0.181446
1643	5.000000	3.038550	0.178731
1644	-5.000000	4.465376	0.374387
1645	-5.000000	4.178359	0.351281
1646	-5.000000	4.203742	0.430521
1647	-5.000000	-0.786000	0.337710
1648	-5.000000	-0.694058	0.293935
1649	-5.000000	-0.503465	0.385666
1650	5.000000	-0.790440	0.336956
1651	5.000000	-0.697571	0.293301
1652	5.000000	-0.508825	0.384870
1653	3.683734	-3.391648	-0.000204
1654	2.986019	-3.568775	0.000165
1655	2.997639	-3.193523	-0.000847
1656	3.646863	-0.000289	0.000007
1657	2.922523	-0.190267	0.000959
1658	2.925675	0.190406	0.000903
1659	-0.000014	4.599278	0.000006
1660	0.554445	4.363622	-0.000036
1661	-0.554473	4.363621	-0.000036
1662	2.924914	-5.000000	0.455909
1663	2.915939	-5.000000	0.364052
1664	3.606420	-5.000000	0.394053
1665	-0.578775	-5.000000	0.679805
1666	0.578739	-5.000000	0.679806
1667	-0.000023	-5.000000	0.735388
1668	-2.915922	-5.000000	0.364048
1669	-2.924906	-5.000000	0.455905
1670	-3.606408	-5.000000	0.394046
1671	2.979066	-3.729869	0.946938
1672	2.943534	-3.947776	0.945911
1673	3.655387	-3.880470	0.941867
1674	-0.585423	-3.194914	0.934475
1675	0.585180	-3.194932	0.934475
1676	-0.000137	-3.078112	0.925445
1677	-2.943628	-3.947731	0.945911
1678	-2.979173	-3.729809	0.946939
1679	-3.655463	-3.880402	0.941867
1680	2.656515	-0.545894	0.854663
1681	2.666008	-0.671094	0.865423
1682	3.267136	-0.639023	0.860331
1683	-0.511671	-0.237268	0.836763
1684	0.496432	-0.240248	0.837128
1685	-0.009678	-0.169247	0.834240
1686	-2.671103	-0.668155	0.865129
1687	-2.660821	-0.541958	0.854248
1688	-3.270249	-0.635196	0.860256
1689	-0.892782	-0.020078	0.831266
1690	0.750247	-0.028268	0.831285
1692	-3.460095	0.031117	0.813100
1694	-3.973909	0.006421	0.799083
1695	0.858217	0.018407	0.831229
1696	-0.735284	0.025843	0.831230
1698	2.672500	0.667255	0.864974
1699	2.662526	0.540764	0.854055
1700	3.271602	0.634034	0.859996
1701	-0.511812	0.903594	0.885509
1702	0.520605	0.903447	0.885462
1703	0.003884	0.998522	0.891725
1704	-2.657215	0.544211	0.854618
1705	-2.666446	0.669674	0.865382
1706	-3.267691	0.637254	0.860348
1707	2.943545	3.947769	0.945910
1708	2.979080	3.729858	0.946938
1709	3.655400	3.880456	0.941866
1710	-0.534021	4.374998	0.934714
1711	0.533919	4.375001	0.934714
1712	-0.000046	4.520104	0.925877
1713	-2.979175	3.729805	0.946939
1714	-2.943632	3.947728	0.945911
1715	-3.655465	3.880398	0.941867
1716	-0.546780	5.000000	0.180963
1717	0.546773	5.000000	0.180963
1718	-0.000005	5.000000	0.125041
1719	-2.924909	5.000000	0.455905
1720	-2.915929	5.000000	0.364048
1721	-3.606413	5.000000	0.394047
1722	0.578749	5.000000	0.679805
1723	-0.578766	5.000000	0.679805
1724	-0.000013	5.000000	0.735388
1725	5.000000	-3.039104	0.178734
1726	5.000000	-3.405599	0.181441
1727	5.000000	-3.294561	0.117745
1728	5.000000	-1.593079	0.423025
1729	5.000000	-1.851866	0.340219
1730	5.000000	-1.519285	0.370878
1731	5.000000	-1.307605	0.725072
1732	5.000000	-1.209318	0.688405
1733	5.000000	-0.975478	0.777493
1734	5.000000	-2.451122	0.743893
1735	5.000000	-2.168250	0.745080
1736	5.000000	-2.251400	0.793595
1737	5.000000	-3.753620	0.679653
1738	5.000000	-3.510921	0.711035
1739	5.000000	-3.773082	0.755463
1740	-5.000000	-4.203293	0.430516
1741	-5.000000	-4.177847	0.351292
1742	-5.000000	-4.465077	0.374387
1743	-5.000000	-3.510527	0.711030
1744	-5.000000	-3.753284	0.679642
1745	-5.000000	-3.772838	0.755453
1746	-5.000000	-2.166838	0.745152
1747	-5.000000	-2.450088	0.743936
1748	-5.000000	-2.250383	0.793628
1749	-5.000000	-1.204854	0.688680
1750	-5.000000	-1.303810	0.725313
1751	-5.000000	-0.971046	0.777635
1752	-5.000000	-1.848690	0.340648
1753	-5.000000	-1.588976	0.423530
1754	-5.000000	-1.515253	0.371437
1755	5.000000	4.203479	0.430522
1756	5.000000	4.178091	0.351290
1757	5.000000	4.465214	0.374391
1758	5.000000	3.510542	0.711030
1759	5.000000	3.753331	0.679648
1760	5.000000	3.772864	0.755453
1761	5.000000	2.166527	0.745128
1762	5.000000	2.449891	0.743920
1763	5.000000	2.250192	0.793609
1764	5.000000	1.204497	0.688393
1765	5.000000	1.303186	0.725087
1766	5.000000	0.970003	0.777147
1767	5.000000	1.852147	0.340153
1768	5.000000	1.592816	0.423112
1769	5.000000	1.520575	0.370769
1770	-5.000000	3.039127	0.178693
1771	-5.000000	3.405618	0.181415
1772	-5.000000	3.294373	0.117720
1773	-5.000000	1.596326	0.423169
1774	-5.000000	1.854652	0.340132
1775	-5.000000	1.523997	0.370755
1776	-5.000000	1.306620	0.725457
1777	-5.000000	1.208437	0.688895
1778	-5.000000	0.973752	0.777908
1779	-5.000000	2.451027	0.743977
1780	-5.000000	2.168049	0.745195
1781	-5.000000	2.251149	0.793666
1782	-5.000000	3.753683	0.679675
1783	-5.000000	3.510975	0.711066
1784	-5.000000	3.773094	0.755481
1785	-5.000000	0.178207	0.124295
1786	-5.000000	-0.173278	0.123022
1787	-5.000000	0.003212	0.079838
1788	-5.000000	0.494428	0.391951
1789	-5.000000	0.677201	0.299767
1790	-5.000000	0.786170	0.339109
1791	-5.000000	-0.042291	0.565154
1794	5.000000	0.177746	0.124163
1795	5.000000	-0.173829	0.122838
1796	5.000000	0.003049	0.079735
1797	5.000000	0.489068	0.391910
1798	5.000000	0.673890	0.299751
1799	5.000000	0.782023	0.339160
1800	5.000000	-0.053058	0.564513
1803	-0.554479	-4.363680	-0.000036
1804	0.554421	-4.363683	-0.000036
1805	-0.000029	-4.599317	0.000006
1806	-2.997665	-3.193477	-0.000847
1807	-2.986053	-3.568737	0.000165
1808	-3.683757	-3.391591	-0.000204
1809	0.563564	-2.369996	-0.038863
1810	-0.563583	-2.369985	-0.038865
1811	0.000003	-2.148928	0.036819
1812	-0.516619	-0.965133	0.116512
1813	0.517201	-0.964900	0.116161
1814	0.000423	-1.200729	-0.073090
1815	-2.921353	0.189765	0.000928
1816	-2.919878	-0.190425	0.000958
1817	-3.645426	-0.000230	0.000007
1818	0.518375	0.972366	0.118882
1819	-0.524525	0.971465	0.117794
1820	-0.001183	1.202230	-0.074058
1821	2.997656	3.193291	-0.000845
1822	2.986049	3.568593	0.000165
1823	3.683748	3.391423	-0.000204
1824	-0.563660	2.369669	-0.038728
1825	0.563588	2.369676	-0.038728
1826	-0.000074	2.148546	0.036689
1827	-2.986074	3.568572	0.000165
1828	-2.997685	3.193262	-0.000845
1829	-3.683772	3.391389	-0.000204
1830	3.026843	-1.876755	0.936124
1831	2.964364	-2.060489	0.935938
1832	3.682326	-2.031167	0.936262
1833	-0.607619	-1.408817	0.920024
1834	0.605455	-1.408900	0.920023
1835	-0.001480	-1.327714	0.913971
1836	-2.964786	-2.060217	0.935944
1837	-3.027387	-1.876425	0.936131
1838	-3.682678	-2.030772	0.936274
1839	2.964563	2.060360	0.935941
1840	3.027143	1.876577	0.936128
1841	3.682523	2.030951	0.936267
1842	-0.528479	2.410397	0.924678
1843	0.528221	2.410421	0.924677
1844	-0.000120	2.563354	0.918226
1845	-3.027184	1.876412	0.936130
1846	-2.964692	2.060204	0.935943
1847	-3.682577	2.030771	0.936272
1848	0.000010	-5.000000	0.343416
1849	-0.476703	-5.000000	0.292711
1850	0.476725	-5.000000	0.292712
1851	-2.277423	-5.000000	0.132566
1852	-3.049625	-5.000000	0.069421
1853	-1.875844	-5.000000	0.067151
1854	2.277429	-5.000000	0.132567
1855	1.875823	-5.000000	0.067151
1856	3.049612	-5.000000	0.069421
1857	-0.000060	-3.954839	0.947859
1858	-0.470322	-4.085704	0.945357
1859	0.470208	-4.085709	0.945357
1860	-2.226412	-4.514401	0.927711
1861	-2.943472	-4.669544	0.917217
1862	-1.782366	-4.663031	0.914678
1863	2.226326	-4.514410	0.927711
1864	1.782289	-4.663034	0.914678
1865	2.943407	-4.669550	0.917216
1866	-0.000266	-1.999017	0.933645
1867	-0.466485	-2.122678	0.932214
1868	0.466021	-2.122711	0.932214
1869	-2.221791	-2.578781	0.919611
1870	-2.980420	-2.760615	0.911418
1871	-1.824447	-2.734447	0.910456
1872	2.221510	-2.578911	0.919609
1873	1.824186	-2.734543	0.910455
1874	2.980207	-2.760781	0.911416
1875	-0.005196	-0.651477	0.865485
1876	-0.441572	-0.726667	0.871677
1877	0.432076	-0.727053	0.871762
1878	-2.179045	-1.021860	0.892209
1879	-2.949052	-1.161835	0.897628
1880	-1.836631	-1.121805	0.897087
1881	2.173756	-1.022765	0.892288
1882	1.831529	-1.122348	0.897122
1883	2.945362	-1.162780	0.897632
1885	2.221256	-0.003956	0.826751
1887	3.885003	0.066052	0.803989
1888	4.586694	0.112834	0.777374
1890	3.782144	-0.081524	0.806586
1891	4.545752	-0.130244	0.780280
1893	0.008075	0.425880	0.847896
1894	-0.439104	0.369336	0.844196
1895	0.455947	0.368272	0.843966
1896	-2.047017	0.210499	0.833642
1897	-2.697249	0.162901	0.828161
1898	-1.580286	0.116144	0.831477
1899	2.043145	0.204321	0.832637
1900	1.602408	0.110762	0.830437
1901	2.712149	0.156925	0.826954
1902	0.000020	1.651652	0.930913
1903	-0.530836	1.574881	0.928493
1904	0.531119	1.574917	0.928494
1905	-2.426119	1.409721	0.917817
1906	-3.129391	1.369621	0.910949
1907	-1.960975	1.300851	0.908657
1908	2.427504	1.409833	0.917825
1909	1.963768	1.300931	0.908663
1910	3.131149	1.369699	0.910957
1911	-0.000078	3.535585	0.947757
1912	-0.504977	3.428917	0.945254
1913	0.504808	3.428927	0.945254
1914	-2.386963	3.149320	0.928054
1915	-3.112020	3.057397	0.916529
1916	-1.931912	3.004564	0.915040
1917	2.386820	3.149390	0.928053
1918	1.931751	3.004627	0.915039
1919	3.111914	3.057496	0.916528
1920	1.017251	5.000000	0.429272
1921	1.607704	5.000000	0.467138
1922	1.597518	5.000000	0.384699
1923	3.473848	5.000000	0.590464
1924	4.161059	5.000000	0.619200
1925	4.243882	5.000000	0.516468
1926	3.459792	5.000000	0.217407
1927	4.255514	5.000000	0.235182
1928	4.190833	5.000000	0.152286
1929	5.000000	-3.345811	0.439327
1930	5.000000	-3.654140	0.458060
1931	5.000000	-3.609547	0.386635
1932	5.000000	-4.481054	0.541973
1933	5.000000	-4.733884	0.570793
1934	5.000000	-4.739933	0.485928
1935	5.000000	-4.420420	0.213273
1936	5.000000	-4.719787	0.230608
1937	5.000000	-4.705098	0.149332
1938	-5.000000	-2.955727	0.365534
1939	-5.000000	-2.878927	0.303458
1940	-5.000000	-3.221833	0.306835
1941	-5.000000	-2.522055	0.120575
1942	-5.000000	-2.330232	0.060708
1943	-5.000000	-2.731149	0.057981
1944	-5.000000	-4.045349	0.127448
1945	-5.000000	-3.967385	0.060860
1946	-5.000000	-4.349514	0.064851
1947	5.000000	2.956712	0.365455
1948	5.000000	2.880076	0.303331
1949	5.000000	3.222647	0.306764
1950	5.000000	2.522093	0.120423
1951	5.000000	2.329713	0.060640
1952	5.000000	2.731011	0.057926
1953	5.000000	4.045569	0.127420
1954	5.000000	3.967474	0.060840
1955	5.000000	4.349593	0.064837
1956	-5.000000	3.346096	0.439363
1957	-5.000000	3.654326	0.458082
1958	-5.000000	3.609764	0.386648
1959	-5.000000	4.481092	0.541970
1960	-5.000000	4.733899	0.570784
1961	-5.000000	4.739952	0.485918
1962	-5.000000	4.420435	0.213259
1963	-5.000000	4.719795	0.230596
1964	-5.000000	4.705091	0.149321
1965	-5.000000	-0.189480	0.354039
1967	-5.000000	-0.352172	0.305789
1969	-5.000000	-0.366753	0.572781
1970	-5.000000	-0.566656	0.485111
1971	-5.000000	-1.047410	0.175519
1972	-5.000000	-1.226366	0.213952
1973	-5.000000	-1.336289	0.133733
1974	5.000000	-0.193879	0.353481
1976	5.000000	-0.355673	0.305232
1978	5.000000	-0.377418	0.571501
1979	5.000000	-0.574483	0.484026
1980	5.000000	-1.049169	0.175134
1981	5.000000	-1.228765	0.213480
1982	5.000000	-1.337665	0.133447
1983	1.030891	-3.351792	-0.004907
1984	1.642518	-3.196150	0.003974
1985	1.634696	-3.524584	-0.000449
1986	3.550513	-2.612277	-0.002836
1987	4.249203	-2.367548	0.002099
1988	4.317717	-2.765156	-0.000728
1989	3.516113	-4.162668	-0.000007
1990	4.301483	-4.028222	0.000005
1991	4.224499	-4.415544	-0.000001
1992	0.925101	-0.000357	0.197081
1993	1.488612	0.171520	-0.052832
1994	1.480048	-0.172051	-0.057942
1995	3.490687	0.791733	0.000653
1996	4.216037	1.047935	-0.000293
1997	4.291763	0.647356	0.000080
1998	3.487149	-0.791183	0.000651
1999	4.290605	-0.647566	0.000080
2000	4.214650	-1.047862	-0.000293
2001	-0.000015	3.696866	0.006165
2002	-0.486506	3.902886	-0.001194
2003	0.486476	3.902889	-0.001194
2004	-2.296597	4.556150	-0.000000
2005	-3.033406	4.796792	-0.000000
2006	-1.862557	4.816386	-0.000000
2007	2.296575	4.556154	-0.000000
2008	1.862536	4.816388	-0.000000
2009	3.033390	4.796795	-0.000000
2010	4.190843	-5.000000	0.152288
2011	4.255524	-5.000000	0.235187
2012	3.459808	-5.000000	0.217410
2013	4.243889	-5.000000	0.516477
2014	4.161064	-5.000000	0.619209
2015	3.473853	-5.000000	0.590470
2016	1.597532	-5.000000	0.384701
2017	1.607713	-5.000000	0.467140
2018	1.017261	-5.000000	0.429273
2019	3.014592	-5.000000	0.803653
2020	1.825107	-5.000000	0.799818
2021	2.361039	-5.000000	0.726038
2022	-1.825153	-5.000000	0.799818
2023	-3.014628	-5.000000	0.803653
2024	-2.361075	-5.000000	0.726037
2025	0.491265	-5.000000	0.568739
2026	-0.491278	-5.000000	0.568738
2027	-0.000002	-5.000000	0.519067
2028	-4.161071	-5.000000	0.619200
2029	-4.243888	-5.000000	0.516467
2030	-3.473861	-5.000000	0.590464
2031	-4.255510	-5.000000	0.235182
2032	-4.190831	-5.000000	0.152286
2033	-3.459789	-5.000000	0.217407
2034	-1.607708	-5.000000	0.467138
2035	-1.597516	-5.000000	0.384700
2036	-1.017251	-5.000000	0.429272
2037	4.192903	-4.493975	0.894036
2038	4.271192	-4.278684	0.910037
2039	3.463711	-4.319138	0.930791
2040	4.320540	-3.565295	0.931202
2041	4.266222	-3.336855	0.926645
2042	3.568608	-3.429985	0.938774
2043	1.604033	-3.872276	0.948544
2044	1.635870	-3.677125	0.948727
2045	1.026749	-3.753843	0.949211
2046	3.111865	-3.057543	0.916528
2047	1.931696	-3.004655	0.915039
2048	2.386778	-3.149415	0.928053
2049	-1.931940	-3.004573	0.915040
2050	-3.112039	-3.057404	0.916529
2051	-2.386980	-3.149327	0.928054
2052	0.504798	-3.428932	0.945254
2053	-0.504984	-3.428921	0.945254
2054	-0.000082	-3.535588	0.947757
2055	-4.266289	-3.336691	0.926645
2056	-4.320593	-3.565164	0.931203
2057	-3.568715	-3.429874	0.938775
2058	-4.271231	-4.278635	0.910035
2059	-4.192943	-4.493948	0.894032
2060	-3.463779	-4.319108	0.930791
2061	-1.636006	-3.677096	0.948728
2062	-1.604152	-3.872252	0.948545
2063	-1.026881	-3.753826	0.949211
2064	3.858461	-1.054688	0.891053
2065	3.862038	-0.896971	0.879836
2066	3.199089	-0.912024	0.883774
2067	3.775114	-0.467842	0.838485
2068	3.710247	-0.343372	0.827753
2069	3.107221	-0.382395	0.838773
2070	1.461545	-0.614547	0.862219
2071	1.471945	-0.507726	0.853616
2072	0.930701	-0.545856	0.856855
2073	2.696683	-0.165591	0.828139
2074	1.580901	-0.118323	0.831486
2075	2.046197	-0.212673	0.833673
2076	-1.601160	-0.112416	0.830545
2077	-2.709851	-0.159033	0.827150
2078	-2.040946	-0.206022	0.832784
2079	0.439310	-0.370622	0.844268
2080	-0.455084	-0.369476	0.844053
2081	-0.007487	-0.426997	0.847974
2082	-3.712477	-0.336805	0.828714
2083	-3.776439	-0.462148	0.839127
2084	-3.108037	-0.376559	0.838525
2085	-3.864078	-0.894198	0.880000
2086	-3.860428	-1.052664	0.891150
2087	-3.202676	-0.909946	0.883747
2088	-1.481460	-0.505229	0.853148
2089	-1.470584	-0.612728	0.861868
2090	-0.941682	-0.544510	0.856572
2091	3.375764	-0.114584	0.816901
2093	2.212894	-0.079847	0.829259
2095	-3.424562	-0.105531	0.817534
2096	-2.770519	-0.062514	0.823994
2099	0.444209	-0.008880	0.831286
2100	-4.588172	-0.117061	0.778142
2102	-3.886128	-0.069736	0.804522
2103	-4.544822	0.125858	0.780909
2105	-3.781622	0.077847	0.806964
2106	-2.262323	0.001456	0.826678
2109	-3.373310	0.111037	0.817166
2111	-2.210393	0.077246	0.829254
2113	3.421944	0.102350	0.817210
2114	2.768069	0.059882	0.823907
2116	1.098055	0.004189	0.830454
2117	-0.339361	0.004790	0.831025
2118	3.714964	0.334400	0.828166
2119	3.778184	0.460198	0.838621
2120	3.110452	0.374722	0.838210
2121	3.864644	0.893499	0.879776
2122	3.860825	1.052303	0.891030
2123	3.203484	0.909450	0.883628
2124	1.482909	0.504221	0.853040
2125	1.471953	0.611921	0.861779
2126	0.942868	0.543623	0.856487
2127	2.949624	1.161810	0.897608
2128	1.837165	1.121718	0.897079
2129	2.179846	1.021662	0.892183
2130	-1.831570	1.121808	0.897112
2131	-2.945491	1.162033	0.897635
2132	-2.173814	1.022045	0.892269
2133	0.442443	0.726046	0.871624
2134	-0.431640	0.726339	0.871706
2135	0.005872	0.650725	0.865423
2136	-3.858473	1.053478	0.891107
2137	-3.862152	0.895487	0.879919
2138	-3.199229	0.910835	0.883784
2139	-3.776109	0.465264	0.838614
2140	-3.711800	0.340370	0.827882
2141	-3.108591	0.380014	0.838783
2142	-1.461685	0.613453	0.862150
2143	-1.472201	0.506442	0.853543
2144	-0.930610	0.544791	0.856783
2145	4.266242	3.336801	0.926644
2146	4.320553	3.565257	0.931201
2147	3.568631	3.429956	0.938773
2148	4.271200	4.278674	0.910033
2149	4.192912	4.493970	0.894031
2150	3.463721	4.319134	0.930790
2151	1.635879	3.677121	0.948727
2152	1.604040	3.872272	0.948544
2153	1.026754	3.753840	0.949211
2154	2.943416	4.669549	0.917217
2155	1.782296	4.663034	0.914678
2156	2.226334	4.514409	0.927711
2157	-1.782365	4.663031	0.914678
2158	-2.943472	4.669544	0.917217
2159	-2.226413	4.514401	0.927711
2160	0.470210	4.085708	0.945357
2161	-0.470323	4.085703	0.945357
2162	-0.000060	3.954838	0.947859
2163	-4.192945	4.493946	0.894032
2164	-4.271234	4.278633	0.910035
2165	-3.463783	4.319106	0.930791
2166	-4.320592	3.565157	0.931203
2167	-4.266284	3.336685	0.926646
2168	-3.568711	3.429868	0.938775
2169	-1.604155	3.872251	0.948545
2170	-1.636008	3.677093	0.948728
2171	-1.026883	3.753825	0.949211
2172	3.049620	5.000000	0.069421
2173	1.875834	5.000000	0.067151
2174	2.277422	5.000000	0.132566
2175	-1.875845	5.000000	0.067151
2176	-3.049626	5.000000	0.069421
2177	-2.277428	5.000000	0.132566
2178	0.476710	5.000000	0.292711
2179	-0.476715	5.000000	0.292711
2180	-0.000002	5.000000	0.343415
2181	-4.190835	5.000000	0.152285
2182	-4.255517	5.000000	0.235182
2183	-3.459796	5.000000	0.217407
2184	-4.243887	5.000000	0.516468
2185	-4.161065	5.000000	0.619201
2186	-3.473857	5.000000	0.590465
2187	-1.597524	5.000000	0.384699
2188	-1.607711	5.000000	0.467138
2189	-1.017257	5.000000	0.429272
2190	-3.014625	5.000000	0.803653
2191	-1.825149	5.000000	0.799818
2192	-2.361068	5.000000	0.726037
2193	1.825113	5.000000	0.799818
2194	3.014598	5.000000	0.803653
2195	2.361048	5.000000	0.726037
2196	-0.491276	5.000000	0.568738
2197	0.491267	5.000000	0.568738
2198	-0.000004	5.000000	0.519066
2199	5.000000	-4.349747	0.064836
2200	5.000000	-3.967720	0.060838
2201	5.000000	-4.045810	0.127418
2202	5.000000	-2.731785	0.057921
2203	5.000000	-2.330949	0.060627
2204	5.000000	-2.523208	0.120440
2205	5.000000	-3.223065	0.306734
2206	5.000000	-2.880527	0.303299
2207	5.000000	-2.957258	0.365398
2208	5.000000	-1.830833	0.146006
2209	5.000000	-1.658626	0.229068
2210	5.000000	-1.977102	0.204120
2211	5.000000	-0.927658	0.508639
2212	5.000000	-0.653382	0.619780
2213	5.000000	-0.985014	0.559798
2214	5.000000	-2.274713	0.375258
2215	5.000000	-2.008569	0.446774
2216	5.000000	-2.350961	0.430660
2217	5.000000	-0.418578	0.788624
2218	5.000000	-0.522607	0.808295
2219	5.000000	-0.786218	0.705351
2220	5.000000	-0.975217	0.888428
2221	5.000000	-1.207213	0.900253
2222	5.000000	-1.260167	0.831982
2223	5.000000	-1.813292	0.569459
2224	5.000000	-1.893089	0.614579
2225	5.000000	-2.155262	0.548277
2226	5.000000	-1.657827	0.858455
2227	5.000000	-1.871235	0.849485
2228	5.000000	-1.724287	0.811161
2229	5.000000	-2.557036	0.847407
2230	5.000000	-2.792063	0.852077
2231	5.000000	-2.765447	0.802388
2232	5.000000	-2.308434	0.645291
2233	5.000000	-2.625144	0.645211
2234	5.000000	-2.560137	0.592212
2235	5.000000	-3.275287	0.850765
2236	5.000000	-3.523694	0.841489
2237	5.000000	-3.278811	0.796702
2238	5.000000	-4.237964	0.774470
2239	5.000000	-4.457940	0.722299
2240	5.000000	-4.234399	0.682076
2241	5.000000	-3.185889	0.615813
2242	5.000000	-3.439432	0.574654
2243	5.000000	-3.136768	0.553139
2244	-5.000000	-4.704951	0.149338
2245	-5.000000	-4.719644	0.230606
2246	-5.000000	-4.420112	0.213284
2247	-5.000000	-4.739840	0.485909
2248	-5.000000	-4.733810	0.570774
2249	-5.000000	-4.480886	0.541955
2250	-5.000000	-3.608722	0.386673
2251	-5.000000	-3.653433	0.458081
2252	-5.000000	-3.344801	0.439382
2253	-5.000000	-4.457856	0.722287
2254	-5.000000	-4.237852	0.774461
2255	-5.000000	-4.234234	0.682061
2256	-5.000000	-3.523469	0.841485
2257	-5.000000	-3.275011	0.850763
2258	-5.000000	-3.278464	0.796700
2259	-5.000000	-3.438748	0.574668
2260	-5.000000	-3.185096	0.615837
2261	-5.000000	-3.135769	0.553186
2262	-5.000000	-2.791630	0.852079
2263	-5.000000	-2.556476	0.847413
2264	-5.000000	-2.764889	0.802397
2265	-5.000000	-1.870051	0.849509
2266	-5.000000	-1.656362	0.858486
2267	-5.000000	-1.722543	0.811232
2268	-5.000000	-2.623859	0.645285
2269	-5.000000	-2.306656	0.645418
2270	-5.000000	-2.558529	0.592327
2271	-5.000000	-1.205050	0.900283
2272	-5.000000	-0.972204	0.888522
2273	-5.000000	-1.257403	0.832093
2274	-5.000000	-0.516612	0.808005
2275	-5.000000	-0.411378	0.788251
2276	-5.000000	-0.780019	0.705505
2277	-5.000000	-1.890218	0.614829
2278	-5.000000	-1.809985	0.569772
2279	-5.000000	-2.152705	0.548517
2280	-5.000000	-0.644409	0.620589
2281	-5.000000	-0.920656	0.509471
2282	-5.000000	-0.978401	0.560401
2283	-5.000000	-1.656122	0.229486
2284	-5.000000	-1.829261	0.146265
2285	-5.000000	-1.975047	0.204430
2286	-5.000000	-2.005468	0.447123
2287	-5.000000	-2.272176	0.375554
2288	-5.000000	-2.348544	0.430918
2289	5.000000	4.705028	0.149329
2290	5.000000	4.719724	0.230602
2291	5.000000	4.420287	0.213271
2292	5.000000	4.739883	0.485915
2293	5.000000	4.733839	0.570778
2294	5.000000	4.480953	0.541963
2295	5.000000	3.609185	0.386659
2296	5.000000	3.653763	0.458082
2297	5.000000	3.345298	0.439368
2298	5.000000	4.457884	0.722286
2299	5.000000	4.237886	0.774459
2300	5.000000	4.234277	0.682066
2301	5.000000	3.523520	0.841481
2302	5.000000	3.275071	0.850759
2303	5.000000	3.278467	0.796694
2304	5.000000	3.438913	0.574674
2305	5.000000	3.185187	0.615838
2306	5.000000	3.136015	0.553184
2307	5.000000	2.791693	0.852073
2308	5.000000	2.556513	0.847404
2309	5.000000	2.764847	0.802386
2310	5.000000	1.869916	0.849486
2311	5.000000	1.656157	0.858456
2312	5.000000	1.722105	0.811190
2313	5.000000	2.623825	0.645273
2314	5.000000	2.306576	0.645392
2315	5.000000	2.558693	0.592306
2316	5.000000	1.204739	0.900190
2317	5.000000	0.971482	0.888112
2318	5.000000	1.256667	0.831930
2319	5.000000	0.514418	0.806871
2320	5.000000	0.408485	0.787039
2321	5.000000	0.779063	0.705018
2322	5.000000	1.890387	0.614744
2323	5.000000	1.810718	0.569639
2324	5.000000	2.153340	0.548436
2325	5.000000	0.644067	0.621186
2326	5.000000	0.925595	0.509736
2327	5.000000	0.980824	0.560374
2328	5.000000	1.656840	0.228969
2329	5.000000	1.827944	0.146045
2330	5.000000	1.975771	0.204018
2331	5.000000	2.007465	0.446904
2332	5.000000	2.274168	0.375324
2333	5.000000	2.350011	0.430773
2334	-5.000000	4.349667	0.064828
2335	-5.000000	3.967572	0.060829
2336	-5.000000	4.045751	0.127403
2337	-5.000000	2.731170	0.057905
2338	-5.000000	2.329890	0.060614
2339	-5.000000	2.522604	0.120383
2340	-5.000000	3.223420	0.306735
2341	-5.000000	2.881113	0.303297
2342	-5.000000	2.957805	0.365432
2343	-5.000000	1.828850	0.145985
2344	-5.000000	1.658667	0.228893
2345	-5.000000	1.977108	0.203955
2346	-5.000000	0.932180	0.509815
2347	-5.000000	0.652630	0.621511
2348	-5.000000	0.986960	0.560700
2349	-5.000000	2.276113	0.375314
2350	-5.000000	2.010045	0.446948
2351	-5.000000	2.351971	0.430781
2352	-5.000000	0.415028	0.788742
2353	-5.000000	0.519653	0.808489
2354	-5.000000	0.784582	0.705995
2355	-5.000000	0.973566	0.888640
2356	-5.000000	1.205895	0.900312
2357	-5.000000	1.258990	0.832168
2358	-5.000000	1.813712	0.569773
2359	-5.000000	1.893138	0.614855
2360	-5.000000	2.155699	0.548495
2361	-5.000000	1.657075	0.858510
2362	-5.000000	1.870660	0.849536
2363	-5.000000	1.723696	0.811271
2364	-5.000000	2.556757	0.847433
2365	-5.000000	2.791836	0.852096
2366	-5.000000	2.765323	0.802427
2367	-5.000000	2.308470	0.645449
2368	-5.000000	2.625239	0.645320
2369	-5.000000	2.560337	0.592344
2370	-5.000000	3.275156	0.850779
2371	-5.000000	3.523608	0.841502
2372	-5.000000	3.278768	0.796728
2373	-5.000000	4.237947	0.774475
2374	-5.000000	4.457936	0.722298
2375	-5.000000	4.234424	0.682081
2376	-5.000000	3.186035	0.615871
2377	-5.000000	3.439590	0.574696
2378	-5.000000	3.136988	0.553205
2379	-5.000000	-1.039283	0.048178
2380	-5.000000	-0.642637	0.042042
2381	-5.000000	-0.760801	0.090688
2382	-5.000000	0.643836	0.042706
2383	-5.000000	1.037184	0.048897
2384	-5.000000	0.758411	0.092503
2385	-5.000000	-0.132835	0.214453
2386	-5.000000	0.128156	0.217617
2387	-5.000000	-0.006507	0.258933
2388	-5.000000	1.331386	0.134476
2389	-5.000000	1.222670	0.214554
2390	-5.000000	1.038716	0.177685
2391	-5.000000	0.599079	0.485805
2392	-5.000000	0.370277	0.576549
2394	-5.000000	0.317799	0.319425
2395	-5.000000	0.234710	0.418989
2396	-5.000000	0.139568	0.365793
2397	-5.000000	0.157909	0.696274
2399	-5.000000	0.158196	0.581415
2400	-5.000000	0.006408	0.684578
2404	-5.000000	-0.267597	0.487735
2406	5.000000	-1.039692	0.048086
2407	5.000000	-0.642894	0.041970
2408	5.000000	-0.761386	0.090512
2409	5.000000	0.643893	0.042676
2410	5.000000	1.037236	0.048884
2411	5.000000	0.758196	0.092466
2412	5.000000	-0.134543	0.214133
2413	5.000000	0.126479	0.217381
2414	5.000000	-0.008916	0.258598
2415	5.000000	1.330577	0.134515
2416	5.000000	1.220821	0.214622
2417	5.000000	1.037439	0.177707
2418	5.000000	0.591411	0.485918
2419	5.000000	0.359595	0.576677
2421	5.000000	0.314185	0.319227
2422	5.000000	0.228814	0.418756
2423	5.000000	0.134989	0.365458
2424	5.000000	0.141861	0.696039
2426	5.000000	0.146826	0.581250
2427	5.000000	-0.010193	0.683961
2431	5.000000	-0.275407	0.486809
2433	3.033354	-4.796825	-0.000000
2434	1.862502	-4.816411	-0.000000
2435	2.296534	-4.556207	-0.000000
2436	-1.862551	-4.816408	-0.000000
2437	-3.033395	-4.796818	-0.000000
2438	-2.296584	-4.556198	-0.000000
2439	0.486453	-3.902988	-0.001199
2440	-0.486506	-3.902983	-0.001199
2441	-0.000025	-3.696976	0.006183
2442	-4.224522	-4.415514	-0.000001
2443	-4.301502	-4.028172	0.000005
2444	-3.516147	-4.162637	-0.000007
2445	-4.317722	-2.765066	-0.000729
2446	-4.249201	-2.367455	0.002102
2447	-3.550519	-2.612206	-0.002838
2448	-1.634738	-3.524565	-0.000449
2449	-1.642554	-3.196127	0.003974
2450	-1.030933	-3.351780	-0.004907
2451	-3.077511	-1.969459	-0.006782
2452	-1.896853	-1.945704	-0.014186
2453	-2.341015	-2.200923	0.014930
2454	1.896916	-1.945749	-0.014182
2455	3.077536	-1.969532	-0.006778
2456	2.341016	-2.200975	0.014925
2457	-0.488236	-2.805771	-0.035827
2458	0.488203	-2.805779	-0.035826
2459	-0.000018	-3.001659	0.043533
2460	3.019297	-1.446533	0.002659
2461	1.830815	-1.463276	0.015831
2462	2.240133	-1.191528	-0.017037
2463	-1.830425	-1.463259	0.015862
2464	-3.019181	-1.446488	0.002668
2465	-2.239518	-1.191506	-0.017121
2466	0.467586	-0.533924	0.059208
2467	-0.467432	-0.547676	0.092934
2468	-0.029965	-0.321438	-0.022968
2469	-4.214692	-1.047700	-0.000293
2470	-4.290491	-0.647323	0.000080
2471	-3.486800	-0.791072	0.000650
2472	-4.290729	0.647164	0.000080
2473	-4.215017	1.047449	-0.000292
2474	-3.487982	0.790835	0.000643
2475	-1.472588	-0.170051	-0.058460
2476	-1.473199	0.172756	-0.057313
2477	-0.923487	0.011659	0.202683
2478	-3.020453	1.446266	0.002668
2479	-1.832428	1.463389	0.015945
2480	-2.242434	1.191777	-0.017107
2481	1.831161	1.463569	0.016027
2482	3.020390	1.446720	0.002702
2483	2.241931	1.192732	-0.017424
2484	-0.488135	0.549406	0.116205
2485	0.464393	0.555444	0.109442
2486	-0.035010	0.354578	0.002167
2487	4.224521	4.415451	-0.000001
2488	4.301500	4.028070	0.000005
2489	3.516146	4.162551	-0.000007
2490	4.317699	2.764856	-0.000728
2491	4.249159	2.367233	0.002101
2492	3.550481	2.611963	-0.002832
2493	1.634742	3.524432	-0.000448
2494	1.642569	3.195958	0.003960
2495	1.030969	3.351638	-0.004887
2496	3.077481	1.969149	-0.006766
2497	1.896819	1.945331	-0.014141
2498	2.340984	2.200606	0.014885
2499	-1.897125	1.945287	-0.014141
2500	-3.077682	1.969059	-0.006767
2501	-2.341101	2.200564	0.014885
2502	0.488265	2.805555	-0.035701
2503	-0.488304	2.805550	-0.035701
2504	-0.000017	3.001469	0.043387
2505	-4.249212	2.367097	0.002102
2506	-4.317729	2.764764	-0.000728
2507	-3.550533	2.611898	-0.002833
2508	-4.301511	4.028048	0.000005
2509	-4.224530	4.415439	-0.000001
2510	-3.516163	4.162537	-0.000007
2511	-1.642601	3.195944	0.003960
2512	-1.634772	3.524421	-0.000448
2513	-1.031000	3.351630	-0.004887
2514	4.173321	-2.609522	0.920864
2515	4.264832	-2.412038	0.926569
2516	3.447499	-2.415773	0.929044
2517	4.350216	-1.798082	0.927448
2518	4.298737	-1.616032	0.921267
2519	3.620812	-1.658274	0.930067
2520	1.623149	-1.951428	0.934642
2521	1.683531	-1.789377	0.933926
2522	1.052045	-1.837081	0.933985
2523	3.129177	-1.370218	0.910945
2524	1.960721	-1.301265	0.908655
2525	2.425795	-1.410153	0.917814
2526	-1.963851	-1.300888	0.908662
2527	-3.131192	-1.369566	0.910958
2528	-2.427727	-1.409736	0.917824
2529	0.530341	-1.574996	0.928493
2530	-0.531605	-1.574939	0.928493
2531	-0.000510	-1.651705	0.930913
2532	-4.299200	-1.615207	0.921283
2533	-4.350518	-1.797393	0.927462
2534	-3.621500	-1.657711	0.930084
2535	-4.264988	-2.411670	0.926576
2536	-4.173465	-2.609224	0.920870
2537	-3.447753	-2.415517	0.929051
2538	-1.684264	-1.789215	0.933926
2539	-1.623708	-1.951290	0.934642
2540	-1.052720	-1.836989	0.933984
2541	4.299117	1.615412	0.921277
2542	4.350433	1.797603	0.927454
2543	3.621322	1.657894	0.930077
2544	4.264918	2.411849	0.926573
2545	4.173395	2.609386	0.920868
2546	3.447613	2.415664	0.929048
2547	1.683881	1.789288	0.933926
2548	1.623362	1.951363	0.934642
2549	1.052311	1.837025	0.933985
2550	2.980277	2.760721	0.911417
2551	1.824245	2.734507	0.910456
2552	2.221588	2.578865	0.919611
2553	-1.824428	2.734437	0.910456
2554	-2.980407	2.760607	0.911418
2555	-2.221774	2.578771	0.919612
2556	0.466125	2.122684	0.932214
2557	-0.466405	2.122660	0.932215
2558	-0.000139	1.998992	0.933645
2559	-4.173451	2.609222	0.920870
2560	-4.264966	2.411672	0.926576
2561	-3.447728	2.415510	0.929051
2562	-4.350357	1.797450	0.927458
2563	-4.298875	1.615310	0.921277
2564	-3.621069	1.657737	0.930077
2565	-1.623572	1.951270	0.934643
2566	-1.683977	1.789186	0.933926
2567	-1.052500	1.836962	0.933985
