1	5.000000	-7.500000	0.000000
2	-5.000000	-7.500000	0.000000
3	5.000000	7.500000	0.000000
4	-5.000000	7.500000	0.000000
5	5.000000	-5.057512	0.000000
6	-5.000000	-5.057511	0.000000
7	5.000000	5.057510	0.000000
8	-5.000000	5.057510	0.000000
9	5.000000	-4.865374	0.680783
10	-5.000000	-4.865374	0.680763
11	5.000000	-1.326785	0.900000
12	-5.000000	-1.325630	0.900000
13	5.000000	1.325934	0.900000
14	-5.000000	1.325843	0.900000
15	5.000000	4.865375	0.680762
16	-5.000000	4.865374	0.680764
17	5.000000	-2.975951	0.900000
18	-5.000000	-2.975712	0.900000
19	5.000000	2.975889	0.900000
20	-5.000000	2.975702	0.900000
21	5.000000	1.720393	0.001181
22	-5.000000	1.720300	0.001182
23	5.000000	0.247655	0.760112
24	-5.000000	0.258150	0.762557
25	5.000000	-1.720915	0.001168
26	-5.000000	-1.720808	0.001174
27	5.000000	-0.263772	0.762018
28	-5.000000	-0.252832	0.761450
29	0.000006	-5.000000	0.434745
30	-0.000054	-3.678852	0.942955
31	-0.005500	-0.495234	0.838848
33	0.006223	0.494463	0.838772
34	-0.000059	3.678852	0.942955
35	-0.000002	5.000000	0.434744
36	5.000000	-2.734919	0.483040
37	-5.000000	-2.733557	0.483167
38	5.000000	2.734193	0.483126
39	-5.000000	2.735308	0.483146
40	-5.000000	-0.027842	0.354595
41	5.000000	-0.031818	0.354070
42	-0.000020	-3.322058	0.007003
43	-0.010742	-0.041318	-0.048188
44	-0.000014	3.321926	0.006980
45	-0.000294	-1.710984	0.927935
46	-0.000195	1.710971	0.927935
47	0.000000	0.000000	0.000000
48	-0.000020	-5.049416	0.000000
49	-0.000027	-4.809870	0.900000
50	-0.002296	-1.105962	0.900000
52	0.002380	1.105848	0.900000
53	-0.000022	4.809869	0.900000
54	-0.000010	5.049416	0.000000
55	5.000000	-5.000000	0.347363
56	-5.000000	-5.000000	0.347347
57	5.000000	1.138279	0.345135
58	-5.000000	1.141802	0.345096
59	5.000000	5.000000	0.347350
60	-5.000000	5.000000	0.347350
61	5.000000	-3.962445	0.898446
62	-5.000000	-3.962355	0.898446
63	4.424981	-0.658056	0.843196
64	-4.425682	-0.654141	0.843245
65	4.426253	0.652894	0.842585
66	-4.425237	0.656022	0.843439
67	5.000000	3.962433	0.898442
68	-5.000000	3.962348	0.898447
69	5.000000	-3.420091	0.000000
70	-5.000000	-3.419998	0.000000
71	5.000000	3.419824	0.000000
72	-5.000000	3.419792	0.000000
73	-0.000022	1.717100	0.000000
74	5.000000	-1.134668	0.345373
75	-5.000000	-1.130552	0.346118
76	5.000000	0.000278	0.000000
77	-5.000000	0.000252	0.000000
79	0.000014	-1.717501	0.000000
82	-0.000120	-2.803722	0.900000
83	-0.000111	2.803717	0.900000
84	5.000000	2.108780	0.899992
85	-5.000000	2.108507	0.899992
86	5.000000	-2.109033	0.899992
87	-5.000000	-2.108508	0.899992
88	1.955494	-5.000000	0.258202
89	2.002703	-5.000000	0.597203
90	-2.002716	-5.000000	0.597201
91	-1.955471	-5.000000	0.258200
92	1.920152	-4.169568	0.937803
93	2.055922	-3.347068	0.938440
94	-2.056060	-3.347023	0.938441
95	-1.920235	-4.169552	0.937803
96	1.800651	-0.745997	0.865036
97	1.790845	-0.336750	0.824676
98	-1.793429	-0.331999	0.823938
99	-1.806870	-0.744833	0.864810
100	2.623503	-0.029865	0.806471
101	-2.765999	-0.021445	0.804900
102	-2.629069	0.027313	0.806592
103	2.769391	0.018739	0.804655
104	1.795562	0.330792	0.823797
105	1.808223	0.744441	0.864750
106	-1.800729	0.745220	0.864963
107	-1.791793	0.335239	0.824597
108	2.055926	3.347066	0.938440
109	1.920153	4.169568	0.937803
110	-1.920238	4.169552	0.937803
111	-2.056067	3.347020	0.938441
112	1.955476	5.000000	0.258200
113	-1.955481	5.000000	0.258200
114	-2.002712	5.000000	0.597201
115	2.002703	5.000000	0.597201
116	5.000000	-3.823159	0.262063
117	5.000000	-2.432928	0.246187
118	5.000000	-1.375774	0.550656
119	5.000000	-1.706293	0.718296
120	5.000000	-2.934826	0.714083
121	5.000000	-3.957433	0.567117
122	-5.000000	-3.822577	0.262092
123	-5.000000	-3.957165	0.567104
124	-5.000000	-2.934353	0.714101
125	-5.000000	-1.704216	0.718480
126	-5.000000	-1.371620	0.551111
127	-5.000000	-2.431215	0.246417
128	5.000000	3.822989	0.262065
129	5.000000	3.957287	0.567114
130	5.000000	2.934292	0.714090
131	5.000000	1.703730	0.718393
132	5.000000	1.373142	0.550852
133	5.000000	2.432671	0.246153
134	-5.000000	3.823232	0.262053
135	-5.000000	2.433614	0.246124
136	-5.000000	1.376730	0.551172
137	-5.000000	1.705877	0.718533
138	-5.000000	2.934882	0.714137
139	-5.000000	3.957511	0.567127
140	-5.000000	-0.568103	0.182507
141	-5.000000	0.556903	0.188064
144	5.000000	-0.569404	0.182120
145	5.000000	0.555910	0.187945
148	1.982443	-4.029054	0.000003
149	-1.982487	-4.029039	0.000003
150	-2.038083	-2.687034	0.001696
151	2.038062	-2.687066	0.001695
152	1.975020	-0.678361	-0.008712
153	-1.973822	-0.677940	-0.008645
154	-1.975378	0.677805	-0.008539
155	1.976750	0.678681	-0.008673
156	1.982482	4.028964	0.000003
157	2.038060	2.686817	0.001691
158	-2.038085	2.686797	0.001691
159	-1.982505	4.028956	0.000003
160	1.931134	-2.166675	0.926669
161	2.153183	-1.498590	0.923711
162	-2.154063	-1.498363	0.923703
163	-1.931465	-2.166560	0.926670
164	2.153667	1.498504	0.923705
165	1.931182	2.166658	0.926670
166	-1.931471	2.166551	0.926671
167	-2.153638	1.498332	0.923705
168	2.611484	-5.051582	0.000000
169	2.486911	-4.820707	0.900000
170	2.692594	-1.163351	0.900000
171	2.287361	0.071146	0.808473
172	2.696000	1.163038	0.900000
173	2.486916	4.820706	0.900000
174	2.611509	5.051581	0.000000
175	5.000000	-5.000000	0.167264
176	-5.000000	-5.000000	0.167258
177	5.000000	1.523212	0.171432
178	-5.000000	1.524215	0.171388
179	5.000000	5.000000	0.167258
180	-5.000000	5.000000	0.167257
181	5.000000	-4.453897	0.833266
182	-5.000000	-4.453858	0.833260
183	4.465558	-0.966844	0.882814
184	-4.466220	-0.964570	0.882881
185	4.356679	0.398187	0.802778
186	-4.354986	0.403480	0.803847
187	5.000000	3.445352	0.900000
188	-5.000000	3.445214	0.900000
189	5.000000	-4.295331	0.000000
190	-5.000000	-4.295281	0.000000
191	5.000000	4.295207	0.000000
192	-5.000000	4.295194	0.000000
193	2.675059	1.719509	0.000000
194	5.000000	-1.527605	0.171134
195	-5.000000	-1.525894	0.171491
196	5.000000	-0.920708	0.000000
197	-5.000000	-0.920667	0.000000
199	2.675155	-1.719949	0.000000
202	2.644629	-2.852401	0.900000
203	2.644653	2.852383	0.900000
204	5.000000	1.659192	0.900000
205	-5.000000	1.658926	0.900000
206	5.000000	-2.561516	0.899974
207	-5.000000	-2.561168	0.899974
208	3.295870	-5.000000	0.141783
209	3.319515	-5.000000	0.697742
210	-3.319536	-5.000000	0.697738
211	-3.295857	-5.000000	0.141782
212	3.247875	-4.502303	0.922231
213	3.417300	-3.178240	0.927653
214	-3.417410	-3.178131	0.927654
215	-3.247934	-4.502288	0.922230
216	3.092916	-0.962365	0.886022
217	2.959112	-0.252864	0.814552
218	-2.960596	-0.246901	0.814087
219	-3.096248	-0.961167	0.885991
220	3.642356	-0.104305	0.796005
221	-3.840353	-0.099344	0.792155
222	-3.639564	0.100720	0.796354
223	3.836532	0.095758	0.791638
224	2.964032	0.244977	0.813769
225	3.097173	0.961069	0.885921
226	-3.093068	0.961529	0.886015
227	-2.961217	0.250437	0.814546
228	3.417314	3.178227	0.927652
229	3.247880	4.502302	0.922230
230	-3.247936	4.502288	0.922230
231	-3.417413	3.178125	0.927654
232	3.295858	5.000000	0.141782
233	-3.295860	5.000000	0.141782
234	-3.319530	5.000000	0.697738
235	3.319517	5.000000	0.697738
236	5.000000	-4.392288	0.139141
237	5.000000	-2.166480	0.126682
238	5.000000	-0.698987	0.655270
239	5.000000	-1.371423	0.848305
240	5.000000	-2.981567	0.818982
241	5.000000	-4.461483	0.638329
242	-5.000000	-4.392033	0.139153
243	-5.000000	-4.461396	0.638311
244	-5.000000	-2.981292	0.818987
245	-5.000000	-1.369702	0.848393
246	-5.000000	-0.692297	0.655597
247	-5.000000	-2.165274	0.126861
248	5.000000	4.392183	0.139136
249	5.000000	4.461436	0.638315
250	5.000000	2.981309	0.818977
251	5.000000	1.369309	0.848306
252	5.000000	0.691715	0.655305
253	5.000000	2.164874	0.126656
254	-5.000000	4.392256	0.139129
255	-5.000000	2.165375	0.126623
256	-5.000000	0.697893	0.656219
257	-5.000000	1.370570	0.848423
258	-5.000000	2.981492	0.819008
259	-5.000000	4.461502	0.638324
260	-5.000000	-1.089117	0.103435
261	-5.000000	1.083242	0.104905
264	5.000000	-1.089905	0.103205
265	5.000000	1.082965	0.104891
268	3.314535	-4.499576	0.000000
269	-3.314571	-4.499560	0.000000
270	-3.381965	-2.268204	0.001620
271	3.381967	-2.268269	0.001619
272	3.340001	-1.149939	-0.000169
273	-3.339816	-1.149842	-0.000168
274	-3.339651	1.149527	-0.000168
275	3.339877	1.149670	-0.000168
276	3.314574	4.499516	0.000000
277	3.381946	2.267903	0.001617
278	-3.381963	2.267861	0.001618
279	-3.314589	4.499509	0.000000
280	3.245148	-2.526102	0.918759
281	3.466552	-1.405978	0.919069
282	-3.467423	-1.405464	0.919083
283	-3.245342	-2.525931	0.918762
284	3.467258	1.405712	0.919075
285	3.245189	2.526072	0.918760
286	-3.245349	2.525921	0.918762
287	-3.466809	1.405458	0.919076
288	-2.611515	-5.051581	0.000000
289	-2.486955	-4.820707	0.900000
290	-2.695717	-1.162857	0.900000
292	-2.692741	1.162847	0.900000
293	-2.486951	4.820707	0.900000
294	-2.611523	5.051581	0.000000
295	5.000000	-5.000000	0.524606
296	-5.000000	-5.000000	0.524587
297	5.000000	0.627843	0.536548
298	-5.000000	0.635727	0.536637
299	5.000000	5.000000	0.524588
300	-5.000000	5.000000	0.524590
301	5.000000	-3.445381	0.900000
302	-5.000000	-3.445224	0.900000
303	4.354071	-0.406470	0.803565
304	-4.355254	-0.400512	0.803699
305	4.466425	0.964131	0.882636
306	-4.465556	0.965495	0.882929
307	5.000000	4.453892	0.833251
308	-5.000000	4.453856	0.833261
309	5.000000	-2.524491	0.000000
310	-5.000000	-2.524379	0.000000
311	5.000000	2.524077	0.000000
312	-5.000000	2.524019	0.000000
313	-2.675082	1.719469	0.000000
314	5.000000	-0.633657	0.533703
315	-5.000000	-0.625440	0.534809
316	5.000000	0.920744	0.000000
317	-5.000000	0.920653	0.000000
318	-2.286738	-0.073011	0.808568
319	-2.675128	-1.719897	0.000000
320	4.769302	-0.013107	0.740714
322	-2.644805	-2.852289	0.900000
323	-2.644806	2.852283	0.900000
324	5.000000	2.561390	0.899974
325	-5.000000	2.561159	0.899974
326	5.000000	-1.659680	0.900000
327	-5.000000	-1.658878	0.900000
328	0.859072	-5.000000	0.358012
329	0.869918	-5.000000	0.508345
330	-0.869917	-5.000000	0.508344
331	-0.859053	-5.000000	0.358011
332	0.844015	-3.885727	0.942057
333	0.890419	-3.515008	0.942075
334	-0.890545	-3.514994	0.942075
335	-0.844110	-3.885717	0.942057
336	0.774790	-0.595165	0.848994
337	0.794147	-0.419468	0.831958
338	-0.806013	-0.418116	0.831664
339	-0.783721	-0.594396	0.848811
340	1.059915	-0.004117	0.810143
342	-1.364433	0.004432	0.809711
344	0.807232	0.417219	0.831574
345	0.784962	0.593798	0.848743
346	-0.774547	0.594420	0.848918
347	-0.794068	0.418436	0.831875
348	0.890415	3.515007	0.942075
349	0.844013	3.885727	0.942057
350	-0.844114	3.885717	0.942057
351	-0.890552	3.514993	0.942075
352	0.859058	5.000000	0.358011
353	-0.859062	5.000000	0.358011
354	-0.869918	5.000000	0.508344
355	0.869913	5.000000	0.508344
356	5.000000	-3.277745	0.374819
357	5.000000	-2.604438	0.364999
358	5.000000	-2.059437	0.494735
359	5.000000	-2.197478	0.595226
360	5.000000	-2.846569	0.599866
361	5.000000	-3.375798	0.509961
362	-5.000000	-3.276805	0.374886
363	-5.000000	-3.375145	0.509986
364	-5.000000	-2.845691	0.599925
365	-5.000000	-2.195658	0.595412
366	-5.000000	-2.056944	0.495039
367	-5.000000	-2.602732	0.365197
368	5.000000	3.277458	0.374851
369	5.000000	3.375442	0.509987
370	5.000000	2.845805	0.599914
371	5.000000	2.195827	0.595356
372	5.000000	2.058128	0.494897
373	5.000000	2.604086	0.365062
374	-5.000000	3.278032	0.374845
375	-5.000000	2.605219	0.365057
376	-5.000000	2.060194	0.494974
377	-5.000000	2.197605	0.595429
378	-5.000000	2.846729	0.599954
379	-5.000000	3.375981	0.510002
380	-5.000000	-0.207539	0.265909
381	-5.000000	0.185790	0.273643
383	-5.000000	-0.052749	0.419714
384	5.000000	-0.209858	0.265433
385	5.000000	0.183472	0.273336
387	5.000000	-0.058234	0.419094
388	0.873603	-3.628329	0.000107
389	-0.873646	-3.628321	0.000107
390	-0.891823	-3.036830	0.001750
391	0.891788	-3.036841	0.001750
392	0.800918	-0.284079	-0.128623
393	-0.789216	-0.279486	-0.128357
394	-0.799350	0.280589	-0.124040
395	0.810284	0.295170	-0.129309
396	0.873625	3.628219	0.000107
397	0.891794	3.036667	0.001744
398	-0.891823	3.036660	0.001744
399	-0.873652	3.628214	0.000107
400	0.862619	-1.889868	0.928821
401	0.950822	-1.598459	0.925946
402	-0.951560	-1.598381	0.925943
403	-0.863080	-1.889810	0.928820
404	0.951063	1.598430	0.925944
405	0.862679	1.889855	0.928820
406	-0.863054	1.889801	0.928820
407	-0.951341	1.598359	0.925943
408	0.000011	-5.000000	0.236676
409	-1.168696	-5.000000	0.126966
410	1.168700	-5.000000	0.126967
411	-0.000045	-4.205523	0.936847
412	-1.119837	-4.512726	0.924345
413	1.119756	-4.512730	0.924345
414	-0.000177	-2.170337	0.925154
415	-1.127872	-2.486498	0.916105
416	1.127606	-2.486551	0.916104
417	-0.003861	-0.752991	0.865705
418	-1.119414	-0.928500	0.883849
419	1.113681	-0.928865	0.883928
420	2.992897	-0.006998	0.802312
421	4.124098	0.044221	0.779670
422	4.077188	-0.062203	0.781188
423	0.009670	0.280010	0.821236
424	-1.061052	0.170740	0.815273
425	1.030577	0.160797	0.814327
426	0.000116	1.390725	0.918471
427	-1.286340	1.257794	0.911047
428	1.287703	1.257907	0.911047
429	-0.000094	3.233218	0.936378
430	-1.245234	3.028080	0.923965
431	1.245030	3.028117	0.923964
432	2.275986	5.000000	0.423168
433	3.576492	5.000000	0.496364
434	3.571794	5.000000	0.305725
435	5.000000	-3.906075	0.411538
436	5.000000	-4.473037	0.465797
437	5.000000	-4.444638	0.298306
438	-5.000000	-3.138113	0.243040
439	-5.000000	-2.912360	0.117411
440	-5.000000	-3.682635	0.122645
441	5.000000	3.138913	0.242946
442	5.000000	2.912618	0.117312
443	5.000000	3.682909	0.122605
444	-5.000000	3.906185	0.411542
445	-5.000000	4.473073	0.465789
446	-5.000000	4.444664	0.298294
447	-5.000000	-0.478352	0.319848
448	-5.000000	-0.575637	0.412658
449	-5.000000	-0.948241	0.246485
450	5.000000	-0.481928	0.319157
451	5.000000	-0.581323	0.411707
452	5.000000	-0.950792	0.245905
453	2.329030	-3.358865	0.000123
454	3.656893	-2.993868	0.000270
455	3.628740	-3.787262	0.000011
456	2.301584	-0.000203	-0.000925
457	3.643251	0.409978	-0.000009
458	3.643243	-0.410134	-0.000009
459	-0.000014	4.122088	0.000004
460	-1.167663	4.581057	0.000000
461	1.167639	4.581059	0.000000
462	3.571810	-5.000000	0.305730
463	3.576503	-5.000000	0.496371
464	2.275999	-5.000000	0.423171
465	1.217073	-5.000000	0.738322
466	-1.217116	-5.000000	0.738321
467	-0.000012	-5.000000	0.631212
468	-3.576498	-5.000000	0.496363
469	-3.571791	-5.000000	0.305725
470	-2.275986	-5.000000	0.423168
471	3.575358	-4.083139	0.934625
472	3.644623	-3.612948	0.938544
473	2.290035	-3.759327	0.942291
474	1.245019	-3.028120	0.923964
475	-1.245232	-3.028083	0.923965
476	-0.000091	-3.233219	0.936378
477	-3.644693	-3.612871	0.938544
478	-3.575416	-4.083097	0.934624
479	-2.290129	-3.759294	0.942291
480	3.254031	-0.718870	0.860958
481	3.211076	-0.473008	0.833452
482	2.072951	-0.540742	0.843098
483	1.060900	-0.172337	0.815310
484	-1.029319	-0.162174	0.814420
485	-0.009129	-0.281183	0.821313
486	-3.212787	-0.468641	0.833261
487	-3.257018	-0.716333	0.860867
488	-2.079126	-0.538170	0.842651
489	1.635296	-0.045392	0.810237
491	-0.108660	-0.014343	0.810923
492	-4.126098	-0.047957	0.780276
493	-4.077647	0.058521	0.781680
494	-3.007774	0.004168	0.802350
495	-1.631314	0.043052	0.810292
497	0.077789	0.012445	0.810989
498	3.214786	0.467276	0.832925
499	3.258198	0.715650	0.860651
500	2.080870	0.537348	0.842522
501	1.120241	0.928342	0.883833
502	-1.113486	0.928434	0.883887
503	0.004595	0.752543	0.865656
504	-3.254392	0.717549	0.860952
505	-3.212125	0.471102	0.833446
506	-2.073471	0.539547	0.843010
507	3.644628	3.612942	0.938543
508	3.575361	4.083137	0.934623
509	2.290036	3.759326	0.942291
510	1.119759	4.512730	0.924345
511	-1.119836	4.512726	0.924345
512	-0.000046	4.205523	0.936847
513	-3.575419	4.083096	0.934624
514	-3.644697	3.612868	0.938544
515	-2.290135	3.759293	0.942291
516	1.168694	5.000000	0.126966
517	-1.168702	5.000000	0.126966
518	-0.000003	5.000000	0.236675
519	-3.571798	5.000000	0.305726
520	-3.576498	5.000000	0.496364
521	-2.275990	5.000000	0.423169
522	-1.217107	5.000000	0.738321
523	1.217085	5.000000	0.738321
524	-0.000005	5.000000	0.631211
525	5.000000	-3.683185	0.122606
526	5.000000	-2.913242	0.117323
527	5.000000	-3.139193	0.242941
528	5.000000	-1.758535	0.280373
529	5.000000	-1.245199	0.453765
530	5.000000	-1.919590	0.389669
531	5.000000	-0.840005	0.734354
532	5.000000	-1.056190	0.801477
533	5.000000	-1.519781	0.639588
534	5.000000	-1.930571	0.797300
535	5.000000	-2.451292	0.795849
536	5.000000	-2.337957	0.693721
537	5.000000	-3.499696	0.780004
538	5.000000	-3.991749	0.730777
539	5.000000	-3.452623	0.646443
540	-5.000000	-4.444410	0.298301
541	-5.000000	-4.472881	0.465779
542	-5.000000	-3.905634	0.411541
543	-5.000000	-3.991613	0.730765
544	-5.000000	-3.499503	0.780001
545	-5.000000	-3.452255	0.646443
546	-5.000000	-2.450749	0.795871
547	-5.000000	-1.929523	0.797356
548	-5.000000	-2.336895	0.693802
549	-5.000000	-1.052950	0.801695
550	-5.000000	-0.835214	0.734515
551	-5.000000	-1.516536	0.639921
552	-5.000000	-1.240432	0.454412
553	-5.000000	-1.755928	0.280810
554	-5.000000	-1.916759	0.390067
555	5.000000	4.444569	0.298298
556	5.000000	4.472978	0.465787
557	5.000000	3.905923	0.411542
558	5.000000	3.991651	0.730767
559	5.000000	3.499520	0.779997
560	5.000000	3.452317	0.646446
561	5.000000	2.450659	0.795852
562	5.000000	1.929240	0.797317
563	5.000000	2.336694	0.693775
564	5.000000	1.052120	0.801291
565	5.000000	0.834173	0.733891
566	5.000000	1.516548	0.639734
567	5.000000	1.245187	0.454065
568	5.000000	1.758949	0.280203
569	5.000000	1.919474	0.389740
570	-5.000000	3.683067	0.122591
571	-5.000000	2.912904	0.117290
572	-5.000000	3.139407	0.242924
573	-5.000000	1.760783	0.280175
574	-5.000000	1.249388	0.454211
575	-5.000000	1.921631	0.389779
576	-5.000000	0.838215	0.734911
577	-5.000000	1.054761	0.801846
578	-5.000000	1.519452	0.640005
579	-5.000000	1.930256	0.797395
580	-5.000000	2.451168	0.795902
581	-5.000000	2.337937	0.693842
582	-5.000000	3.499703	0.780025
583	-5.000000	3.991770	0.730786
584	-5.000000	3.452720	0.646476
585	-5.000000	-0.393445	0.079483
586	-5.000000	0.396763	0.080704
587	-5.000000	0.001571	0.161988
588	-5.000000	0.939712	0.248650
589	-5.000000	0.604177	0.411578
590	-5.000000	0.445357	0.332243
594	5.000000	-0.393623	0.079338
595	5.000000	0.396788	0.080625
596	5.000000	0.000879	0.161749
597	5.000000	0.937670	0.248650
598	5.000000	0.598743	0.411548
599	5.000000	0.441797	0.332065
603	1.167609	-4.581095	0.000000
604	-1.167658	-4.581091	0.000000
605	-0.000025	-4.122154	0.000004
606	-3.628767	-3.787221	0.000011
607	-3.656908	-2.993808	0.000270
608	-2.329063	-3.358836	0.000123
609	-1.216599	-2.149765	0.003551
610	1.216597	-2.149787	0.003550
611	-0.000013	-2.562840	0.004172
612	1.176350	-1.240626	-0.009390
613	-1.176342	-1.240591	-0.009390
614	-0.000068	-0.748870	-0.066172
615	-3.642997	-0.410102	-0.000009
616	-3.642826	0.409912	-0.000009
617	-2.300499	-0.000503	-0.000935
618	-1.176526	1.240350	-0.009370
619	1.176374	1.240406	-0.009373
620	-0.000453	0.749865	-0.066071
621	3.628770	3.787107	0.000011
622	3.656905	2.993602	0.000270
623	2.329054	3.358696	0.000123
624	1.216570	2.149467	0.003541
625	-1.216594	2.149452	0.003541
626	-0.000016	2.562606	0.004159
627	-3.656919	2.993571	0.000270
628	-3.628784	3.787089	0.000011
629	-2.329078	3.358680	0.000123
630	3.608733	-2.151124	0.930138
631	3.721545	-1.753222	0.931004
632	2.365239	-1.826658	0.930360
633	1.285928	-1.258018	0.911057
634	-1.288034	-1.257847	0.911044
635	-0.000662	-1.390769	0.918473
636	-3.721904	-1.752825	0.931016
637	-3.608967	-2.150858	0.930144
638	-2.365701	-1.826470	0.930360
639	3.721719	1.753066	0.931006
640	3.608806	2.151053	0.930140
641	2.365369	1.826612	0.930360
642	1.127620	2.486544	0.916105
643	-1.127879	2.486493	0.916105
644	-0.000168	2.170332	0.925154
645	-3.608963	2.150842	0.930144
646	-3.721804	1.752805	0.931014
647	-2.365643	1.826452	0.930360
648	3.844884	-5.054192	0.000000
649	3.745171	-4.836571	0.900000
650	3.903195	-1.233903	0.900000
651	3.587710	0.139673	0.800505
652	3.905058	1.233368	0.900000
653	3.745175	4.836571	0.900000
654	3.844903	5.054191	0.000000
655	5.000000	-5.000000	0.078662
656	-5.000000	-5.000000	0.078661
657	5.000000	1.649673	0.088070
658	-5.000000	1.649993	0.088046
659	5.000000	5.000000	0.078660
660	-5.000000	5.000000	0.078659
661	5.000000	-4.671683	0.766264
662	-5.000000	-4.671665	0.766252
663	4.543385	-1.151611	0.895407
664	-4.543838	-1.149955	0.895438
665	4.369072	0.287431	0.787312
666	-4.364451	0.294027	0.788404
667	5.000000	3.200358	0.900000
668	-5.000000	3.200194	0.900000
669	5.000000	-4.694129	0.000000
670	-5.000000	-4.694104	0.000000
671	5.000000	4.694070	0.000000
672	-5.000000	4.694064	0.000000
673	3.895127	1.720913	0.000000
674	5.000000	-1.653408	0.087798
675	-5.000000	-1.652519	0.087977
676	5.000000	-1.340663	0.000000
677	-5.000000	-1.340589	0.000000
678	3.571137	-0.149607	0.799845
679	3.895204	-1.721392	0.000000
682	3.870969	-2.907618	0.900000
683	3.870989	2.907584	0.900000
684	5.000000	1.457629	0.900000
685	-5.000000	1.457422	0.900000
686	5.000000	-2.774388	0.899968
687	-5.000000	-2.774101	0.899968
688	4.112117	-5.000000	0.072672
689	4.061174	-5.000000	0.743514
690	-4.061189	-5.000000	0.743507
691	-4.112118	-5.000000	0.072672
692	4.059901	-4.684939	0.885262
693	4.170442	-3.083695	0.915202
694	-4.170512	-3.083533	0.915202
695	-4.059937	-4.684930	0.885258
696	3.874567	-1.115240	0.895369
697	3.711185	-0.222331	0.802860
698	-3.720717	-0.215736	0.803885
699	-3.876624	-1.114107	0.895409
700	4.346694	-0.166961	0.776881
701	-4.371287	-0.158418	0.776719
702	-4.344909	0.162484	0.777391
703	4.368748	0.154215	0.775890
704	3.724634	0.213015	0.803224
705	3.877307	1.114208	0.895356
706	-3.874744	1.114380	0.895396
707	-3.713900	0.219051	0.802990
708	4.170456	3.083665	0.915201
709	4.059907	4.684939	0.885258
710	-4.059937	4.684930	0.885258
711	-4.170512	3.083524	0.915202
712	4.112116	5.000000	0.072671
713	-4.112117	5.000000	0.072671
714	-4.061186	5.000000	0.743508
715	4.061173	5.000000	0.743507
716	5.000000	-4.701209	0.072000
717	5.000000	-1.969584	0.065835
718	5.000000	-0.354267	0.743147
720	5.000000	-2.986704	0.864031
721	5.000000	-4.681258	0.667159
722	-5.000000	-4.701099	0.072007
723	-5.000000	-4.681218	0.667142
724	-5.000000	-2.986459	0.864033
726	-5.000000	-0.345338	0.743492
727	-5.000000	-1.968859	0.065945
728	5.000000	4.701154	0.071997
729	5.000000	4.681238	0.667142
730	5.000000	2.986558	0.864028
732	5.000000	0.341288	0.742920
733	5.000000	1.967523	0.065894
734	-5.000000	4.701180	0.071993
735	-5.000000	1.967730	0.065874
736	-5.000000	0.349638	0.744089
738	-5.000000	2.986541	0.864043
739	-5.000000	4.681259	0.667148
740	-5.000000	-1.397858	0.058093
741	-5.000000	1.394521	0.058553
743	-5.000000	-0.143334	0.688211
744	5.000000	-1.398386	0.057969
745	5.000000	1.394442	0.058555
747	5.000000	-0.158685	0.687103
748	4.098089	-4.764872	0.000000
749	-4.098113	-4.764860	0.000000
750	-4.144711	-2.016280	-0.001291
751	4.144719	-2.016364	-0.001288
752	4.118399	-1.418739	0.000193
753	-4.118328	-1.418657	0.000192
754	-4.118192	1.418277	0.000191
755	4.118259	1.418371	0.000191
756	4.098115	4.764835	0.000000
757	4.144688	2.015920	-0.001291
758	-4.144700	2.015860	-0.001292
759	-4.098123	4.764831	0.000000
760	4.051962	-2.737744	0.910894
761	4.159794	-1.359473	0.911185
762	-4.160484	-1.358715	0.911198
763	-4.052074	-2.737542	0.910896
764	4.160451	1.359004	0.911191
765	4.051994	2.737701	0.910895
766	-4.052076	2.737531	0.910897
767	-4.159917	1.358770	0.911193
768	-1.321386	-5.049963	0.000000
769	-1.241033	-4.812481	0.900000
770	-1.381920	-1.120209	0.900000
771	-0.598871	0.044159	0.811592
772	-1.377795	1.120140	0.900000
773	-1.241028	4.812481	0.900000
774	-1.321387	5.049963	0.000000
775	5.000000	-5.000000	0.437727
776	-5.000000	-5.000000	0.437709
777	5.000000	0.883341	0.439970
778	-5.000000	0.888843	0.439976
779	5.000000	5.000000	0.437711
780	-5.000000	5.000000	0.437712
781	5.000000	-3.702377	0.899995
782	-5.000000	-3.702255	0.899995
783	4.396740	-0.527710	0.822073
784	-4.397372	-0.522801	0.822119
785	4.444176	0.799132	0.864064
786	-4.443187	0.801318	0.864637
787	5.000000	4.215506	0.877164
788	-5.000000	4.215447	0.877172
789	5.000000	-2.967140	0.000000
790	-5.000000	-2.967033	0.000000
791	5.000000	2.966799	0.000000
792	-5.000000	2.966755	0.000000
793	-1.363919	1.717805	0.000000
794	5.000000	-0.875504	0.439550
795	-5.000000	-0.869548	0.440493
796	5.000000	0.469745	0.000000
797	-5.000000	0.469682	0.000000
799	-1.363929	-1.718211	0.000000
801	-4.769618	0.009783	0.741576
802	-1.343967	-2.816266	0.900000
803	-1.343964	2.816260	0.900000
804	5.000000	2.338383	0.899981
805	-5.000000	2.338129	0.899981
806	5.000000	-1.879661	0.900000
807	-5.000000	-1.879012	0.900000
808	1.381907	-5.000000	0.310359
809	1.409035	-5.000000	0.551419
810	-1.409041	-5.000000	0.551417
811	-1.381885	-5.000000	0.310358
812	1.356109	-4.020491	0.940551
813	1.446070	-3.430150	0.940750
814	-1.446205	-3.430124	0.940750
815	-1.356199	-4.020478	0.940551
816	1.258640	-0.664186	0.856291
817	1.274274	-0.378561	0.828396
818	-1.283750	-0.375812	0.827878
819	-1.266301	-0.663159	0.856058
820	1.742265	-0.015286	0.809810
822	-1.750500	0.013894	0.809824
824	1.285367	0.374790	0.827769
825	1.267674	0.662657	0.855996
826	-1.258592	0.663431	0.856214
827	-1.274672	0.377325	0.828312
828	1.446069	3.430150	0.940750
829	1.356108	4.020491	0.940551
830	-1.356202	4.020477	0.940551
831	-1.446212	3.430122	0.940750
832	1.381891	5.000000	0.310358
833	-1.381895	5.000000	0.310358
834	-1.409040	5.000000	0.551417
835	1.409033	5.000000	0.551417
836	5.000000	-3.549326	0.319420
837	5.000000	-2.526246	0.305656
838	5.000000	-1.717118	0.517019
839	5.000000	-1.941516	0.655315
840	5.000000	-2.894760	0.657563
841	5.000000	-3.675414	0.535414
842	-5.000000	-3.548570	0.319465
843	-5.000000	-3.674987	0.535414
844	-5.000000	-2.894105	0.657597
845	-5.000000	-1.939516	0.655511
846	-5.000000	-1.713872	0.517415
847	-5.000000	-2.524482	0.305877
848	5.000000	3.549117	0.319433
849	5.000000	3.675182	0.535422
850	5.000000	2.894091	0.657588
851	5.000000	1.939336	0.655442
852	5.000000	1.715327	0.517207
853	5.000000	2.526065	0.305675
854	-5.000000	3.549501	0.319423
855	-5.000000	2.527133	0.305657
856	-5.000000	1.718062	0.517370
857	-5.000000	1.941381	0.655549
858	-5.000000	2.894863	0.657634
859	-5.000000	3.675537	0.535436
860	-5.000000	-0.365434	0.224212
861	-5.000000	0.350414	0.232035
864	5.000000	-0.367174	0.223771
865	5.000000	0.348803	0.231830
868	1.403433	-3.819590	0.000003
869	-1.403477	-3.819578	0.000003
870	-1.440058	-2.868645	-0.001620
871	1.440029	-2.868665	-0.001620
872	1.347613	-0.466825	0.040292
873	-1.343979	-0.465608	0.039686
874	-1.349092	0.466062	0.038921
875	1.352174	0.469057	0.040239
876	1.403464	3.819489	0.000003
877	1.440031	2.868458	-0.001615
878	-1.440059	2.868446	-0.001615
879	-1.403490	3.819483	0.000003
880	1.373730	-2.017467	0.928317
881	1.532918	-1.546718	0.924840
882	-1.533736	-1.546577	0.924833
883	-1.374126	-2.017380	0.928317
884	1.533271	1.546669	0.924836
885	1.373782	2.017453	0.928317
886	-1.374121	2.017372	0.928317
887	-1.533422	1.546550	0.924835
888	-1.013167	-5.000000	0.242440
889	-0.632786	-5.000000	0.065532
890	1.609827	-5.000000	0.188708
891	-0.984999	-4.195878	0.937152
892	-0.594688	-4.664934	0.913701
893	1.563840	-4.348821	0.932462
894	-0.987513	-2.169424	0.925529
895	-0.613868	-2.644889	0.908707
896	1.564731	-2.327828	0.922089
897	-0.937617	-0.750859	0.865466
898	-0.624812	-1.016277	0.892203
899	1.503251	-0.839603	0.874922
901	4.425334	0.023978	0.768360
903	-0.930510	0.295336	0.822257
904	-0.562882	0.103955	0.813030
905	1.465702	0.241508	0.818019
906	-1.144689	1.419661	0.919938
907	-0.678499	1.172451	0.905150
908	1.787553	1.365722	0.917526
909	-1.080660	3.263823	0.936994
910	-0.661597	2.906154	0.913130
911	1.714569	3.174179	0.932521
912	2.208361	5.000000	0.512121
913	4.288674	5.000000	0.425266
914	2.802550	5.000000	0.280565
915	5.000000	-3.935105	0.488585
916	5.000000	-4.736335	0.408352
917	5.000000	-4.142418	0.278412
918	-5.000000	-2.783750	0.241506
919	-5.000000	-3.157955	0.057503
920	-5.000000	-3.762781	0.190676
921	5.000000	2.784828	0.241344
922	5.000000	3.157976	0.057464
923	5.000000	3.763167	0.190637
924	-5.000000	3.935202	0.488593
925	-5.000000	4.736350	0.408340
926	-5.000000	4.142462	0.278401
927	-5.000000	-0.288077	0.389893
928	-5.000000	-0.841267	0.382168
929	-5.000000	-0.785562	0.210024
930	5.000000	-0.293035	0.389121
931	5.000000	-0.846276	0.381272
932	5.000000	-0.787429	0.209544
933	2.262396	-3.010380	-0.000575
934	4.348635	-3.194080	0.000059
935	2.848136	-3.923814	-0.000007
936	2.216626	0.352319	0.003563
937	4.347486	0.221264	-0.000003
938	2.860830	-0.564303	-0.000571
939	-1.023842	4.097726	0.000001
940	-0.625431	4.822223	-0.000000
941	1.621944	4.318988	-0.000001
942	4.291705	-5.000000	0.329766
943	2.829621	-5.000000	0.554662
944	2.187051	-5.000000	0.336817
945	0.612993	-5.000000	0.801328
946	-1.683452	-5.000000	0.673840
947	1.053757	-5.000000	0.622812
948	-4.288676	-5.000000	0.425265
949	-2.802546	-5.000000	0.280565
950	-2.208367	-5.000000	0.512121
951	4.311263	-4.026827	0.923618
952	2.899472	-3.467118	0.939646
953	2.170869	-3.971662	0.940976
954	0.661360	-2.906181	0.913130
955	-1.714736	-3.174137	0.932522
956	1.080485	-3.263848	0.936993
957	-4.332734	-3.779174	0.929002
958	-2.782006	-4.130900	0.937752
959	-2.252715	-3.545547	0.941603
960	3.858435	-0.693168	0.855305
961	2.542111	-0.396670	0.828353
962	1.998933	-0.646129	0.854255
963	0.563287	-0.105579	0.813039
964	-1.463743	-0.242816	0.818137
965	0.930208	-0.296641	0.822331
966	-3.832331	-0.557552	0.839319
967	-2.579678	-0.733988	0.863473
968	-2.006271	-0.431637	0.832229
970	-2.266508	-0.034829	0.808134
971	1.400047	-0.024270	0.810443
972	-4.426741	-0.027821	0.769071
976	2.277697	0.032979	0.808054
977	-1.376957	0.021897	0.810513
978	3.833667	0.556194	0.838829
979	2.581014	0.733494	0.863360
980	2.008222	0.430597	0.832083
981	0.625270	1.016159	0.892193
982	-1.503160	0.839008	0.874864
983	0.938751	0.750478	0.865423
984	-3.858795	0.691505	0.855411
985	-2.543297	0.394941	0.828285
986	-1.999222	0.645146	0.854173
987	4.332701	3.779251	0.929000
988	2.781935	4.130926	0.937751
989	2.252605	3.545587	0.941602
990	0.594619	4.664935	0.913701
991	-1.563924	4.348811	0.932463
992	0.984911	4.195885	0.937152
993	-4.311299	4.026762	0.923617
994	-2.899581	3.467052	0.939647
995	-2.170958	3.971637	0.940976
996	0.632771	5.000000	0.065532
997	-1.609817	5.000000	0.188706
998	1.013174	5.000000	0.242439
999	-4.291698	5.000000	0.329759
1000	-2.829622	5.000000	0.554658
1001	-2.187039	5.000000	0.336815
1002	-0.613037	5.000000	0.801328
1003	1.683431	5.000000	0.673840
1004	-1.053772	5.000000	0.622811
1005	5.000000	-3.572922	0.058862
1006	5.000000	-2.674415	0.180043
1007	5.000000	-3.487356	0.250062
1008	5.000000	-1.439365	0.310296
1009	5.000000	-1.309293	0.503185
1010	5.000000	-2.181919	0.316058
1011	5.000000	-0.610099	0.828967
1012	5.000000	-1.378329	0.752942
1013	5.000000	-1.444267	0.596344
1014	5.000000	-2.024569	0.846740
1015	5.000000	-2.681585	0.751742
1016	5.000000	-2.028906	0.699070
1017	5.000000	-3.749073	0.832612
1018	5.000000	-3.976348	0.647770
1019	5.000000	-3.194787	0.680255
1020	-5.000000	-4.730066	0.321167
1021	-5.000000	-4.212735	0.519027
1022	-5.000000	-3.868834	0.335954
1023	-5.000000	-3.994655	0.815239
1024	-5.000000	-3.224327	0.740606
1025	-5.000000	-3.705702	0.609436
1026	-5.000000	-2.259885	0.846299
1027	-5.000000	-1.818518	0.755374
1028	-5.000000	-2.637956	0.698985
1029	-5.000000	-0.741449	0.859529
1030	-5.000000	-1.099136	0.640133
1031	-5.000000	-1.603846	0.680382
1032	-5.000000	-1.180930	0.402126
1033	-5.000000	-2.087655	0.259186
1034	-5.000000	-1.645600	0.468036
1035	5.000000	4.730135	0.321169
1036	5.000000	4.212855	0.519037
1037	5.000000	3.869203	0.335942
1038	5.000000	3.994696	0.815236
1039	5.000000	3.224309	0.740600
1040	5.000000	3.705805	0.609444
1041	5.000000	2.259916	0.846283
1042	5.000000	1.818067	0.755317
1043	5.000000	2.637837	0.698968
1044	5.000000	0.740455	0.858698
1045	5.000000	1.099286	0.639795
1046	5.000000	1.603507	0.680248
1047	5.000000	1.189277	0.401365
1048	5.000000	2.089687	0.258774
1049	5.000000	1.648064	0.467749
1050	-5.000000	3.572687	0.058854
1051	-5.000000	2.674406	0.179986
1052	-5.000000	3.487478	0.250051
1053	-5.000000	1.443421	0.310020
1054	-5.000000	1.311529	0.503705
1055	-5.000000	2.183457	0.316041
1056	-5.000000	0.607785	0.829263
1057	-5.000000	1.377482	0.753248
1058	-5.000000	1.444373	0.596827
1059	-5.000000	2.024193	0.846783
1060	-5.000000	2.681573	0.751801
1061	-5.000000	2.028749	0.699243
1062	-5.000000	3.749033	0.832622
1063	-5.000000	3.976402	0.647780
1064	-5.000000	3.194875	0.680300
1065	-5.000000	-0.217721	0.038003
1066	-5.000000	0.511196	0.129844
1067	-5.000000	-0.301204	0.166667
1068	-5.000000	1.060627	0.292894
1069	-5.000000	0.329430	0.477200
1070	-5.000000	0.530885	0.256464
1073	-5.000000	0.057900	0.482240
1074	5.000000	-0.217674	0.037942
1075	5.000000	0.510872	0.129743
1076	5.000000	-0.302109	0.166358
1077	5.000000	1.057848	0.292935
1078	5.000000	0.322186	0.477076
1079	5.000000	0.528816	0.256324
1082	5.000000	0.050570	0.481738
1083	0.625388	-4.822240	-0.000000
1084	-1.621955	-4.319039	-0.000001
1085	1.023787	-4.097803	0.000001
1086	-4.340290	-3.619565	-0.000010
1087	-2.896514	-2.823178	0.000730
1088	-2.228618	-3.706297	-0.000020
1089	-0.651383	-1.925119	-0.002380
1090	1.682278	-2.401146	-0.003073
1091	-1.062529	-2.595701	0.003241
1092	0.637466	-1.487526	0.005842
1093	-1.622049	-0.972597	0.010776
1094	0.992446	-0.741300	-0.041707
1095	-4.347417	-0.221150	-0.000003
1096	-2.860476	0.563865	-0.000566
1097	-2.213617	-0.352326	0.003631
1098	-0.637471	1.487171	0.005837
1099	1.622463	0.972681	0.010751
1100	-0.995207	0.742035	-0.041439
1101	4.340293	3.619423	-0.000010
1102	2.896501	2.822966	0.000729
1103	2.228615	3.706191	-0.000020
1104	0.651362	1.924774	-0.002373
1105	-1.682289	2.400843	-0.003066
1106	1.062499	2.595477	0.003231
1107	-4.348654	3.193777	0.000059
1108	-2.848194	3.923684	-0.000007
1109	-2.262431	3.010151	-0.000574
1110	4.338075	-2.134009	0.926788
1111	2.999315	-1.612548	0.928124
1112	2.210473	-1.999666	0.929615
1113	0.678244	-1.172627	0.905157
1114	-1.787947	-1.365611	0.917522
1115	1.144164	-1.419816	0.919945
1116	-4.372368	-1.918153	0.927255
1117	-2.807009	-2.160925	0.928481
1118	-2.353010	-1.654998	0.928340
1119	4.372281	1.918417	0.927246
1120	2.806780	2.161072	0.928479
1121	2.352643	1.655148	0.928340
1122	0.613629	2.644910	0.908707
1123	-1.565034	2.327740	0.922090
1124	0.987191	2.169471	0.925529
1125	-4.338206	2.133620	0.926795
1126	-2.999681	1.612202	0.928126
1127	-2.210843	1.999502	0.929616
1128	1.321348	-5.049964	0.000000
1129	1.240981	-4.812481	0.900000
1130	1.377729	-1.120441	0.900000
1132	1.382148	1.120259	0.900000
1133	1.240987	4.812480	0.900000
1134	1.321369	5.049963	0.000000
1135	5.000000	-5.000000	0.256323
1136	-5.000000	-5.000000	0.256312
1137	5.000000	1.350917	0.256220
1138	-5.000000	1.352964	0.256169
1139	5.000000	5.000000	0.256313
1140	-5.000000	5.000000	0.256313
1141	5.000000	-4.215514	0.877173
1142	-5.000000	-4.215451	0.877171
1143	4.443087	-0.802976	0.864444
1144	-4.443818	-0.799945	0.864519
1145	4.398257	0.521050	0.821295
1146	-4.397230	0.525230	0.822340
1147	5.000000	3.702358	0.899995
1148	-5.000000	3.702247	0.899995
1149	5.000000	-3.867518	0.000000
1150	-5.000000	-3.867445	0.000000
1151	5.000000	3.867325	0.000000
1152	-5.000000	3.867303	0.000000
1153	1.363882	1.717825	0.000000
1154	5.000000	-1.353045	0.256153
1155	-5.000000	-1.350305	0.256700
1156	5.000000	-0.469349	0.000000
1157	-5.000000	-0.469340	0.000000
1158	0.599485	-0.045968	0.811550
1159	1.363957	-1.718238	0.000000
1162	1.343743	-2.816320	0.900000
1163	1.343761	2.816311	0.900000
1164	5.000000	1.879308	0.900000
1165	-5.000000	1.879027	0.900000
1166	5.000000	-2.338562	0.899981
1167	-5.000000	-2.338136	0.899981
1168	2.587549	-5.000000	0.201959
1169	2.643883	-5.000000	0.646054
1170	-2.643902	-5.000000	0.646051
1171	-2.587528	-5.000000	0.201958
1172	2.544953	-4.330511	0.932869
1173	2.713909	-3.264339	0.934513
1174	-2.714041	-3.264267	0.934514
1175	-2.545026	-4.330494	0.932869
1176	2.408532	-0.843401	0.875169
1177	2.344178	-0.293610	0.820354
1178	-2.342507	-0.288081	0.819633
1179	-2.413269	-0.842192	0.875015
1180	3.055606	-0.062004	0.801929
1181	-3.246775	-0.051492	0.800616
1182	-3.053271	0.059046	0.802176
1183	3.247237	0.048533	0.800259
1184	2.345266	0.286599	0.819436
1185	2.414454	0.841932	0.874952
1186	-2.408668	0.842595	0.875118
1187	-2.345694	0.291719	0.820292
1188	2.713919	3.264333	0.934513
1189	2.544956	4.330510	0.932869
1190	-2.545028	4.330494	0.932869
1191	-2.714046	3.264263	0.934514
1192	2.587532	5.000000	0.201958
1193	-2.587536	5.000000	0.201958
1194	-2.643896	5.000000	0.646051
1195	2.643885	5.000000	0.646051
1196	5.000000	-4.102474	0.202167
1197	5.000000	-2.316631	0.186584
1198	5.000000	-1.037146	0.595781
1199	5.000000	-1.506193	0.783252
1200	5.000000	-2.964207	0.768353
1201	5.000000	-4.219763	0.602760
1202	-5.000000	-4.102059	0.202185
1203	-5.000000	-4.219603	0.602742
1204	-5.000000	-2.963859	0.768363
1205	-5.000000	-1.504192	0.783398
1206	-5.000000	-1.031868	0.596230
1207	-5.000000	-2.315098	0.186801
1208	5.000000	4.102332	0.202163
1209	5.000000	4.219676	0.602750
1210	5.000000	2.963816	0.768351
1211	5.000000	1.503581	0.783297
1212	5.000000	1.032895	0.595965
1213	5.000000	2.315859	0.186522
1214	-5.000000	4.102474	0.202153
1215	-5.000000	2.316612	0.186487
1216	-5.000000	1.037601	0.596528
1217	-5.000000	1.505534	0.783450
1218	-5.000000	2.964206	0.768393
1219	-5.000000	4.219807	0.602761
1220	-5.000000	-0.811181	0.143980
1221	-5.000000	0.802640	0.147153
1223	-5.000000	-0.172706	0.584503
1224	5.000000	-0.812202	0.143662
1225	5.000000	0.802071	0.147100
1227	5.000000	-0.184127	0.583390
1228	2.615586	-4.255410	0.000001
1229	-2.615627	-4.255394	0.000001
1230	-2.683938	-2.488898	-0.001749
1231	2.683928	-2.488945	-0.001749
1232	2.633396	-0.905169	0.001527
1233	-2.632947	-0.904988	0.001523
1234	-2.633140	0.904713	0.001514
1235	2.633717	0.905032	0.001522
1236	2.615628	4.255333	0.000001
1237	2.683918	2.488644	-0.001745
1238	-2.683939	2.488615	-0.001745
1239	-2.615648	4.255325	0.000001
1240	2.547757	-2.336255	0.923602
1241	2.799217	-1.452250	0.922208
1242	-2.800127	-1.451903	0.922207
1243	-2.548021	-2.336113	0.923604
1244	2.799833	1.452098	0.922206
1245	2.547802	2.336233	0.923603
1246	-2.548030	2.336104	0.923605
1247	-2.799589	1.451877	0.922206
1248	-3.844903	-5.054191	0.000000
1249	-3.745200	-4.836571	0.900000
1250	-3.904850	-1.233101	0.900000
1251	-3.569650	0.146079	0.800094
1252	-3.903320	1.233183	0.900000
1253	-3.745198	4.836571	0.900000
1254	-3.844911	5.054191	0.000000
1255	5.000000	-5.000000	0.613561
1256	-5.000000	-5.000000	0.613541
1257	5.000000	0.391292	0.637701
1258	-5.000000	0.401857	0.638044
1259	5.000000	5.000000	0.613541
1260	-5.000000	5.000000	0.613543
1261	5.000000	-3.200401	0.900000
1262	-5.000000	-3.200205	0.900000
1263	4.362876	-0.297721	0.788099
1264	-4.366883	-0.290530	0.788303
1265	4.543882	1.149842	0.895361
1266	-4.543312	1.150500	0.895445
1267	5.000000	4.671681	0.766245
1268	-5.000000	4.671665	0.766253
1269	5.000000	-2.105506	0.000000
1270	-5.000000	-2.105394	0.000000
1271	5.000000	2.105026	0.000000
1272	-5.000000	2.104952	0.000000
1273	-3.895136	1.720850	0.000000
1274	5.000000	-0.405255	0.636059
1275	-5.000000	-0.394297	0.637169
1276	5.000000	1.340355	0.000000
1277	-5.000000	1.340254	0.000000
1278	-3.587484	-0.142633	0.800991
1279	-3.895185	-1.721314	0.000000
1282	-3.871070	-2.907446	0.900000
1283	-3.871071	2.907437	0.900000
1284	5.000000	2.774300	0.899968
1285	-5.000000	2.774091	0.899968
1286	5.000000	-1.458298	0.900000
1287	-5.000000	-1.457309	0.900000
1288	0.391547	-5.000000	0.400143
1289	0.393837	-5.000000	0.468695
1290	-0.393830	-5.000000	0.468694
1291	-0.391532	-5.000000	0.400143
1292	0.385665	-3.769678	0.942768
1293	0.401294	-3.599938	0.942747
1294	-0.401410	-3.599932	0.942747
1295	-0.385767	-3.769673	0.942768
1296	0.348645	-0.538402	0.843152
1297	0.359698	-0.458996	0.835479
1298	-0.371497	-0.458492	0.835360
1299	-0.358649	-0.538001	0.843056
1302	-0.971306	-0.004668	0.811200
1304	0.372425	0.457675	0.835279
1305	0.359648	0.537314	0.842984
1306	-0.348162	0.537652	0.843077
1307	-0.359245	0.458117	0.835399
1308	0.401289	3.599938	0.942747
1309	0.385662	3.769678	0.942768
1310	-0.385771	3.769673	0.942768
1311	-0.401415	3.599932	0.942747
1312	0.391537	5.000000	0.400142
1313	-0.391541	5.000000	0.400142
1314	-0.393835	5.000000	0.468694
1315	0.393830	5.000000	0.468694
1316	5.000000	-3.006482	0.429024
1317	5.000000	-2.672811	0.424152
1318	5.000000	-2.399820	0.483611
1319	5.000000	-2.464119	0.538055
1320	5.000000	-2.792775	0.541620
1321	5.000000	-3.061314	0.492148
1322	-5.000000	-3.005340	0.429118
1323	-5.000000	-3.060354	0.492215
1324	-5.000000	-2.791651	0.541710
1325	-5.000000	-2.462525	0.538215
1326	-5.000000	-2.397951	0.483820
1327	-5.000000	-2.671247	0.424317
1328	5.000000	3.006034	0.429081
1329	5.000000	3.060795	0.492200
1330	5.000000	2.791983	0.541691
1331	5.000000	2.462983	0.538168
1332	5.000000	2.398840	0.483737
1333	5.000000	2.672244	0.424238
1334	-5.000000	3.006852	0.429085
1335	-5.000000	2.673390	0.424246
1336	-5.000000	2.400375	0.483772
1337	-5.000000	2.464430	0.538211
1338	-5.000000	2.793023	0.541721
1339	-5.000000	3.061582	0.492216
1340	-5.000000	-0.086909	0.301130
1341	-5.000000	0.055732	0.305312
1344	5.000000	-0.089804	0.300645
1345	5.000000	0.052807	0.304900
1348	0.398457	-3.459674	-0.000553
1349	-0.398498	-3.459670	-0.000553
1350	-0.404100	-3.190400	-0.002684
1351	0.404063	-3.190404	-0.002684
1352	0.343702	-0.151387	0.149666
1353	-0.346654	-0.186020	0.201951
1354	-0.346566	0.168867	0.178555
1355	0.336645	0.212823	0.138244
1356	0.398470	3.459554	-0.000551
1357	0.404070	3.190255	-0.002675
1358	-0.404098	3.190252	-0.002675
1359	-0.398498	3.459551	-0.000551
1360	0.397532	-1.786436	0.928549
1361	0.429614	-1.654275	0.927039
1362	-0.430271	-1.654242	0.927037
1363	-0.398058	-1.786408	0.928548
1364	0.429770	1.654257	0.927038
1365	0.397607	1.786424	0.928548
1366	-0.398000	1.786398	0.928548
1367	-0.430125	1.654226	0.927037
1368	1.013190	-5.000000	0.242440
1369	-1.609809	-5.000000	0.188707
1370	0.632765	-5.000000	0.065532
1371	0.984910	-4.195886	0.937152
1372	-1.563923	-4.348812	0.932463
1373	0.594615	-4.664935	0.913701
1374	0.987164	-2.169479	0.925529
1375	-1.565026	-2.327746	0.922090
1376	0.613623	-2.644916	0.908707
1377	0.930294	-0.751422	0.865603
1378	-1.509312	-0.838908	0.874777
1379	0.619581	-1.016420	0.892229
1381	3.528136	0.016316	0.795517
1382	4.405912	-0.043788	0.769623
1383	0.942779	0.292464	0.821734
1384	-1.470557	0.247825	0.818927
1385	0.448401	0.086319	0.812243
1386	1.144851	1.419757	0.919938
1387	-1.787051	1.365571	0.917525
1388	0.681236	1.172512	0.905150
1389	1.080486	3.263847	0.936993
1390	-1.714741	3.174135	0.932522
1391	0.661372	2.906177	0.913130
1392	2.187034	5.000000	0.336814
1393	2.829615	5.000000	0.554658
1394	4.291695	5.000000	0.329759
1395	5.000000	-3.869357	0.335938
1396	5.000000	-4.212951	0.519043
1397	5.000000	-4.730167	0.321180
1398	-5.000000	-3.486543	0.250120
1399	-5.000000	-2.673138	0.180196
1400	-5.000000	-3.572526	0.058889
1401	5.000000	3.487127	0.250067
1402	5.000000	2.673853	0.180016
1403	5.000000	3.572606	0.058862
1404	-5.000000	3.869463	0.335936
1405	-5.000000	4.213009	0.519043
1406	-5.000000	4.730179	0.321168
1407	-5.000000	-0.553498	0.247594
1409	-5.000000	-1.058241	0.292946
1410	5.000000	-0.555770	0.247056
1412	5.000000	-1.061587	0.292264
1413	2.228580	-3.706318	-0.000020
1414	2.896496	-2.823224	0.000730
1415	4.340277	-3.619627	-0.000010
1416	2.214302	-0.352196	0.003613
1417	2.861460	0.564154	-0.000567
1418	4.347541	-0.221160	-0.000003
1419	1.023816	4.097730	0.000001
1420	-1.621968	4.318983	-0.000001
1421	0.625408	4.822223	-0.000000
1422	2.802568	-5.000000	0.280568
1423	4.288684	-5.000000	0.425276
1424	2.208369	-5.000000	0.512124
1425	1.683423	-5.000000	0.673841
1426	-0.613043	-5.000000	0.801328
1427	-1.053777	-5.000000	0.622811
1428	-2.829625	-5.000000	0.554658
1429	-4.291693	-5.000000	0.329758
1430	-2.187031	-5.000000	0.336815
1431	2.781932	-4.130927	0.937751
1432	4.332697	-3.779259	0.929003
1433	2.252604	-3.545589	0.941602
1434	1.714562	-3.174182	0.932521
1435	-0.661602	-2.906158	0.913130
1436	-1.080654	-3.263825	0.936994
1437	-2.899576	-3.467055	0.939647
1438	-4.311297	-4.026765	0.923617
1439	-2.170954	-3.971638	0.940976
1440	2.575049	-0.735813	0.863698
1441	3.830984	-0.561754	0.838999
1442	2.000886	-0.435169	0.832820
1443	1.469760	-0.249400	0.818989
1444	-0.447969	-0.087800	0.812314
1445	-0.941348	-0.293610	0.821832
1446	-2.543930	-0.392135	0.827779
1447	-3.860076	-0.689900	0.855509
1448	-2.005212	-0.644340	0.853930
1449	2.160513	-0.042758	0.809517
1450	-0.988096	-0.039065	0.811103
1451	-1.751099	-0.014381	0.809626
1452	-3.530522	-0.019691	0.795890
1453	-4.405835	0.039885	0.770318
1455	-2.158112	0.040253	0.809513
1456	0.989503	0.037568	0.811004
1457	1.784786	0.013606	0.809443
1458	2.546250	0.390835	0.827563
1459	3.861014	0.688955	0.855125
1460	2.006758	0.643748	0.853834
1461	1.510437	0.838661	0.874745
1462	-0.619380	1.016146	0.892207
1463	-0.930012	0.750839	0.865539
1464	-2.575327	0.734789	0.863638
1465	-3.831657	0.559738	0.839117
1466	-2.001637	0.433788	0.832733
1467	2.899477	3.467114	0.939646
1468	4.311266	4.026822	0.923614
1469	2.170869	3.971661	0.940976
1470	1.563842	4.348820	0.932462
1471	-0.594685	4.664934	0.913701
1472	-0.985001	4.195878	0.937152
1473	-2.782009	4.130900	0.937752
1474	-4.332736	3.779169	0.929002
1475	-2.252721	3.545546	0.941603
1476	1.609812	5.000000	0.188706
1477	-0.632785	5.000000	0.065532
1478	-1.013179	5.000000	0.242439
1479	-2.802554	5.000000	0.280565
1480	-4.288678	5.000000	0.425266
1481	-2.208367	5.000000	0.512121
1482	-1.683444	5.000000	0.673840
1483	0.613000	5.000000	0.801328
1484	1.053762	5.000000	0.622811
1485	5.000000	-3.763381	0.190638
1486	5.000000	-3.158450	0.057464
1487	5.000000	-2.785129	0.241349
1488	5.000000	-2.089760	0.258864
1489	5.000000	-1.185585	0.401391
1490	5.000000	-1.649110	0.467581
1491	5.000000	-1.103784	0.639767
1492	5.000000	-0.744973	0.859448
1493	5.000000	-1.606523	0.680121
1494	5.000000	-1.820036	0.755261
1495	5.000000	-2.260426	0.846286
1496	5.000000	-2.638676	0.698942
1497	5.000000	-3.224630	0.740603
1498	5.000000	-3.994755	0.815245
1499	5.000000	-3.706020	0.609443
1500	-5.000000	-4.142031	0.278421
1501	-5.000000	-4.736251	0.408334
1502	-5.000000	-3.934752	0.488578
1503	-5.000000	-3.976155	0.647756
1504	-5.000000	-3.748946	0.832608
1505	-5.000000	-3.194366	0.680264
1506	-5.000000	-2.681066	0.751766
1507	-5.000000	-2.023859	0.846758
1508	-5.000000	-2.027389	0.699200
1509	-5.000000	-1.375646	0.753164
1510	-5.000000	-0.605655	0.828841
1511	-5.000000	-1.440535	0.596737
1512	-5.000000	-1.304741	0.503729
1513	-5.000000	-1.436088	0.310876
1514	-5.000000	-2.179694	0.316374
1515	5.000000	4.142302	0.278409
1516	5.000000	4.736307	0.408339
1517	5.000000	3.934952	0.488586
1518	5.000000	3.976221	0.647763
1519	5.000000	3.748994	0.832605
1520	5.000000	3.194370	0.680261
1521	5.000000	2.680959	0.751750
1522	5.000000	2.023841	0.846736
1523	5.000000	2.027070	0.699154
1524	5.000000	1.374968	0.752983
1525	5.000000	0.604195	0.827753
1526	5.000000	1.441143	0.596508
1527	5.000000	1.307550	0.503449
1528	5.000000	1.440846	0.310050
1529	5.000000	2.181976	0.316051
1530	-5.000000	3.763377	0.190623
1531	-5.000000	3.158080	0.057453
1532	-5.000000	2.785512	0.241318
1533	-5.000000	2.090996	0.258745
1534	-5.000000	1.193351	0.401394
1535	-5.000000	1.650974	0.467890
1536	-5.000000	1.103311	0.640402
1537	-5.000000	0.743070	0.859792
1538	-5.000000	1.606069	0.680449
1539	-5.000000	1.819693	0.755420
1540	-5.000000	2.260136	0.846320
1541	-5.000000	2.638717	0.699024
1542	-5.000000	3.224671	0.740638
1543	-5.000000	3.994730	0.815252
1544	-5.000000	3.706112	0.609465
1545	-5.000000	-0.513308	0.126859
1546	-5.000000	0.222088	0.038267
1547	-5.000000	0.299166	0.170466
1548	-5.000000	0.770853	0.214669
1549	-5.000000	0.858663	0.381269
1554	5.000000	-0.513930	0.126606
1555	5.000000	0.222216	0.038222
1556	5.000000	0.298431	0.170290
1557	5.000000	0.769406	0.214612
1558	5.000000	0.854087	0.381305
1563	1.621907	-4.319048	-0.000001
1564	-0.625435	-4.822239	-0.000000
1565	-1.023835	-4.097796	0.000001
1566	-2.848173	-3.923789	-0.000007
1567	-4.348645	-3.194004	0.000059
1568	-2.262424	-3.010348	-0.000575
1569	-1.682291	-2.401117	-0.003074
1570	0.651398	-1.925131	-0.002380
1571	1.062505	-2.595717	0.003241
1572	1.621982	-0.972675	0.010786
1573	-0.637432	-1.487511	0.005842
1574	-0.992817	-0.741312	-0.041633
1575	-2.860401	-0.564256	-0.000572
1576	-4.347333	0.221237	-0.000003
1577	-2.214525	0.351564	0.003541
1578	-1.622850	0.972524	0.010726
1579	0.637398	1.487187	0.005837
1580	0.993476	0.742129	-0.041623
1581	2.848175	3.923697	-0.000007
1582	4.348646	3.193811	0.000059
1583	2.262407	3.010170	-0.000574
1584	1.682263	2.400861	-0.003066
1585	-0.651386	1.924765	-0.002373
1586	-1.062528	2.595467	0.003231
1587	-2.896522	2.822939	0.000729
1588	-4.340300	3.619399	-0.000010
1589	-2.228638	3.706180	-0.000020
1590	2.806714	-2.161107	0.928479
1591	4.372198	-1.918615	0.927244
1592	2.352401	-1.655215	0.928343
1593	1.786591	-1.365823	0.917534
1594	-0.681411	-1.172527	0.905151
1595	-1.145343	-1.419698	0.919936
1596	-2.999908	-1.612227	0.928127
1597	-4.338216	-2.133634	0.926795
1598	-2.210853	-1.999514	0.929615
1599	2.999618	1.612429	0.928123
1600	4.338134	2.133873	0.926789
1601	2.210550	1.999637	0.929615
1602	1.564758	2.327818	0.922089
1603	-0.613870	2.644885	0.908707
1604	-0.987515	2.169418	0.925529
1605	-2.807012	2.160912	0.928482
1606	-4.372336	1.918141	0.927254
1607	-2.352835	1.654974	0.928341
1608	0.000002	-5.000000	0.124926
1609	0.547924	-5.000000	0.181425
1610	-0.547907	-5.000000	0.181425
1611	-0.000042	-4.514716	0.924183
1612	0.528211	-4.359179	0.931801
1613	-0.528298	-4.359176	0.931801
1614	-0.000137	-2.480698	0.915801
1615	0.527986	-2.322684	0.921359
1616	-0.528295	-2.322657	0.921359
1617	-0.003057	-0.923548	0.883420
1618	0.509820	-0.836600	0.874577
1619	-0.516641	-0.836374	0.874519
1620	3.976530	-0.009708	0.783357
1621	3.458943	-0.033209	0.796539
1623	0.010066	0.157290	0.814799
1624	0.510959	0.220605	0.817570
1625	-0.495044	0.223244	0.817941
1626	0.000778	1.236885	0.909737
1627	0.619376	1.317811	0.914702
1628	-0.618663	1.317757	0.914702
1629	-0.000112	3.006529	0.923294
1630	0.589420	3.124026	0.931183
1631	-0.589624	3.124011	0.931183
1632	3.610040	5.000000	0.398863
1633	2.919596	5.000000	0.367650
1634	2.927515	5.000000	0.460463
1635	5.000000	-4.462222	0.381346
1636	5.000000	-4.173740	0.356919
1637	5.000000	-4.197135	0.437205
1638	-5.000000	-3.300576	0.118522
1639	-5.000000	-3.406624	0.182915
1640	-5.000000	-3.040419	0.179235
1641	5.000000	3.300878	0.118459
1642	5.000000	3.407130	0.182849
1643	5.000000	3.041042	0.179125
1644	-5.000000	4.462257	0.381336
1645	-5.000000	4.173803	0.356913
1646	-5.000000	4.197201	0.437202
1647	-5.000000	-0.783129	0.329267
1648	-5.000000	-0.692266	0.286210
1649	-5.000000	-0.500988	0.375964
1650	5.000000	-0.787083	0.328492
1651	5.000000	-0.695342	0.285552
1652	5.000000	-0.505791	0.375130
1653	3.680607	-3.392079	-0.000062
1654	2.979928	-3.562501	0.000040
1655	2.997513	-3.187782	-0.000200
1656	3.683118	-0.000080	0.000000
1657	2.981901	-0.192432	0.000087
1658	2.982210	0.192080	0.000086
1659	-0.000013	4.591383	0.000000
1660	0.550638	4.352062	-0.000000
1661	-0.550664	4.352061	-0.000000
1662	2.927527	-5.000000	0.460467
1663	2.919612	-5.000000	0.367654
1664	3.610053	-5.000000	0.398869
1665	-0.578423	-5.000000	0.684934
1666	0.578388	-5.000000	0.684935
1667	-0.000023	-5.000000	0.740333
1668	-2.919594	-5.000000	0.367650
1669	-2.927518	-5.000000	0.460462
1670	-3.610039	-5.000000	0.398862
1671	2.969901	-3.688046	0.941428
1672	2.927495	-3.913789	0.940621
1673	3.644236	-3.849673	0.938022
1674	-0.589621	-3.124013	0.931183
1675	0.589418	-3.124028	0.931183
1676	-0.000116	-3.006531	0.923294
1677	-2.927572	-3.913750	0.940621
1678	-2.969988	-3.687994	0.941428
1679	-3.644297	-3.849614	0.938022
1680	2.651061	-0.507869	0.838971
1681	2.660394	-0.622674	0.851239
1682	3.262812	-0.594238	0.846721
1683	-0.509994	-0.221862	0.817652
1684	0.495096	-0.224593	0.818003
1685	-0.009631	-0.158687	0.814857
1686	-2.664801	-0.620080	0.850926
1687	-2.654733	-0.504356	0.838543
1688	-3.265418	-0.590832	0.846590
1689	-0.876206	-0.020261	0.811870
1690	0.759775	-0.027666	0.811774
1692	-3.462329	0.030128	0.796807
1694	-3.977776	0.006090	0.783863
1695	0.846037	0.018723	0.811821
1696	-0.750016	0.025526	0.811710
1698	2.666383	0.619314	0.850760
1699	2.656637	0.503308	0.838338
1700	3.266939	0.589811	0.846302
1701	-0.509364	0.836174	0.874531
1702	0.517489	0.836067	0.874487
1703	0.003583	0.923274	0.883393
1704	-2.651881	0.506359	0.838903
1705	-2.660910	0.621409	0.851174
1706	-3.263464	0.592631	0.846716
1707	2.927497	3.913788	0.940620
1708	2.969904	3.688043	0.941427
1709	3.644239	3.849669	0.938021
1710	-0.528298	4.359176	0.931801
1711	0.528212	4.359179	0.931801
1712	-0.000039	4.514715	0.924183
1713	-2.969993	3.687992	0.941428
1714	-2.927576	3.913749	0.940621
1715	-3.644301	3.849612	0.938022
1716	-0.547918	5.000000	0.181424
1717	0.547911	5.000000	0.181424
1718	-0.000005	5.000000	0.124925
1719	-2.927520	5.000000	0.460463
1720	-2.919600	5.000000	0.367650
1721	-3.610044	5.000000	0.398863
1722	0.578399	5.000000	0.684934
1723	-0.578414	5.000000	0.684934
1724	-0.000012	5.000000	0.740333
1725	5.000000	-3.041456	0.179133
1726	5.000000	-3.407433	0.182850
1727	5.000000	-3.301290	0.118462
1728	5.000000	-1.580533	0.416754
1729	5.000000	-1.843120	0.335555
1730	5.000000	-1.510688	0.364447
1731	5.000000	-1.269861	0.718939
1732	5.000000	-1.178965	0.681156
1733	5.000000	-0.937195	0.770031
1734	5.000000	-2.399298	0.744280
1735	5.000000	-2.114775	0.744730
1736	5.000000	-2.191439	0.793950
1737	5.000000	-3.732606	0.684304
1738	5.000000	-3.482255	0.714089
1739	5.000000	-3.750875	0.759278
1740	-5.000000	-4.196858	0.437194
1741	-5.000000	-4.173403	0.356918
1742	-5.000000	-4.462028	0.381333
1743	-5.000000	-3.481992	0.714086
1744	-5.000000	-3.732379	0.684294
1745	-5.000000	-3.750713	0.759270
1746	-5.000000	-2.113686	0.744805
1747	-5.000000	-2.398539	0.744325
1748	-5.000000	-2.190682	0.793986
1749	-5.000000	-1.174917	0.681486
1750	-5.000000	-1.266456	0.719230
1751	-5.000000	-0.933157	0.770240
1752	-5.000000	-1.840314	0.335983
1753	-5.000000	-1.576888	0.417268
1754	-5.000000	-1.507103	0.365010
1755	5.000000	4.197036	0.437201
1756	5.000000	4.173636	0.356916
1757	5.000000	4.462160	0.381337
1758	5.000000	3.482009	0.714085
1759	5.000000	3.732425	0.684298
1760	5.000000	3.750741	0.759270
1761	5.000000	2.113382	0.744771
1762	5.000000	2.398348	0.744302
1763	5.000000	2.190509	0.793960
1764	5.000000	1.174567	0.681152
1765	5.000000	1.265866	0.718956
1766	5.000000	0.932188	0.769683
1767	5.000000	1.843708	0.335502
1768	5.000000	1.580619	0.416856
1769	5.000000	1.512336	0.364355
1770	-5.000000	3.041449	0.179100
1771	-5.000000	3.407426	0.182830
1772	-5.000000	3.301092	0.118441
1773	-5.000000	1.583616	0.416945
1774	-5.000000	1.845774	0.335507
1775	-5.000000	1.515241	0.364379
1776	-5.000000	1.268868	0.719368
1777	-5.000000	1.178047	0.681694
1778	-5.000000	0.935505	0.770505
1779	-5.000000	2.399239	0.744364
1780	-5.000000	2.114616	0.744848
1781	-5.000000	2.191243	0.794022
1782	-5.000000	3.732665	0.684323
1783	-5.000000	3.482312	0.714117
1784	-5.000000	3.750893	0.759294
1785	-5.000000	0.178926	0.120370
1786	-5.000000	-0.174119	0.119132
1787	-5.000000	0.003186	0.077241
1788	-5.000000	0.491388	0.382114
1789	-5.000000	0.675025	0.291879
1790	-5.000000	0.782785	0.330630
1791	-5.000000	-0.042259	0.552446
1794	5.000000	0.178680	0.120222
1795	5.000000	-0.174470	0.118934
1796	5.000000	0.003174	0.077130
1797	5.000000	0.486656	0.382000
1798	5.000000	0.672240	0.291809
1799	5.000000	0.779211	0.330621
1800	5.000000	-0.052326	0.551721
1803	-0.550667	-4.352110	-0.000000
1804	0.550616	-4.352113	-0.000000
1805	-0.000025	-4.591415	0.000000
1806	-2.997537	-3.187740	-0.000200
1807	-2.979958	-3.562466	0.000040
1808	-3.680628	-3.392026	-0.000062
1809	0.575076	-2.354140	-0.004233
1810	-0.575091	-2.354131	-0.004233
1811	-0.000001	-2.133880	0.003934
1812	-0.540314	-1.000263	0.027489
1813	0.540256	-1.000275	0.027489
1814	0.000006	-1.250649	-0.014654
1815	-2.981394	0.191989	0.000086
1816	-2.981395	-0.192441	0.000087
1817	-3.682777	-0.000077	0.000000
1818	0.540341	1.000413	0.027409
1819	-0.540797	1.000363	0.027397
1820	-0.000094	1.250446	-0.014624
1821	2.997532	3.187571	-0.000200
1822	2.979958	3.562338	0.000040
1823	3.680629	3.391868	-0.000062
1824	-0.575094	2.353860	-0.004220
1825	0.575065	2.353867	-0.004220
1826	-0.000013	2.133570	0.003921
1827	-2.979977	3.562320	0.000040
1828	-2.997551	3.187548	-0.000200
1829	-3.680643	3.391844	-0.000062
1830	3.056410	-1.791810	0.931225
1831	2.984506	-1.978113	0.931214
1832	3.703023	-1.951687	0.932067
1833	-0.619854	-1.317808	0.914702
1834	0.618158	-1.317879	0.914709
1835	-0.001179	-1.236960	0.909742
1836	-2.984850	-1.977884	0.931218
1837	-3.056840	-1.791532	0.931229
1838	-3.703301	-1.951359	0.932076
1839	2.984604	1.978056	0.931215
1840	3.056572	1.791724	0.931225
1841	3.703129	1.951579	0.932069
1842	-0.528297	2.322653	0.921360
1843	0.527996	2.322679	0.921359
1844	-0.000136	2.480693	0.915801
1845	-3.056757	1.791510	0.931229
1846	-2.984829	1.977867	0.931218
1847	-3.703269	1.951340	0.932075
1848	0.000010	-5.000000	0.345716
1849	-0.477579	-5.000000	0.294423
1850	0.477602	-5.000000	0.294423
1851	-2.280475	-5.000000	0.132785
1852	-3.049197	-5.000000	0.069280
1853	-1.874934	-5.000000	0.066835
1854	2.280484	-5.000000	0.132786
1855	1.874918	-5.000000	0.066835
1856	3.049188	-5.000000	0.069280
1857	-0.000048	-3.910079	0.941893
1858	-0.464784	-4.049779	0.940126
1859	0.464692	-4.049784	0.940126
1860	-2.209981	-4.507714	0.925552
1861	-2.932481	-4.671138	0.915954
1862	-1.775493	-4.666492	0.913892
1863	2.209908	-4.507723	0.925551
1864	1.775425	-4.666495	0.913892
1865	2.932424	-4.671144	0.915953
1866	-0.000229	-1.902226	0.928607
1867	-0.468743	-2.027864	0.927634
1868	0.468340	-2.027892	0.927634
1869	-2.219969	-2.502806	0.917060
1870	-2.978411	-2.695204	0.910005
1871	-1.822616	-2.662501	0.909101
1872	2.219729	-2.502915	0.917058
1873	1.822394	-2.662582	0.909100
1874	2.978232	-2.695342	0.910004
1875	-0.004611	-0.604883	0.849937
1876	-0.438876	-0.673929	0.857227
1877	0.430484	-0.674264	0.857310
1878	-2.168691	-0.942533	0.884953
1879	-2.939597	-1.069363	0.894462
1880	-1.833301	-1.034615	0.893226
1881	2.163976	-0.943290	0.885053
1882	1.828789	-1.035059	0.893277
1883	2.936267	-1.070141	0.894476
1885	2.222850	-0.003204	0.808259
1887	3.888393	0.064587	0.788477
1888	4.588380	0.109965	0.763564
1890	3.784129	-0.079117	0.791049
1891	4.547117	-0.126549	0.766487
1893	0.007683	0.396698	0.829938
1894	-0.437497	0.344306	0.825804
1895	0.453762	0.343350	0.825592
1896	-2.043663	0.198271	0.815165
1897	-2.694429	0.155277	0.810442
1898	-1.580208	0.110413	0.812443
1899	2.039659	0.192576	0.814242
1900	1.601692	0.105414	0.811549
1901	2.709332	0.149799	0.809332
1902	-0.000129	1.557052	0.924780
1903	-0.542849	1.481977	0.922348
1904	0.542758	1.482021	0.922348
1905	-2.458542	1.316629	0.914581
1906	-3.153864	1.271107	0.909509
1907	-1.983217	1.206854	0.906808
1908	2.459461	1.316828	0.914584
1909	1.985416	1.207017	0.906811
1910	3.155237	1.271328	0.909513
1911	-0.000073	3.470133	0.941790
1912	-0.506173	3.361186	0.939943
1913	0.506010	3.361195	0.939943
1914	-2.400324	3.088184	0.925774
1915	-3.125096	3.000904	0.915473
1916	-1.944212	2.939687	0.913976
1917	2.400168	3.088256	0.925773
1918	1.944027	2.939753	0.913975
1919	3.124973	3.001010	0.915472
1920	1.018069	5.000000	0.432671
1921	1.608721	5.000000	0.471064
1922	1.599389	5.000000	0.387733
1923	3.476665	5.000000	0.596137
1924	4.165307	5.000000	0.626128
1925	4.247180	5.000000	0.523678
1926	3.464728	5.000000	0.219460
1927	4.258824	5.000000	0.238606
1928	4.194229	5.000000	0.153906
1929	5.000000	-3.330160	0.442114
1930	5.000000	-3.640504	0.462380
1931	5.000000	-3.599166	0.390327
1932	5.000000	-4.475755	0.551266
1933	5.000000	-4.731147	0.581555
1934	5.000000	-4.737651	0.495503
1935	5.000000	-4.420462	0.217385
1936	5.000000	-4.719730	0.235412
1937	5.000000	-4.705941	0.152418
1938	-5.000000	-2.943451	0.366182
1939	-5.000000	-2.871334	0.303574
1940	-5.000000	-3.214613	0.308399
1941	-5.000000	-2.529560	0.119786
1942	-5.000000	-2.342128	0.060111
1943	-5.000000	-2.743356	0.057800
1944	-5.000000	-4.048938	0.129522
1945	-5.000000	-3.974604	0.061792
1946	-5.000000	-4.353823	0.066112
1947	5.000000	2.944397	0.366109
1948	5.000000	2.872450	0.303455
1949	5.000000	3.215400	0.308335
1950	5.000000	2.529623	0.119636
1951	5.000000	2.341579	0.060040
1952	5.000000	2.743205	0.057744
1953	5.000000	4.049155	0.129496
1954	5.000000	3.974694	0.061774
1955	5.000000	4.353901	0.066099
1956	-5.000000	3.330397	0.442151
1957	-5.000000	3.640657	0.462400
1958	-5.000000	3.599343	0.390341
1959	-5.000000	4.475786	0.551260
1960	-5.000000	4.731159	0.581544
1961	-5.000000	4.737666	0.495491
1962	-5.000000	4.420465	0.217371
1963	-5.000000	4.719733	0.235400
1964	-5.000000	4.705931	0.152408
1965	-5.000000	-0.188711	0.344657
1967	-5.000000	-0.351076	0.297484
1969	-5.000000	-0.363160	0.560107
1970	-5.000000	-0.562517	0.473927
1971	-5.000000	-1.049456	0.170852
1972	-5.000000	-1.226877	0.208734
1973	-5.000000	-1.341152	0.130352
1974	5.000000	-0.192553	0.344051
1976	5.000000	-0.354090	0.296891
1978	5.000000	-0.373148	0.558791
1979	5.000000	-0.569712	0.472812
1980	5.000000	-1.050979	0.170459
1981	5.000000	-1.228992	0.208258
1982	5.000000	-1.342364	0.130063
1983	1.041186	-3.332343	-0.000350
1984	1.648151	-3.179551	0.000438
1985	1.632800	-3.508362	-0.000064
1986	3.557697	-2.613683	-0.000835
1987	4.254708	-2.376175	0.000800
1988	4.320157	-2.773690	-0.000267
1989	3.506128	-4.160512	-0.000002
1990	4.296177	-4.031996	0.000002
1991	4.217798	-4.417060	-0.000000
1992	0.948197	0.007623	0.082771
1993	1.572250	0.164562	-0.014712
1994	1.567451	-0.162523	-0.014999
1995	3.527406	0.798104	0.000057
1996	4.233715	1.056045	-0.000118
1997	4.308881	0.652955	0.000025
1998	3.527436	-0.798281	0.000057
1999	4.309018	-0.652975	0.000025
2000	4.233877	-1.056245	-0.000118
2001	-0.000014	3.676920	0.000135
2002	-0.483590	3.884931	-0.000025
2003	0.483563	3.884934	-0.000025
2004	-2.285523	4.550598	-0.000000
2005	-3.024025	4.794755	-0.000000
2006	-1.854839	4.813067	0.000000
2007	2.285502	4.550602	-0.000000
2008	1.854818	4.813068	0.000000
2009	3.024010	4.794758	-0.000000
2010	4.194240	-5.000000	0.153909
2011	4.258835	-5.000000	0.238611
2012	3.464745	-5.000000	0.219463
2013	4.247188	-5.000000	0.523688
2014	4.165313	-5.000000	0.626138
2015	3.476670	-5.000000	0.596143
2016	1.599402	-5.000000	0.387735
2017	1.608730	-5.000000	0.471066
2018	1.018079	-5.000000	0.432673
2019	3.022364	-5.000000	0.806438
2020	1.832311	-5.000000	0.803693
2021	2.362145	-5.000000	0.730327
2022	-1.832357	-5.000000	0.803693
2023	-3.022400	-5.000000	0.806437
2024	-2.362181	-5.000000	0.730325
2025	0.491103	-5.000000	0.573467
2026	-0.491113	-5.000000	0.573466
2027	-0.000001	-5.000000	0.523379
2028	-4.165318	-5.000000	0.626128
2029	-4.247186	-5.000000	0.523677
2030	-3.476677	-5.000000	0.596136
2031	-4.258821	-5.000000	0.238605
2032	-4.194227	-5.000000	0.153906
2033	-3.464724	-5.000000	0.219460
2034	-1.608723	-5.000000	0.471064
2035	-1.599386	-5.000000	0.387733
2036	-1.018067	-5.000000	0.432671
2037	4.179157	-4.486805	0.898365
2038	4.259520	-4.265139	0.912843
2039	3.444156	-4.303151	0.929040
2040	4.320086	-3.532307	0.929503
2041	4.270615	-3.296959	0.925264
2042	3.571813	-3.385315	0.935404
2043	1.591559	-3.827031	0.942345
2044	1.629291	-3.623139	0.942499
2045	1.020161	-3.700031	0.942809
2046	3.124953	-3.001027	0.915473
2047	1.944009	-2.939761	0.913975
2048	2.400154	-3.088263	0.925773
2049	-1.944212	-2.939692	0.913976
2050	-3.125094	-3.000910	0.915473
2051	-2.400320	-3.088188	0.925774
2052	0.506013	-3.361196	0.939943
2053	-0.506167	-3.361186	0.939943
2054	-0.000068	-3.470133	0.941790
2055	-4.270668	-3.296822	0.925264
2056	-4.320129	-3.532197	0.929503
2057	-3.571899	-3.385221	0.935405
2058	-4.259553	-4.265098	0.912840
2059	-4.179191	-4.486781	0.898361
2060	-3.444214	-4.303124	0.929040
2061	-1.629402	-3.623114	0.942499
2062	-1.591655	-3.827011	0.942346
2063	-1.020267	-3.700017	0.942809
2064	3.859092	-0.975638	0.885556
2065	3.861087	-0.831941	0.871519
2066	3.195016	-0.843207	0.874535
2067	3.773855	-0.438472	0.824550
2068	3.711607	-0.323690	0.812808
2069	3.104971	-0.358384	0.822518
2070	1.456365	-0.570496	0.846417
2071	1.466703	-0.472136	0.836637
2072	0.927082	-0.507366	0.840116
2073	2.693596	-0.157748	0.810429
2074	1.580742	-0.112341	0.812462
2075	2.042630	-0.200221	0.815209
2076	-1.600228	-0.106924	0.811648
2077	-2.706769	-0.151752	0.809550
2078	-2.037176	-0.194118	0.814391
2079	0.437716	-0.345413	0.825884
2080	-0.452793	-0.344383	0.825679
2081	-0.007042	-0.397649	0.830020
2082	-3.713574	-0.317668	0.813595
2083	-3.774888	-0.433301	0.825065
2084	-3.105437	-0.353086	0.822224
2085	-3.862800	-0.829497	0.871650
2086	-3.860771	-0.973881	0.885635
2087	-3.198122	-0.841402	0.874475
2088	-1.475332	-0.469917	0.836187
2089	-1.464415	-0.568896	0.846075
2090	-0.937004	-0.506179	0.839844
2091	3.378429	-0.111612	0.800667
2093	2.220145	-0.077537	0.810671
2095	-3.425595	-0.103082	0.801129
2096	-2.767030	-0.061321	0.806357
2099	0.439173	-0.008567	0.811748
2100	-4.589888	-0.114066	0.764449
2102	-3.889734	-0.068123	0.789050
2103	-4.546101	0.122275	0.767153
2105	-3.783258	0.075596	0.791445
2106	-2.262304	0.000860	0.808212
2109	-3.375946	0.108245	0.800922
2111	-2.217698	0.075172	0.810665
2113	3.422878	0.100038	0.800763
2114	2.763894	0.058814	0.806243
2116	1.092910	0.004720	0.811124
2117	-0.347051	0.004809	0.811560
2118	3.716244	0.315421	0.812990
2119	3.776793	0.431505	0.824503
2120	3.108079	0.351405	0.821878
2121	3.863458	0.828923	0.871388
2122	3.861245	0.973636	0.885489
2123	3.199073	0.841026	0.874337
2124	1.476949	0.469056	0.836082
2125	1.465955	0.568223	0.845988
2126	0.938326	0.505436	0.839762
2127	2.940311	1.069443	0.894437
2128	1.833953	1.034619	0.893219
2129	2.169671	0.942439	0.884926
2130	-1.828810	1.034602	0.893254
2131	-2.936412	1.069483	0.894472
2132	-2.164029	0.942670	0.885013
2133	0.439883	0.673428	0.857171
2134	-0.429972	0.673674	0.857246
2135	0.005377	0.604263	0.849871
2136	-3.859121	0.974538	0.885609
2137	-3.861234	0.830585	0.871601
2138	-3.195188	0.842143	0.874527
2139	-3.774975	0.436069	0.824669
2140	-3.713320	0.320870	0.812926
2141	-3.106528	0.356193	0.822509
2142	-1.456537	0.569554	0.846331
2143	-1.467024	0.471021	0.836547
2144	-0.927002	0.506457	0.840032
2145	4.270624	3.296938	0.925263
2146	4.320091	3.532294	0.929502
2147	3.571822	3.385306	0.935404
2148	4.259523	4.265137	0.912838
2149	4.179161	4.486804	0.898360
2150	3.444160	4.303150	0.929039
2151	1.629290	3.623138	0.942499
2152	1.591558	3.827030	0.942345
2153	1.020158	3.700030	0.942809
2154	2.932429	4.671144	0.915954
2155	1.775430	4.666494	0.913892
2156	2.209912	4.507722	0.925551
2157	-1.775491	4.666492	0.913892
2158	-2.932480	4.671138	0.915954
2159	-2.209981	4.507714	0.925552
2160	0.464690	4.049783	0.940126
2161	-0.464786	4.049779	0.940126
2162	-0.000051	3.910078	0.941893
2163	-4.179193	4.486781	0.898361
2164	-4.259555	4.265096	0.912840
2165	-3.444216	4.303123	0.929040
2166	-4.320131	3.532190	0.929503
2167	-4.270670	3.296814	0.925264
2168	-3.571904	3.385216	0.935405
2169	-1.591660	3.827010	0.942346
2170	-1.629408	3.623113	0.942499
2171	-1.020273	3.700016	0.942809
2172	3.049194	5.000000	0.069280
2173	1.874926	5.000000	0.066835
2174	2.280475	5.000000	0.132785
2175	-1.874938	5.000000	0.066835
2176	-3.049200	5.000000	0.069280
2177	-2.280481	5.000000	0.132785
2178	0.477587	5.000000	0.294422
2179	-0.477591	5.000000	0.294422
2180	-0.000002	5.000000	0.345716
2181	-4.194231	5.000000	0.153906
2182	-4.258827	5.000000	0.238606
2183	-3.464731	5.000000	0.219460
2184	-4.247185	5.000000	0.523678
2185	-4.165313	5.000000	0.626129
2186	-3.476673	5.000000	0.596137
2187	-1.599393	5.000000	0.387733
2188	-1.608726	5.000000	0.471064
2189	-1.018073	5.000000	0.432671
2190	-3.022395	5.000000	0.806437
2191	-1.832351	5.000000	0.803693
2192	-2.362173	5.000000	0.730326
2193	1.832319	5.000000	0.803693
2194	3.022371	5.000000	0.806437
2195	2.362155	5.000000	0.730326
2196	-0.491111	5.000000	0.573466
2197	0.491104	5.000000	0.573466
2198	-0.000003	5.000000	0.523378
2199	5.000000	-4.354024	0.066100
2200	5.000000	-3.974901	0.061774
2201	5.000000	-4.049333	0.129499
2202	5.000000	-2.743942	0.057744
2203	5.000000	-2.342789	0.060034
2204	5.000000	-2.530605	0.119659
2205	5.000000	-3.215653	0.308313
2206	5.000000	-2.872708	0.303429
2207	5.000000	-2.944739	0.366059
2208	5.000000	-1.835480	0.143321
2209	5.000000	-1.657774	0.224690
2210	5.000000	-1.977679	0.201091
2211	5.000000	-0.918686	0.498368
2212	5.000000	-0.644142	0.607445
2213	5.000000	-0.972179	0.549895
2214	5.000000	-2.261507	0.372590
2215	5.000000	-1.990883	0.442751
2216	5.000000	-2.333045	0.428456
2217	5.000000	-0.399793	0.776414
2218	5.000000	-0.494653	0.798631
2219	5.000000	-0.764102	0.695580
2220	5.000000	-0.908242	0.883551
2221	5.000000	-1.122237	0.898248
2222	5.000000	-1.199372	0.827741
2223	5.000000	-1.786540	0.564851
2224	5.000000	-1.860632	0.610874
2225	5.000000	-2.127660	0.545531
2226	5.000000	-1.575933	0.858153
2227	5.000000	-1.795069	0.849653
2228	5.000000	-1.659231	0.809959
2229	5.000000	-2.499510	0.847874
2230	5.000000	-2.741047	0.852524
2231	5.000000	-2.714501	0.803150
2232	5.000000	-2.268931	0.644278
2233	5.000000	-2.586093	0.645527
2234	5.000000	-2.526772	0.591927
2235	5.000000	-3.237917	0.851402
2236	5.000000	-3.493108	0.842476
2237	5.000000	-3.240809	0.797992
2238	5.000000	-4.229070	0.782641
2239	5.000000	-4.453547	0.732930
2240	5.000000	-4.225139	0.690511
2241	5.000000	-3.155966	0.618171
2242	5.000000	-3.416475	0.578180
2243	5.000000	-3.111047	0.555284
2244	-5.000000	-4.705820	0.152420
2245	-5.000000	-4.719615	0.235407
2246	-5.000000	-4.420209	0.217389
2247	-5.000000	-4.737584	0.495482
2248	-5.000000	-4.731095	0.581535
2249	-5.000000	-4.475636	0.551245
2250	-5.000000	-3.598506	0.390355
2251	-5.000000	-3.639958	0.462392
2252	-5.000000	-3.329354	0.442159
2253	-5.000000	-4.453488	0.732916
2254	-5.000000	-4.228991	0.782630
2255	-5.000000	-4.225026	0.690495
2256	-5.000000	-3.492949	0.842474
2257	-5.000000	-3.237719	0.851402
2258	-5.000000	-3.240578	0.797993
2259	-5.000000	-3.415973	0.578189
2260	-5.000000	-3.155387	0.618192
2261	-5.000000	-3.110282	0.555325
2262	-5.000000	-2.740730	0.852528
2263	-5.000000	-2.499097	0.847882
2264	-5.000000	-2.714113	0.803161
2265	-5.000000	-1.794142	0.849679
2266	-5.000000	-1.574753	0.858188
2267	-5.000000	-1.657815	0.810039
2268	-5.000000	-2.585109	0.645601
2269	-5.000000	-2.267501	0.644406
2270	-5.000000	-2.525484	0.592040
2271	-5.000000	-1.120355	0.898315
2272	-5.000000	-0.905562	0.883718
2273	-5.000000	-1.196956	0.827893
2274	-5.000000	-0.489182	0.798350
2275	-5.000000	-0.393172	0.776030
2276	-5.000000	-0.758428	0.695767
2277	-5.000000	-1.858152	0.611141
2278	-5.000000	-1.783636	0.565185
2279	-5.000000	-2.125474	0.545777
2280	-5.000000	-0.635830	0.608257
2281	-5.000000	-0.912310	0.499209
2282	-5.000000	-0.966163	0.550518
2283	-5.000000	-1.655548	0.225103
2284	-5.000000	-1.834069	0.143575
2285	-5.000000	-1.975846	0.201393
2286	-5.000000	-1.988166	0.443106
2287	-5.000000	-2.259298	0.372881
2288	-5.000000	-2.330962	0.428710
2289	5.000000	4.705895	0.152412
2290	5.000000	4.719692	0.235404
2291	5.000000	4.420378	0.217378
2292	5.000000	4.737624	0.495488
2293	5.000000	4.731123	0.581539
2294	5.000000	4.475701	0.551253
2295	5.000000	3.598948	0.390343
2296	5.000000	3.640272	0.462394
2297	5.000000	3.329827	0.442147
2298	5.000000	4.453516	0.732915
2299	5.000000	4.229026	0.782628
2300	5.000000	4.225069	0.690499
2301	5.000000	3.493005	0.842470
2302	5.000000	3.237787	0.851397
2303	5.000000	3.240586	0.797986
2304	5.000000	3.416129	0.578194
2305	5.000000	3.155472	0.618191
2306	5.000000	3.110514	0.555321
2307	5.000000	2.740811	0.852520
2308	5.000000	2.499158	0.847871
2309	5.000000	2.714083	0.803147
2310	5.000000	1.794057	0.849649
2311	5.000000	1.574612	0.858148
2312	5.000000	1.657410	0.809980
2313	5.000000	2.585067	0.645582
2314	5.000000	2.267411	0.644370
2315	5.000000	2.525631	0.592013
2316	5.000000	1.120163	0.898163
2317	5.000000	0.904972	0.883211
2318	5.000000	1.196288	0.827680
2319	5.000000	0.487147	0.797112
2320	5.000000	0.390440	0.774736
2321	5.000000	0.757485	0.695213
2322	5.000000	1.858299	0.611037
2323	5.000000	1.784322	0.565035
2324	5.000000	2.126068	0.545688
2325	5.000000	0.635446	0.608768
2326	5.000000	0.917135	0.499429
2327	5.000000	0.968453	0.550459
2328	5.000000	1.656331	0.224585
2329	5.000000	1.832828	0.143346
2330	5.000000	1.976619	0.200986
2331	5.000000	1.990080	0.442889
2332	5.000000	2.261224	0.372660
2333	5.000000	2.332366	0.428570
2334	-5.000000	4.353944	0.066093
2335	-5.000000	3.974754	0.061767
2336	-5.000000	4.049266	0.129486
2337	-5.000000	2.743336	0.057731
2338	-5.000000	2.341744	0.060023
2339	-5.000000	2.530000	0.119609
2340	-5.000000	3.215950	0.308320
2341	-5.000000	2.873220	0.303437
2342	-5.000000	2.945211	0.366101
2343	-5.000000	1.833522	0.143306
2344	-5.000000	1.657793	0.224538
2345	-5.000000	1.977660	0.200945
2346	-5.000000	0.923052	0.499590
2347	-5.000000	0.643330	0.609209
2348	-5.000000	0.973975	0.550853
2349	-5.000000	2.262787	0.372669
2350	-5.000000	1.992223	0.442953
2351	-5.000000	2.333941	0.428594
2352	-5.000000	0.396404	0.776579
2353	-5.000000	0.491851	0.798856
2354	-5.000000	0.762468	0.696270
2355	-5.000000	0.906701	0.883836
2356	-5.000000	1.121021	0.898348
2357	-5.000000	1.198274	0.827968
2358	-5.000000	1.786864	0.565192
2359	-5.000000	1.860623	0.611170
2360	-5.000000	2.128016	0.545764
2361	-5.000000	1.575274	0.858213
2362	-5.000000	1.794576	0.849706
2363	-5.000000	1.658715	0.810078
2364	-5.000000	2.499283	0.847900
2365	-5.000000	2.740864	0.852543
2366	-5.000000	2.714416	0.803187
2367	-5.000000	2.268955	0.644439
2368	-5.000000	2.586183	0.645636
2369	-5.000000	2.526938	0.592062
2370	-5.000000	3.237815	0.851415
2371	-5.000000	3.493044	0.842488
2372	-5.000000	3.240789	0.798017
2373	-5.000000	4.229056	0.782642
2374	-5.000000	4.453543	0.732925
2375	-5.000000	4.225160	0.690512
2376	-5.000000	3.156099	0.618226
2377	-5.000000	3.416612	0.578218
2378	-5.000000	3.111236	0.555348
2379	-5.000000	-1.047051	0.046775
2380	-5.000000	-0.647842	0.040720
2381	-5.000000	-0.765282	0.087970
2382	-5.000000	0.649001	0.041362
2383	-5.000000	1.044879	0.047468
2384	-5.000000	0.762735	0.089724
2385	-5.000000	-0.132925	0.208069
2386	-5.000000	0.128042	0.211156
2387	-5.000000	-0.006602	0.251447
2388	-5.000000	1.336116	0.131060
2389	-5.000000	1.222928	0.209307
2390	-5.000000	1.040542	0.172935
2391	-5.000000	0.593941	0.474676
2392	-5.000000	0.365950	0.563856
2394	-5.000000	0.316405	0.310807
2395	-5.000000	0.232947	0.408469
2396	-5.000000	0.138629	0.356159
2397	-5.000000	0.155402	0.682501
2399	-5.000000	0.156168	0.568611
2400	-5.000000	0.006028	0.670630
2404	-5.000000	-0.265756	0.476157
2406	5.000000	-1.047345	0.046677
2407	5.000000	-0.647942	0.040642
2408	5.000000	-0.765729	0.087786
2409	5.000000	0.649132	0.041332
2410	5.000000	1.044938	0.047453
2411	5.000000	0.762667	0.089677
2412	5.000000	-0.134269	0.207720
2413	5.000000	0.126753	0.210886
2414	5.000000	-0.008562	0.251072
2415	5.000000	1.335520	0.131080
2416	5.000000	1.221457	0.209342
2417	5.000000	1.039582	0.172929
2418	5.000000	0.586965	0.474694
2419	5.000000	0.355988	0.563867
2421	5.000000	0.313336	0.310554
2422	5.000000	0.227690	0.408161
2423	5.000000	0.134639	0.355764
2424	5.000000	0.140116	0.682139
2426	5.000000	0.145513	0.568341
2427	5.000000	-0.009808	0.669911
2431	5.000000	-0.272927	0.475176
2433	3.023975	-4.794784	-0.000000
2434	1.854786	-4.813088	0.000000
2435	2.285463	-4.550648	-0.000000
2436	-1.854829	-4.813085	0.000000
2437	-3.024011	-4.794778	-0.000000
2438	-2.285507	-4.550639	-0.000000
2439	0.483544	-3.885019	-0.000025
2440	-0.483591	-3.885015	-0.000025
2441	-0.000022	-3.677020	0.000135
2442	-4.217818	-4.417032	-0.000000
2443	-4.296194	-4.031950	0.000002
2444	-3.506160	-4.160484	-0.000002
2445	-4.320161	-2.773607	-0.000267
2446	-4.254707	-2.376089	0.000801
2447	-3.557704	-2.613619	-0.000835
2448	-1.632838	-3.508345	-0.000064
2449	-1.648185	-3.179531	0.000438
2450	-1.041224	-3.332331	-0.000350
2451	-3.096131	-1.971338	-0.001560
2452	-1.919481	-1.941072	-0.002079
2453	-2.359483	-2.195442	0.002588
2454	1.919496	-1.941109	-0.002078
2455	3.096144	-1.971399	-0.001559
2456	2.359483	-2.195486	0.002587
2457	-0.500136	-2.785734	-0.003283
2458	0.500104	-2.785741	-0.003283
2459	-0.000018	-2.978524	0.003182
2460	3.060669	-1.455696	0.000279
2461	1.886737	-1.477378	0.002414
2462	2.308561	-1.208399	-0.002421
2463	-1.886695	-1.477336	0.002414
2464	-3.060610	-1.455631	0.000279
2465	-2.308507	-1.208330	-0.002420
2466	0.473117	-0.528245	0.116497
2467	-0.474095	-0.528489	0.116259
2468	-0.005722	-0.345811	-0.000077
2469	-4.233794	-1.056185	-0.000118
2470	-4.308922	-0.652940	0.000025
2471	-3.527227	-0.798219	0.000057
2472	-4.308722	0.652883	0.000025
2473	-4.233585	1.055945	-0.000119
2474	-3.527006	0.797961	0.000057
2475	-1.566555	-0.163831	-0.015454
2476	-1.568530	0.162024	-0.014682
2477	-0.946519	-0.003086	0.085424
2478	-3.060493	1.455254	0.000278
2479	-1.886665	1.476980	0.002412
2480	-2.308564	1.208035	-0.002415
2481	1.886628	1.477026	0.002413
2482	3.060513	1.455326	0.000278
2483	2.308542	1.208139	-0.002417
2484	-0.477691	0.531509	0.115852
2485	0.473135	0.531014	0.116776
2486	-0.015821	0.355044	-0.004889
2487	4.217822	4.416975	-0.000000
2488	4.296197	4.031854	0.000002
2489	3.506164	4.160408	-0.000002
2490	4.320161	2.773357	-0.000267
2491	4.254701	2.375782	0.000801
2492	3.557695	2.613365	-0.000834
2493	1.632826	3.508227	-0.000064
2494	1.648166	3.179379	0.000437
2495	1.041202	3.332201	-0.000349
2496	3.096088	1.970994	-0.001558
2497	1.919438	1.940734	-0.002074
2498	2.359452	2.195147	0.002582
2499	-1.919459	1.940708	-0.002074
2500	-3.096105	1.970951	-0.001558
2501	-2.359473	2.195117	0.002582
2502	0.500104	2.785538	-0.003273
2503	-0.500135	2.785533	-0.003273
2504	-0.000015	2.978350	0.003172
2505	-4.254711	2.375731	0.000801
2506	-4.320169	2.773315	-0.000267
2507	-3.557711	2.613327	-0.000834
2508	-4.296205	4.031838	0.000002
2509	-4.217829	4.416965	-0.000000
2510	-3.506178	4.160396	-0.000002
2511	-1.648192	3.179367	0.000437
2512	-1.632851	3.508217	-0.000064
2513	-1.041229	3.332194	-0.000349
2514	4.174808	-2.547980	0.918944
2515	4.270479	-2.345671	0.924106
2516	3.452896	-2.343773	0.925596
2517	4.367182	-1.709238	0.925180
2518	4.316881	-1.518498	0.919692
2519	3.651658	-1.567598	0.926588
2520	1.640234	-1.859747	0.929471
2521	1.709509	-1.697933	0.928355
2522	1.067635	-1.742593	0.928421
2523	3.153633	-1.271637	0.909506
2524	1.982936	-1.207206	0.906814
2525	2.458185	-1.317005	0.914587
2526	-1.985506	-1.206897	0.906808
2527	-3.155277	-1.271105	0.909515
2528	-2.459704	-1.316660	0.914582
2529	0.542298	-1.482057	0.922351
2530	-0.543296	-1.482008	0.922348
2531	-0.000411	-1.557076	0.924781
2532	-4.317234	-1.517826	0.919709
2533	-4.367410	-1.708675	0.925195
2534	-3.652180	-1.567133	0.926602
2535	-4.270604	-2.345368	0.924112
2536	-4.174925	-2.547733	0.918948
2537	-3.453106	-2.343560	0.925601
2538	-1.710103	-1.697794	0.928352
2539	-1.640702	-1.859629	0.929470
2540	-1.068197	-1.742513	0.928419
2541	4.317147	1.518123	0.919698
2542	4.367318	1.708961	0.925183
2543	3.651988	1.567386	0.926591
2544	4.270525	2.345579	0.924108
2545	4.174846	2.547918	0.918946
2546	3.452951	2.343728	0.925598
2547	1.709685	1.697896	0.928353
2548	1.640327	1.859722	0.929471
2549	1.067754	1.742572	0.928420
2550	2.978260	2.695321	0.910005
2551	1.822411	2.662571	0.909101
2552	2.219758	2.502900	0.917059
2553	-1.822623	2.662495	0.909101
2554	-2.978417	2.695196	0.910005
2555	-2.219979	2.502799	0.917060
2556	0.468369	2.027885	0.927634
2557	-0.468731	2.027858	0.927634
2558	-0.000194	1.902218	0.928607
2559	-4.174927	2.547721	0.918948
2560	-4.270603	2.345354	0.924112
2561	-3.453111	2.343547	0.925601
2562	-4.367323	1.708673	0.925193
2563	-4.317023	1.517846	0.919704
2564	-3.651924	1.567118	0.926597
2565	-1.640666	1.859616	0.929471
2566	-1.709979	1.697774	0.928353
2567	-1.068115	1.742499	0.928420
