1	5.000000	-7.500000	0.000000
2	-5.000000	-7.500000	0.000000
3	5.000000	7.500000	0.000000
4	-5.000000	7.500000	0.000000
5	5.000000	-5.057935	0.000000
6	-5.000000	-5.057934	0.000000
7	5.000000	5.057934	0.000000
8	-5.000000	5.057933	0.000000
9	5.000000	-4.871853	0.694588
10	-5.000000	-4.871852	0.694566
11	5.000000	-1.212569	0.900000
12	-5.000000	-1.211649	0.900000
13	5.000000	1.212074	0.900000
14	-5.000000	1.211716	0.900000
15	5.000000	4.871853	0.694564
16	-5.000000	4.871852	0.694566
17	5.000000	-2.930678	0.900000
18	-5.000000	-2.930476	0.900000
19	5.000000	2.930661	0.900000
20	-5.000000	2.930464	0.900000
21	5.000000	1.731477	0.000779
22	-5.000000	1.731404	0.000780
23	5.000000	0.241992	0.745921
24	-5.000000	0.251687	0.748585
25	5.000000	-1.731953	0.000771
26	-5.000000	-1.731855	0.000775
27	5.000000	-0.257186	0.748048
28	-5.000000	-0.247027	0.747514
29	0.000006	-5.000000	0.438164
30	-0.000042	-3.607516	0.936105
31	-0.004693	-0.462161	0.821399
33	0.005443	0.461540	0.821322
34	-0.000048	3.607516	0.936105
35	-0.000002	5.000000	0.438163
36	5.000000	-2.705847	0.483006
37	-5.000000	-2.704793	0.483122
38	5.000000	2.705397	0.483080
39	-5.000000	2.706157	0.483113
40	-5.000000	-0.027783	0.344525
41	5.000000	-0.031095	0.343939
42	-0.000017	-3.284397	0.000246
43	0.000031	-0.026048	-0.107163
44	-0.000012	3.284292	0.000245
45	-0.000267	-1.605465	0.922854
46	-0.000263	1.605465	0.922854
47	0.000000	0.000000	0.000000
48	-0.000016	-5.048489	0.000000
49	-0.000027	-4.827456	0.900000
50	-0.001826	-1.022735	0.890253
52	0.001918	1.022680	0.890248
53	-0.000018	4.827456	0.900000
54	-0.000010	5.048489	0.000000
55	5.000000	-5.000000	0.356057
56	-5.000000	-5.000000	0.356041
57	5.000000	1.128345	0.337063
58	-5.000000	1.131235	0.337075
59	5.000000	5.000000	0.356043
60	-5.000000	5.000000	0.356043
61	5.000000	-3.944340	0.899803
62	-5.000000	-3.944261	0.899803
63	4.422666	-0.615072	0.834605
64	-4.423142	-0.611658	0.834691
65	4.423780	0.610570	0.833945
66	-4.422967	0.613198	0.834897
67	5.000000	3.944339	0.899803
68	-5.000000	3.944257	0.899803
69	5.000000	-3.433222	0.000000
70	-5.000000	-3.433133	0.000000
71	5.000000	3.432984	0.000000
72	-5.000000	3.432951	0.000000
73	0.000001	1.707477	0.000000
74	5.000000	-1.124330	0.337283
75	-5.000000	-1.120741	0.338041
76	5.000000	0.000262	0.000000
77	-5.000000	0.000224	0.000000
79	0.000019	-1.707830	0.000000
82	-0.000107	-2.718295	0.900000
83	-0.000117	2.718295	0.900000
84	5.000000	2.038564	0.899993
85	-5.000000	2.038217	0.899993
86	5.000000	-2.038678	0.899993
87	-5.000000	-2.038245	0.899993
88	1.959774	-5.000000	0.259512
89	2.001522	-5.000000	0.603183
90	-2.001532	-5.000000	0.603180
91	-1.959752	-5.000000	0.259511
92	1.901886	-4.136235	0.933078
93	2.055490	-3.272032	0.933569
94	-2.055605	-3.271993	0.933569
95	-1.901953	-4.136221	0.933078
96	1.790179	-0.692783	0.851222
97	1.785382	-0.314688	0.805464
98	-1.787087	-0.310435	0.804755
99	-1.795165	-0.691807	0.851010
100	2.640381	-0.028591	0.786366
101	-2.786324	-0.021232	0.785050
102	-2.644747	0.026254	0.786489
103	2.789417	0.018720	0.784802
104	1.789400	0.309400	0.804617
105	1.796699	0.691523	0.850963
106	-1.790256	0.692131	0.851137
107	-1.786497	0.313381	0.805364
108	2.055485	3.272034	0.933569
109	1.901886	4.136235	0.933078
110	-1.901954	4.136221	0.933078
111	-2.055615	3.271993	0.933569
112	1.959756	5.000000	0.259510
113	-1.959760	5.000000	0.259510
114	-2.001528	5.000000	0.603181
115	2.001521	5.000000	0.603180
116	5.000000	-3.815833	0.265558
117	5.000000	-2.422802	0.244509
118	5.000000	-1.350428	0.543275
119	5.000000	-1.657168	0.714959
120	5.000000	-2.886805	0.715209
121	5.000000	-3.940956	0.573701
122	-5.000000	-3.815374	0.265577
123	-5.000000	-3.940783	0.573687
124	-5.000000	-2.886533	0.715230
125	-5.000000	-1.655523	0.715164
126	-5.000000	-1.346806	0.543774
127	-5.000000	-2.421332	0.244723
128	5.000000	3.815767	0.265553
129	5.000000	3.940904	0.573696
130	5.000000	2.886484	0.715216
131	5.000000	1.655078	0.715050
132	5.000000	1.348209	0.543495
133	5.000000	2.422761	0.244476
134	-5.000000	3.815879	0.265550
135	-5.000000	2.423407	0.244464
136	-5.000000	1.351222	0.543834
137	-5.000000	1.656771	0.715213
138	-5.000000	2.886869	0.715260
139	-5.000000	3.941016	0.573708
140	-5.000000	-0.566757	0.176749
141	-5.000000	0.555327	0.182123
144	5.000000	-0.567764	0.176343
145	5.000000	0.554716	0.181973
148	1.969034	-4.010467	0.000000
149	-1.969072	-4.010454	0.000000
150	-2.044392	-2.663748	0.000295
151	2.044368	-2.663778	0.000295
152	2.022026	-0.681655	-0.000992
153	-2.021958	-0.681640	-0.000992
154	-2.021190	0.681214	-0.000987
155	2.021232	0.681227	-0.000987
156	1.969072	4.010394	0.000000
157	2.044365	2.663566	0.000294
158	-2.044389	2.663547	0.000294
159	-1.969093	4.010387	0.000000
160	1.938536	-2.068238	0.922880
161	2.201829	-1.409439	0.918101
162	-2.202510	-1.409238	0.918092
163	-1.938837	-2.068138	0.922881
164	2.202069	1.409414	0.918098
165	1.938540	2.068241	0.922880
166	-1.938863	2.068133	0.922881
167	-2.202330	1.409214	0.918093
168	2.606652	-5.050970	0.000000
169	2.496986	-4.835649	0.900000
170	2.708014	-1.071882	0.896024
171	2.294225	0.068862	0.788311
172	2.710790	1.071739	0.896001
173	2.496994	4.835648	0.900000
174	2.606675	5.050969	0.000000
175	5.000000	-5.000000	0.170762
176	-5.000000	-5.000000	0.170756
177	5.000000	1.521648	0.167411
178	-5.000000	1.522337	0.167390
179	5.000000	5.000000	0.170756
180	-5.000000	5.000000	0.170755
181	5.000000	-4.449292	0.846667
182	-5.000000	-4.449257	0.846656
183	4.465504	-0.897778	0.878271
184	-4.465969	-0.895833	0.878367
185	4.355298	0.376812	0.789561
186	-4.353844	0.381467	0.790807
187	5.000000	3.414030	0.900000
188	-5.000000	3.413892	0.900000
189	5.000000	-4.302150	0.000000
190	-5.000000	-4.302104	0.000000
191	5.000000	4.302040	0.000000
192	-5.000000	4.302025	0.000000
193	2.684698	1.716397	0.000000
194	5.000000	-1.525666	0.167141
195	-5.000000	-1.524167	0.167496
196	5.000000	-0.928593	0.000000
197	-5.000000	-0.928565	0.000000
199	2.684776	-1.716786	0.000000
202	2.646630	-2.779065	0.900000
203	2.646631	2.779065	0.900000
204	5.000000	1.565962	0.900000
205	-5.000000	1.565538	0.900000
206	5.000000	-2.506466	0.899977
207	-5.000000	-2.506175	0.899977
208	3.300425	-5.000000	0.141826
209	3.322243	-5.000000	0.704615
210	-3.322262	-5.000000	0.704611
211	-3.300411	-5.000000	0.141825
212	3.227676	-4.492196	0.921376
213	3.424750	-3.116154	0.925646
214	-3.424842	-3.116059	0.925647
215	-3.227726	-4.492182	0.921376
216	3.074418	-0.887301	0.876458
217	2.955223	-0.238606	0.796018
218	-2.956207	-0.233245	0.795537
219	-3.077159	-0.886313	0.876410
220	3.649205	-0.101292	0.778249
221	-3.848851	-0.097195	0.774598
222	-3.646376	0.097899	0.778592
223	3.844916	0.093774	0.774014
224	2.959944	0.231501	0.795194
225	3.078288	0.886321	0.876340
226	-3.074596	0.886573	0.876433
227	-2.957624	0.236401	0.795991
228	3.424752	3.116154	0.925645
229	3.227679	4.492195	0.921376
230	-3.227726	4.492182	0.921376
231	-3.424850	3.116055	0.925647
232	3.300412	5.000000	0.141825
233	-3.300415	5.000000	0.141825
234	-3.322255	5.000000	0.704611
235	3.322245	5.000000	0.704611
236	5.000000	-4.391822	0.142041
237	5.000000	-2.168443	0.125001
238	5.000000	-0.682562	0.643836
239	5.000000	-1.300529	0.845438
240	5.000000	-2.931308	0.819612
241	5.000000	-4.455060	0.649878
242	-5.000000	-4.391617	0.142048
243	-5.000000	-4.455005	0.649859
244	-5.000000	-2.931145	0.819620
245	-5.000000	-1.299132	0.845554
246	-5.000000	-0.676525	0.644213
247	-5.000000	-2.167363	0.125170
248	5.000000	4.391762	0.142033
249	5.000000	4.455046	0.649863
250	5.000000	2.931172	0.819609
251	5.000000	1.298812	0.845436
252	5.000000	0.675823	0.643867
253	5.000000	2.167052	0.124970
254	-5.000000	4.391785	0.142030
255	-5.000000	2.167365	0.124951
256	-5.000000	0.681364	0.644848
257	-5.000000	1.299769	0.845582
258	-5.000000	2.931261	0.819636
259	-5.000000	4.455072	0.649870
260	-5.000000	-1.092086	0.100366
261	-5.000000	1.086110	0.101767
264	5.000000	-1.092756	0.100133
265	5.000000	1.086037	0.101737
268	3.300675	-4.493747	0.000000
269	-3.300706	-4.493733	0.000000
270	-3.393091	-2.262874	0.000508
271	3.393090	-2.262937	0.000508
272	3.353550	-1.151026	0.000002
273	-3.353501	-1.150983	0.000002
274	-3.353274	1.150704	0.000002
275	3.353288	1.150743	0.000002
276	3.300713	4.493696	0.000000
277	3.393070	2.262616	0.000507
278	-3.393084	2.262575	0.000508
279	-3.300728	4.493690	0.000000
280	3.244806	-2.447548	0.916268
281	3.508900	-1.315654	0.914879
282	-3.509528	-1.315221	0.914893
283	-3.244977	-2.447401	0.916270
284	3.509345	1.315538	0.914877
285	3.244816	2.447546	0.916268
286	-3.244992	2.447393	0.916270
287	-3.509175	1.315185	0.914887
288	-2.606678	-5.050969	0.000000
289	-2.497030	-4.835648	0.900000
290	-2.710494	-1.071475	0.896005
292	-2.708153	1.071438	0.896004
293	-2.497024	4.835648	0.900000
294	-2.606689	5.050969	0.000000
295	5.000000	-5.000000	0.537986
296	-5.000000	-5.000000	0.537965
297	5.000000	0.619216	0.524335
298	-5.000000	0.626267	0.524534
299	5.000000	5.000000	0.537966
300	-5.000000	5.000000	0.537968
301	5.000000	-3.414035	0.900000
302	-5.000000	-3.413900	0.900000
303	4.352838	-0.384270	0.790499
304	-4.353765	-0.378951	0.790601
305	4.466207	0.895516	0.878074
306	-4.465514	0.896552	0.878414
307	5.000000	4.449290	0.846648
308	-5.000000	4.449256	0.846657
309	5.000000	-2.538972	0.000000
310	-5.000000	-2.538862	0.000000
311	5.000000	2.538601	0.000000
312	-5.000000	2.538547	0.000000
313	-2.684697	1.716358	0.000000
314	5.000000	-0.624365	0.521588
315	-5.000000	-0.616913	0.522724
316	5.000000	0.928623	0.000000
317	-5.000000	0.928550	0.000000
318	-2.293654	-0.070566	0.788421
319	-2.684745	-1.716733	0.000000
320	4.773902	-0.012686	0.724613
322	-2.646784	-2.778969	0.900000
323	-2.646795	2.778965	0.900000
324	5.000000	2.506419	0.899977
325	-5.000000	2.506157	0.899977
326	5.000000	-1.566215	0.900000
327	-5.000000	-1.565562	0.900000
328	0.860453	-5.000000	0.360397
329	0.869951	-5.000000	0.512935
330	-0.869948	-5.000000	0.512934
331	-0.860434	-5.000000	0.360396
332	0.834987	-3.829761	0.935633
333	0.887436	-3.437683	0.935690
334	-0.887539	-3.437670	0.935690
335	-0.835062	-3.829753	0.935633
336	0.770926	-0.554694	0.833027
337	0.790616	-0.391434	0.813444
338	-0.801144	-0.390262	0.813166
339	-0.778280	-0.554043	0.832855
340	1.063168	-0.003540	0.789127
342	-1.377583	0.003908	0.788821
344	0.802440	0.389525	0.813080
345	0.779635	0.553572	0.832794
346	-0.770673	0.554088	0.832945
347	-0.790595	0.390577	0.813351
348	0.887429	3.437683	0.935690
349	0.834983	3.829761	0.935633
350	-0.835065	3.829752	0.935633
351	-0.887547	3.437671	0.935690
352	0.860440	5.000000	0.360395
353	-0.860443	5.000000	0.360395
354	-0.869949	5.000000	0.512934
355	0.869945	5.000000	0.512934
356	5.000000	-3.259854	0.377036
357	5.000000	-2.584161	0.363982
358	5.000000	-2.030465	0.491042
359	5.000000	-2.158191	0.593010
360	5.000000	-2.807811	0.600762
361	5.000000	-3.350847	0.513165
362	-5.000000	-3.259122	0.377088
363	-5.000000	-3.350386	0.513183
364	-5.000000	-2.807205	0.600815
365	-5.000000	-2.156768	0.593197
366	-5.000000	-2.028388	0.491350
367	-5.000000	-2.582756	0.364164
368	5.000000	3.259743	0.377057
369	5.000000	3.350673	0.513183
370	5.000000	2.807321	0.600801
371	5.000000	2.156935	0.593130
372	5.000000	2.029505	0.491204
373	5.000000	2.584046	0.364040
374	-5.000000	3.260081	0.377063
375	-5.000000	2.584830	0.364052
376	-5.000000	2.031089	0.491298
377	-5.000000	2.158264	0.593218
378	-5.000000	2.807943	0.600846
379	-5.000000	3.350991	0.513203
380	-5.000000	-0.206102	0.257800
381	-5.000000	0.184249	0.265342
383	-5.000000	-0.052499	0.408426
384	5.000000	-0.207923	0.257286
385	5.000000	0.182477	0.264987
387	5.000000	-0.057259	0.407732
388	0.867419	-3.597232	0.000005
389	-0.867455	-3.597225	0.000005
390	-0.892364	-3.001884	0.000146
391	0.892330	-3.001894	0.000146
392	0.865719	-0.290843	-0.029792
393	-0.865650	-0.290841	-0.029793
394	-0.862533	0.288313	-0.028620
395	0.862590	0.288315	-0.028619
396	0.867440	3.597145	0.000005
397	0.892336	3.001751	0.000145
398	-0.892363	3.001745	0.000145
399	-0.867464	3.597140	0.000005
400	0.872236	-1.783521	0.924316
401	0.976276	-1.500390	0.920527
402	-0.976905	-1.500319	0.920524
403	-0.872662	-1.783469	0.924315
404	0.976354	1.500387	0.920526
405	0.872234	1.783523	0.924316
406	-0.872685	1.783468	0.924315
407	-0.976849	1.500311	0.920524
408	0.000011	-5.000000	0.237240
409	-1.170092	-5.000000	0.126099
410	1.170099	-5.000000	0.126099
411	-0.000036	-4.172961	0.932524
412	-1.111590	-4.505380	0.922827
413	1.111522	-4.505384	0.922827
414	-0.000164	-2.062573	0.921542
415	-1.126274	-2.389390	0.913860
416	1.126032	-2.389436	0.913859
417	-0.003096	-0.700743	0.852079
418	-1.113343	-0.861017	0.872452
419	1.108755	-0.861318	0.872529
420	3.011882	-0.006391	0.782776
421	4.134901	0.043604	0.762399
422	4.087263	-0.060443	0.763955
423	0.009184	0.261572	0.801047
424	-1.060186	0.159943	0.794377
425	1.029135	0.150732	0.793457
426	-0.000113	1.299970	0.911975
427	-1.315722	1.172255	0.903616
428	1.316429	1.172398	0.903622
429	-0.000089	3.144634	0.932096
430	-1.253287	2.942068	0.922216
431	1.253081	2.942102	0.922216
432	2.278535	5.000000	0.427170
433	3.579968	5.000000	0.503047
434	3.576739	5.000000	0.309419
435	5.000000	-3.893451	0.416844
436	5.000000	-4.467228	0.474807
437	5.000000	-4.441035	0.304202
438	-5.000000	-3.129127	0.244068
439	-5.000000	-2.915499	0.117458
440	-5.000000	-3.684144	0.124189
441	5.000000	3.129901	0.243983
442	5.000000	2.915783	0.117366
443	5.000000	3.684416	0.124152
444	-5.000000	3.893531	0.416847
445	-5.000000	4.467252	0.474798
446	-5.000000	4.441049	0.304191
447	-5.000000	-0.474343	0.310756
448	-5.000000	-0.569786	0.401972
449	-5.000000	-0.943362	0.239688
450	5.000000	-0.477362	0.310023
451	5.000000	-0.574805	0.400976
452	5.000000	-0.945533	0.239092
453	2.322291	-3.337289	0.000023
454	3.656880	-2.989174	0.000087
455	3.618623	-3.781460	0.000003
456	2.353604	-0.000050	-0.000076
457	3.663952	0.411372	-0.000001
458	3.664141	-0.411446	-0.000001
459	-0.000012	4.099007	0.000000
460	-1.159471	4.569963	0.000000
461	1.159449	4.569965	0.000000
462	3.576755	-5.000000	0.309424
463	3.579979	-5.000000	0.503054
464	2.278548	-5.000000	0.427173
465	1.217003	-5.000000	0.745624
466	-1.217045	-5.000000	0.745624
467	-0.000010	-5.000000	0.637487
468	-3.579972	-5.000000	0.503046
469	-3.576736	-5.000000	0.309419
470	-2.278534	-5.000000	0.427170
471	3.557588	-4.052372	0.931186
472	3.636528	-3.565008	0.933826
473	2.275269	-3.703019	0.935778
474	1.253088	-2.942101	0.922216
475	-1.253273	-2.942068	0.922216
476	-0.000077	-3.144633	0.932096
477	-3.636585	-3.564942	0.933825
478	-3.557635	-4.052336	0.931185
479	-2.275344	-3.702990	0.935778
480	3.247140	-0.667857	0.847889
481	3.204990	-0.442150	0.817255
482	2.064773	-0.503762	0.826517
483	1.059962	-0.161314	0.794433
484	-1.027681	-0.151915	0.793542
485	-0.008623	-0.262554	0.801129
486	-3.206031	-0.438330	0.817006
487	-3.249406	-0.665694	0.847768
488	-2.069798	-0.501544	0.826093
489	1.647017	-0.043492	0.789428
491	-0.111159	-0.013690	0.789618
492	-4.136796	-0.047159	0.763092
493	-4.087468	0.056931	0.764496
494	-3.025980	0.003770	0.782858
495	-1.641088	0.041395	0.789463
497	0.080139	0.012050	0.789670
498	3.208219	0.437126	0.816651
499	3.250731	0.665141	0.847543
500	2.071708	0.500863	0.825969
501	1.114317	0.860940	0.872447
502	-1.108491	0.860970	0.872480
503	0.003944	0.700398	0.852033
504	-3.247569	0.666692	0.847866
505	-3.206201	0.440442	0.817223
506	-2.065396	0.502739	0.826410
507	3.636527	3.565009	0.933825
508	3.557588	4.052372	0.931185
509	2.275265	3.703020	0.935778
510	1.111526	4.505383	0.922827
511	-1.111587	4.505380	0.922827
512	-0.000036	4.172960	0.932524
513	-3.557637	4.052335	0.931185
514	-3.636590	3.564940	0.933825
515	-2.275349	3.702990	0.935778
516	1.170091	5.000000	0.126098
517	-1.170099	5.000000	0.126098
518	-0.000002	5.000000	0.237240
519	-3.576742	5.000000	0.309419
520	-3.579972	5.000000	0.503047
521	-2.278538	5.000000	0.427170
522	-1.217035	5.000000	0.745624
523	1.217017	5.000000	0.745624
524	-0.000004	5.000000	0.637487
525	5.000000	-3.684609	0.124159
526	5.000000	-2.916278	0.117381
527	5.000000	-3.130024	0.243985
528	5.000000	-1.747454	0.275602
529	5.000000	-1.228614	0.445337
530	5.000000	-1.899406	0.385091
531	5.000000	-0.810178	0.725664
532	5.000000	-1.009061	0.795012
533	5.000000	-1.484458	0.633723
534	5.000000	-1.865318	0.796941
535	5.000000	-2.390880	0.796182
536	5.000000	-2.286021	0.693198
537	5.000000	-3.462798	0.781872
538	5.000000	-3.973244	0.736902
539	5.000000	-3.420745	0.649784
540	-5.000000	-4.440864	0.304194
541	-5.000000	-4.467121	0.474788
542	-5.000000	-3.893129	0.416841
543	-5.000000	-3.973165	0.736891
544	-5.000000	-3.462695	0.781872
545	-5.000000	-3.420524	0.649784
546	-5.000000	-2.390542	0.796208
547	-5.000000	-1.864582	0.797003
548	-5.000000	-2.285295	0.693280
549	-5.000000	-1.006235	0.795316
550	-5.000000	-0.805907	0.725912
551	-5.000000	-1.481681	0.634100
552	-5.000000	-1.224450	0.446007
553	-5.000000	-1.745199	0.276034
554	-5.000000	-1.896990	0.385490
555	5.000000	4.441015	0.304191
556	5.000000	4.467214	0.474795
557	5.000000	3.893405	0.416842
558	5.000000	3.973206	0.736893
559	5.000000	3.462718	0.781868
560	5.000000	3.420592	0.649786
561	5.000000	2.390471	0.796185
562	5.000000	1.864332	0.796954
563	5.000000	2.285111	0.693244
564	5.000000	1.005522	0.794834
565	5.000000	0.804930	0.725216
566	5.000000	1.481705	0.633878
567	5.000000	1.229021	0.445654
568	5.000000	1.748182	0.275447
569	5.000000	1.899588	0.385176
570	-5.000000	3.684483	0.124146
571	-5.000000	2.915939	0.117354
572	-5.000000	3.130189	0.243975
573	-5.000000	1.749578	0.275443
574	-5.000000	1.232563	0.445837
575	-5.000000	1.901267	0.385234
576	-5.000000	0.808425	0.726279
577	-5.000000	1.007684	0.795451
578	-5.000000	1.484060	0.634174
579	-5.000000	1.865071	0.797039
580	-5.000000	2.390798	0.796234
581	-5.000000	2.286014	0.693318
582	-5.000000	3.462814	0.781891
583	-5.000000	3.973262	0.736907
584	-5.000000	3.420830	0.649813
585	-5.000000	-0.395335	0.076699
586	-5.000000	0.398543	0.077876
587	-5.000000	0.001513	0.156520
588	-5.000000	0.934544	0.241762
589	-5.000000	0.597164	0.400962
590	-5.000000	0.441109	0.322830
594	5.000000	-0.395405	0.076547
595	5.000000	0.398712	0.077786
596	5.000000	0.001115	0.156258
597	5.000000	0.933004	0.241720
598	5.000000	0.592489	0.400851
599	5.000000	0.438204	0.322590
603	1.159422	-4.569993	0.000000
604	-1.159463	-4.569990	0.000000
605	-0.000020	-4.099058	0.000000
606	-3.618647	-3.781423	0.000003
607	-3.656895	-2.989117	0.000087
608	-2.322321	-3.337265	0.000023
609	-1.225642	-2.129256	0.000446
610	1.225633	-2.129278	0.000446
611	-0.000015	-2.530175	0.000399
612	1.194422	-1.238922	-0.001152
613	-1.194350	-1.238905	-0.001152
614	0.000040	-0.781332	-0.010629
615	-3.664103	-0.411437	-0.000001
616	-3.663926	0.411348	-0.000001
617	-2.353551	-0.000051	-0.000076
618	-1.194235	1.238568	-0.001152
619	1.194267	1.238581	-0.001152
620	0.000025	0.780769	-0.010550
621	3.618654	3.781327	0.000003
622	3.656891	2.988942	0.000087
623	2.322316	3.337149	0.000023
624	1.225609	2.129001	0.000445
625	-1.225632	2.128986	0.000445
626	-0.000015	2.529978	0.000398
627	-3.656905	2.988912	0.000087
628	-3.618667	3.781309	0.000003
629	-2.322337	3.337134	0.000023
630	3.624444	-2.071667	0.926264
631	3.756689	-1.669776	0.926798
632	2.397681	-1.733688	0.925699
633	1.315248	-1.172437	0.903633
634	-1.316811	-1.172289	0.903612
635	-0.000512	-1.299985	0.911976
636	-3.756971	-1.669436	0.926810
637	-3.624645	-2.071438	0.926268
638	-2.398081	-1.733522	0.925698
639	3.756768	1.669719	0.926799
640	3.624471	2.071649	0.926264
641	2.397720	1.733680	0.925698
642	1.126022	2.389439	0.913859
643	-1.126293	2.389389	0.913860
644	-0.000183	2.062575	0.921542
645	-3.624663	2.071422	0.926268
646	-3.756950	1.669406	0.926807
647	-2.398093	1.733509	0.925698
648	3.840908	-5.054009	0.000000
649	3.752089	-4.848122	0.900000
650	3.913794	-1.132193	0.900000
651	3.594884	0.135848	0.782657
652	3.915332	1.131912	0.900000
653	3.752095	4.848121	0.900000
654	3.840926	5.054008	0.000000
655	5.000000	-5.000000	0.080049
656	-5.000000	-5.000000	0.080048
657	5.000000	1.654899	0.085907
658	-5.000000	1.655064	0.085895
659	5.000000	5.000000	0.080047
660	-5.000000	5.000000	0.080046
661	5.000000	-4.673208	0.781833
662	-5.000000	-4.673190	0.781817
663	4.551493	-1.068265	0.893521
664	-4.551773	-1.066864	0.893559
665	4.373682	0.274977	0.772178
666	-4.369523	0.280920	0.773477
667	5.000000	3.162041	0.900000
668	-5.000000	3.161873	0.900000
669	5.000000	-4.697475	0.000000
670	-5.000000	-4.697451	0.000000
671	5.000000	4.697422	0.000000
672	-5.000000	4.697415	0.000000
673	3.901954	1.724562	0.000000
674	5.000000	-1.658399	0.085660
675	-5.000000	-1.657599	0.085835
676	5.000000	-1.350632	0.000000
677	-5.000000	-1.350568	0.000000
678	3.579635	-0.145105	0.782252
679	3.902017	-1.724989	0.000000
682	3.872708	-2.847366	0.900000
683	3.872712	2.847360	0.900000
684	5.000000	1.351815	0.900000
685	-5.000000	1.351389	0.900000
686	5.000000	-2.724592	0.899971
687	-5.000000	-2.724351	0.899971
688	4.112504	-5.000000	0.072263
689	4.066345	-5.000000	0.751338
690	-4.066359	-5.000000	0.751331
691	-4.112504	-5.000000	0.072262
692	4.045082	-4.684404	0.890483
693	4.177937	-3.030225	0.914793
694	-4.177995	-3.030086	0.914794
695	-4.045114	-4.684395	0.890479
696	3.847395	-1.022850	0.892245
697	3.707037	-0.212435	0.786235
698	-3.716427	-0.206456	0.787044
699	-3.849267	-1.021934	0.892294
700	4.350113	-0.162739	0.760955
701	-4.375476	-0.154989	0.760748
702	-4.348342	0.158421	0.761473
703	4.372937	0.150943	0.759769
704	3.720736	0.203921	0.786325
705	3.850173	1.022152	0.892220
706	-3.847629	1.022088	0.892281
707	-3.710124	0.209370	0.786346
708	4.177942	3.030221	0.914793
709	4.045086	4.684403	0.890479
710	-4.045114	4.684395	0.890479
711	-4.177999	3.030079	0.914794
712	4.112502	5.000000	0.072262
713	-4.112503	5.000000	0.072262
714	-4.066356	5.000000	0.751331
715	4.066345	5.000000	0.751330
716	5.000000	-4.701300	0.073660
717	5.000000	-1.976912	0.064604
718	5.000000	-0.344997	0.728210
720	5.000000	-2.939013	0.864333
721	5.000000	-4.678739	0.681544
722	-5.000000	-4.701211	0.073665
723	-5.000000	-4.678712	0.681525
724	-5.000000	-2.938839	0.864337
726	-5.000000	-0.336751	0.728542
727	-5.000000	-1.976245	0.064709
728	5.000000	4.701264	0.073656
729	5.000000	4.678732	0.681525
730	5.000000	2.938946	0.864331
732	5.000000	0.332855	0.727801
733	5.000000	1.975019	0.064654
734	-5.000000	4.701270	0.073654
735	-5.000000	1.975122	0.064643
736	-5.000000	0.340505	0.729164
738	-5.000000	2.938882	0.864344
739	-5.000000	4.678738	0.681531
740	-5.000000	-1.404709	0.056451
741	-5.000000	1.401363	0.056885
743	-5.000000	-0.141909	0.672994
744	5.000000	-1.405182	0.056327
745	5.000000	1.401389	0.056879
747	5.000000	-0.156446	0.671807
748	4.089053	-4.763426	0.000000
749	-4.089074	-4.763415	0.000000
750	-4.153151	-2.019908	-0.000564
751	4.153159	-2.019991	-0.000563
752	4.124040	-1.423543	0.000128
753	-4.124010	-1.423478	0.000128
754	-4.123905	1.423151	0.000128
755	4.123905	1.423207	0.000128
756	4.089079	4.763395	0.000000
757	4.153135	2.019597	-0.000564
758	-4.153141	2.019542	-0.000565
759	-4.089088	4.763390	0.000000
760	4.049969	-2.674126	0.909876
761	4.184985	-1.260721	0.910136
762	-4.185478	-1.260099	0.910162
763	-4.050066	-2.673952	0.909878
764	4.185444	1.260483	0.910140
765	4.049980	2.674118	0.909877
766	-4.050073	2.673943	0.909878
767	-4.185109	1.260082	0.910155
768	-1.318228	-5.049112	0.000000
769	-1.247596	-4.829411	0.900000
770	-1.392544	-1.035027	0.891585
771	-0.601834	0.041896	0.790262
772	-1.389273	1.034975	0.891596
773	-1.247589	4.829411	0.900000
774	-1.318232	5.049112	0.000000
775	5.000000	-5.000000	0.448873
776	-5.000000	-5.000000	0.448854
777	5.000000	0.873196	0.429750
778	-5.000000	0.877934	0.429830
779	5.000000	5.000000	0.448856
780	-5.000000	5.000000	0.448857
781	5.000000	-3.677755	0.900000
782	-5.000000	-3.677650	0.900000
783	4.394365	-0.495733	0.811309
784	-4.394767	-0.491405	0.811364
785	4.442430	0.744364	0.857443
786	-4.441636	0.746139	0.858084
787	5.000000	4.204210	0.885098
788	-5.000000	4.204153	0.885105
789	5.000000	-2.981757	0.000000
790	-5.000000	-2.981653	0.000000
791	5.000000	2.981452	0.000000
792	-5.000000	2.981409	0.000000
793	-1.371005	1.709915	0.000000
794	5.000000	-0.864975	0.429321
795	-5.000000	-0.859695	0.430289
796	5.000000	0.474170	0.000000
797	-5.000000	0.474109	0.000000
799	-1.371029	-1.710272	0.000000
801	-4.774199	0.009480	0.725612
802	-1.345243	-2.734016	0.900000
803	-1.345256	2.734015	0.900000
804	5.000000	2.276781	0.899983
805	-5.000000	2.276479	0.899983
806	5.000000	-1.798507	0.900000
807	-5.000000	-1.797974	0.900000
808	1.384673	-5.000000	0.312206
809	1.408472	-5.000000	0.556718
810	-1.408475	-5.000000	0.556717
811	-1.384652	-5.000000	0.312205
812	1.342061	-3.975345	0.934794
813	1.443393	-3.352635	0.934971
814	-1.443504	-3.352612	0.934971
815	-1.342132	-3.975333	0.934794
816	1.251586	-0.618148	0.841332
817	1.269317	-0.353352	0.809446
818	-1.277678	-0.350926	0.808952
819	-1.257800	-0.617282	0.841113
820	1.757036	-0.014193	0.788889
822	-1.768293	0.012953	0.788897
824	1.279420	0.350071	0.808849
825	1.259327	0.616896	0.841060
826	-1.251532	0.617525	0.841245
827	-1.269825	0.352305	0.809346
828	1.443386	3.352636	0.934971
829	1.342059	3.975344	0.934794
830	-1.342135	3.975333	0.934794
831	-1.443514	3.352612	0.934971
832	1.384657	5.000000	0.312205
833	-1.384661	5.000000	0.312205
834	-1.408474	5.000000	0.556717
835	1.408469	5.000000	0.556717
836	5.000000	-3.536941	0.322457
837	5.000000	-2.510736	0.304254
838	5.000000	-1.689506	0.511448
839	5.000000	-1.897508	0.652364
840	5.000000	-2.850999	0.658691
841	5.000000	-3.654232	0.540209
842	-5.000000	-3.536349	0.322489
843	-5.000000	-3.653944	0.540205
844	-5.000000	-2.850586	0.658724
845	-5.000000	-1.895934	0.652572
846	-5.000000	-1.686731	0.511867
847	-5.000000	-2.509252	0.304459
848	5.000000	3.536871	0.322461
849	5.000000	3.654134	0.540212
850	5.000000	2.850581	0.658711
851	5.000000	1.895775	0.652484
852	5.000000	1.688094	0.511649
853	5.000000	2.510776	0.304271
854	-5.000000	3.537074	0.322461
855	-5.000000	2.511516	0.304271
856	-5.000000	1.690296	0.511829
857	-5.000000	1.897351	0.652610
858	-5.000000	2.851095	0.658758
859	-5.000000	3.654327	0.540228
860	-5.000000	-0.363614	0.217212
861	-5.000000	0.348400	0.224817
864	5.000000	-0.364956	0.216742
865	5.000000	0.347260	0.224571
868	1.393299	-3.794328	0.000001
869	-1.393336	-3.794318	0.000001
870	-1.442935	-2.838441	-0.000198
871	1.442904	-2.838459	-0.000198
872	1.426260	-0.476937	0.005892
873	-1.426190	-0.476930	0.005893
874	-1.424612	0.476104	0.005793
875	1.424664	0.476110	0.005793
876	1.393329	3.794248	0.000001
877	1.442907	2.838286	-0.000198
878	-1.442933	2.838274	-0.000198
879	-1.393352	3.794242	0.000001
880	1.383607	-1.913729	0.924154
881	1.572143	-1.453557	0.919301
882	-1.572807	-1.453431	0.919294
883	-1.383970	-1.913652	0.924154
884	1.572290	1.453548	0.919298
885	1.383607	1.913731	0.924154
886	-1.383998	1.913649	0.924154
887	-1.572699	1.453416	0.919295
888	-1.015573	-5.000000	0.243195
889	-0.632093	-5.000000	0.064296
890	1.613310	-5.000000	0.188831
891	-0.974348	-4.163043	0.932700
892	-0.593029	-4.670582	0.913278
893	1.549225	-4.328252	0.929317
894	-0.990355	-2.064165	0.921876
895	-0.612934	-2.552393	0.907498
896	1.565573	-2.228785	0.918981
897	-0.930193	-0.698346	0.851779
898	-0.624781	-0.941483	0.881711
899	1.493477	-0.779008	0.862379
901	4.433568	0.023747	0.751775
903	-0.927657	0.275928	0.802299
904	-0.563606	0.097524	0.791772
905	1.461756	0.226175	0.797859
906	-1.177301	1.329354	0.913706
907	-0.690748	1.088682	0.896520
908	1.830238	1.278267	0.911110
909	-1.082559	3.179045	0.932548
910	-0.666401	2.818819	0.912474
911	1.720373	3.092426	0.929291
912	2.209221	5.000000	0.517258
913	4.292193	5.000000	0.432946
914	2.807708	5.000000	0.282822
915	5.000000	-3.920397	0.494652
916	5.000000	-4.734073	0.417612
917	5.000000	-4.136804	0.283087
918	-5.000000	-2.774306	0.241215
919	-5.000000	-3.166897	0.057763
920	-5.000000	-3.759365	0.193192
921	5.000000	2.775356	0.241066
922	5.000000	3.166944	0.057726
923	5.000000	3.759738	0.193157
924	-5.000000	3.920470	0.494657
925	-5.000000	4.734082	0.417600
926	-5.000000	4.136829	0.283077
927	-5.000000	-0.285313	0.379277
928	-5.000000	-0.833121	0.372619
929	-5.000000	-0.782670	0.203810
930	5.000000	-0.289598	0.378448
931	5.000000	-0.837524	0.371695
932	5.000000	-0.784210	0.203313
933	2.262519	-2.987798	-0.000106
934	4.346933	-3.198780	0.000021
935	2.834501	-3.910633	-0.000002
936	2.265549	0.353463	0.000368
937	4.358297	0.222754	-0.000000
938	2.892550	-0.564960	-0.000060
939	-1.015364	4.075805	-0.000000
940	-0.621988	4.816190	-0.000000
941	1.609978	4.303552	-0.000000
942	4.295258	-5.000000	0.335544
943	2.830857	-5.000000	0.560752
944	2.190835	-5.000000	0.339476
945	0.616687	-5.000000	0.808797
946	-1.680603	-5.000000	0.680446
947	1.051944	-5.000000	0.628961
948	-4.292194	-5.000000	0.432945
949	-2.807705	-5.000000	0.282822
950	-2.209225	-5.000000	0.517258
951	4.301257	-4.001116	0.923617
952	2.894377	-3.404943	0.934408
953	2.152608	-3.926398	0.935021
954	0.666175	-2.818838	0.912473
955	-1.720527	-3.092386	0.929291
956	1.082405	-3.179065	0.932548
957	-4.325857	-3.746055	0.927156
958	-2.761203	-4.097857	0.933058
959	-2.244502	-3.479196	0.935468
960	3.853999	-0.645463	0.843892
961	2.535781	-0.370814	0.810361
962	1.990092	-0.600977	0.839101
963	0.564149	-0.098903	0.791797
964	-1.459615	-0.227300	0.797972
965	0.927268	-0.277033	0.802387
966	-3.827211	-0.521361	0.825922
967	-2.569356	-0.681451	0.849782
968	-1.998179	-0.402964	0.814275
970	-2.285295	-0.034197	0.787791
971	1.421727	-0.023064	0.789395
972	-4.434887	-0.027425	0.752594
976	2.294771	0.032449	0.787705
977	-1.396696	0.020865	0.789447
978	3.828685	0.520163	0.825385
979	2.570861	0.681074	0.849677
980	2.000299	0.402081	0.814132
981	0.625329	0.941434	0.881710
982	-1.493340	0.778517	0.862311
983	0.931484	0.698068	0.851745
984	-3.854429	0.643963	0.844000
985	-2.537156	0.369290	0.810268
986	-1.990431	0.600144	0.839002
987	4.325827	3.746130	0.927155
988	2.761143	4.097880	0.933058
989	2.244407	3.479233	0.935468
990	0.592970	4.670582	0.913278
991	-1.549292	4.328243	0.929317
992	0.974277	4.163049	0.932699
993	-4.301286	4.001060	0.923615
994	-2.894470	3.404887	0.934408
995	-2.152679	3.926376	0.935021
996	0.632081	5.000000	0.064296
997	-1.613300	5.000000	0.188830
998	1.015579	5.000000	0.243194
999	-4.295250	5.000000	0.335535
1000	-2.830855	5.000000	0.560748
1001	-2.190821	5.000000	0.339474
1002	-0.616728	5.000000	0.808797
1003	1.680585	5.000000	0.680446
1004	-1.051956	5.000000	0.628960
1005	5.000000	-3.580201	0.059526
1006	5.000000	-2.670824	0.179436
1007	5.000000	-3.478890	0.252353
1008	5.000000	-1.428292	0.303849
1009	5.000000	-1.288520	0.495202
1010	5.000000	-2.166111	0.313007
1011	5.000000	-0.573789	0.820992
1012	5.000000	-1.330856	0.747907
1013	5.000000	-1.414195	0.589636
1014	5.000000	-1.954030	0.847012
1015	5.000000	-2.626807	0.752299
1016	5.000000	-1.977759	0.697329
1017	5.000000	-3.720720	0.834327
1018	5.000000	-3.958601	0.654464
1019	5.000000	-3.154549	0.682310
1020	-5.000000	-4.728425	0.328393
1021	-5.000000	-4.202283	0.527083
1022	-5.000000	-3.858734	0.340370
1023	-5.000000	-3.975909	0.819753
1024	-5.000000	-3.181082	0.742257
1025	-5.000000	-3.682117	0.614351
1026	-5.000000	-2.194892	0.846602
1027	-5.000000	-1.761561	0.753653
1028	-5.000000	-2.587325	0.699387
1029	-5.000000	-0.693403	0.852699
1030	-5.000000	-1.072483	0.631886
1031	-5.000000	-1.562596	0.675684
1032	-5.000000	-1.168404	0.393637
1033	-5.000000	-2.077286	0.256000
1034	-5.000000	-1.622851	0.461975
1035	5.000000	4.728491	0.328395
1036	5.000000	4.202400	0.527092
1037	5.000000	3.859085	0.340360
1038	5.000000	3.975951	0.819752
1039	5.000000	3.181074	0.742249
1040	5.000000	3.682221	0.614358
1041	5.000000	2.194950	0.846583
1042	5.000000	1.761144	0.753578
1043	5.000000	2.587221	0.699365
1044	5.000000	0.692568	0.851763
1045	5.000000	1.072592	0.631501
1046	5.000000	1.562297	0.675516
1047	5.000000	1.176552	0.392883
1048	5.000000	2.079291	0.255607
1049	5.000000	1.625178	0.461688
1050	-5.000000	3.579974	0.059519
1051	-5.000000	2.670783	0.179390
1052	-5.000000	3.478975	0.252346
1053	-5.000000	1.432185	0.303626
1054	-5.000000	1.290550	0.495770
1055	-5.000000	2.167512	0.313015
1056	-5.000000	0.571637	0.821350
1057	-5.000000	1.330035	0.748253
1058	-5.000000	1.414192	0.590158
1059	-5.000000	1.953723	0.847056
1060	-5.000000	2.626821	0.752356
1061	-5.000000	1.977618	0.697507
1062	-5.000000	3.720691	0.834336
1063	-5.000000	3.958644	0.654470
1064	-5.000000	3.154634	0.682351
1065	-5.000000	-0.219397	0.036613
1066	-5.000000	0.511718	0.125519
1067	-5.000000	-0.300790	0.161152
1068	-5.000000	1.052893	0.285425
1069	-5.000000	0.325035	0.465083
1070	-5.000000	0.527427	0.248785
1073	-5.000000	0.056865	0.469830
1074	5.000000	-0.219297	0.036549
1075	5.000000	0.511645	0.125398
1076	5.000000	-0.301413	0.160822
1077	5.000000	1.050683	0.285420
1078	5.000000	0.318600	0.464857
1079	5.000000	0.525884	0.248599
1082	5.000000	0.050323	0.469234
1083	0.621950	-4.816204	-0.000000
1084	-1.609984	-4.303592	-0.000000
1085	1.015314	-4.075865	-0.000000
1086	-4.335512	-3.622787	-0.000003
1087	-2.900025	-2.808833	0.000185
1088	-2.216916	-3.685846	-0.000004
1089	-0.656348	-1.909072	-0.000242
1090	1.691898	-2.378315	-0.000470
1091	-1.067881	-2.565653	0.000376
1092	0.642763	-1.480729	0.000776
1093	-1.656417	-0.975038	0.001281
1094	1.044406	-0.755733	-0.005879
1095	-4.358345	-0.222639	-0.000000
1096	-2.892090	0.564735	-0.000060
1097	-2.266227	-0.353704	0.000369
1098	-0.642679	1.480384	0.000776
1099	1.656151	0.974685	0.001279
1100	-1.043950	0.755202	-0.005836
1101	4.335515	3.622666	-0.000003
1102	2.900010	2.808654	0.000184
1103	2.216917	3.685760	-0.000004
1104	0.656332	1.908772	-0.000242
1105	-1.691907	2.378052	-0.000469
1106	1.067848	2.565466	0.000375
1107	-4.346951	3.198509	0.000021
1108	-2.834558	3.910523	-0.000002
1109	-2.262552	2.987603	-0.000106
1110	4.350457	-2.061657	0.924109
1111	3.046826	-1.525506	0.923179
1112	2.228922	-1.903694	0.925321
1113	0.690446	-1.088809	0.896535
1114	-1.830683	-1.278113	0.911101
1115	1.176705	-1.329478	0.913714
1116	-4.390219	-1.840322	0.924536
1117	-2.819761	-2.071909	0.924510
1118	-2.397335	-1.564323	0.923301
1119	4.390123	1.840631	0.924526
1120	2.819516	2.072065	0.924508
1121	2.396931	1.564499	0.923303
1122	0.612701	2.552418	0.907498
1123	-1.565864	2.228711	0.918982
1124	0.990025	2.064217	0.921876
1125	-4.350581	2.061316	0.924115
1126	-3.047211	1.525199	0.923179
1127	-2.229288	1.903553	0.925321
1128	1.318197	-5.049113	0.000000
1129	1.247545	-4.829412	0.900000
1130	1.389214	-1.035219	0.891627
1132	1.392782	1.035143	0.891601
1133	1.247553	4.829411	0.900000
1134	1.318214	5.049112	0.000000
1135	5.000000	-5.000000	0.262434
1136	-5.000000	-5.000000	0.262423
1137	5.000000	1.343952	0.250219
1138	-5.000000	1.345523	0.250202
1139	5.000000	5.000000	0.262424
1140	-5.000000	5.000000	0.262424
1141	5.000000	-4.204212	0.885109
1142	-5.000000	-4.204156	0.885105
1143	4.441510	-0.747654	0.857849
1144	-4.442022	-0.745037	0.857965
1145	4.395738	0.489831	0.810436
1146	-4.394925	0.493430	0.811617
1147	5.000000	3.677753	0.900000
1148	-5.000000	3.677644	0.900000
1149	5.000000	-3.877824	0.000000
1150	-5.000000	-3.877755	0.000000
1151	5.000000	3.877652	0.000000
1152	-5.000000	3.877628	0.000000
1153	1.371008	1.709935	0.000000
1154	5.000000	-1.345642	0.250161
1155	-5.000000	-1.343264	0.250712
1156	5.000000	-0.473799	0.000000
1157	-5.000000	-0.473806	0.000000
1158	0.602804	-0.043433	0.790241
1159	1.371066	-1.710299	0.000000
1162	1.345045	-2.734063	0.900000
1163	1.345040	2.734064	0.900000
1164	5.000000	1.798334	0.900000
1165	-5.000000	1.797943	0.900000
1166	5.000000	-2.276856	0.899983
1167	-5.000000	-2.276502	0.899983
1168	2.592789	-5.000000	0.202692
1169	2.643235	-5.000000	0.652570
1170	-2.643251	-5.000000	0.652566
1171	-2.592769	-5.000000	0.202690
1172	2.524202	-4.309160	0.929598
1173	2.717449	-3.194616	0.930897
1174	-2.717559	-3.194554	0.930898
1175	-2.524263	-4.309145	0.929598
1176	2.394580	-0.780829	0.862822
1177	2.339233	-0.275219	0.801189
1178	-2.336859	-0.270258	0.800494
1179	-2.398374	-0.779822	0.862670
1180	3.067479	-0.060019	0.782780
1181	-3.261865	-0.050577	0.781578
1182	-3.064660	0.057258	0.783023
1183	3.261925	0.047790	0.781200
1184	2.339856	0.268951	0.800291
1185	2.399754	0.779666	0.862619
1186	-2.394723	0.780141	0.862754
1187	-2.340981	0.273546	0.801105
1188	2.717447	3.194618	0.930897
1189	2.524204	4.309160	0.929598
1190	-2.524263	4.309145	0.929598
1191	-2.717568	3.194553	0.930898
1192	2.592772	5.000000	0.202690
1193	-2.592776	5.000000	0.202690
1194	-2.643245	5.000000	0.652566
1195	2.643237	5.000000	0.652566
1196	5.000000	-4.099315	0.205649
1197	5.000000	-2.312476	0.184787
1198	5.000000	-1.015292	0.586598
1199	5.000000	-1.449810	0.779883
1200	5.000000	-2.913747	0.769283
1201	5.000000	-4.208461	0.611579
1202	-5.000000	-4.098984	0.205660
1203	-5.000000	-4.208361	0.611561
1204	-5.000000	-2.913556	0.769296
1205	-5.000000	-1.448218	0.780056
1206	-5.000000	-1.010615	0.587103
1207	-5.000000	-2.311132	0.184991
1208	5.000000	4.099246	0.205640
1209	5.000000	4.208433	0.611569
1210	5.000000	2.913524	0.769283
1211	5.000000	1.447659	0.779923
1212	5.000000	1.011506	0.586802
1213	5.000000	2.311924	0.184726
1214	-5.000000	4.099301	0.205636
1215	-5.000000	2.312426	0.184706
1216	-5.000000	1.015599	0.587398
1217	-5.000000	1.449218	0.780104
1218	-5.000000	2.913766	0.769321
1219	-5.000000	4.208493	0.611577
1220	-5.000000	-0.811368	0.139518
1221	-5.000000	0.802639	0.142567
1223	-5.000000	-0.170728	0.570613
1224	5.000000	-0.812189	0.139190
1225	5.000000	0.802364	0.142489
1227	5.000000	-0.181349	0.569415
1228	2.600589	-4.243575	0.000000
1229	-2.600625	-4.243561	0.000000
1230	-2.693622	-2.474206	-0.000412
1231	2.693609	-2.474251	-0.000412
1232	2.659683	-0.905340	0.000172
1233	-2.659622	-0.905315	0.000172
1234	-2.659237	0.905012	0.000172
1235	2.659266	0.905036	0.000172
1236	2.600630	4.243512	0.000000
1237	2.693598	2.473990	-0.000412
1238	-2.693617	2.473961	-0.000412
1239	-2.600648	4.243504	0.000000
1240	2.551196	-2.246142	0.920304
1241	2.849542	-1.364605	0.916782
1242	-2.850214	-1.364306	0.916778
1243	-2.551433	-2.246019	0.920306
1244	2.849888	1.364550	0.916778
1245	2.551203	2.246143	0.920304
1246	-2.551455	2.246013	0.920306
1247	-2.849947	1.364273	0.916777
1248	-3.840924	-5.054008	0.000000
1249	-3.752118	-4.848121	0.900000
1250	-3.915112	-1.131543	0.900000
1251	-3.578092	0.141757	0.782488
1252	-3.913911	1.131543	0.900000
1253	-3.752115	4.848121	0.900000
1254	-3.840934	5.054008	0.000000
1255	5.000000	-5.000000	0.628045
1256	-5.000000	-5.000000	0.628023
1257	5.000000	0.384768	0.623670
1258	-5.000000	0.394518	0.624169
1259	5.000000	5.000000	0.628022
1260	-5.000000	5.000000	0.628024
1261	5.000000	-3.162051	0.900000
1262	-5.000000	-3.161884	0.900000
1263	4.367915	-0.284441	0.773159
1264	-4.371451	-0.277903	0.773307
1265	4.551819	1.066856	0.893461
1266	-4.551421	1.067257	0.893567
1267	5.000000	4.673206	0.781810
1268	-5.000000	4.673190	0.781818
1269	5.000000	-2.118534	0.000000
1270	-5.000000	-2.118426	0.000000
1271	5.000000	2.118102	0.000000
1272	-5.000000	2.118038	0.000000
1273	-3.901955	1.724505	0.000000
1274	5.000000	-0.397929	0.622163
1275	-5.000000	-0.387746	0.623302
1276	5.000000	1.350345	0.000000
1277	-5.000000	1.350268	0.000000
1278	-3.594743	-0.138657	0.783193
1279	-3.901998	-1.724912	0.000000
1282	-3.872795	-2.847219	0.900000
1283	-3.872801	2.847211	0.900000
1284	5.000000	2.724563	0.899971
1285	-5.000000	2.724337	0.899971
1286	5.000000	-1.352184	0.900000
1287	-5.000000	-1.351385	0.900000
1288	0.391996	-5.000000	0.403066
1289	0.394031	-5.000000	0.472636
1290	-0.394023	-5.000000	0.472636
1291	-0.391981	-5.000000	0.403066
1292	0.381584	-3.704710	0.936002
1293	0.399495	-3.524941	0.936018
1294	-0.399588	-3.524937	0.936018
1295	-0.381663	-3.704706	0.936002
1296	0.347443	-0.502218	0.826337
1297	0.358232	-0.428340	0.817492
1298	-0.368521	-0.427910	0.817381
1299	-0.355821	-0.501878	0.826247
1302	-0.988771	-0.004733	0.789887
1304	0.369495	0.427248	0.817302
1305	0.356889	0.501330	0.826178
1306	-0.346944	0.501613	0.826260
1307	-0.357791	0.427622	0.817408
1308	0.399488	3.524942	0.936018
1309	0.381579	3.704710	0.936002
1310	-0.381668	3.704706	0.936002
1311	-0.399594	3.524937	0.936018
1312	0.391986	5.000000	0.403065
1313	-0.391989	5.000000	0.403065
1314	-0.394028	5.000000	0.472635
1315	0.394025	5.000000	0.472635
1316	5.000000	-2.982952	0.430175
1317	5.000000	-2.648135	0.423602
1318	5.000000	-2.370333	0.481791
1319	5.000000	-2.429769	0.536852
1320	5.000000	-2.759023	0.542097
1321	5.000000	-3.033725	0.493778
1322	-5.000000	-2.982067	0.430256
1323	-5.000000	-3.033014	0.493834
1324	-5.000000	-2.758194	0.542178
1325	-5.000000	-2.428530	0.537006
1326	-5.000000	-2.368826	0.481992
1327	-5.000000	-2.646880	0.423753
1328	5.000000	2.982725	0.430221
1329	5.000000	3.033435	0.493819
1330	5.000000	2.758514	0.542156
1331	5.000000	2.428968	0.536953
1332	5.000000	2.369667	0.481908
1333	5.000000	2.647825	0.423678
1334	-5.000000	2.983249	0.430237
1335	-5.000000	2.648614	0.423702
1336	-5.000000	2.370781	0.481960
1337	-5.000000	2.430007	0.537010
1338	-5.000000	2.759218	0.542196
1339	-5.000000	3.033937	0.493844
1340	-5.000000	-0.086277	0.292162
1341	-5.000000	0.055092	0.296249
1344	5.000000	-0.088595	0.291628
1345	5.000000	0.052764	0.295784
1348	0.395948	-3.424276	-0.000006
1349	-0.395983	-3.424273	-0.000006
1350	-0.403886	-3.153026	-0.000144
1351	0.403851	-3.153030	-0.000144
1352	0.360459	-0.146161	0.085387
1353	-0.360394	-0.146161	0.085388
1354	-0.351886	0.133002	0.078380
1355	0.351947	0.133002	0.078381
1356	0.395960	3.424181	-0.000006
1357	0.403858	3.152911	-0.000144
1358	-0.403883	3.152908	-0.000144
1359	-0.395984	3.424179	-0.000006
1360	0.403546	-1.679709	0.923723
1361	0.441022	-1.551777	0.921778
1362	-0.441603	-1.551748	0.921777
1363	-0.404029	-1.679684	0.923722
1364	0.441053	1.551777	0.921778
1365	0.403545	1.679711	0.923723
1366	-0.404043	1.679684	0.923723
1367	-0.441581	1.551745	0.921777
1368	1.015595	-5.000000	0.243195
1369	-1.613291	-5.000000	0.188830
1370	0.632078	-5.000000	0.064296
1371	0.974277	-4.163049	0.932699
1372	-1.549292	-4.328244	0.929317
1373	0.592964	-4.670583	0.913278
1374	0.990034	-2.064214	0.921876
1375	-1.565842	-2.228713	0.918982
1376	0.612712	-2.552416	0.907498
1377	0.924316	-0.698816	0.851906
1378	-1.498328	-0.778432	0.862243
1379	0.620605	-0.941601	0.881744
1381	3.543680	0.016365	0.776937
1382	4.413852	-0.042503	0.753085
1383	0.939000	0.273346	0.801812
1384	-1.467320	0.231943	0.798719
1385	0.449249	0.081038	0.790955
1386	1.177059	1.329463	0.913711
1387	-1.830192	1.278084	0.911104
1388	0.692644	1.088763	0.896524
1389	1.082397	3.179066	0.932548
1390	-1.720540	3.092385	0.929291
1391	0.666166	2.818840	0.912473
1392	2.190818	5.000000	0.339474
1393	2.830850	5.000000	0.560748
1394	4.295248	5.000000	0.335535
1395	5.000000	-3.859132	0.340362
1396	5.000000	-4.202427	0.527101
1397	5.000000	-4.728500	0.328407
1398	-5.000000	-3.478231	0.252398
1399	-5.000000	-2.669713	0.179574
1400	-5.000000	-3.579853	0.059548
1401	5.000000	3.478791	0.252351
1402	5.000000	2.670439	0.179405
1403	5.000000	3.579946	0.059523
1404	-5.000000	3.859207	0.340361
1405	-5.000000	4.202469	0.527098
1406	-5.000000	4.728506	0.328395
1407	-5.000000	-0.550266	0.240180
1409	-5.000000	-1.051008	0.285478
1410	5.000000	-0.552115	0.239614
1412	5.000000	-1.053904	0.284781
1413	2.216882	-3.685865	-0.000004
1414	2.900005	-2.808877	0.000185
1415	4.335499	-3.622846	-0.000003
1416	2.266287	-0.353711	0.000369
1417	2.892125	0.564754	-0.000060
1418	4.358364	-0.222630	-0.000000
1419	1.015340	4.075808	-0.000000
1420	-1.610000	4.303547	-0.000000
1421	0.621966	4.816190	-0.000000
1422	2.807727	-5.000000	0.282825
1423	4.292202	-5.000000	0.432956
1424	2.209229	-5.000000	0.517261
1425	1.680576	-5.000000	0.680447
1426	-0.616737	-5.000000	0.808797
1427	-1.051961	-5.000000	0.628960
1428	-2.830858	-5.000000	0.560747
1429	-4.295246	-5.000000	0.335534
1430	-2.190815	-5.000000	0.339474
1431	2.761144	-4.097881	0.933058
1432	4.325827	-3.746130	0.927157
1433	2.244411	-3.479232	0.935468
1434	1.720379	-3.092424	0.929291
1435	-0.666388	-2.818818	0.912474
1436	-1.082548	-3.179044	0.932548
1437	-2.894463	-3.404888	0.934408
1438	-4.301285	-4.001062	0.923615
1439	-2.152677	-3.926376	0.935021
1440	2.565709	-0.682993	0.850003
1441	3.826327	-0.525027	0.825693
1442	1.993830	-0.406064	0.814840
1443	1.466372	-0.233302	0.798800
1444	-0.448471	-0.082313	0.791016
1445	-0.937455	-0.274310	0.801906
1446	-2.536787	-0.366809	0.809795
1447	-3.855174	-0.642645	0.844047
1448	-1.995153	-0.599459	0.838794
1449	2.178636	-0.041100	0.788877
1450	-0.994242	-0.037158	0.789900
1451	-1.775694	-0.014324	0.788772
1452	-3.545888	-0.019540	0.777345
1453	-4.413669	0.038761	0.753859
1455	-2.174936	0.038811	0.788876
1456	0.995960	0.035828	0.789829
1457	1.806647	0.013553	0.788643
1458	2.539311	0.365674	0.809572
1459	3.856224	0.641845	0.843616
1460	1.996867	0.598990	0.838707
1461	1.499632	0.778279	0.862224
1462	-0.620339	0.941395	0.881716
1463	-0.923974	0.698345	0.851838
1464	-2.566030	0.682111	0.849925
1465	-3.827108	0.523195	0.825805
1466	-1.994726	0.404874	0.814732
1467	2.894375	3.404944	0.934408
1468	4.301257	4.001116	0.923613
1469	2.152606	3.926397	0.935021
1470	1.549226	4.328251	0.929317
1471	-0.593023	4.670582	0.913278
1472	-0.974348	4.163042	0.932700
1473	-2.761205	4.097857	0.933058
1474	-4.325859	3.746053	0.927156
1475	-2.244509	3.479196	0.935468
1476	1.613294	5.000000	0.188830
1477	-0.632095	5.000000	0.064296
1478	-1.015584	5.000000	0.243194
1479	-2.807711	5.000000	0.282822
1480	-4.292195	5.000000	0.432946
1481	-2.209225	5.000000	0.517258
1482	-1.680595	5.000000	0.680446
1483	0.616697	5.000000	0.808797
1484	1.051948	5.000000	0.628960
1485	5.000000	-3.759855	0.193165
1486	5.000000	-3.167341	0.057729
1487	5.000000	-2.775474	0.241076
1488	5.000000	-2.079104	0.255689
1489	5.000000	-1.172469	0.392888
1490	5.000000	-1.625871	0.461499
1491	5.000000	-1.076588	0.631452
1492	5.000000	-0.696484	0.852511
1493	5.000000	-1.564820	0.675389
1494	5.000000	-1.762689	0.753529
1495	5.000000	-2.195269	0.846587
1496	5.000000	-2.587777	0.699342
1497	5.000000	-3.181245	0.742251
1498	5.000000	-3.975975	0.819759
1499	5.000000	-3.682314	0.614359
1500	-5.000000	-4.136506	0.283089
1501	-5.000000	-4.734014	0.417594
1502	-5.000000	-3.920153	0.494641
1503	-5.000000	-3.958485	0.654450
1504	-5.000000	-3.720640	0.834326
1505	-5.000000	-3.154305	0.682321
1506	-5.000000	-2.626504	0.752326
1507	-5.000000	-1.953524	0.847034
1508	-5.000000	-1.976636	0.697466
1509	-5.000000	-1.328609	0.748177
1510	-5.000000	-0.569874	0.820956
1511	-5.000000	-1.410961	0.590077
1512	-5.000000	-1.284544	0.495780
1513	-5.000000	-1.425452	0.304432
1514	-5.000000	-2.164215	0.313312
1515	5.000000	4.136765	0.283079
1516	5.000000	4.734066	0.417598
1517	5.000000	3.920347	0.494649
1518	5.000000	3.958553	0.654457
1519	5.000000	3.720690	0.834323
1520	5.000000	3.154318	0.682315
1521	5.000000	2.626413	0.752306
1522	5.000000	1.953544	0.847007
1523	5.000000	1.976343	0.697404
1524	5.000000	1.328003	0.747949
1525	5.000000	0.568586	0.819774
1526	5.000000	1.411523	0.589818
1527	5.000000	1.287184	0.495489
1528	5.000000	1.430146	0.303622
1529	5.000000	2.166421	0.313007
1530	-5.000000	3.759832	0.193152
1531	-5.000000	3.166987	0.057720
1532	-5.000000	2.775792	0.241056
1533	-5.000000	2.080241	0.255597
1534	-5.000000	1.179952	0.392962
1535	-5.000000	1.627544	0.461846
1536	-5.000000	1.076039	0.632136
1537	-5.000000	0.694720	0.852941
1538	-5.000000	1.564342	0.675745
1539	-5.000000	1.762399	0.753696
1540	-5.000000	2.195036	0.846620
1541	-5.000000	2.587829	0.699421
1542	-5.000000	3.181294	0.742283
1543	-5.000000	3.975955	0.819762
1544	-5.000000	3.682389	0.614377
1545	-5.000000	-0.514014	0.122638
1546	-5.000000	0.223706	0.036868
1547	-5.000000	0.298576	0.164837
1548	-5.000000	0.767738	0.208286
1549	-5.000000	0.849576	0.371775
1554	5.000000	-0.514449	0.122372
1555	5.000000	0.223896	0.036818
1556	5.000000	0.298173	0.164633
1557	5.000000	0.766731	0.208192
1558	5.000000	0.845713	0.371745
1563	1.609944	-4.303599	-0.000000
1564	-0.621988	-4.816203	-0.000000
1565	-1.015354	-4.075859	-0.000000
1566	-2.834533	-3.910611	-0.000002
1567	-4.346942	-3.198708	0.000021
1568	-2.262546	-2.987769	-0.000106
1569	-1.691916	-2.378287	-0.000470
1570	0.656357	-1.909084	-0.000242
1571	1.067853	-2.565668	0.000376
1572	1.656491	-0.975056	0.001281
1573	-0.642701	-1.480718	0.000776
1574	-1.044329	-0.755725	-0.005879
1575	-2.892495	-0.564945	-0.000060
1576	-4.358282	0.222724	-0.000000
1577	-2.265502	0.353455	0.000368
1578	-1.656113	0.974671	0.001279
1579	0.642701	1.480392	0.000776
1580	1.043998	0.755209	-0.005836
1581	2.834540	3.910535	-0.000002
1582	4.346944	3.198542	0.000021
1583	2.262530	2.987620	-0.000106
1584	1.691882	2.378070	-0.000469
1585	-0.656346	1.908763	-0.000242
1586	-1.067875	2.565456	0.000375
1587	-2.900029	2.808628	0.000184
1588	-4.335522	3.622641	-0.000003
1589	-2.216937	3.685749	-0.000004
1590	2.819500	-2.072068	0.924508
1591	4.390085	-1.840711	0.924526
1592	2.396836	-1.564515	0.923305
1593	1.829673	-1.278300	0.911117
1594	-0.692859	-1.088724	0.896516
1595	-1.177616	-1.329373	0.913704
1596	-3.047287	-1.525227	0.923181
1597	-4.350573	-2.061339	0.924115
1598	-2.229262	-1.903561	0.925321
1599	3.046968	1.525467	0.923178
1600	4.350483	2.061607	0.924109
1601	2.228937	1.903693	0.925321
1602	1.565568	2.228788	0.918981
1603	-0.612949	2.552393	0.907498
1604	-0.990380	2.064164	0.921876
1605	-2.819786	2.071899	0.924510
1606	-4.390217	1.840291	0.924535
1607	-2.397296	1.564305	0.923301
1608	0.000003	-5.000000	0.123951
1609	0.549132	-5.000000	0.181251
1610	-0.549114	-5.000000	0.181250
1611	-0.000035	-4.507828	0.922711
1612	0.522969	-4.339247	0.928897
1613	-0.523040	-4.339244	0.928897
1614	-0.000125	-2.380930	0.913585
1615	0.527972	-2.218663	0.918342
1616	-0.528257	-2.218639	0.918342
1617	-0.002440	-0.857227	0.871936
1618	0.506905	-0.777444	0.862051
1619	-0.512352	-0.777256	0.861997
1620	3.988361	-0.009118	0.765753
1621	3.473336	-0.032016	0.777961
1623	0.009843	0.147120	0.793703
1624	0.509274	0.206244	0.796923
1625	-0.494118	0.208656	0.797274
1626	0.000412	1.151991	0.901862
1627	0.636454	1.230412	0.907679
1628	-0.636313	1.230347	0.907675
1629	-0.000113	2.916657	0.921592
1630	0.592401	3.035019	0.928183
1631	-0.592600	3.035006	0.928183
1632	3.614240	5.000000	0.404271
1633	2.923790	5.000000	0.371466
1634	2.930379	5.000000	0.465625
1635	5.000000	-4.457382	0.388824
1636	5.000000	-4.166140	0.362796
1637	5.000000	-4.187903	0.444239
1638	-5.000000	-3.303121	0.119338
1639	-5.000000	-3.403233	0.184438
1640	-5.000000	-3.037122	0.179718
1641	5.000000	3.303431	0.119280
1642	5.000000	3.403729	0.184378
1643	5.000000	3.037741	0.179616
1644	-5.000000	4.457405	0.388814
1645	-5.000000	4.166183	0.362789
1646	-5.000000	4.187950	0.444235
1647	-5.000000	-0.776709	0.320456
1648	-5.000000	-0.687356	0.278112
1649	-5.000000	-0.496261	0.365795
1650	5.000000	-0.780127	0.319650
1651	5.000000	-0.689955	0.277424
1652	5.000000	-0.500432	0.364913
1653	3.674934	-3.387058	-0.000019
1654	2.970248	-3.548891	0.000010
1655	2.993981	-3.173926	-0.000051
1656	3.705075	-0.000013	0.000000
1657	3.016254	-0.192639	0.000009
1658	3.016074	0.192543	0.000009
1659	-0.000012	4.579637	-0.000000
1660	0.546052	4.334794	0.000000
1661	-0.546076	4.334793	0.000000
1662	2.930392	-5.000000	0.465630
1663	2.923806	-5.000000	0.371470
1664	3.614254	-5.000000	0.404277
1665	-0.577249	-5.000000	0.691877
1666	0.577216	-5.000000	0.691877
1667	-0.000022	-5.000000	0.747893
1668	-2.923788	-5.000000	0.371466
1669	-2.930381	-5.000000	0.465625
1670	-3.614240	-5.000000	0.404270
1671	2.957227	-3.634605	0.935393
1672	2.909487	-3.870060	0.934859
1673	3.630493	-3.809944	0.933439
1674	-0.592587	-3.035005	0.928183
1675	0.592411	-3.035018	0.928183
1676	-0.000102	-2.916656	0.921592
1677	-2.909549	-3.870026	0.934859
1678	-2.957297	-3.634560	0.935393
1679	-3.630542	-3.809892	0.933438
1680	2.643284	-0.473602	0.822355
1681	2.651890	-0.579311	0.836091
1682	3.255884	-0.553700	0.832030
1683	-0.508199	-0.207306	0.797002
1684	0.494159	-0.209798	0.797346
1685	-0.009262	-0.148306	0.793763
1686	-2.655337	-0.577092	0.835780
1687	-2.646054	-0.470551	0.821928
1688	-3.257784	-0.550762	0.831853
1689	-0.885535	-0.019556	0.790501
1690	0.771807	-0.026272	0.790354
1692	-3.476156	0.029126	0.778261
1694	-3.989385	0.005689	0.766319
1695	0.858552	0.018189	0.790455
1696	-0.765096	0.024405	0.790288
1698	2.657089	0.576460	0.835617
1699	2.648141	0.469653	0.821720
1700	3.259468	0.549887	0.831551
1701	-0.506351	0.777110	0.862004
1702	0.513344	0.777039	0.861972
1703	0.003077	0.857031	0.871913
1704	-2.644247	0.472279	0.822264
1705	-2.652499	0.578212	0.836005
1706	-3.256649	0.552272	0.832003
1707	2.909485	3.870060	0.934859
1708	2.957224	3.634606	0.935393
1709	3.630491	3.809944	0.933438
1710	-0.523039	4.339244	0.928897
1711	0.522970	4.339246	0.928897
1712	-0.000031	4.507827	0.922711
1713	-2.957302	3.634559	0.935393
1714	-2.909552	3.870025	0.934859
1715	-3.630546	3.809891	0.933438
1716	-0.549125	5.000000	0.181250
1717	0.549119	5.000000	0.181250
1718	-0.000005	5.000000	0.123950
1719	-2.930383	5.000000	0.465626
1720	-2.923793	5.000000	0.371466
1721	-3.614243	5.000000	0.404271
1722	0.577227	5.000000	0.691876
1723	-0.577239	5.000000	0.691876
1724	-0.000009	5.000000	0.747892
1725	5.000000	-3.038009	0.179631
1726	5.000000	-3.403911	0.184386
1727	5.000000	-3.303740	0.119289
1728	5.000000	-1.561555	0.410304
1729	5.000000	-1.827426	0.330770
1730	5.000000	-1.495803	0.357838
1731	5.000000	-1.230515	0.712489
1732	5.000000	-1.146263	0.673669
1733	5.000000	-0.899508	0.762361
1734	5.000000	-2.341906	0.744341
1735	5.000000	-2.056568	0.744094
1736	5.000000	-2.127923	0.794047
1737	5.000000	-3.706667	0.688846
1738	5.000000	-3.447343	0.716904
1739	5.000000	-3.723193	0.762770
1740	-5.000000	-4.187708	0.444225
1741	-5.000000	-4.165891	0.362789
1742	-5.000000	-4.457243	0.388809
1743	-5.000000	-3.447199	0.716903
1744	-5.000000	-3.706538	0.688838
1745	-5.000000	-3.723104	0.762765
1746	-5.000000	-2.055819	0.744174
1747	-5.000000	-2.341424	0.744389
1748	-5.000000	-2.127424	0.794088
1749	-5.000000	-1.142703	0.674071
1750	-5.000000	-1.227566	0.712846
1751	-5.000000	-0.895934	0.762663
1752	-5.000000	-1.825016	0.331197
1753	-5.000000	-1.558409	0.410833
1754	-5.000000	-1.492703	0.358408
1755	5.000000	4.187878	0.444231
1756	5.000000	4.166113	0.362788
1757	5.000000	4.457368	0.388813
1758	5.000000	3.447223	0.716902
1759	5.000000	3.706589	0.688841
1760	5.000000	3.723137	0.762764
1761	5.000000	2.055539	0.744128
1762	5.000000	2.341253	0.744360
1763	5.000000	2.127277	0.794055
1764	5.000000	1.142381	0.673683
1765	5.000000	1.227046	0.712517
1766	5.000000	0.895071	0.762028
1767	5.000000	1.828308	0.330736
1768	5.000000	1.561987	0.410429
1769	5.000000	1.497794	0.357771
1770	-5.000000	3.037973	0.179605
1771	-5.000000	3.403880	0.184370
1772	-5.000000	3.303536	0.119271
1773	-5.000000	1.564425	0.410540
1774	-5.000000	1.829907	0.330762
1775	-5.000000	1.500136	0.357824
1776	-5.000000	1.229510	0.712969
1777	-5.000000	1.145306	0.674258
1778	-5.000000	0.897861	0.762902
1779	-5.000000	2.341880	0.744424
1780	-5.000000	2.056452	0.744213
1781	-5.000000	2.127782	0.794119
1782	-5.000000	3.706719	0.688861
1783	-5.000000	3.447399	0.716929
1784	-5.000000	3.723214	0.762782
1785	-5.000000	0.179200	0.116192
1786	-5.000000	-0.174507	0.114993
1787	-5.000000	0.003150	0.074462
1788	-5.000000	0.486036	0.371805
1789	-5.000000	0.669790	0.283604
1790	-5.000000	0.775789	0.321775
1791	-5.000000	-0.042192	0.538758
1794	5.000000	0.179169	0.116026
1795	5.000000	-0.174666	0.114780
1796	5.000000	0.003260	0.074342
1797	5.000000	0.482032	0.371616
1798	5.000000	0.667596	0.283481
1799	5.000000	0.772865	0.321706
1800	5.000000	-0.051448	0.537930
1803	-0.546075	-4.334831	0.000000
1804	0.546033	-4.334833	0.000000
1805	-0.000021	-4.579662	-0.000000
1806	-2.994005	-3.173887	-0.000051
1807	-2.970276	-3.548860	0.000010
1808	-3.674954	-3.387009	-0.000019
1809	0.579235	-2.326467	-0.000445
1810	-0.579257	-2.326458	-0.000445
1811	-0.000005	-2.110982	0.000383
1812	-0.563516	-1.010656	0.003554
1813	0.563596	-1.010663	0.003554
1814	0.000038	-1.249663	-0.001806
1815	-3.016034	0.192534	0.000009
1816	-3.016207	-0.192636	0.000009
1817	-3.705043	-0.000022	0.000000
1818	0.563454	1.010258	0.003546
1819	-0.563411	1.010253	0.003546
1820	0.000017	1.249319	-0.001806
1821	2.994001	3.173744	-0.000051
1822	2.970280	3.548753	0.000010
1823	3.674956	3.386875	-0.000019
1824	-0.579254	2.326228	-0.000444
1825	0.579226	2.326234	-0.000444
1826	-0.000012	2.110714	0.000383
1827	-2.970297	3.548736	0.000010
1828	-2.994018	3.173722	-0.000051
1829	-3.674969	3.386851	-0.000019
1830	3.094399	-1.705116	0.926577
1831	3.009606	-1.890624	0.926825
1832	3.728931	-1.871008	0.927947
1833	-0.637003	-1.230371	0.907674
1834	0.635732	-1.230434	0.907683
1835	-0.000880	-1.152022	0.901864
1836	-3.009903	-1.890424	0.926827
1837	-3.094754	-1.704874	0.926579
1838	-3.729161	-1.870725	0.927954
1839	3.009637	1.890613	0.926825
1840	3.094462	1.705092	0.926577
1841	3.728973	1.870974	0.927947
1842	-0.528276	2.218640	0.918342
1843	0.527958	2.218665	0.918342
1844	-0.000141	2.380932	0.913585
1845	-3.094751	1.704853	0.926579
1846	-3.009923	1.890410	0.926827
1847	-3.729170	1.870702	0.927953
1848	0.000010	-5.000000	0.347826
1849	-0.478613	-5.000000	0.295826
1850	0.478635	-5.000000	0.295827
1851	-2.283461	-5.000000	0.132240
1852	-3.047664	-5.000000	0.068413
1853	-1.873237	-5.000000	0.065721
1854	2.283472	-5.000000	0.132241
1855	1.873226	-5.000000	0.065721
1856	3.047658	-5.000000	0.068413
1857	-0.000037	-3.854641	0.935551
1858	-0.459383	-4.005119	0.934571
1859	0.459311	-4.005123	0.934571
1860	-2.194508	-4.499112	0.923656
1861	-2.922519	-4.673412	0.914968
1862	-1.770142	-4.670999	0.913412
1863	2.194447	-4.499120	0.923656
1864	1.770083	-4.671002	0.913412
1865	2.922469	-4.673418	0.914967
1866	-0.000213	-1.793328	0.924140
1867	-0.471572	-1.919399	0.923546
1868	0.471198	-1.919424	0.923546
1869	-2.218164	-2.413216	0.914684
1870	-2.975717	-2.618449	0.908651
1871	-1.820275	-2.575550	0.907854
1872	2.217948	-2.413310	0.914683
1873	1.820075	-2.575620	0.907853
1874	2.975558	-2.618569	0.908650
1875	-0.003785	-0.563940	0.834134
1876	-0.435108	-0.627743	0.842458
1877	0.428311	-0.628024	0.842536
1878	-2.155663	-0.871787	0.874021
1879	-2.928746	-0.985203	0.887417
1880	-1.831256	-0.956638	0.883638
1881	2.151856	-0.872411	0.874124
1882	1.827625	-0.957003	0.883705
1883	2.926000	-0.985840	0.887447
1885	2.245290	-0.002644	0.787714
1887	3.899772	0.063456	0.770771
1888	4.593596	0.107894	0.747583
1890	3.794243	-0.076837	0.773338
1891	4.551667	-0.123492	0.750627
1893	0.007011	0.370410	0.811101
1894	-0.436067	0.321525	0.806316
1895	0.451176	0.320682	0.806122
1896	-2.041515	0.186458	0.795021
1897	-2.694749	0.147654	0.790921
1898	-1.582420	0.104266	0.791545
1899	2.036713	0.181266	0.794171
1900	1.602352	0.099656	0.790779
1901	2.708934	0.142712	0.789893
1902	-0.000256	1.458286	0.919144
1903	-0.559571	1.387502	0.916393
1904	0.559147	1.387550	0.916395
1905	-2.503047	1.229181	0.908468
1906	-3.188381	1.179487	0.905434
1907	-2.013197	1.120430	0.899748
1908	2.503488	1.229444	0.908472
1909	2.014709	1.120656	0.899754
1910	3.189308	1.179821	0.905432
1911	-0.000064	3.388626	0.935539
1912	-0.506172	3.276508	0.934474
1913	0.506024	3.276517	0.934473
1914	-2.410723	3.012358	0.923865
1915	-3.136603	2.932855	0.914801
1916	-1.955400	2.859478	0.913312
1917	2.410568	3.012427	0.923864
1918	1.955208	2.859541	0.913311
1919	3.136476	2.932959	0.914800
1920	1.018965	5.000000	0.436187
1921	1.609663	5.000000	0.475340
1922	1.601566	5.000000	0.390807
1923	3.479497	5.000000	0.603386
1924	4.170352	5.000000	0.635447
1925	4.251114	5.000000	0.532673
1926	3.470160	5.000000	0.221275
1927	4.262540	5.000000	0.242182
1928	4.197754	5.000000	0.155200
1929	5.000000	-3.308694	0.444877
1930	5.000000	-3.622031	0.466737
1931	5.000000	-3.583566	0.394067
1932	5.000000	-4.469312	0.561674
1933	5.000000	-4.728203	0.594545
1934	5.000000	-4.734951	0.506703
1935	5.000000	-4.418357	0.221731
1936	5.000000	-4.718810	0.240599
1937	5.000000	-4.705875	0.155678
1938	-5.000000	-2.924282	0.366810
1939	-5.000000	-2.856666	0.303714
1940	-5.000000	-3.200899	0.310013
1941	-5.000000	-2.532581	0.119011
1942	-5.000000	-2.351106	0.059484
1943	-5.000000	-2.752883	0.057634
1944	-5.000000	-4.049327	0.131764
1945	-5.000000	-3.979655	0.062828
1946	-5.000000	-4.356353	0.067500
1947	5.000000	2.925181	0.366743
1948	5.000000	2.857737	0.303606
1949	5.000000	3.201651	0.309956
1950	5.000000	2.532698	0.118868
1951	5.000000	2.350636	0.059415
1952	5.000000	2.752780	0.057582
1953	5.000000	4.049539	0.131740
1954	5.000000	3.979749	0.062811
1955	5.000000	4.356431	0.067488
1956	-5.000000	3.308880	0.444913
1957	-5.000000	3.622148	0.466755
1958	-5.000000	3.583701	0.394081
1959	-5.000000	4.469334	0.561666
1960	-5.000000	4.728210	0.594531
1961	-5.000000	4.734961	0.506690
1962	-5.000000	4.418351	0.221719
1963	-5.000000	4.718808	0.240587
1964	-5.000000	4.705861	0.155668
1965	-5.000000	-0.187040	0.334846
1967	-5.000000	-0.348276	0.288774
1969	-5.000000	-0.358532	0.546836
1970	-5.000000	-0.556110	0.462299
1971	-5.000000	-1.048120	0.165985
1972	-5.000000	-1.223056	0.203324
1973	-5.000000	-1.342568	0.126889
1974	5.000000	-0.190251	0.334185
1976	5.000000	-0.350752	0.288141
1978	5.000000	-0.367736	0.545468
1979	5.000000	-0.562577	0.461141
1980	5.000000	-1.049409	0.165583
1981	5.000000	-1.224882	0.202841
1982	5.000000	-1.343627	0.126598
1983	1.037382	-3.299083	-0.000029
1984	1.645513	-3.150563	0.000056
1985	1.624728	-3.480981	-0.000009
1986	3.563669	-2.608704	-0.000273
1987	4.260168	-2.380674	0.000324
1988	4.322010	-2.778781	-0.000101
1989	3.493214	-4.154205	-0.000000
1990	4.289065	-4.033190	0.000000
1991	4.209172	-4.416476	-0.000000
1992	1.023811	-0.000990	0.014267
1993	1.649168	0.164564	-0.001914
1994	1.650210	-0.165055	-0.001920
1995	3.544955	0.799912	0.000002
1996	4.241296	1.061053	-0.000049
1997	4.318476	0.656842	0.000006
1998	3.545242	-0.800095	0.000002
1999	4.318642	-0.656850	0.000006
2000	4.241482	-1.061241	-0.000049
2001	-0.000012	3.644412	0.000000
2002	-0.479445	3.857089	-0.000000
2003	0.479422	3.857091	-0.000000
2004	-2.272110	4.541454	-0.000000
2005	-3.012692	4.790922	-0.000000
2006	-1.845781	4.807756	0.000000
2007	2.272090	4.541458	-0.000000
2008	1.845761	4.807758	0.000000
2009	3.012677	4.790925	-0.000000
2010	4.197764	-5.000000	0.155203
2011	4.262551	-5.000000	0.242188
2012	3.470176	-5.000000	0.221279
2013	4.251123	-5.000000	0.532684
2014	4.170359	-5.000000	0.635458
2015	3.479503	-5.000000	0.603393
2016	1.601580	-5.000000	0.390809
2017	1.609673	-5.000000	0.475342
2018	1.018975	-5.000000	0.436189
2019	3.032109	-5.000000	0.811483
2020	1.841608	-5.000000	0.810542
2021	2.361115	-5.000000	0.736886
2022	-1.841654	-5.000000	0.810541
2023	-3.032145	-5.000000	0.811483
2024	-2.361149	-5.000000	0.736885
2025	0.490563	-5.000000	0.578942
2026	-0.490571	-5.000000	0.578942
2027	0.000000	-5.000000	0.528114
2028	-4.170362	-5.000000	0.635447
2029	-4.251119	-5.000000	0.532672
2030	-3.479507	-5.000000	0.603386
2031	-4.262537	-5.000000	0.242182
2032	-4.197752	-5.000000	0.155200
2033	-3.470156	-5.000000	0.221275
2034	-1.609664	-5.000000	0.475340
2035	-1.601563	-5.000000	0.390807
2036	-1.018963	-5.000000	0.436188
2037	4.164233	-4.477277	0.903158
2038	4.246699	-4.247279	0.915505
2039	3.423850	-4.282219	0.927102
2040	4.317268	-3.492113	0.927323
2041	4.272894	-3.249969	0.923872
2042	3.571073	-3.329892	0.931735
2043	1.577869	-3.770178	0.935780
2044	1.620176	-3.555281	0.935900
2045	1.012324	-3.632933	0.936032
2046	3.136473	-2.932959	0.914800
2047	1.955210	-2.859540	0.913311
2048	2.410569	-3.012425	0.923864
2049	-1.955387	-2.859479	0.913312
2050	-3.136593	-2.932859	0.914801
2051	-2.410711	-3.012360	0.923865
2052	0.506033	-3.276516	0.934473
2053	-0.506162	-3.276508	0.934474
2054	-0.000055	-3.388626	0.935539
2055	-4.272938	-3.249851	0.923872
2056	-4.317303	-3.492018	0.927322
2057	-3.571144	-3.329811	0.931736
2058	-4.246727	-4.247242	0.915501
2059	-4.164263	-4.477255	0.903153
2060	-3.423898	-4.282195	0.927102
2061	-1.620265	-3.555260	0.935900
2062	-1.577945	-3.770160	0.935780
2063	-1.012409	-3.632921	0.936032
2064	3.857643	-0.902503	0.879455
2065	3.857760	-0.772133	0.862421
2066	3.187710	-0.780982	0.863199
2067	3.770447	-0.411620	0.809635
2068	3.711199	-0.305756	0.796676
2069	3.100795	-0.336302	0.805008
2070	1.449404	-0.531467	0.830107
2071	1.460271	-0.440294	0.818941
2072	0.922619	-0.473161	0.822847
2073	2.693693	-0.149900	0.790923
2074	1.582863	-0.105953	0.791580
2075	2.040269	-0.188180	0.795084
2076	-1.600752	-0.100992	0.790871
2077	-2.706174	-0.144489	0.790133
2078	-2.034015	-0.182629	0.794322
2079	0.436250	-0.322447	0.806403
2080	-0.450156	-0.321539	0.806208
2081	-0.006363	-0.371192	0.811185
2082	-3.712680	-0.300358	0.797282
2083	-3.771018	-0.407047	0.810010
2084	-3.100636	-0.331599	0.804662
2085	-3.859017	-0.770044	0.862535
2086	-3.858902	-0.901014	0.879535
2087	-3.190111	-0.779460	0.863119
2088	-1.467623	-0.438371	0.818516
2089	-1.456064	-0.530102	0.829786
2090	-0.931050	-0.472147	0.822592
2091	3.385458	-0.108406	0.782499
2093	2.230469	-0.074455	0.790147
2095	-3.432215	-0.100574	0.782800
2096	-2.775859	-0.059880	0.786642
2099	0.445255	-0.008094	0.790283
2100	-4.595074	-0.111841	0.748629
2102	-3.901195	-0.066816	0.771404
2103	-4.550614	0.119356	0.751338
2105	-3.793077	0.073495	0.773756
2106	-2.283470	0.000468	0.787693
2109	-3.382968	0.105237	0.782743
2111	-2.228023	0.072319	0.790133
2113	3.429495	0.097699	0.782389
2114	2.772240	0.057529	0.786497
2116	1.105136	0.004842	0.789855
2117	-0.359509	0.004651	0.790133
2118	3.715549	0.298290	0.796624
2119	3.773093	0.405424	0.809399
2120	3.103503	0.330091	0.804292
2121	3.859768	0.769600	0.862225
2122	3.859454	0.900883	0.879345
2123	3.191201	0.779199	0.862976
2124	1.469373	0.437660	0.818417
2125	1.457747	0.529561	0.829707
2126	0.932473	0.471546	0.822514
2127	2.929612	0.985377	0.887391
2128	1.832021	0.956720	0.883645
2129	2.156826	0.871783	0.874008
2130	-1.827611	0.956619	0.883660
2131	-2.926146	0.985265	0.887423
2132	-2.151887	0.871885	0.874067
2133	0.436233	0.627355	0.842408
2134	-0.427732	0.627553	0.842471
2135	0.004621	0.563448	0.834068
2136	-3.857688	0.901516	0.879521
2137	-3.857943	0.770915	0.862513
2138	-3.187912	0.780047	0.863175
2139	-3.771714	0.409415	0.809739
2140	-3.713094	0.303144	0.796776
2141	-3.102563	0.334323	0.804973
2142	-1.449627	0.530680	0.830008
2143	-1.460685	0.439354	0.818836
2144	-0.922579	0.472411	0.822754
2145	4.272896	3.249967	0.923872
2146	4.317268	3.492113	0.927322
2147	3.571073	3.329893	0.931735
2148	4.246700	4.247279	0.915499
2149	4.164236	4.477277	0.903152
2150	3.423851	4.282218	0.927101
2151	1.620171	3.555282	0.935900
2152	1.577865	3.770178	0.935780
2153	1.012319	3.632933	0.936032
2154	2.922473	4.673417	0.914967
2155	1.770088	4.671001	0.913412
2156	2.194450	4.499119	0.923656
2157	-1.770138	4.670999	0.913412
2158	-2.922516	4.673412	0.914968
2159	-2.194506	4.499112	0.923656
2160	0.459309	4.005122	0.934571
2161	-0.459385	4.005118	0.934571
2162	-0.000041	3.854641	0.935551
2163	-4.164264	4.477255	0.903153
2164	-4.246729	4.247241	0.915501
2165	-3.423899	4.282194	0.927102
2166	-4.317306	3.492013	0.927322
2167	-4.272942	3.249845	0.923872
2168	-3.571151	3.329808	0.931736
2169	-1.577949	3.770160	0.935780
2170	-1.620272	3.555260	0.935900
2171	-1.012414	3.632921	0.936032
2172	3.047662	5.000000	0.068413
2173	1.873231	5.000000	0.065721
2174	2.283461	5.000000	0.132240
2175	-1.873243	5.000000	0.065721
2176	-3.047669	5.000000	0.068413
2177	-2.283467	5.000000	0.132240
2178	0.478621	5.000000	0.295826
2179	-0.478625	5.000000	0.295826
2180	-0.000002	5.000000	0.347825
2181	-4.197755	5.000000	0.155200
2182	-4.262542	5.000000	0.242182
2183	-3.470162	5.000000	0.221276
2184	-4.251118	5.000000	0.532674
2185	-4.170357	5.000000	0.635448
2186	-3.479503	5.000000	0.603386
2187	-1.601569	5.000000	0.390807
2188	-1.609667	5.000000	0.475340
2189	-1.018969	5.000000	0.436187
2190	-3.032139	5.000000	0.811483
2191	-1.841645	5.000000	0.810541
2192	-2.361141	5.000000	0.736885
2193	1.841618	5.000000	0.810541
2194	3.032119	5.000000	0.811483
2195	2.361127	5.000000	0.736885
2196	-0.490569	5.000000	0.578942
2197	0.490564	5.000000	0.578941
2198	-0.000002	5.000000	0.528113
2199	5.000000	-4.356521	0.067492
2200	5.000000	-3.979909	0.062814
2201	5.000000	-4.049653	0.131748
2202	5.000000	-2.753418	0.057585
2203	5.000000	-2.351716	0.059412
2204	5.000000	-2.533515	0.118894
2205	5.000000	-3.201736	0.309943
2206	5.000000	-2.857801	0.303587
2207	5.000000	-2.925315	0.366704
2208	5.000000	-1.835712	0.140589
2209	5.000000	-1.651357	0.220195
2210	5.000000	-1.972494	0.198004
2211	5.000000	-0.905729	0.487846
2212	5.000000	-0.632916	0.594850
2213	5.000000	-0.955462	0.539804
2214	5.000000	-2.240965	0.369825
2215	5.000000	-1.966333	0.438542
2216	5.000000	-2.308047	0.426107
2217	5.000000	-0.383398	0.763971
2218	5.000000	-0.469113	0.789051
2219	5.000000	-0.740833	0.685753
2220	5.000000	-0.845537	0.878004
2221	5.000000	-1.041514	0.895434
2222	5.000000	-1.140740	0.823043
2223	5.000000	-1.754257	0.559944
2224	5.000000	-1.822963	0.606843
2225	5.000000	-2.093877	0.542506
2226	5.000000	-1.495165	0.857838
2227	5.000000	-1.719369	0.849746
2228	5.000000	-1.593302	0.808648
2229	5.000000	-2.439704	0.848167
2230	5.000000	-2.686791	0.852822
2231	5.000000	-2.658441	0.803654
2232	5.000000	-2.223419	0.642943
2233	5.000000	-2.540579	0.645540
2234	5.000000	-2.487011	0.591369
2235	5.000000	-3.195636	0.851922
2236	5.000000	-3.457109	0.843295
2237	5.000000	-3.196464	0.799073
2238	5.000000	-4.218312	0.791662
2239	5.000000	-4.448418	0.745518
2240	5.000000	-4.213928	0.699733
2241	5.000000	-3.119821	0.620343
2242	5.000000	-3.388021	0.581617
2243	5.000000	-3.079237	0.557287
2244	-5.000000	-4.705779	0.155677
2245	-5.000000	-4.718722	0.240591
2246	-5.000000	-4.418160	0.221731
2247	-5.000000	-4.734906	0.506682
2248	-5.000000	-4.728170	0.594524
2249	-5.000000	-4.469235	0.561654
2250	-5.000000	-3.583069	0.394085
2251	-5.000000	-3.621640	0.466742
2252	-5.000000	-3.308093	0.444911
2253	-5.000000	-4.448378	0.745502
2254	-5.000000	-4.218259	0.791652
2255	-5.000000	-4.213860	0.699717
2256	-5.000000	-3.457008	0.843295
2257	-5.000000	-3.195505	0.851924
2258	-5.000000	-3.196338	0.799078
2259	-5.000000	-3.387692	0.581624
2260	-5.000000	-3.119449	0.620362
2261	-5.000000	-3.078704	0.557322
2262	-5.000000	-2.686573	0.852829
2263	-5.000000	-2.439419	0.848177
2264	-5.000000	-2.658211	0.803670
2265	-5.000000	-1.718691	0.849778
2266	-5.000000	-1.494269	0.857881
2267	-5.000000	-1.592236	0.808741
2268	-5.000000	-2.539905	0.645611
2269	-5.000000	-2.222364	0.643073
2270	-5.000000	-2.486063	0.591477
2271	-5.000000	-1.039908	0.895562
2272	-5.000000	-0.843212	0.878276
2273	-5.000000	-1.138708	0.823254
2274	-5.000000	-0.464255	0.788815
2275	-5.000000	-0.377464	0.763605
2276	-5.000000	-0.735770	0.686002
2277	-5.000000	-1.820926	0.607128
2278	-5.000000	-1.751808	0.560301
2279	-5.000000	-2.092099	0.542756
2280	-5.000000	-0.625386	0.595679
2281	-5.000000	-0.900070	0.488710
2282	-5.000000	-0.950119	0.540465
2283	-5.000000	-1.649417	0.220604
2284	-5.000000	-1.834459	0.140836
2285	-5.000000	-1.970889	0.198298
2286	-5.000000	-1.964036	0.438901
2287	-5.000000	-2.239108	0.370107
2288	-5.000000	-2.306326	0.426352
2289	5.000000	4.705851	0.155669
2290	5.000000	4.718795	0.240589
2291	5.000000	4.418321	0.221721
2292	5.000000	4.734945	0.506687
2293	5.000000	4.728197	0.594527
2294	5.000000	4.469299	0.561661
2295	5.000000	3.583490	0.394075
2296	5.000000	3.621941	0.466745
2297	5.000000	3.308544	0.444900
2298	5.000000	4.448406	0.745501
2299	5.000000	4.218294	0.791650
2300	5.000000	4.213904	0.699721
2301	5.000000	3.457066	0.843291
2302	5.000000	3.195578	0.851919
2303	5.000000	3.196353	0.799069
2304	5.000000	3.387847	0.581627
2305	5.000000	3.119538	0.620359
2306	5.000000	3.078930	0.557316
2307	5.000000	2.686667	0.852819
2308	5.000000	2.439501	0.848164
2309	5.000000	2.658195	0.803653
2310	5.000000	1.718653	0.849740
2311	5.000000	1.494190	0.857829
2312	5.000000	1.591877	0.808664
2313	5.000000	2.539873	0.645586
2314	5.000000	2.222286	0.643025
2315	5.000000	2.486209	0.591444
2316	5.000000	1.039839	0.895334
2317	5.000000	0.842766	0.877658
2318	5.000000	1.138134	0.822980
2319	5.000000	0.462407	0.787472
2320	5.000000	0.374928	0.762217
2321	5.000000	0.734841	0.685376
2322	5.000000	1.821074	0.607003
2323	5.000000	1.752455	0.560134
2324	5.000000	2.092664	0.542657
2325	5.000000	0.624970	0.596077
2326	5.000000	0.904733	0.488877
2327	5.000000	0.952237	0.540370
2328	5.000000	1.650270	0.220091
2329	5.000000	1.833347	0.140603
2330	5.000000	1.971715	0.197903
2331	5.000000	1.965848	0.438688
2332	5.000000	2.240946	0.369898
2333	5.000000	2.307656	0.426217
2334	-5.000000	4.356441	0.067486
2335	-5.000000	3.979767	0.062808
2336	-5.000000	4.049579	0.131737
2337	-5.000000	2.752840	0.057574
2338	-5.000000	2.350716	0.059405
2339	-5.000000	2.532920	0.118852
2340	-5.000000	3.201973	0.309954
2341	-5.000000	2.858231	0.303604
2342	-5.000000	2.925704	0.366750
2343	-5.000000	1.833801	0.140580
2344	-5.000000	1.651346	0.220069
2345	-5.000000	1.972447	0.197881
2346	-5.000000	0.909874	0.489112
2347	-5.000000	0.632047	0.596638
2348	-5.000000	0.957067	0.540814
2349	-5.000000	2.242100	0.369925
2350	-5.000000	1.967510	0.438770
2351	-5.000000	2.308812	0.426259
2352	-5.000000	0.380205	0.764188
2353	-5.000000	0.466493	0.789317
2354	-5.000000	0.739209	0.686492
2355	-5.000000	0.844114	0.878384
2356	-5.000000	1.040402	0.895597
2357	-5.000000	1.139723	0.823323
2358	-5.000000	1.754470	0.560310
2359	-5.000000	1.822887	0.607157
2360	-5.000000	2.094137	0.542751
2361	-5.000000	1.494604	0.857904
2362	-5.000000	1.718960	0.849802
2363	-5.000000	1.592868	0.808777
2364	-5.000000	2.439523	0.848191
2365	-5.000000	2.686646	0.852839
2366	-5.000000	2.658390	0.803691
2367	-5.000000	2.223426	0.643107
2368	-5.000000	2.540657	0.645646
2369	-5.000000	2.487138	0.591503
2370	-5.000000	3.195558	0.851933
2371	-5.000000	3.457062	0.843305
2372	-5.000000	3.196461	0.799096
2373	-5.000000	4.218299	0.791660
2374	-5.000000	4.448412	0.745509
2375	-5.000000	4.213944	0.699731
2376	-5.000000	3.119934	0.620394
2377	-5.000000	3.388132	0.581651
2378	-5.000000	3.079388	0.557347
2379	-5.000000	-1.053271	0.045322
2380	-5.000000	-0.652348	0.039319
2381	-5.000000	-0.768258	0.085104
2382	-5.000000	0.653432	0.039934
2383	-5.000000	1.051045	0.045983
2384	-5.000000	0.765572	0.086788
2385	-5.000000	-0.132418	0.201343
2386	-5.000000	0.127403	0.204348
2387	-5.000000	-0.006642	0.243596
2388	-5.000000	1.337454	0.127555
2389	-5.000000	1.218885	0.203861
2390	-5.000000	1.039047	0.167972
2391	-5.000000	0.586253	0.463090
2392	-5.000000	0.360530	0.550516
2394	-5.000000	0.313473	0.301765
2395	-5.000000	0.230097	0.397443
2396	-5.000000	0.136982	0.346091
2397	-5.000000	0.153167	0.667375
2399	-5.000000	0.153743	0.554918
2400	-5.000000	0.005618	0.654980
2404	-5.000000	-0.263073	0.463983
2406	5.000000	-1.053521	0.045222
2407	5.000000	-0.652403	0.039238
2408	5.000000	-0.768598	0.084914
2409	5.000000	0.653634	0.039898
2410	5.000000	1.051189	0.045961
2411	5.000000	0.765675	0.086727
2412	5.000000	-0.133376	0.200964
2413	5.000000	0.126527	0.204045
2414	5.000000	-0.008111	0.243181
2415	5.000000	1.337109	0.127555
2416	5.000000	1.217822	0.203865
2417	5.000000	1.038434	0.167938
2418	5.000000	0.580092	0.463012
2419	5.000000	0.351413	0.550395
2421	5.000000	0.311023	0.301454
2422	5.000000	0.225586	0.397055
2423	5.000000	0.133669	0.345632
2424	5.000000	0.138712	0.666840
2426	5.000000	0.143913	0.554523
2427	5.000000	-0.009393	0.654134
2431	5.000000	-0.269501	0.462934
2433	3.012643	-4.790946	-0.000000
2434	1.845732	-4.807774	0.000000
2435	2.272053	-4.541495	-0.000000
2436	-1.845768	-4.807771	0.000000
2437	-3.012674	-4.790941	-0.000000
2438	-2.272090	-4.541487	-0.000000
2439	0.479405	-3.857158	-0.000000
2440	-0.479444	-3.857154	-0.000000
2441	-0.000019	-3.644490	0.000000
2442	-4.209191	-4.416450	-0.000000
2443	-4.289081	-4.033147	0.000000
2444	-3.493242	-4.154180	-0.000000
2445	-4.322015	-2.778700	-0.000102
2446	-4.260167	-2.380590	0.000324
2447	-3.563677	-2.608642	-0.000273
2448	-1.624762	-3.480966	-0.000009
2449	-1.645545	-3.150545	0.000056
2450	-1.037416	-3.299073	-0.000029
2451	-3.109028	-1.966405	-0.000410
2452	-1.931459	-1.929101	-0.000328
2453	-2.372466	-2.181327	0.000518
2454	1.931469	-1.929138	-0.000328
2455	3.109038	-1.966465	-0.000410
2456	2.372462	-2.181370	0.000518
2457	-0.502005	-2.750652	-0.000298
2458	0.501972	-2.750659	-0.000298
2459	-0.000017	-2.940942	0.000229
2460	3.070656	-1.454983	-0.000001
2461	1.897865	-1.472579	0.000332
2462	2.327151	-1.206634	-0.000299
2463	-1.897808	-1.472546	0.000332
2464	-3.070610	-1.454932	-0.000001
2465	-2.327088	-1.206602	-0.000299
2466	0.483631	-0.542723	0.024437
2467	-0.483555	-0.542720	0.024437
2468	0.000035	-0.334946	-0.071556
2469	-4.241454	-1.061199	-0.000049
2470	-4.318619	-0.656833	0.000006
2471	-3.545197	-0.800068	0.000002
2472	-4.318465	0.656797	0.000006
2473	-4.241289	1.061000	-0.000049
2474	-3.544935	0.799879	0.000002
2475	-1.650148	-0.165052	-0.001920
2476	-1.649113	0.164561	-0.001914
2477	-1.023749	-0.000990	0.014268
2478	-3.070481	1.454597	-0.000001
2479	-1.897715	1.472211	0.000332
2480	-2.326883	1.206284	-0.000299
2481	1.897732	1.472236	0.000332
2482	3.070490	1.454637	-0.000001
2483	2.326907	1.206310	-0.000299
2484	-0.483588	0.541893	0.024005
2485	0.483642	0.541895	0.024005
2486	0.000029	0.333070	-0.068657
2487	4.209196	4.416401	-0.000000
2488	4.289086	4.033066	0.000000
2489	3.493250	4.154117	-0.000000
2490	4.322013	2.778487	-0.000101
2491	4.260161	2.380327	0.000324
2492	3.563666	2.608425	-0.000273
2493	1.624755	3.480871	-0.000009
2494	1.645529	3.150421	0.000055
2495	1.037398	3.298968	-0.000029
2496	3.108994	1.966109	-0.000410
2497	1.931424	1.928809	-0.000328
2498	2.372433	2.181074	0.000517
2499	-1.931437	1.928784	-0.000328
2500	-3.109004	1.966067	-0.000410
2501	-2.372452	2.181045	0.000517
2502	0.501973	2.750490	-0.000297
2503	-0.502001	2.750486	-0.000297
2504	-0.000014	2.940801	0.000229
2505	-4.260169	2.380277	0.000324
2506	-4.322020	2.778445	-0.000101
2507	-3.563680	2.608388	-0.000273
2508	-4.289094	4.033048	0.000000
2509	-4.209204	4.416391	-0.000000
2510	-3.493264	4.154105	-0.000000
2511	-1.645553	3.150410	0.000055
2512	-1.624777	3.480862	-0.000009
2513	-1.037422	3.298962	-0.000029
2514	4.176464	-2.481945	0.917092
2515	4.277207	-2.277031	0.921701
2516	3.459448	-2.264658	0.922252
2517	4.389428	-1.624034	0.922641
2518	4.341659	-1.425489	0.917708
2519	3.692880	-1.480407	0.922347
2520	1.661882	-1.759539	0.924883
2521	1.743816	-1.601619	0.923353
2522	1.087999	-1.640416	0.923491
2523	3.188134	-1.179962	0.905441
2524	2.012882	-1.120732	0.899773
2525	2.502650	-1.229512	0.908482
2526	-2.014822	-1.120472	0.899743
2527	-3.189359	-1.179519	0.905438
2528	-2.503763	-1.229217	0.908466
2529	0.558947	-1.387557	0.916396
2530	-0.559756	-1.387513	0.916392
2531	-0.000349	-1.458291	0.919144
2532	-4.341913	-1.424933	0.917739
2533	-4.389600	-1.623563	0.922661
2534	-3.693268	-1.480012	0.922363
2535	-4.277313	-2.276773	0.921705
2536	-4.176563	-2.481735	0.917095
2537	-3.459632	-2.264474	0.922255
2538	-1.744328	-1.601495	0.923349
2539	-1.662303	-1.759434	0.924881
2540	-1.088502	-1.640344	0.923489
2541	4.341818	1.425310	0.917711
2542	4.389499	1.623910	0.922642
2543	3.693057	1.480321	0.922347
2544	4.277226	2.277002	0.921702
2545	4.176478	2.481930	0.917092
2546	3.459466	2.264651	0.922252
2547	1.743869	1.601615	0.923352
2548	1.661898	1.759538	0.924882
2549	1.088019	1.640416	0.923491
2550	2.975561	2.618568	0.908650
2551	1.820070	2.575622	0.907853
2552	2.217948	2.413313	0.914683
2553	-1.820291	2.575548	0.907854
2554	-2.975730	2.618444	0.908651
2555	-2.218183	2.413212	0.914684
2556	0.471185	1.919427	0.923546
2557	-0.471594	1.919400	0.923546
2558	-0.000229	1.793330	0.924140
2559	-4.176572	2.481722	0.917095
2560	-4.277322	2.276755	0.921705
2561	-3.459649	2.264463	0.922255
2562	-4.389570	1.623528	0.922657
2563	-4.341804	1.424900	0.917732
2564	-3.693158	1.479976	0.922359
2565	-1.662324	1.759428	0.924882
2566	-1.744316	1.601485	0.923350
2567	-1.088508	1.640340	0.923489
