40.37737742609809 0.6535947712418304
42.575132696643266 0.7843137254901964
44.10636618236333 0.9281045751633994
46.507091660864326 1.071895424836602
49.03848949626038 1.2156862745098045
51.707672232242636 1.359477124183007
53.567361543249525 1.5032679738562096
56.483052424271975 1.6601307189542487
59.557445415474206 1.7908496732026147
62.799178730166034 1.9607843137254903
66.21736076273467 2.1176470588235294
69.82159568077157 2.287581699346405
74.93423999156656 2.4444444444444446
80.42125460418356 2.588235294117647
84.79861260604245 2.7320261437908497
95.96153508354703 2.888888888888889
110.52951411260221 3.019607843137255
131.8877938237501 3.084967320261438
160.17826328489022 3.1241830065359477
194.53715378127237 3.045751633986928
224.06995746339643 2.9150326797385624
253.56661416369053 2.7973856209150325
292.0607161430836 2.6535947712418304
330.50770286651294 2.522875816993464
374.0158659358476 2.379084967320262
415.83958735788667 2.2483660130718954
470.5808730239539 2.1307189542483664
532.528322911697 1.986928104575164
581.7091329374358 1.882352941176471
658.2855503560193 1.7777777777777781
731.8972710923961 1.6732026143790852
813.740503863085 1.5686274509803928
920.861621559083 1.4640522875817
1060.6581846283884 1.359477124183007
1158.613591760984 1.2679738562091507
