0.0005973429965216532 0.00003267847557754666
0.000637082688606949 0.000042143711490104774
0.0006579332246575682 0.000004001732630551816
0.000968309039171154 0.000016734904531856378
0.0014251026703029992 0.00006779247412621606
0.002030917620904739 0.00023425415755598194
0.003086814200577516 0.001011223599786984
0.0038673420690208465 0.0022389525459161324
0.005336699231206313 0.0059985669972689665
0.0066861301346527605 0.012865547732482224
0.007605344324996072 0.015566859500057793
0.011559447129234724 0.026709763858416585
0.01193776641714437 0.0010080788207973961
0.014482354062368896 0.0019038808321423688
0.018144343483121075 0.0037116733693502214
0.025038101670078423 0.0074682705780798955
0.02848035868435802 0.00994130839873071
0.041915786768868285 0.015505794342564817
0.04767840060099483 0.02344149063884326
0.05423326290888857 0.05028779732969092
0.059734299652165326 0.1078877681748449
0.06370826886069483 0.17946452190116358
0.06794661601225387 0.27135274939033277
0.07728796779070163 0.4659004550348155
0.08791357562441743 0.750616646335114
0.10665274261466212 1.1346057555831512
0.14251026703029993 1.8863658627878561
0.17288695996694156 2.510643309938837
0.20973857918781244 3.3415203031849625
0.23857359651011498 3.5599928570119572
0.2544452838324757 4.892760632102517
0.28025440503300975 5.735112958427166
0.28942661247167517 4.171963609037078
0.31878399103035754 3.132503450639375
0.3511191734215131 2.938739461582986
0.36261065343566534 1.4136424745166143
0.37447822829997546 0.44967428404415666
0.3993913009767201 0.2095209331598789
0.41246263829013563 0.16767824980812124
0.5167574104914816 0.05865333784929776
0.5336699231206312 0.04133085044699344
0.7605344324996072 0.013137439682872561
0.8376776400682916 0.009864198012183372
0.9226457063411736 0.001714092459463814
0.9840269504292822 0.0002795149639529641
1.0494917307002511 0.00004857465593083175
1.0838396506125652 0.000005762932085505431
1.119311714305903 0.0000012918609919023579
4.616742627516673 1.6281652880566982e-7
4.767840060099483 2.623736217320162e-7
5.251455869842237 3.4928173846317076e-7
5.251455869842237 4.0950622563633544e-7
5.600821712385413 4.6501161095331284e-7
5.973429965216532 8.78492174295575e-7
6.16892926077569 0.0000017134093410713514
6.16892926077569 0.00002049185798831477
6.579332246575669 0.00002642727164265639
7.017038286703837 0.000016925868168586617
7.246692949092184 0.000024792587546039388
7.981745978211452 0.0000158777249113045
8.512750994298015 0.00008570791350524048
9.376223953405617 0.00003747004647114309
9.68309039171153 0.00012158451776066954
10.327281472617187 0.00013374102249942598
10.665274261466223 0.0002087706254024563
11.747083882399673 0.00014709116485498347
11.747083882399673 0.00019585691922041867
12.938624582652153 0.0002446587638790969
12.938624582652153 0.0003363024525501889
13.799397974013417 0.00011042647761040442
15.199110829529332 0.00016695392437535131
15.696549567005352 0.001238884290246703
17.28869599669414 0.00039402592532246665
20.309176209047347 0.0002688813329030123
21.660293429393484 0.0001335130974992164
23.8573596510115 0.0000971086669527788
26.27728065517943 0.00011750677983354213
28.025440503300945 0.00010345007443237057
60.70392647895063 0.00016642237619637627
95.28421908886972 0.0002765869137641095
135.78979506128425 0.0005390546399696916
181.44343483121074 0.0008681540769101138
234.76284862679475 0.0013544909606052512
