2000 0.999904 3.19e-5
1952 0.999913 3.46e-5
1905 0.999922 3.76e-5
1860 0.999931 4.08e-5
1815 0.999911 3.93e-6
1772 0.999885 4.32e-6
1730 0.999874 4.74e-6
1688 0.999863 5.20e-6
1648 0.999854 5.70e-6
1609 0.999844 6.24e-6
1570 0.999834 6.85e-6
1533 0.999824 7.49e-6
1496 0.999814 8.22e-6
1460 0.999803 8.99e-6
1426 0.999792 9.81e-6
1392 0.999781 1.07e-5
1358 0.999769 1.17e-5
1326 0.999756 1.28e-5
1294 0.999743 1.40e-5
1263 0.999729 1.53e-5
1233 0.999715 1.67e-5
1204 0.999700 1.83e-5
1175 0.999684 2.00e-5
1147 0.999667 2.18e-5
1119 0.999649 2.39e-5
1093 0.999631 2.60e-5
1067 0.999612 2.84e-5
1041 0.999591 3.10e-5
1016 0.999570 3.39e-5
992 0.999548 3.70e-5
968 0.999524 4.04e-5
945 0.999500 4.41e-5
923 0.999474 4.80e-5
901 0.999447 5.24e-5
879 0.999418 5.73e-5
858 0.999388 6.25e-5
838 0.999358 6.80e-5
818 0.999325 7.42e-5
798 0.999289 8.11e-5
779 0.999253 8.84e-5
760 0.999214 9.66e-5
742 0.999174 1.05e-4
725 0.999134 1.14e-4
707 0.999088 1.25e-4
690 0.999041 1.36e-4
674 0.99899 1.48e-4
658 0.99894 1.61e-4
642 0.99889 1.76e-4
627 0.99883 1.91e-4
612 0.99878 2.08e-4
597 0.99871 2.27e-4
583 0.99865 2.47e-4
569 0.99858 2.69e-4
555 0.99851 2.94e-4
542 0.99843 3.19e-4
529 0.99836 3.47e-4
516 0.99827 3.79e-4
504 0.99819 4.11e-4
492 0.99810 4.47e-4
480 0.99800 4.87e-4
469 0.99791 5.27e-4
458 0.99781 5.72e-4
447 0.99770 6.22e-4
436 0.99759 6.77e-4
426 0.99748 7.34e-4
415 0.99735 8.01e-4
406 0.99723 8.63e-4
396 0.99710 9.39e-4
386 0.99695 1.02e-3
377 0.99682 1.11e-3
368 0.99667 1.20e-3
359 0.99651 1.31e-3
351 0.99636 1.41e-3
342 0.99619 1.53e-3
334 0.99602 1.66e-3
326 0.99585 1.80e-3
318 0.99566 1.95e-3
311 0.99549 2.10e-3
303 0.99528 2.29e-3
296 0.99509 2.47e-3
289 0.99489 2.67e-3
282 0.99468 2.88e-3
275 0.99446 3.13e-3
269 0.99427 3.36e-3
262 0.99403 3.65e-3
256 0.99382 3.93e-3
250 0.99361 4.23e-3
244 0.99339 4.57e-3
238 0.99318 4.94e-3
232 0.99296 5.34e-3
227 0.99277 5.70e-3
221 0.99254 6.19e-3
216 0.99236 6.63e-3
211 0.99212 7.12e-3
206 0.99206 7.63e-3
201 0.99192 8.18e-3
196 0.99179 8.79e-3
191 0.99169 9.46e-3
187 0.99167 1e-2
182 0.99164 1.07e-2
178 0.99164 1.14e-2
174 0.99167 1.21e-2
170 0.99176 1.28e-2
166 0.99235 1.45e-2
162 0.99235 1.45e-2
158 0.99287 1.52e-2
154 0.99340 1.57e-2
150 0.99384 1.62e-2
147 0.99415 1.66e-2
143 0.99460 1.72e-2
140 0.99496 1.77e-2
136 0.99549 1.83e-2
133 0.99549 1.88e-2
130 0.99645 1.94e-2
127 0.99705 2e-2
124 0.99773 2.06e-2
121 0.99856 2.12e-2
118 0.99958 2.19e-2
115 1.0008 2.26e-2
112 1.0024 2.33e-2
110 1.0039 2.39e-2
107 1.0070 2.47e-2
104 1.0132 2.56e-2
102 1.0241 2.62e-2
101.6 1.025 2.4e-2
100.8 1.030 5e-3
100 1.032 1.54e-3
99.19 1.034 1e-3
98.4 1.034 1.02e-3
96.86 1.034	1.09e-3
95.37 1.03	1.13e-3
93.93 1.002	1.2e-3
91.17 1.008	1.3e-3
88.56 1	1.43e-3
82.66 0.993 1.78e-3
77.49 0.991 2.15e-3
72.93 0.988 2.54e-3
68.88 0.985 2.97e-3
65.26 0.982 3.43e-3
61.99 0.978 3.93e-3
59.04 0.976 4.43e-3
56.36 0.972 5.0e-3
53.91 0.968 5.53e-3
51.66 0.964 6.1e-3
49.59 0.960 6.7e-3
47.69 0.956 7.3e-3
45.92 0.952 7.85e-3
44.28 0.947 8.4e-3
42.75 0.942 9.0e-3
41.33 0.937 9.5e-3
40.00 0.930 1e-2
38.75 0.925 1.04e-2
37.57 0.918 1e-2
36.47 0.913 1.13e-2
35.42 0.906 1.17e-2
34.44 0.899 1.21e-2
33.51 0.893 1.24e-2
32.63 0.885 1.28e-2
31.79 0.877 1.32e-2
31.00 0.869 1.35e-2
30.24 0.860 1.38e-2
29.52 0.853 1.42e-2
28.83 0.843 1.47e-2
28.18 0.834 1.52e-2
27.55 0.824 1.58e-2
26.95 0.814 1.68e-2
26.38 0.803 1.78e-2
25.83 0.792 1.92e-2
25.30 0.778 2.05e-2
24.80 0.766 2.23e-2
24.31 0.752 2.43e-2
23.84 0.737 2.64e-2
23.39 0.722 2.92e-2
22.96 0.706 3.25e-2
22.54 0.691 3.65e-2
22.14 0.675 4.05e-2
21.75 0.659 4.55e-2
21.38 0.644 5.1e-2
21.01 0.627 5.8e-2
20.66 0.61 6.5e-2
20.33 0.59 7.4e-2
20.00 0.567 8.35e-2
19.68 0.549 9.3e-2
19.5	0.542	0.140
19.37	0.53	0.10129
19.07	0.513	0.113
19.0	0.514	0.163
18.5	0.485	0.189
18.0	0.455	0.219
17.75	0.440	0.237
17.5	0.426	0.255
17.25	0.411	0.275
17.0	0.397	0.296
16.80	0.386	0.314
16.7	0.379	0.323
16.6	0.374	0.333
16.5	0.369	0.342
16.25	0.357	0.367
16.0	0.345	0.394
15.75	0.333	0.421
15.5	0.323	0.450
15.25	0.313	0.479
15.0	0.304	0.510
14.75	0.296	0.541
14.5	0.288	0.573
14.25	0.281	0.607
14.0	0.275	0.641
13.75	0.269	0.677
13.5	0.265	0.714
13.25	0.261	0.752
13.0	0.258	0.792
12.75	0.256	0.833
12.5	0.255	0.875
12.25	0.256	0.918
12.0	0.257	0.963
11.75	0.259	1.01
11.5	0.263	1.06
11.25	0.267	1.11
11.0	0.272	1.16
10.75	0.278	1.21
10.5	0.286	1.26
10.25	0.295	1.32
10.0	0.306	1.38
9.75	0.318	1.45
9.5	0.332	1.51
9.25	0.348	1.58
9.0	0.367	1.66
8.75	0.389	1.73
8.5	0.414	1.82
8.25	0.444	1.90
8.0	0.478	2.00
7.75	0.517	2.10
7.5	0.563	2.21
7.25	0.618	2.32
7	0.682	2.45
6.75	0.756	2.58
6.5	0.847	2.73
6.25	0.968	2.89
6.0	1.010	2.909
5.98	1.036	2.928
5.96	1.046	2.944
5.94	1.066	2.937
5.92	1.070	2.963
5.9	1.083	2.982
5.88	1.088	2.987
5.86	1.102	3.005
5.84	1.109	3.015
5.82	1.119	3.025
5.8	1.133	3.045
5.78	1.139	3.061
5.76	1.155	3.073
5.74	1.164	3.086
5.72	1.175	3.102
5.7	1.180	3.112
5.68	1.195	3.135
5.66	1.211	3.150
5.64	1.222	3.169
5.62	1.235	3.190
5.6	1.247	3.206
5.58	1.265	3.228
5.56	1.280	3.245
5.54	1.299	3.267
5.52	1.319	3.285
5.5	1.340	3.302
5.48	1.362	3.319
5.46	1.389	3.334
5.44	1.416	3.350
5.42	1.445	3.359
5.4	1.471	3.366
5.38	1.502	3.368
5.36	1.526	3.368
5.34	1.548	3.364
5.32	1.566	3.358
5.3	1.579	3.353
5.28	1.585	3.346
5.26	1.590	3.344
5.24	1.591	3.344
5.22	1.592	3.347
5.2	1.589	3.354
5.18	1.586	3.363
5.16	1.582	3.376
5.14	1.579	3.389
5.12	1.573	3.408
5.1	1.571	3.429
5.08	1.570	3.451
5.06	1.569	3.477
5.04	1.568	3.504
5.02	1.569	3.533
5.0	1.570	3.565
4.98	1.575	3.598
4.96	1.580	3.632
4.94	1.584	3.670
4.92	1.591	3.709
4.9	1.597	3.749
4.88	1.608	3.789
4.86	1.618	3.835
4.84	1.629	3.880
4.82	1.643	3.928
4.8	1.658	3.979
4.78	1.673	4.031
4.76	1.692	4.088
4.74	1.713	4.149
4.72	1.737	4.211
4.7	1.764	4.278
4.68	1.794	4.350
4.66	1.831	4.426
4.64	1.874	4.506
4.62	1.927	4.590
4.6	1.988	4.678
4.58	2.059	4.764
4.56	2.140	4.849
4.54	2.234	4.933
4.52	2.339	5.011
4.5	2.451	5.082
4.48	2.572	5.148
4.46	2.700	5.206
4.44	2.833	5.257
4.42	2.974	5.304
4.4	3.120	5.344
4.38	3.277	5.381
4.36	3.444	5.414
4.34	3.634	5.435
4.32	3.849	5.439
4.3	4.086	5.395
4.28	4.318	5.301
4.26	4.525	5.158
4.24	4.686	4.989
4.22	4.805	4.812
4.2	4.888	4.639
4.18	4.941	4.480
4.16	4.977	4.335
4.14	4.999	4.204
4.12	5.012	4.086
4.1	5.020	3.979
4.08	5.021	3.885
4.06	5.020	3.798
4.04	5.018	3.720
4.02	5.015	3.650
4.0	5.010	3.587
3.98	5.009	3.529
3.96	5.010	3.477
3.94	5.009	3.429
3.92	5.012	3.386
3.9	5.016	3.346
3.88	5.021	3.310
3.86	5.029	3.275
3.84	5.040	3.242
3.82	5.052	3.211
3.8	5.065	3.182
3.78	5.079	3.154
3.76	5.095	3.128
3.74	5.115	3.103
3.72	5.134	3.079
3.7	5.156	3.058
3.68	5.179	3.039
3.66	5.204	3.021
3.64	5.231	3.007
3.62	5.261	2.995
3.6	5.296	2.987
3.58	5.336	2.983
3.56	5.383	2.984
3.54	5.442	2.989
3.52	5.515	2.999
3.5	5.610	3.014
3.48	5.733	3.026
3.46	5.894	3.023
3.44	6.089	2.982
3.42	6.308	2.881
3.4	6.522	2.705
3.38	6.695	2.456
3.36	6.796	2.169
3.34	6.829	1.870
3.32	6.799	1.577
3.3	6.709	1.321
3.28	6.585	1.110
3.26	6.452	0.945
3.24	6.316	0.815
3.22	6.185	0.714
3.2	6.062	0.630
3.18	5.948	0.561
3.16	5.842	0.505
3.14	5.744	0.456
3.12	5.654	0.416
3.1	5.570	0.387
3.08	5.493	0.355
3.06	5.420	0.329
3.04	5.349	0.313
3.02	5.284	0.291
3.0	5.222	0.269
2.98	5.164	0.255
2.96	5.109	0.244
2.94	5.058	0.228
2.92	5.009	0.211
2.9	4.961	0.203
2.88	4.916	0.194
2.86	4.872	0.185
2.84	4.831	0.185
2.82	4.791	0.170
2.8	4.753	0.163
2.78	4.718	0.149
2.76	4.682	0.149
2.74	4.648	0.133
2.72	4.615	0.131
2.7	4.583	0.130
2.68	4.553	0.131
2.66	4.522	0.134
2.64	4.495	0.120
2.62	4.466	0.120
2.6	4.442	0.090
2.58	4.416	0.094
2.56	4.391	0.083
2.54	4.367	0.079
2.52	4.343	0.077
2.5	4.320	0.073
2.48	4.298	0.073
2.46	4.277	0.066
2.44	4.255	0.072
2.42	4.235	0.060
2.4	4.215	0.060
2.38	4.196	0.056
2.36	4.177	0.053
2.34	4.159	0.043
2.32	4.140	0.045
2.3	4.123	0.048
2.28	4.106	0.044
2.26	4.089	0.044
2.24	4.073	0.032
2.22	4.057	0.038
2.2	4.042	0.032
2.18	4.026	0.034
2.16	4.012	0.030
2.14	3.997	0.027
2.12	3.983	0.030
2.1	3.969	0.030
2.08	3.956	0.027
2.06	3.943	0.025
2.04	3.931	0.025
2.02	3.918	0.024
2.0	3.906	0.022
1.98	3.893	0.022
1.96	3.882	0.019
1.94	3.870	0.018
1.92	3.858	0.017
1.9	3.847	0.016
1.88	3.837	0.016
1.86	3.826	0.015
1.84	3.815	0.014
1.82	3.805	0.013
1.8	3.796	0.013
1.78	3.787	0.013
1.76	3.778	0.012
1.74	3.768	0.011
1.72	3.761	0.011
1.7	3.752	0.010
1.68	3.745	0.010
1.66	3.736	0.009
1.64	3.728	0.009
1.62	3.721	0.008
1.6	3.714	0.008
1.58	3.705	0.007
1.56	3.697	0.007
1.54	3.688	0.006
1.52	3.681	0.006
1.5	3.673	0.005
1.1	3.5361	1.3e-5
0.4568	3.4393	2.5e-9
0.248	3.4261	1.99e-7
0.1736	3.4231	1.68
0.1550	3.4224	1.53e-5