300.1692880435877 1.6007474127279142
398.862351455438 1.4475090575128269
495.99037752380633 1.3085559861758926
599.4842503189402 1.1949052767771038
697.6239778092951 1.0909423810794112
796.5894822257479 1.0061402176309762
892.5186172992404 0.9373538452690482
999.999999999999 0.8822128928095456
1488.810784977917 0.6712265869819887
1978.3188827841623 0.5426190858361496
2973.3841963526784 0.4004374508962034
4026.597982549091 0.32374049097057406
4959.903775238068 0.2752967967213399
5994.842503189409 0.23890125695749287
6910.44751491578 0.21154083979091695
7965.894822257479 0.18731390311357182
9010.160148459468 0.17099512191747449
9905.690937711475 0.15929141109656034
10890.229622637306 0.1468845845015178
11972.622806377043 0.13544409592244114
13038.461154667028 0.1274604028554758
14334.369686378002 0.1175328172745838
16060.583396852548 0.10620130817019609
17994.676061158076 0.09596228626691775
19971.538535011226 0.08759470938699503
23462.28848142267 0.07836368715570605
25794.233904725625 0.07152764772507307
