0.2954984810825749 15.70646429471554
1.4215686274509878 15.355872934766547
3.092443689647091 13.859788295431201
4.337810199962405 12.454152272591356
5.3331980111806345 11.099504544234115
6.141329118885373 9.904780513058222
6.8868899254173925 8.79873394768427
7.570029078050958 7.818804853147
8.1907669793531 6.954968005999072
8.749248997614082 6.2222678686453525
9.307501486995712 5.5251358468605485
9.865639211937676 4.887733996676875
10.36165112020344 4.367349129112755
10.857701283282424 3.907252504079768
11.353560172295296 3.473833136099466
11.84961033537428 3.107867683236343
12.345622243640044 2.7769807499770183
12.841557642279355 2.4751229736888756
13.337569550545126 2.2116027940424967
13.833657968437329 1.9810886750621794
14.32970813151632 1.7723826187473388
14.825987823474655 1.5976084889636022
15.384355077295965 1.4239484641825144
16.004909355494625 1.2590459666224383
16.625647256796768 1.119944106600483
17.246507573501226 1.0002058955599102
17.867551513309174 0.8986486361480666
18.550782477494465 0.800965539506409
19.29639429044412 0.7127109846513922
20.04208261302022 0.6357692371761436
20.85015907099178 0.5663237128346466
21.7205763012567 0.5029636582649017
22.591212130454323 0.44989645444966864
23.4620446986914 0.40502537181321113
24.39523807745733 0.36378354778775546
25.45319193931347 0.3256402290202259
26.635952554367236 0.2909539497342786
27.94371629732653 0.2611500972616252
29.313878509448983 0.23414346725331245
30.684374581759585 0.21223387969190455
32.054870654070186 0.1923744455374746
33.425394548063124 0.17453202072556692
34.79584888785023 0.15798475575307944
36.16638669268434 0.14339712787840322
37.536799299947916 0.12962474563098325
38.90722581805265 0.11722842101800703
40.27742976269863 0.1052488527360424
41.647814548279854 0.09505386203079967
43.01794893871997 0.0851464512964988
44.3880833291601 0.0762716844270662
45.75821771960021 0.06832192953156206
47.12865814854612 0.061816249948571794
48.49911248833321 0.05595549234516951
49.869845044943744 0.05111324650063417
51.24098101594828 0.047309972523251934
52.61256213387033 0.044431708324731325
53.984560577027565 0.042301848491070305
55.35707372130817 0.04095759387796236
56.73007374502981 0.04029240710938017
58.10353282651015 0.040237464962448406
59.47735358986097 0.040660610235179584
60.85146648087641 0.04148254431552272
62.2257602128271 0.04257207520348104
63.60015132066599 0.043829548119031086
64.97448678514019 0.04504214141776197
66.34880833877322 0.04626723354591128
67.7230046948357 0.047331495824867446
69.0970341208041 0.048156677931705465
70.4708131516314 0.04859674693265735
71.84436960899995 0.04868524213830508
73.21750874113332 0.04811289080766002
74.59028619139619 0.04698829499890315
75.9627019597886 0.045350495754580826
77.33468649210465 0.04315695938919057
78.70625369918554 0.04051292692835914
80.07732011598421 0.037413227982040616
81.44781618829482 0.033912347073240263
82.69320588334543 0.030496124107123573
83.75131063918705 0.027433570711411077
84.74677738890877 0.024512786750750633
85.67962920684234 0.021772251780441478
86.48773481133826 0.0194125445419575
87.2333211210791 0.017259171352618088
87.91652148141381 0.015367714295196799
88.53732059041711 0.013697243924158763
89.15781366091463 0.012086800533688158
89.71605849933361 0.010729931967935112
90.21199389797295 0.009563588483706515
90.70773802254612 0.00847088333828751
91.20321436342675 0.007437620114547188
91.69842292061477 0.006473464278850214
92.13167143198396 0.005721886149297449
92.50289613951219 0.005125497164727533
92.87417185345805 0.004598932910859125
93.24554958023916 0.0041402515928765
93.67879809160831 0.003659562673619084
94.17412141323607 0.0031971396587853517
94.66990379262245 0.002835388974968627
95.60245876314173 0.002494066758004816
96.78935433709279 0.0025510013940722625
97.54280201095119 0.0029327803764812787
97.98297464351398 0.0032509068007715463
98.36093219816968 0.00362917352174175
98.73894075924301 0.004058216752884611
99.11710233956921 0.004560743191713369
99.49536593273069 0.005142621721565887
99.87357851947453 0.005789075987142632
100.2516380869655 0.006484269354387837
100.62969765445646 0.007262946479478872
101.07054612205286 0.008230660319102353
101.5742472477767 0.009456532408059264
102.07768058980795 0.010770270809708056
102.58099916739957 0.012220576007957845
103.08401170648537 0.013728117348503254
103.58694773594473 0.015383099620712708
104.15247629080162 0.01732839101506341
104.78062032394396 0.019637223091833318
105.40851952628168 0.022076250398322447
106.03617389781479 0.02462033462466025
106.72641824442451 0.02759992448003083
107.4790179365898 0.030862805328045056
108.29406041388373 0.034523761716912606
109.17151652978191 0.03859598651748588
110.11128700393576 0.042983099113534026
111.17593758337355 0.047894551674599696
112.36543274576871 0.05333384448477399
113.67949949086324 0.05882628942050961
115.05568509721337 0.06422372728027077
116.43135600244011 0.06894627416170236
117.80654002822584 0.07284712379292169
119.18134846129993 0.07602923139621896
120.55568392577413 0.07813266482081974
121.92950468912494 0.07895432363545127
123.3028385730347 0.0785245597433856
124.67574122086813 0.07700369240600745
126.0481848109429 0.07438732999636195
127.4200997890531 0.0706285192229083
128.79144442267523 0.06582067619780382
130.16210742507988 0.05998814256499378
131.46988646996445 0.05387020608954182
132.59031256708323 0.04828553320634744
133.52345949357596 0.04330302482938506
134.3318820665243 0.03901200788187499
135.07777441477091 0.03503333850162949
135.7612349078356 0.03146043675285872
136.38224824379293 0.028237788575840424
137.00301674894564 0.02514316929218393
137.56146816335604 0.022471859553616254
138.0575948360615 0.020154824259189363
138.55353023470082 0.0179639950889088
139.04923610446076 0.015891596504742395
139.54475070015462 0.01397063157187548
139.978037466337 0.01236407738126814
140.3492621738652 0.011075376529458341
140.72033386214056 0.009871483225277582
141.09135454399825 0.008783791789335768
141.46206918735015 0.0077381279555684196
141.83288584353733 0.00683972062920266
142.20395753181265 0.006096243073738752
142.57518223934088 0.005460835076869606
143.07071978792268 0.004804337424696563
144.06592362274623 0.004256086627365139
145.06664171501052 0.0045153339067892494
145.6326981862899 0.005174884625637399
146.07350839907306 0.005857054808583753
146.45212903715796 0.006681874083872868
146.83080068166052 0.007635572018773937
147.2096763518336 0.008783791789335768
147.5884500091714 0.0100710303653589
147.96727467292686 0.011566183261451604
148.34589531101176 0.013194990094809258
148.72446494267905 0.01502808963372195
149.1028305486758 0.017002051226622718
149.48114514825494 0.019203242792827226
149.85930672858115 0.021581168320778433
150.2373662960721 0.024172788314595888
150.67816375725084 0.027347919478257644
151.18182662816147 0.03138183327591885
151.6852217153795 0.035696842296232136
152.18842552853144 0.040352012430450314
152.69128504836436 0.045103644098266456
153.1940298037576 0.05022597886242022
153.7595124528386 0.05649251820437179
154.38750346672808 0.06370006795199892
155.0155403863934 0.07193507802853343
155.70544128979108 0.0797402821175104
156.458415029019 0.09026445033632743
157.21106572760192 0.10110404672635878
158.02614828136686 0.11324533884999295
158.9036918368381 0.1269655835585424
159.8436727124647 0.14237354318000667
160.84606358338 0.15953727248191624
161.91069503541118 0.17765561598498145
163.10046563246155 0.1996213051868989
164.41485510907125 0.22251446242957065
165.79161105990946 0.2475034097777521
167.16789404214782 0.2710740693190366
168.5438153425157 0.29339917055476433
169.91947233690126 0.3148303869628724
171.29480938193987 0.3343113519669483
172.66988212099622 0.35194310366454046
174.04466273238796 0.3669826923440924
175.41919294863857 0.3795448425810605
176.79344494806574 0.38898237838258776
178.16741873066943 0.3950445562447338
179.57947504607984 0.3968038125246466
