 #
 # Subroutine ELSEPA. Elastic scattering of electrons and positrons
 #                    by neutral atoms and positive ions
 #
 # Projectile: electron
 # Kinetic energy = 1.00000E+03 eV = 3.67493E+01 a.u.
 #
 # Element: Au,  Z =  79,  atomic weight = 1.96967E+02 g/mol
 #
 # Nuclear model: Fermi distribution
 #                Average radius = 6.22560E-13 cm
 #                Skin thickness = 5.46000E-14 cm
 #
 # Number of electrons = 79
 #
 # Electron density: analytical DHFS model
 #                   A1 =  2.28909D-01 ,   ALPHA1 = 2.28644D+01
 #                   A2 =  6.11402D-01 ,   ALPHA2 = 3.69138D+00
 #                   A3 =  1.59689D-01 ,   ALPHA3 = 1.48856D+00
 #                   Volume integral = 7.90000E+01
 #
 # Furness-McCarthy exchange potential
 #
 # Total elastic cross section = 2.24071E-16 cm**2 = 8.00172E+00 a0**2
 # 1st transport cross section = 7.11342E-17 cm**2 = 2.54025E+00 a0**2
 # 2nd transport cross section = 6.10651E-17 cm**2 = 2.18067E+00 a0**2
 #
 #
 # Differential cross section:                       MU=(1-COS(THETA))/2
 #
 #  THETA        MU          DCS          DCS        Sherman      error
 #  (deg)                 (cm**2/sr)   (a0**2/sr)    function
 #----------------------------------------------------------------------
  0.000E+00  0.00000E+00  2.30157E-15  8.21905E+01  0.00000E+00  1.0E-07
  1.000E-04  7.61557E-13  2.30157E-15  8.21905E+01 -7.16375E-09  1.0E-07
  1.250E-04  1.18994E-12  2.30157E-15  8.21905E+01 -8.95469E-09  1.0E-07
  1.500E-04  1.71346E-12  2.30157E-15  8.21905E+01 -1.07456E-08  1.0E-07
  1.750E-04  2.33225E-12  2.30157E-15  8.21905E+01 -1.25366E-08  1.0E-07
  2.000E-04  3.04617E-12  2.30157E-15  8.21905E+01 -1.43275E-08  1.0E-07
  2.250E-04  3.85530E-12  2.30157E-15  8.21905E+01 -1.61184E-08  1.0E-07
  2.500E-04  4.75964E-12  2.30157E-15  8.21905E+01 -1.79094E-08  1.0E-07
  2.750E-04  5.75917E-12  2.30157E-15  8.21905E+01 -1.97003E-08  1.0E-07
  3.000E-04  6.85391E-12  2.30157E-15  8.21905E+01 -2.14912E-08  1.0E-07
  3.250E-04  8.04379E-12  2.30157E-15  8.21905E+01 -2.32822E-08  1.0E-07
  3.500E-04  9.32893E-12  2.30157E-15  8.21905E+01 -2.50731E-08  1.0E-07
  3.750E-04  1.07092E-11  2.30157E-15  8.21905E+01 -2.68641E-08  1.0E-07
  4.000E-04  1.21847E-11  2.30157E-15  8.21905E+01 -2.86550E-08  1.0E-07
  4.250E-04  1.37554E-11  2.30157E-15  8.21905E+01 -3.04459E-08  1.0E-07
  4.500E-04  1.54213E-11  2.30157E-15  8.21905E+01 -3.22369E-08  1.0E-07
  4.750E-04  1.71823E-11  2.30157E-15  8.21905E+01 -3.40278E-08  1.0E-07
  5.000E-04  1.90386E-11  2.30157E-15  8.21905E+01 -3.58187E-08  1.0E-07
  5.250E-04  2.09900E-11  2.30157E-15  8.21905E+01 -3.76097E-08  1.0E-07
  5.500E-04  2.30367E-11  2.30157E-15  8.21905E+01 -3.94006E-08  1.0E-07
  5.750E-04  2.51785E-11  2.30157E-15  8.21905E+01 -4.11916E-08  1.0E-07
  6.000E-04  2.74156E-11  2.30157E-15  8.21905E+01 -4.29825E-08  1.0E-07
  6.250E-04  2.97478E-11  2.30157E-15  8.21905E+01 -4.47734E-08  1.0E-07
  6.500E-04  3.21752E-11  2.30157E-15  8.21905E+01 -4.65644E-08  1.0E-07
  6.750E-04  3.46979E-11  2.30157E-15  8.21905E+01 -4.83553E-08  1.0E-07
  7.000E-04  3.73157E-11  2.30157E-15  8.21905E+01 -5.01462E-08  1.0E-07
  7.250E-04  4.00286E-11  2.30157E-15  8.21905E+01 -5.19372E-08  1.0E-07
  7.500E-04  4.28368E-11  2.30157E-15  8.21905E+01 -5.37281E-08  1.0E-07
  7.750E-04  4.57402E-11  2.30157E-15  8.21905E+01 -5.55191E-08  1.0E-07
  8.000E-04  4.87388E-11  2.30157E-15  8.21905E+01 -5.73100E-08  1.0E-07
  8.250E-04  5.18325E-11  2.30157E-15  8.21905E+01 -5.91009E-08  1.0E-07
  8.500E-04  5.50215E-11  2.30157E-15  8.21905E+01 -6.08919E-08  1.0E-07
  8.750E-04  5.83057E-11  2.30157E-15  8.21905E+01 -6.26828E-08  1.0E-07
  9.000E-04  6.16850E-11  2.30157E-15  8.21905E+01 -6.44737E-08  1.0E-07
  9.250E-04  6.51595E-11  2.30157E-15  8.21905E+01 -6.62647E-08  1.0E-07
  9.500E-04  6.87293E-11  2.30157E-15  8.21905E+01 -6.80556E-08  1.0E-07
  9.750E-04  7.23943E-11  2.30157E-15  8.21905E+01 -6.98466E-08  1.0E-07
  1.000E-03  7.61544E-11  2.30157E-15  8.21905E+01 -7.16375E-08  1.0E-07
  1.250E-03  1.18991E-10  2.30157E-15  8.21905E+01 -8.95469E-08  1.0E-07
  1.500E-03  1.71347E-10  2.30157E-15  8.21905E+01 -1.07456E-07  1.0E-07
  1.750E-03  2.33223E-10  2.30157E-15  8.21905E+01 -1.25366E-07  1.0E-07
  2.000E-03  3.04617E-10  2.30157E-15  8.21905E+01 -1.43275E-07  1.0E-07
  2.250E-03  3.85531E-10  2.30157E-15  8.21905E+01 -1.61184E-07  1.0E-07
  2.500E-03  4.75965E-10  2.30157E-15  8.21905E+01 -1.79094E-07  1.0E-07
  2.750E-03  5.75917E-10  2.30157E-15  8.21905E+01 -1.97003E-07  1.0E-07
  3.000E-03  6.85389E-10  2.30157E-15  8.21905E+01 -2.14912E-07  1.0E-07
  3.250E-03  8.04380E-10  2.30157E-15  8.21905E+01 -2.32822E-07  1.0E-07
  3.500E-03  9.32891E-10  2.30157E-15  8.21905E+01 -2.50731E-07  1.0E-07
  3.750E-03  1.07092E-09  2.30157E-15  8.21905E+01 -2.68641E-07  1.0E-07
  4.000E-03  1.21847E-09  2.30157E-15  8.21905E+01 -2.86550E-07  1.0E-07
  4.250E-03  1.37554E-09  2.30157E-15  8.21905E+01 -3.04459E-07  1.0E-07
  4.500E-03  1.54213E-09  2.30157E-15  8.21905E+01 -3.22369E-07  1.0E-07
  4.750E-03  1.71823E-09  2.30157E-15  8.21904E+01 -3.40278E-07  1.0E-07
  5.000E-03  1.90386E-09  2.30157E-15  8.21904E+01 -3.58187E-07  1.0E-07
  5.250E-03  2.09900E-09  2.30157E-15  8.21904E+01 -3.76097E-07  1.0E-07
  5.500E-03  2.30367E-09  2.30157E-15  8.21904E+01 -3.94006E-07  1.0E-07
  5.750E-03  2.51785E-09  2.30157E-15  8.21904E+01 -4.11916E-07  1.0E-07
  6.000E-03  2.74156E-09  2.30157E-15  8.21904E+01 -4.29825E-07  1.0E-07
  6.250E-03  2.97478E-09  2.30157E-15  8.21904E+01 -4.47734E-07  1.0E-07
  6.500E-03  3.21752E-09  2.30157E-15  8.21904E+01 -4.65644E-07  1.0E-07
  6.750E-03  3.46978E-09  2.30157E-15  8.21904E+01 -4.83553E-07  1.0E-07
  7.000E-03  3.73156E-09  2.30157E-15  8.21904E+01 -5.01463E-07  1.0E-07
  7.250E-03  4.00286E-09  2.30157E-15  8.21904E+01 -5.19372E-07  1.0E-07
  7.500E-03  4.28368E-09  2.30157E-15  8.21904E+01 -5.37281E-07  1.0E-07
  7.750E-03  4.57402E-09  2.30156E-15  8.21904E+01 -5.55191E-07  1.0E-07
  8.000E-03  4.87388E-09  2.30156E-15  8.21904E+01 -5.73100E-07  1.0E-07
  8.250E-03  5.18326E-09  2.30156E-15  8.21904E+01 -5.91010E-07  1.0E-07
  8.500E-03  5.50215E-09  2.30156E-15  8.21903E+01 -6.08919E-07  1.0E-07
  8.750E-03  5.83057E-09  2.30156E-15  8.21903E+01 -6.26828E-07  1.0E-07
  9.000E-03  6.16850E-09  2.30156E-15  8.21903E+01 -6.44738E-07  1.0E-07
  9.250E-03  6.51596E-09  2.30156E-15  8.21903E+01 -6.62647E-07  1.0E-07
  9.500E-03  6.87293E-09  2.30156E-15  8.21903E+01 -6.80557E-07  1.0E-07
  9.750E-03  7.23942E-09  2.30156E-15  8.21903E+01 -6.98466E-07  1.0E-07
  1.000E-02  7.61544E-09  2.30156E-15  8.21903E+01 -7.16375E-07  1.0E-07
  1.250E-02  1.18991E-08  2.30156E-15  8.21902E+01 -8.95469E-07  1.0E-07
  1.500E-02  1.71347E-08  2.30156E-15  8.21901E+01 -1.07456E-06  1.0E-07
  1.750E-02  2.33223E-08  2.30155E-15  8.21899E+01 -1.25366E-06  1.0E-07
  2.000E-02  3.04617E-08  2.30155E-15  8.21897E+01 -1.43275E-06  1.0E-07
  2.250E-02  3.85531E-08  2.30154E-15  8.21895E+01 -1.61185E-06  1.0E-07
  2.500E-02  4.75965E-08  2.30153E-15  8.21893E+01 -1.79094E-06  1.0E-07
  2.750E-02  5.75917E-08  2.30153E-15  8.21890E+01 -1.97004E-06  1.0E-07
  3.000E-02  6.85389E-08  2.30152E-15  8.21887E+01 -2.14914E-06  1.0E-07
  3.250E-02  8.04380E-08  2.30151E-15  8.21884E+01 -2.32823E-06  1.0E-07
  3.500E-02  9.32891E-08  2.30150E-15  8.21881E+01 -2.50733E-06  1.0E-07
  3.750E-02  1.07092E-07  2.30149E-15  8.21878E+01 -2.68643E-06  1.0E-07
  4.000E-02  1.21847E-07  2.30148E-15  8.21874E+01 -2.86553E-06  1.0E-07
  4.250E-02  1.37554E-07  2.30147E-15  8.21870E+01 -3.04463E-06  1.0E-07
  4.500E-02  1.54213E-07  2.30146E-15  8.21866E+01 -3.22373E-06  1.0E-07
  4.750E-02  1.71823E-07  2.30145E-15  8.21861E+01 -3.40283E-06  1.0E-07
  5.000E-02  1.90386E-07  2.30143E-15  8.21856E+01 -3.58193E-06  1.0E-07
  5.250E-02  2.09900E-07  2.30142E-15  8.21851E+01 -3.76103E-06  1.0E-07
  5.500E-02  2.30367E-07  2.30140E-15  8.21846E+01 -3.94014E-06  1.0E-07
  5.750E-02  2.51785E-07  2.30139E-15  8.21841E+01 -4.11924E-06  1.0E-07
  6.000E-02  2.74156E-07  2.30137E-15  8.21835E+01 -4.29835E-06  1.0E-07
  6.250E-02  2.97478E-07  2.30136E-15  8.21829E+01 -4.47745E-06  1.0E-07
  6.500E-02  3.21752E-07  2.30134E-15  8.21823E+01 -4.65656E-06  1.0E-07
  6.750E-02  3.46978E-07  2.30132E-15  8.21817E+01 -4.83567E-06  1.0E-07
  7.000E-02  3.73156E-07  2.30130E-15  8.21810E+01 -5.01478E-06  1.0E-07
  7.250E-02  4.00286E-07  2.30128E-15  8.21803E+01 -5.19389E-06  1.0E-07
  7.500E-02  4.28368E-07  2.30126E-15  8.21796E+01 -5.37300E-06  1.0E-07
  7.750E-02  4.57402E-07  2.30124E-15  8.21788E+01 -5.55212E-06  1.0E-07
  8.000E-02  4.87388E-07  2.30122E-15  8.21781E+01 -5.73123E-06  1.0E-07
  8.250E-02  5.18325E-07  2.30120E-15  8.21773E+01 -5.91035E-06  1.0E-07
  8.500E-02  5.50215E-07  2.30118E-15  8.21765E+01 -6.08947E-06  1.0E-07
  8.750E-02  5.83057E-07  2.30115E-15  8.21756E+01 -6.26858E-06  1.0E-07
  9.000E-02  6.16850E-07  2.30113E-15  8.21748E+01 -6.44771E-06  1.0E-07
  9.250E-02  6.51596E-07  2.30110E-15  8.21739E+01 -6.62683E-06  1.0E-07
  9.500E-02  6.87293E-07  2.30108E-15  8.21730E+01 -6.80595E-06  1.0E-07
  9.750E-02  7.23942E-07  2.30105E-15  8.21721E+01 -6.98508E-06  1.0E-07
  1.000E-01  7.61543E-07  2.30102E-15  8.21711E+01 -7.16420E-06  1.0E-07
  1.250E-01  1.18991E-06  2.30072E-15  8.21602E+01 -8.95557E-06  1.0E-07
  1.500E-01  1.71347E-06  2.30035E-15  8.21469E+01 -1.07472E-05  1.0E-07
  1.750E-01  2.33223E-06  2.29991E-15  8.21311E+01 -1.25390E-05  1.0E-07
  2.000E-01  3.04617E-06  2.29940E-15  8.21129E+01 -1.43311E-05  1.0E-07
  2.250E-01  3.85531E-06  2.29882E-15  8.20924E+01 -1.61236E-05  1.0E-07
  2.500E-01  4.75964E-06  2.29818E-15  8.20694E+01 -1.79165E-05  1.0E-07
  2.750E-01  5.75916E-06  2.29747E-15  8.20440E+01 -1.97098E-05  1.0E-07
  3.000E-01  6.85388E-06  2.29669E-15  8.20162E+01 -2.15035E-05  1.0E-07
  3.250E-01  8.04378E-06  2.29584E-15  8.19859E+01 -2.32978E-05  1.0E-07
  3.500E-01  9.32888E-06  2.29493E-15  8.19533E+01 -2.50926E-05  1.0E-07
  3.750E-01  1.07092E-05  2.29395E-15  8.19183E+01 -2.68880E-05  1.0E-07
  4.000E-01  1.21846E-05  2.29290E-15  8.18809E+01 -2.86841E-05  1.0E-07
  4.250E-01  1.37553E-05  2.29179E-15  8.18411E+01 -3.04808E-05  1.0E-07
  4.500E-01  1.54212E-05  2.29060E-15  8.17990E+01 -3.22782E-05  1.0E-07
  4.750E-01  1.71822E-05  2.28936E-15  8.17544E+01 -3.40765E-05  1.0E-07
  5.000E-01  1.90385E-05  2.28804E-15  8.17075E+01 -3.58755E-05  1.0E-07
  5.250E-01  2.09899E-05  2.28666E-15  8.16583E+01 -3.76753E-05  1.0E-07
  5.500E-01  2.30365E-05  2.28522E-15  8.16066E+01 -3.94761E-05  1.0E-07
  5.750E-01  2.51783E-05  2.28371E-15  8.15526E+01 -4.12778E-05  1.0E-07
  6.000E-01  2.74153E-05  2.28213E-15  8.14963E+01 -4.30804E-05  1.0E-07
  6.250E-01  2.97475E-05  2.28049E-15  8.14376E+01 -4.48841E-05  1.0E-07
  6.500E-01  3.21749E-05  2.27878E-15  8.13766E+01 -4.66888E-05  1.0E-07
  6.750E-01  3.46974E-05  2.27700E-15  8.13133E+01 -4.84946E-05  1.0E-07
  7.000E-01  3.73152E-05  2.27517E-15  8.12476E+01 -5.03015E-05  1.0E-07
  7.250E-01  4.00281E-05  2.27326E-15  8.11797E+01 -5.21096E-05  1.0E-07
  7.500E-01  4.28362E-05  2.27130E-15  8.11094E+01 -5.39189E-05  1.0E-07
  7.750E-01  4.57395E-05  2.26926E-15  8.10369E+01 -5.57295E-05  1.0E-07
  8.000E-01  4.87380E-05  2.26717E-15  8.09621E+01 -5.75414E-05  1.0E-07
  8.250E-01  5.18317E-05  2.26501E-15  8.08850E+01 -5.93546E-05  1.0E-07
  8.500E-01  5.50205E-05  2.26279E-15  8.08056E+01 -6.11692E-05  1.0E-07
  8.750E-01  5.83045E-05  2.26050E-15  8.07240E+01 -6.29852E-05  1.0E-07
  9.000E-01  6.16838E-05  2.25815E-15  8.06401E+01 -6.48026E-05  1.0E-07
  9.250E-01  6.51582E-05  2.25574E-15  8.05541E+01 -6.66215E-05  1.0E-07
  9.500E-01  6.87277E-05  2.25327E-15  8.04657E+01 -6.84420E-05  1.0E-07
  9.750E-01  7.23925E-05  2.25073E-15  8.03752E+01 -7.02641E-05  1.0E-07
  1.000E+00  7.61524E-05  2.24814E-15  8.02825E+01 -7.20877E-05  1.0E-07
  1.100E+00  9.21439E-05  2.23714E-15  7.98898E+01 -7.93991E-05  1.0E-07
  1.200E+00  1.09658E-04  2.22518E-15  7.94627E+01 -8.67393E-05  1.0E-07
  1.300E+00  1.28695E-04  2.21229E-15  7.90022E+01 -9.41106E-05  1.0E-07
  1.400E+00  1.49255E-04  2.19848E-15  7.85091E+01 -1.01515E-04  1.0E-07
  1.500E+00  1.71338E-04  2.18378E-15  7.79843E+01 -1.08955E-04  1.0E-07
  1.600E+00  1.94942E-04  2.16823E-15  7.74288E+01 -1.16433E-04  1.0E-07
  1.700E+00  2.20070E-04  2.15184E-15  7.68435E+01 -1.23951E-04  1.0E-07
  1.800E+00  2.46720E-04  2.13465E-15  7.62296E+01 -1.31510E-04  1.0E-07
  1.900E+00  2.74892E-04  2.11668E-15  7.55881E+01 -1.39113E-04  1.0E-07
  2.000E+00  3.04586E-04  2.09798E-15  7.49202E+01 -1.46761E-04  1.0E-07
  2.100E+00  3.35803E-04  2.07857E-15  7.42270E+01 -1.54455E-04  1.0E-07
  2.200E+00  3.68542E-04  2.05848E-15  7.35097E+01 -1.62198E-04  1.0E-07
  2.300E+00  4.02802E-04  2.03775E-15  7.27694E+01 -1.69991E-04  1.0E-07
  2.400E+00  4.38585E-04  2.01641E-15  7.20075E+01 -1.77834E-04  1.0E-07
  2.500E+00  4.75889E-04  1.99451E-15  7.12251E+01 -1.85729E-04  1.0E-07
  2.600E+00  5.14715E-04  1.97206E-15  7.04234E+01 -1.93677E-04  1.0E-07
  2.700E+00  5.55063E-04  1.94911E-15  6.96038E+01 -2.01678E-04  1.0E-07
  2.800E+00  5.96931E-04  1.92568E-15  6.87675E+01 -2.09734E-04  1.0E-07
  2.900E+00  6.40321E-04  1.90183E-15  6.79156E+01 -2.17844E-04  1.0E-07
  3.000E+00  6.85233E-04  1.87758E-15  6.70495E+01 -2.26009E-04  1.0E-07
  3.100E+00  7.31665E-04  1.85296E-15  6.61704E+01 -2.34228E-04  1.0E-07
  3.200E+00  7.79618E-04  1.82801E-15  6.52795E+01 -2.42502E-04  1.0E-07
  3.300E+00  8.29092E-04  1.80277E-15  6.43780E+01 -2.50830E-04  1.0E-07
  3.400E+00  8.80086E-04  1.77726E-15  6.34670E+01 -2.59212E-04  1.0E-07
  3.500E+00  9.32601E-04  1.75152E-15  6.25479E+01 -2.67646E-04  1.0E-07
  3.600E+00  9.86636E-04  1.72558E-15  6.16216E+01 -2.76133E-04  1.0E-07
  3.700E+00  1.04219E-03  1.69948E-15  6.06894E+01 -2.84669E-04  1.0E-07
  3.800E+00  1.09927E-03  1.67323E-15  5.97523E+01 -2.93254E-04  1.0E-07
  3.900E+00  1.15786E-03  1.64689E-15  5.88113E+01 -3.01886E-04  1.0E-07
  4.000E+00  1.21797E-03  1.62046E-15  5.78676E+01 -3.10563E-04  1.0E-07
  4.100E+00  1.27961E-03  1.59398E-15  5.69222E+01 -3.19283E-04  1.0E-07
  4.200E+00  1.34276E-03  1.56749E-15  5.59759E+01 -3.28042E-04  1.0E-07
  4.300E+00  1.40743E-03  1.54099E-15  5.50298E+01 -3.36838E-04  1.0E-07
  4.400E+00  1.47362E-03  1.51453E-15  5.40847E+01 -3.45667E-04  1.0E-07
  4.500E+00  1.54133E-03  1.48811E-15  5.31415E+01 -3.54527E-04  1.0E-07
  4.600E+00  1.61056E-03  1.46178E-15  5.22011E+01 -3.63412E-04  1.0E-07
  4.700E+00  1.68131E-03  1.43554E-15  5.12641E+01 -3.72319E-04  1.0E-07
  4.800E+00  1.75357E-03  1.40943E-15  5.03315E+01 -3.81243E-04  1.0E-07
  4.900E+00  1.82735E-03  1.38345E-15  4.94039E+01 -3.90179E-04  1.0E-07
  5.000E+00  1.90265E-03  1.35763E-15  4.84820E+01 -3.99121E-04  1.0E-07
  5.100E+00  1.97947E-03  1.33199E-15  4.75664E+01 -4.08065E-04  1.0E-07
  5.200E+00  2.05780E-03  1.30655E-15  4.66577E+01 -4.17003E-04  1.0E-07
  5.300E+00  2.13765E-03  1.28132E-15  4.57566E+01 -4.25929E-04  1.0E-07
  5.400E+00  2.21902E-03  1.25631E-15  4.48635E+01 -4.34836E-04  1.0E-07
  5.500E+00  2.30190E-03  1.23154E-15  4.39790E+01 -4.43718E-04  1.0E-07
  5.600E+00  2.38630E-03  1.20702E-15  4.31035E+01 -4.52565E-04  1.0E-07
  5.700E+00  2.47222E-03  1.18277E-15  4.22375E+01 -4.61370E-04  1.0E-07
  5.800E+00  2.55965E-03  1.15879E-15  4.13813E+01 -4.70124E-04  1.0E-07
  5.900E+00  2.64859E-03  1.13511E-15  4.05354E+01 -4.78818E-04  1.0E-07
  6.000E+00  2.73905E-03  1.11171E-15  3.96999E+01 -4.87443E-04  1.0E-07
  6.100E+00  2.83103E-03  1.08862E-15  3.88754E+01 -4.95987E-04  1.0E-07
  6.200E+00  2.92452E-03  1.06584E-15  3.80620E+01 -5.04441E-04  1.0E-07
  6.300E+00  3.01952E-03  1.04338E-15  3.72599E+01 -5.12793E-04  1.0E-07
  6.400E+00  3.11604E-03  1.02125E-15  3.64695E+01 -5.21033E-04  1.0E-07
  6.500E+00  3.21407E-03  9.99446E-16  3.56908E+01 -5.29146E-04  1.0E-07
  6.600E+00  3.31362E-03  9.77976E-16  3.49242E+01 -5.37122E-04  1.0E-07
  6.700E+00  3.41468E-03  9.56845E-16  3.41696E+01 -5.44947E-04  1.0E-07
  6.800E+00  3.51725E-03  9.36056E-16  3.34272E+01 -5.52606E-04  1.0E-07
  6.900E+00  3.62133E-03  9.15612E-16  3.26971E+01 -5.60087E-04  1.0E-07
  7.000E+00  3.72692E-03  8.95514E-16  3.19794E+01 -5.67373E-04  1.0E-07
  7.100E+00  3.83403E-03  8.75765E-16  3.12741E+01 -5.74449E-04  1.0E-07
  7.200E+00  3.94265E-03  8.56365E-16  3.05814E+01 -5.81301E-04  1.0E-07
  7.300E+00  4.05278E-03  8.37315E-16  2.99011E+01 -5.87910E-04  1.0E-07
  7.400E+00  4.16442E-03  8.18614E-16  2.92333E+01 -5.94260E-04  1.0E-07
  7.500E+00  4.27757E-03  8.00263E-16  2.85779E+01 -6.00332E-04  1.0E-07
  7.600E+00  4.39223E-03  7.82260E-16  2.79350E+01 -6.06110E-04  1.0E-07
  7.700E+00  4.50840E-03  7.64605E-16  2.73045E+01 -6.11573E-04  1.0E-07
  7.800E+00  4.62608E-03  7.47294E-16  2.66864E+01 -6.16703E-04  1.0E-07
  7.900E+00  4.74527E-03  7.30328E-16  2.60805E+01 -6.21478E-04  1.0E-07
  8.000E+00  4.86597E-03  7.13702E-16  2.54868E+01 -6.25879E-04  1.0E-07
  8.100E+00  4.98817E-03  6.97415E-16  2.49051E+01 -6.29883E-04  1.0E-07
  8.200E+00  5.11188E-03  6.81463E-16  2.43355E+01 -6.33469E-04  1.0E-07
  8.300E+00  5.23711E-03  6.65844E-16  2.37777E+01 -6.36615E-04  1.0E-07
  8.400E+00  5.36383E-03  6.50554E-16  2.32317E+01 -6.39296E-04  1.0E-07
  8.500E+00  5.49207E-03  6.35589E-16  2.26973E+01 -6.41490E-04  1.0E-07
  8.600E+00  5.62181E-03  6.20946E-16  2.21744E+01 -6.43171E-04  1.0E-07
  8.700E+00  5.75306E-03  6.06620E-16  2.16628E+01 -6.44314E-04  1.0E-07
  8.800E+00  5.88581E-03  5.92608E-16  2.11624E+01 -6.44894E-04  1.0E-07
  8.900E+00  6.02007E-03  5.78906E-16  2.06731E+01 -6.44885E-04  1.0E-07
  9.000E+00  6.15583E-03  5.65508E-16  2.01947E+01 -6.44259E-04  1.0E-07
  9.100E+00  6.29310E-03  5.52411E-16  1.97269E+01 -6.42988E-04  1.0E-07
  9.200E+00  6.43187E-03  5.39609E-16  1.92698E+01 -6.41045E-04  1.0E-07
  9.300E+00  6.57214E-03  5.27098E-16  1.88230E+01 -6.38401E-04  1.0E-07
  9.400E+00  6.71392E-03  5.14874E-16  1.83865E+01 -6.35026E-04  1.0E-07
  9.500E+00  6.85720E-03  5.02931E-16  1.79600E+01 -6.30890E-04  1.0E-07
  9.600E+00  7.00198E-03  4.91265E-16  1.75434E+01 -6.25963E-04  1.0E-07
  9.700E+00  7.14827E-03  4.79871E-16  1.71365E+01 -6.20214E-04  1.0E-07
  9.800E+00  7.29605E-03  4.68744E-16  1.67391E+01 -6.13611E-04  1.0E-07
  9.900E+00  7.44534E-03  4.57878E-16  1.63511E+01 -6.06121E-04  1.0E-07
  1.000E+01  7.59612E-03  4.47269E-16  1.59723E+01 -5.97712E-04  1.0E-07
  1.025E+01  7.97965E-03  4.21839E-16  1.50642E+01 -5.72448E-04  1.0E-07
  1.050E+01  8.37255E-03  3.97908E-16  1.42095E+01 -5.40694E-04  1.0E-07
  1.075E+01  8.77480E-03  3.75398E-16  1.34057E+01 -5.01896E-04  1.0E-07
  1.100E+01  9.18641E-03  3.54236E-16  1.26500E+01 -4.55485E-04  1.0E-07
  1.125E+01  9.60736E-03  3.34349E-16  1.19398E+01 -4.00874E-04  1.0E-07
  1.150E+01  1.00376E-02  3.15667E-16  1.12727E+01 -3.37466E-04  1.0E-07
  1.175E+01  1.04773E-02  2.98122E-16  1.06461E+01 -2.64653E-04  1.0E-07
  1.200E+01  1.09262E-02  2.81648E-16  1.00578E+01 -1.81820E-04  1.0E-07
  1.225E+01  1.13844E-02  2.66182E-16  9.50555E+00 -8.83476E-05  1.0E-07
  1.250E+01  1.18520E-02  2.51666E-16  8.98717E+00  1.63832E-05  1.0E-07
  1.275E+01  1.23288E-02  2.38042E-16  8.50065E+00  1.32988E-04  1.0E-07
  1.300E+01  1.28150E-02  2.25256E-16  8.04405E+00  2.62074E-04  1.0E-07
  1.325E+01  1.33104E-02  2.13257E-16  7.61556E+00  4.04239E-04  1.0E-07
  1.350E+01  1.38150E-02  2.01997E-16  7.21343E+00  5.60061E-04  1.0E-07
  1.375E+01  1.43290E-02  1.91428E-16  6.83604E+00  7.30097E-04  1.0E-07
  1.400E+01  1.48521E-02  1.81510E-16  6.48183E+00  9.14878E-04  1.0E-07
  1.425E+01  1.53845E-02  1.72199E-16  6.14935E+00  1.11490E-03  1.0E-07
  1.450E+01  1.59262E-02  1.63460E-16  5.83725E+00  1.33063E-03  1.0E-07
  1.475E+01  1.64770E-02  1.55254E-16  5.54422E+00  1.56248E-03  1.0E-07
  1.500E+01  1.70371E-02  1.47549E-16  5.26907E+00  1.81082E-03  1.0E-07
  1.525E+01  1.76063E-02  1.40313E-16  5.01065E+00  2.07597E-03  1.0E-07
  1.550E+01  1.81848E-02  1.33515E-16  4.76792E+00  2.35816E-03  1.0E-07
  1.575E+01  1.87724E-02  1.27129E-16  4.53986E+00  2.65761E-03  1.0E-07
  1.600E+01  1.93692E-02  1.21127E-16  4.32554E+00  2.97441E-03  1.0E-07
  1.625E+01  1.99751E-02  1.15486E-16  4.12410E+00  3.30860E-03  1.0E-07
  1.650E+01  2.05901E-02  1.10183E-16  3.93470E+00  3.66016E-03  1.0E-07
  1.675E+01  2.12143E-02  1.05195E-16  3.75659E+00  4.02895E-03  1.0E-07
  1.700E+01  2.18476E-02  1.00503E-16  3.58905E+00  4.41476E-03  1.0E-07
  1.725E+01  2.24900E-02  9.60888E-17  3.43139E+00  4.81728E-03  1.0E-07
  1.750E+01  2.31415E-02  9.19336E-17  3.28301E+00  5.23612E-03  1.0E-07
  1.775E+01  2.38021E-02  8.80213E-17  3.14330E+00  5.67077E-03  1.0E-07
  1.800E+01  2.44717E-02  8.43366E-17  3.01172E+00  6.12065E-03  1.0E-07
  1.825E+01  2.51504E-02  8.08651E-17  2.88774E+00  6.58507E-03  1.0E-07
  1.850E+01  2.58382E-02  7.75932E-17  2.77090E+00  7.06325E-03  1.0E-07
  1.875E+01  2.65349E-02  7.45084E-17  2.66074E+00  7.55431E-03  1.0E-07
  1.900E+01  2.72407E-02  7.15988E-17  2.55684E+00  8.05729E-03  1.0E-07
  1.925E+01  2.79555E-02  6.88535E-17  2.45880E+00  8.57111E-03  1.0E-07
  1.950E+01  2.86793E-02  6.62619E-17  2.36626E+00  9.09465E-03  1.0E-07
  1.975E+01  2.94120E-02  6.38146E-17  2.27886E+00  9.62669E-03  1.0E-07
  2.000E+01  3.01537E-02  6.15024E-17  2.19629E+00  1.01659E-02  1.0E-07
  2.025E+01  3.09043E-02  5.93168E-17  2.11824E+00  1.07110E-02  1.0E-07
  2.050E+01  3.16639E-02  5.72499E-17  2.04443E+00  1.12605E-02  1.0E-07
  2.075E+01  3.24324E-02  5.52943E-17  1.97460E+00  1.18130E-02  1.0E-07
  2.100E+01  3.32098E-02  5.34431E-17  1.90849E+00  1.23669E-02  1.0E-07
  2.125E+01  3.39961E-02  5.16896E-17  1.84587E+00  1.29206E-02  1.0E-07
  2.150E+01  3.47912E-02  5.00278E-17  1.78653E+00  1.34727E-02  1.0E-07
  2.175E+01  3.55952E-02  4.84521E-17  1.73025E+00  1.40215E-02  1.0E-07
  2.200E+01  3.64081E-02  4.69570E-17  1.67686E+00  1.45654E-02  1.0E-07
  2.225E+01  3.72297E-02  4.55375E-17  1.62617E+00  1.51027E-02  1.0E-07
  2.250E+01  3.80602E-02  4.41889E-17  1.57802E+00  1.56318E-02  1.0E-07
  2.275E+01  3.88995E-02  4.29070E-17  1.53224E+00  1.61513E-02  1.0E-07
  2.300E+01  3.97476E-02  4.16874E-17  1.48868E+00  1.66593E-02  1.0E-07
  2.325E+01  4.06044E-02  4.05264E-17  1.44722E+00  1.71545E-02  1.0E-07
  2.350E+01  4.14700E-02  3.94203E-17  1.40773E+00  1.76352E-02  1.0E-07
  2.375E+01  4.23443E-02  3.83659E-17  1.37007E+00  1.81000E-02  1.0E-07
  2.400E+01  4.32273E-02  3.73598E-17  1.33414E+00  1.85474E-02  1.0E-07
  2.425E+01  4.41190E-02  3.63991E-17  1.29983E+00  1.89760E-02  1.0E-07
  2.450E+01  4.50194E-02  3.54810E-17  1.26705E+00  1.93844E-02  1.0E-07
  2.475E+01  4.59284E-02  3.46030E-17  1.23570E+00  1.97713E-02  1.0E-07
  2.500E+01  4.68461E-02  3.37626E-17  1.20568E+00  2.01356E-02  1.0E-07
  2.550E+01  4.87074E-02  3.21855E-17  1.14936E+00  2.07911E-02  1.0E-07
  2.600E+01  5.06030E-02  3.07330E-17  1.09750E+00  2.13420E-02  1.0E-07
  2.650E+01  5.25328E-02  2.93907E-17  1.04956E+00  2.17802E-02  1.0E-07
  2.700E+01  5.44967E-02  2.81456E-17  1.00510E+00  2.20987E-02  1.0E-07
  2.750E+01  5.64946E-02  2.69867E-17  9.63714E-01  2.22912E-02  1.0E-07
  2.800E+01  5.85262E-02  2.59041E-17  9.25053E-01  2.23522E-02  1.0E-07
  2.850E+01  6.05914E-02  2.48892E-17  8.88810E-01  2.22768E-02  1.0E-07
  2.900E+01  6.26901E-02  2.39345E-17  8.54716E-01  2.20611E-02  1.0E-07
  2.950E+01  6.48222E-02  2.30334E-17  8.22537E-01  2.17015E-02  1.0E-07
  3.000E+01  6.69873E-02  2.21802E-17  7.92068E-01  2.11949E-02  1.0E-07
  3.050E+01  6.91854E-02  2.13698E-17  7.63130E-01  2.05386E-02  1.0E-07
  3.100E+01  7.14163E-02  2.05980E-17  7.35567E-01  1.97305E-02  1.0E-07
  3.150E+01  7.36799E-02  1.98609E-17  7.09245E-01  1.87685E-02  1.0E-07
  3.200E+01  7.59760E-02  1.91552E-17  6.84045E-01  1.76509E-02  1.0E-07
  3.250E+01  7.83043E-02  1.84781E-17  6.59864E-01  1.63762E-02  1.0E-07
  3.300E+01  8.06647E-02  1.78271E-17  6.36616E-01  1.49429E-02  1.0E-07
  3.350E+01  8.30571E-02  1.72000E-17  6.14222E-01  1.33499E-02  1.0E-07
  3.400E+01  8.54812E-02  1.65950E-17  5.92618E-01  1.15961E-02  1.0E-07
  3.450E+01  8.79369E-02  1.60105E-17  5.71747E-01  9.68057E-03  1.0E-07
  3.500E+01  9.04240E-02  1.54452E-17  5.51559E-01  7.60249E-03  1.0E-07
  3.550E+01  9.29422E-02  1.48979E-17  5.32015E-01  5.36128E-03  1.0E-07
  3.600E+01  9.54915E-02  1.43677E-17  5.13078E-01  2.95653E-03  1.0E-07
  3.650E+01  9.80716E-02  1.38536E-17  4.94719E-01  3.88083E-04  1.0E-07
  3.700E+01  1.00682E-01  1.33549E-17  4.76914E-01 -2.34390E-03  1.0E-07
  3.750E+01  1.03323E-01  1.28712E-17  4.59640E-01 -5.23889E-03  1.0E-07
  3.800E+01  1.05995E-01  1.24019E-17  4.42881E-01 -8.29590E-03  1.0E-07
  3.850E+01  1.08696E-01  1.19467E-17  4.26624E-01 -1.15133E-02  1.0E-07
  3.900E+01  1.11427E-01  1.15051E-17  4.10855E-01 -1.48890E-02  1.0E-07
  3.950E+01  1.14188E-01  1.10770E-17  3.95567E-01 -1.84198E-02  1.0E-07
  4.000E+01  1.16978E-01  1.06621E-17  3.80752E-01 -2.21016E-02  1.0E-07
  4.050E+01  1.19797E-01  1.02604E-17  3.66405E-01 -2.59294E-02  1.0E-07
  4.100E+01  1.22645E-01  9.87161E-18  3.52522E-01 -2.98965E-02  1.0E-07
  4.150E+01  1.25522E-01  9.49575E-18  3.39099E-01 -3.39949E-02  1.0E-07
  4.200E+01  1.28428E-01  9.13274E-18  3.26136E-01 -3.82147E-02  1.0E-07
  4.250E+01  1.31361E-01  8.78256E-18  3.13631E-01 -4.25439E-02  1.0E-07
  4.300E+01  1.34323E-01  8.44519E-18  3.01583E-01 -4.69683E-02  1.0E-07
  4.350E+01  1.37313E-01  8.12063E-18  2.89993E-01 -5.14710E-02  1.0E-07
  4.400E+01  1.40330E-01  7.80888E-18  2.78860E-01 -5.60323E-02  1.0E-07
  4.450E+01  1.43375E-01  7.50995E-18  2.68185E-01 -6.06293E-02  1.0E-07
  4.500E+01  1.46447E-01  7.22385E-18  2.57968E-01 -6.52359E-02  1.0E-07
  4.550E+01  1.49545E-01  6.95059E-18  2.48210E-01 -6.98222E-02  1.0E-07
  4.600E+01  1.52671E-01  6.69016E-18  2.38910E-01 -7.43545E-02  1.0E-07
  4.650E+01  1.55823E-01  6.44257E-18  2.30068E-01 -7.87955E-02  1.0E-07
  4.700E+01  1.59001E-01  6.20780E-18  2.21684E-01 -8.31040E-02  1.0E-07
  4.750E+01  1.62205E-01  5.98581E-18  2.13757E-01 -8.72349E-02  1.0E-07
  4.800E+01  1.65435E-01  5.77655E-18  2.06284E-01 -9.11403E-02  1.0E-07
  4.850E+01  1.68690E-01  5.57998E-18  1.99265E-01 -9.47688E-02  1.0E-07
  4.900E+01  1.71970E-01  5.39601E-18  1.92695E-01 -9.80674E-02  1.0E-07
  4.950E+01  1.75276E-01  5.22453E-18  1.86571E-01 -1.00982E-01  1.0E-07
  5.000E+01  1.78606E-01  5.06544E-18  1.80890E-01 -1.03457E-01  1.0E-07
  5.050E+01  1.81961E-01  4.91859E-18  1.75646E-01 -1.05439E-01  1.0E-07
  5.100E+01  1.85340E-01  4.78382E-18  1.70833E-01 -1.06878E-01  1.0E-07
  5.150E+01  1.88743E-01  4.66093E-18  1.66445E-01 -1.07728E-01  1.0E-07
  5.200E+01  1.92169E-01  4.54973E-18  1.62474E-01 -1.07947E-01  1.0E-07
  5.250E+01  1.95619E-01  4.44997E-18  1.58911E-01 -1.07502E-01  1.0E-07
  5.300E+01  1.99092E-01  4.36139E-18  1.55748E-01 -1.06369E-01  1.0E-07
  5.350E+01  2.02589E-01  4.28372E-18  1.52974E-01 -1.04534E-01  1.0E-07
  5.400E+01  2.06107E-01  4.21663E-18  1.50579E-01 -1.01994E-01  1.0E-07
  5.450E+01  2.09649E-01  4.15980E-18  1.48549E-01 -9.87561E-02  1.0E-07
  5.500E+01  2.13212E-01  4.11287E-18  1.46873E-01 -9.48416E-02  1.0E-07
  5.550E+01  2.16797E-01  4.07546E-18  1.45537E-01 -9.02810E-02  1.0E-07
  5.600E+01  2.20404E-01  4.04716E-18  1.44527E-01 -8.51152E-02  1.0E-07
  5.650E+01  2.24032E-01  4.02755E-18  1.43826E-01 -7.93942E-02  1.0E-07
  5.700E+01  2.27680E-01  4.01618E-18  1.43420E-01 -7.31752E-02  1.0E-07
  5.750E+01  2.31350E-01  4.01259E-18  1.43292E-01 -6.65207E-02  1.0E-07
  5.800E+01  2.35040E-01  4.01628E-18  1.43424E-01 -5.94967E-02  1.0E-07
  5.850E+01  2.38751E-01  4.02676E-18  1.43798E-01 -5.21707E-02  1.0E-07
  5.900E+01  2.42481E-01  4.04351E-18  1.44396E-01 -4.46097E-02  1.0E-07
  5.950E+01  2.46231E-01  4.06598E-18  1.45199E-01 -3.68790E-02  1.0E-07
  6.000E+01  2.50000E-01  4.09365E-18  1.46187E-01 -2.90403E-02  1.0E-07
  6.050E+01  2.53788E-01  4.12594E-18  1.47340E-01 -2.11510E-02  1.0E-07
  6.100E+01  2.57595E-01  4.16229E-18  1.48638E-01 -1.32630E-02  1.0E-07
  6.150E+01  2.61421E-01  4.20213E-18  1.50061E-01 -5.42268E-03  1.0E-07
  6.200E+01  2.65264E-01  4.24488E-18  1.51588E-01  2.32989E-03  1.0E-07
  6.250E+01  2.69126E-01  4.28996E-18  1.53197E-01  9.96061E-03  1.0E-07
  6.300E+01  2.73005E-01  4.33678E-18  1.54869E-01  1.74414E-02  1.0E-07
  6.350E+01  2.76901E-01  4.38476E-18  1.56582E-01  2.47498E-02  1.0E-07
  6.400E+01  2.80814E-01  4.43331E-18  1.58316E-01  3.18686E-02  1.0E-07
  6.450E+01  2.84744E-01  4.48187E-18  1.60051E-01  3.87854E-02  1.0E-07
  6.500E+01  2.88691E-01  4.52987E-18  1.61765E-01  4.54921E-02  1.0E-07
  6.550E+01  2.92653E-01  4.57675E-18  1.63439E-01  5.19845E-02  1.0E-07
  6.600E+01  2.96632E-01  4.62196E-18  1.65053E-01  5.82614E-02  1.0E-07
  6.650E+01  3.00625E-01  4.66498E-18  1.66590E-01  6.43245E-02  1.0E-07
  6.700E+01  3.04634E-01  4.70529E-18  1.68029E-01  7.01780E-02  1.0E-07
  6.750E+01  3.08658E-01  4.74238E-18  1.69354E-01  7.58278E-02  1.0E-07
  6.800E+01  3.12697E-01  4.77579E-18  1.70547E-01  8.12815E-02  1.0E-07
  6.850E+01  3.16749E-01  4.80506E-18  1.71592E-01  8.65480E-02  1.0E-07
  6.900E+01  3.20816E-01  4.82976E-18  1.72474E-01  9.16372E-02  1.0E-07
  6.950E+01  3.24896E-01  4.84948E-18  1.73178E-01  9.65595E-02  1.0E-07
  7.000E+01  3.28990E-01  4.86385E-18  1.73691E-01  1.01326E-01  1.0E-07
  7.050E+01  3.33097E-01  4.87251E-18  1.74001E-01  1.05948E-01  1.0E-07
  7.100E+01  3.37216E-01  4.87516E-18  1.74095E-01  1.10438E-01  1.0E-07
  7.150E+01  3.41348E-01  4.87151E-18  1.73965E-01  1.14808E-01  1.0E-07
  7.200E+01  3.45492E-01  4.86131E-18  1.73601E-01  1.19069E-01  1.0E-07
  7.250E+01  3.49647E-01  4.84435E-18  1.72995E-01  1.23233E-01  1.0E-07
  7.300E+01  3.53814E-01  4.82043E-18  1.72141E-01  1.27313E-01  1.0E-07
  7.350E+01  3.57992E-01  4.78943E-18  1.71034E-01  1.31320E-01  1.0E-07
  7.400E+01  3.62181E-01  4.75123E-18  1.69669E-01  1.35266E-01  1.0E-07
  7.450E+01  3.66381E-01  4.70577E-18  1.68046E-01  1.39163E-01  1.0E-07
  7.500E+01  3.70590E-01  4.65302E-18  1.66162E-01  1.43023E-01  1.0E-07
  7.550E+01  3.74810E-01  4.59299E-18  1.64019E-01  1.46858E-01  1.0E-07
  7.600E+01  3.79039E-01  4.52573E-18  1.61617E-01  1.50678E-01  1.0E-07
  7.650E+01  3.83277E-01  4.45133E-18  1.58960E-01  1.54496E-01  1.0E-07
  7.700E+01  3.87524E-01  4.36992E-18  1.56053E-01  1.58323E-01  1.0E-07
  7.750E+01  3.91780E-01  4.28166E-18  1.52901E-01  1.62171E-01  1.0E-07
  7.800E+01  3.96044E-01  4.18676E-18  1.49512E-01  1.66052E-01  1.0E-07
  7.850E+01  4.00316E-01  4.08545E-18  1.45894E-01  1.69977E-01  1.0E-07
  7.900E+01  4.04596E-01  3.97803E-18  1.42058E-01  1.73959E-01  1.0E-07
  7.950E+01  4.08882E-01  3.86481E-18  1.38015E-01  1.78010E-01  1.0E-07
  8.000E+01  4.13176E-01  3.74612E-18  1.33776E-01  1.82143E-01  1.0E-07
  8.050E+01  4.17476E-01  3.62236E-18  1.29357E-01  1.86369E-01  1.0E-07
  8.100E+01  4.21783E-01  3.49394E-18  1.24771E-01  1.90702E-01  1.0E-07
  8.150E+01  4.26095E-01  3.36129E-18  1.20034E-01  1.95155E-01  1.0E-07
  8.200E+01  4.30413E-01  3.22491E-18  1.15164E-01  1.99740E-01  1.0E-07
  8.250E+01  4.34737E-01  3.08527E-18  1.10177E-01  2.04471E-01  1.0E-07
  8.300E+01  4.39065E-01  2.94292E-18  1.05094E-01  2.09359E-01  1.0E-07
  8.350E+01  4.43398E-01  2.79838E-18  9.99321E-02  2.14418E-01  1.0E-07
  8.400E+01  4.47736E-01  2.65224E-18  9.47133E-02  2.19656E-01  1.0E-07
  8.450E+01  4.52077E-01  2.50507E-18  8.94577E-02  2.25085E-01  1.0E-07
  8.500E+01  4.56422E-01  2.35747E-18  8.41869E-02  2.30708E-01  1.0E-07
  8.550E+01  4.60770E-01  2.21006E-18  7.89228E-02  2.36530E-01  1.0E-07
  8.600E+01  4.65122E-01  2.06346E-18  7.36876E-02  2.42545E-01  1.0E-07
  8.650E+01  4.69476E-01  1.91830E-18  6.85038E-02  2.48741E-01  1.0E-07
  8.700E+01  4.73832E-01  1.77522E-18  6.33941E-02  2.55089E-01  1.0E-07
  8.750E+01  4.78190E-01  1.63485E-18  5.83815E-02  2.61545E-01  1.0E-07
  8.800E+01  4.82550E-01  1.49783E-18  5.34885E-02  2.68034E-01  1.0E-07
  8.850E+01  4.86912E-01  1.36480E-18  4.87379E-02  2.74442E-01  1.0E-07
  8.900E+01  4.91274E-01  1.23639E-18  4.41522E-02  2.80593E-01  1.0E-07
  8.950E+01  4.95637E-01  1.11321E-18  3.97535E-02  2.86228E-01  1.0E-07
  9.000E+01  5.00000E-01  9.95879E-19  3.55635E-02  2.90963E-01  1.0E-07
  9.050E+01  5.04363E-01  8.84984E-19  3.16033E-02  2.94232E-01  1.0E-07
  9.100E+01  5.08726E-01  7.81103E-19  2.78937E-02  2.95206E-01  1.0E-07
  9.150E+01  5.13088E-01  6.84794E-19  2.44544E-02  2.92684E-01  1.0E-07
  9.200E+01  5.17450E-01  5.96590E-19  2.13046E-02  2.84938E-01  1.0E-07
  9.250E+01  5.21810E-01  5.17000E-19  1.84624E-02  2.69539E-01  1.0E-07
  9.300E+01  5.26168E-01  4.46505E-19  1.59450E-02  2.43189E-01  1.0E-07
  9.350E+01  5.30524E-01  3.85557E-19  1.37685E-02  2.01701E-01  1.0E-07
  9.400E+01  5.34878E-01  3.34576E-19  1.19479E-02  1.40398E-01  1.0E-07
  9.450E+01  5.39230E-01  2.93945E-19  1.04970E-02  5.53799E-02  1.0E-07
  9.500E+01  5.43578E-01  2.64014E-19  9.42811E-03 -5.39524E-02  1.0E-07
  9.550E+01  5.47923E-01  2.45091E-19  8.75237E-03 -1.81656E-01  1.0E-07
  9.600E+01  5.52264E-01  2.37447E-19  8.47939E-03 -3.13688E-01  1.0E-07
  9.650E+01  5.56602E-01  2.41309E-19  8.61730E-03 -4.31234E-01  1.0E-07
  9.700E+01  5.60935E-01  2.56861E-19  9.17268E-03 -5.18501E-01  1.0E-07
  9.750E+01  5.65263E-01  2.84244E-19  1.01505E-02 -5.69177E-01  1.0E-07
  9.800E+01  5.69587E-01  3.23550E-19  1.15542E-02 -5.86624E-01  1.0E-07
  9.850E+01  5.73905E-01  3.74827E-19  1.33853E-02 -5.79393E-01  1.0E-07
  9.900E+01  5.78217E-01  4.38074E-19  1.56439E-02 -5.56607E-01  1.0E-07
  9.950E+01  5.82524E-01  5.13244E-19  1.83283E-02 -5.25547E-01  1.0E-07
  1.000E+02  5.86824E-01  6.00237E-19  2.14349E-02 -4.91161E-01  1.0E-07
  1.005E+02  5.91118E-01  6.98909E-19  2.49585E-02 -4.56455E-01  1.0E-07
  1.010E+02  5.95404E-01  8.09065E-19  2.88922E-02 -4.23090E-01  1.0E-07
  1.015E+02  5.99684E-01  9.30461E-19  3.32274E-02 -3.91878E-01  1.0E-07
  1.020E+02  6.03956E-01  1.06281E-18  3.79535E-02 -3.63130E-01  1.0E-07
  1.025E+02  6.08220E-01  1.20576E-18  4.30585E-02 -3.36879E-01  1.0E-07
  1.030E+02  6.12476E-01  1.35894E-18  4.85286E-02 -3.13014E-01  1.0E-07
  1.035E+02  6.16723E-01  1.52191E-18  5.43483E-02 -2.91356E-01  1.0E-07
  1.040E+02  6.20961E-01  1.69419E-18  6.05007E-02 -2.71702E-01  1.0E-07
  1.045E+02  6.25190E-01  1.87527E-18  6.69672E-02 -2.53850E-01  1.0E-07
  1.050E+02  6.29410E-01  2.06459E-18  7.37278E-02 -2.37606E-01  1.0E-07
  1.055E+02  6.33619E-01  2.26153E-18  8.07609E-02 -2.22795E-01  1.0E-07
  1.060E+02  6.37819E-01  2.46548E-18  8.80437E-02 -2.09260E-01  1.0E-07
  1.065E+02  6.42008E-01  2.67574E-18  9.55523E-02 -1.96858E-01  1.0E-07
  1.070E+02  6.46186E-01  2.89161E-18  1.03261E-01 -1.85468E-01  1.0E-07
  1.075E+02  6.50353E-01  3.11235E-18  1.11144E-01 -1.74980E-01  1.0E-07
  1.080E+02  6.54508E-01  3.33719E-18  1.19173E-01 -1.65298E-01  1.0E-07
  1.085E+02  6.58652E-01  3.56534E-18  1.27321E-01 -1.56340E-01  1.0E-07
  1.090E+02  6.62784E-01  3.79599E-18  1.35557E-01 -1.48031E-01  1.0E-07
  1.095E+02  6.66903E-01  4.02829E-18  1.43853E-01 -1.40306E-01  1.0E-07
  1.100E+02  6.71010E-01  4.26139E-18  1.52177E-01 -1.33109E-01  1.0E-07
  1.105E+02  6.75104E-01  4.49443E-18  1.60499E-01 -1.26390E-01  1.0E-07
  1.110E+02  6.79184E-01  4.72654E-18  1.68788E-01 -1.20104E-01  1.0E-07
  1.115E+02  6.83251E-01  4.95681E-18  1.77011E-01 -1.14211E-01  1.0E-07
  1.120E+02  6.87303E-01  5.18438E-18  1.85138E-01 -1.08677E-01  1.0E-07
  1.125E+02  6.91342E-01  5.40836E-18  1.93136E-01 -1.03470E-01  1.0E-07
  1.130E+02  6.95366E-01  5.62786E-18  2.00974E-01 -9.85618E-02  1.0E-07
  1.135E+02  6.99375E-01  5.84200E-18  2.08622E-01 -9.39284E-02  1.0E-07
  1.140E+02  7.03368E-01  6.04993E-18  2.16047E-01 -8.95469E-02  1.0E-07
  1.145E+02  7.07347E-01  6.25080E-18  2.23220E-01 -8.53972E-02  1.0E-07
  1.150E+02  7.11309E-01  6.44377E-18  2.30111E-01 -8.14610E-02  1.0E-07
  1.155E+02  7.15256E-01  6.62804E-18  2.36692E-01 -7.77221E-02  1.0E-07
  1.160E+02  7.19186E-01  6.80283E-18  2.42933E-01 -7.41654E-02  1.0E-07
  1.165E+02  7.23099E-01  6.96737E-18  2.48809E-01 -7.07775E-02  1.0E-07
  1.170E+02  7.26995E-01  7.12096E-18  2.54294E-01 -6.75461E-02  1.0E-07
  1.175E+02  7.30874E-01  7.26290E-18  2.59363E-01 -6.44601E-02  1.0E-07
  1.180E+02  7.34736E-01  7.39255E-18  2.63993E-01 -6.15093E-02  1.0E-07
  1.185E+02  7.38579E-01  7.50930E-18  2.68162E-01 -5.86844E-02  1.0E-07
  1.190E+02  7.42405E-01  7.61259E-18  2.71851E-01 -5.59768E-02  1.0E-07
  1.195E+02  7.46212E-01  7.70192E-18  2.75040E-01 -5.33789E-02  1.0E-07
  1.200E+02  7.50000E-01  7.77682E-18  2.77715E-01 -5.08833E-02  1.0E-07
  1.205E+02  7.53769E-01  7.83688E-18  2.79860E-01 -4.84836E-02  1.0E-07
  1.210E+02  7.57519E-01  7.88175E-18  2.81463E-01 -4.61739E-02  1.0E-07
  1.215E+02  7.61249E-01  7.91115E-18  2.82512E-01 -4.39484E-02  1.0E-07
  1.220E+02  7.64960E-01  7.92483E-18  2.83001E-01 -4.18023E-02  1.0E-07
  1.225E+02  7.68650E-01  7.92262E-18  2.82922E-01 -3.97308E-02  1.0E-07
  1.230E+02  7.72320E-01  7.90442E-18  2.82272E-01 -3.77298E-02  1.0E-07
  1.235E+02  7.75968E-01  7.87018E-18  2.81049E-01 -3.57954E-02  1.0E-07
  1.240E+02  7.79596E-01  7.81993E-18  2.79255E-01 -3.39241E-02  1.0E-07
  1.245E+02  7.83203E-01  7.75375E-18  2.76891E-01 -3.21128E-02  1.0E-07
  1.250E+02  7.86788E-01  7.67180E-18  2.73965E-01 -3.03588E-02  1.0E-07
  1.255E+02  7.90351E-01  7.57431E-18  2.70483E-01 -2.86596E-02  1.0E-07
  1.260E+02  7.93893E-01  7.46156E-18  2.66457E-01 -2.70132E-02  1.0E-07
  1.265E+02  7.97411E-01  7.33394E-18  2.61900E-01 -2.54178E-02  1.0E-07
  1.270E+02  8.00908E-01  7.19185E-18  2.56826E-01 -2.38724E-02  1.0E-07
  1.275E+02  8.04381E-01  7.03581E-18  2.51253E-01 -2.23760E-02  1.0E-07
  1.280E+02  8.07831E-01  6.86637E-18  2.45202E-01 -2.09283E-02  1.0E-07
  1.285E+02  8.11257E-01  6.68416E-18  2.38696E-01 -1.95296E-02  1.0E-07
  1.290E+02  8.14660E-01  6.48989E-18  2.31758E-01 -1.81807E-02  1.0E-07
  1.295E+02  8.18039E-01  6.28431E-18  2.24417E-01 -1.68834E-02  1.0E-07
  1.300E+02  8.21394E-01  6.06824E-18  2.16701E-01 -1.56401E-02  1.0E-07
  1.305E+02  8.24724E-01  5.84255E-18  2.08641E-01 -1.44546E-02  1.0E-07
  1.310E+02  8.28030E-01  5.60818E-18  2.00272E-01 -1.33317E-02  1.0E-07
  1.315E+02  8.31310E-01  5.36612E-18  1.91628E-01 -1.22782E-02  1.0E-07
  1.320E+02  8.34565E-01  5.11741E-18  1.82746E-01 -1.13027E-02  1.0E-07
  1.325E+02  8.37795E-01  4.86314E-18  1.73666E-01 -1.04163E-02  1.0E-07
  1.330E+02  8.40999E-01  4.60445E-18  1.64428E-01 -9.63353E-03  1.0E-07
  1.335E+02  8.44177E-01  4.34252E-18  1.55074E-01 -8.97301E-03  1.0E-07
  1.340E+02  8.47329E-01  4.07855E-18  1.45648E-01 -8.45860E-03  1.0E-07
  1.345E+02  8.50455E-01  3.81380E-18  1.36193E-01 -8.12113E-03  1.0E-07
  1.350E+02  8.53553E-01  3.54955E-18  1.26757E-01 -8.00044E-03  1.0E-07
  1.355E+02  8.56625E-01  3.28711E-18  1.17385E-01 -8.14829E-03  1.0E-07
  1.360E+02  8.59670E-01  3.02782E-18  1.08125E-01 -8.63231E-03  1.0E-07
  1.365E+02  8.62687E-01  2.77302E-18  9.90264E-02 -9.54139E-03  1.0E-07
  1.370E+02  8.65677E-01  2.52408E-18  9.01364E-02 -1.09932E-02  1.0E-07
  1.375E+02  8.68639E-01  2.28237E-18  8.15048E-02 -1.31445E-02  1.0E-07
  1.380E+02  8.71572E-01  2.04927E-18  7.31806E-02 -1.62058E-02  1.0E-07
  1.385E+02  8.74478E-01  1.82615E-18  6.52131E-02 -2.04614E-02  1.0E-07
  1.390E+02  8.77355E-01  1.61441E-18  5.76515E-02 -2.62969E-02  1.0E-07
  1.395E+02  8.80203E-01  1.41539E-18  5.05444E-02 -3.42366E-02  1.0E-07
  1.400E+02  8.83022E-01  1.23045E-18  4.39402E-02 -4.49908E-02  1.0E-07
  1.405E+02  8.85812E-01  1.06093E-18  3.78865E-02 -5.95081E-02  1.0E-07
  1.410E+02  8.88573E-01  9.08128E-19  3.24298E-02 -7.90169E-02  1.0E-07
  1.415E+02  8.91304E-01  7.73330E-19  2.76161E-02 -1.05002E-01  1.0E-07
  1.420E+02  8.94005E-01  6.57783E-19  2.34899E-02 -1.39005E-01  1.0E-07
  1.425E+02  8.96677E-01  5.62696E-19  2.00942E-02 -1.82025E-01  1.0E-07
  1.430E+02  8.99318E-01  4.89236E-19  1.74709E-02 -2.33291E-01  1.0E-07
  1.435E+02  9.01928E-01  4.38523E-19  1.56599E-02 -2.88526E-01  1.0E-07
  1.440E+02  9.04508E-01  4.11628E-19  1.46995E-02 -3.39037E-01  1.0E-07
  1.445E+02  9.07058E-01  4.09563E-19  1.46258E-02 -3.74026E-01  1.0E-07
  1.450E+02  9.09576E-01  4.33283E-19  1.54728E-02 -3.86284E-01  1.0E-07
  1.455E+02  9.12063E-01  4.83679E-19  1.72725E-02 -3.76405E-01  1.0E-07
  1.460E+02  9.14519E-01  5.61574E-19  2.00542E-02 -3.51167E-01  1.0E-07
  1.465E+02  9.16943E-01  6.67721E-19  2.38448E-02 -3.18637E-01  1.0E-07
  1.470E+02  9.19335E-01  8.02798E-19  2.86684E-02 -2.84842E-01  1.0E-07
  1.475E+02  9.21696E-01  9.67406E-19  3.45467E-02 -2.53134E-01  1.0E-07
  1.480E+02  9.24024E-01  1.16207E-18  4.14981E-02 -2.24897E-01  1.0E-07
  1.485E+02  9.26320E-01  1.38721E-18  4.95383E-02 -2.00401E-01  1.0E-07
  1.490E+02  9.28584E-01  1.64320E-18  5.86798E-02 -1.79400E-01  1.0E-07
  1.495E+02  9.30815E-01  1.93030E-18  6.89321E-02 -1.61459E-01  1.0E-07
  1.500E+02  9.33013E-01  2.24867E-18  8.03014E-02 -1.46113E-01  1.0E-07
  1.505E+02  9.35178E-01  2.59840E-18  9.27906E-02 -1.32937E-01  1.0E-07
  1.510E+02  9.37310E-01  2.97949E-18  1.06399E-01 -1.21562E-01  1.0E-07
  1.515E+02  9.39409E-01  3.39182E-18  1.21124E-01 -1.11685E-01  1.0E-07
  1.520E+02  9.41474E-01  3.83521E-18  1.36958E-01 -1.03053E-01  1.0E-07
  1.525E+02  9.43505E-01  4.30935E-18  1.53890E-01 -9.54623E-02  1.0E-07
  1.530E+02  9.45503E-01  4.81386E-18  1.71906E-01 -8.87460E-02  1.0E-07
  1.535E+02  9.47467E-01  5.34825E-18  1.90990E-01 -8.27680E-02  1.0E-07
  1.540E+02  9.49397E-01  5.91195E-18  2.11120E-01 -7.74171E-02  1.0E-07
  1.545E+02  9.51293E-01  6.50428E-18  2.32272E-01 -7.26018E-02  1.0E-07
  1.550E+02  9.53154E-01  7.12447E-18  2.54420E-01 -6.82463E-02  1.0E-07
  1.555E+02  9.54981E-01  7.77168E-18  2.77532E-01 -6.42880E-02  1.0E-07
  1.560E+02  9.56773E-01  8.44493E-18  3.01574E-01 -6.06743E-02  1.0E-07
  1.565E+02  9.58530E-01  9.14322E-18  3.26510E-01 -5.73613E-02  1.0E-07
  1.570E+02  9.60252E-01  9.86540E-18  3.52300E-01 -5.43117E-02  1.0E-07
  1.575E+02  9.61940E-01  1.06103E-17  3.78900E-01 -5.14939E-02  1.0E-07
  1.580E+02  9.63592E-01  1.13766E-17  4.06264E-01 -4.88811E-02  1.0E-07
  1.585E+02  9.65209E-01  1.21629E-17  4.34345E-01 -4.64501E-02  1.0E-07
  1.590E+02  9.66790E-01  1.29678E-17  4.63089E-01 -4.41811E-02  1.0E-07
  1.595E+02  9.68336E-01  1.37898E-17  4.92444E-01 -4.20568E-02  1.0E-07
  1.600E+02  9.69846E-01  1.46274E-17  5.22354E-01 -4.00624E-02  1.0E-07
  1.605E+02  9.71321E-01  1.54788E-17  5.52759E-01 -3.81848E-02  1.0E-07
  1.610E+02  9.72759E-01  1.63425E-17  5.83600E-01 -3.64125E-02  1.0E-07
  1.615E+02  9.74162E-01  1.72165E-17  6.14813E-01 -3.47355E-02  1.0E-07
  1.620E+02  9.75528E-01  1.80992E-17  6.46335E-01 -3.31450E-02  1.0E-07
  1.625E+02  9.76858E-01  1.89887E-17  6.78099E-01 -3.16330E-02  1.0E-07
  1.630E+02  9.78152E-01  1.98831E-17  7.10038E-01 -3.01926E-02  1.0E-07
  1.635E+02  9.79410E-01  2.07805E-17  7.42085E-01 -2.88176E-02  1.0E-07
  1.640E+02  9.80631E-01  2.16789E-17  7.74168E-01 -2.75024E-02  1.0E-07
  1.645E+02  9.81815E-01  2.25764E-17  8.06219E-01 -2.62419E-02  1.0E-07
  1.650E+02  9.82963E-01  2.34710E-17  8.38166E-01 -2.50317E-02  1.0E-07
  1.655E+02  9.84074E-01  2.43607E-17  8.69938E-01 -2.38676E-02  1.0E-07
  1.660E+02  9.85148E-01  2.52435E-17  9.01462E-01 -2.27461E-02  1.0E-07
  1.665E+02  9.86185E-01  2.61174E-17  9.32669E-01 -2.16636E-02  1.0E-07
  1.670E+02  9.87185E-01  2.69803E-17  9.63485E-01 -2.06173E-02  1.0E-07
  1.675E+02  9.88148E-01  2.78304E-17  9.93841E-01 -1.96042E-02  1.0E-07
  1.680E+02  9.89074E-01  2.86655E-17  1.02366E+00 -1.86219E-02  1.0E-07
  1.685E+02  9.89962E-01  2.94839E-17  1.05289E+00 -1.76680E-02  1.0E-07
  1.690E+02  9.90814E-01  3.02835E-17  1.08144E+00 -1.67403E-02  1.0E-07
  1.695E+02  9.91627E-01  3.10624E-17  1.10926E+00 -1.58368E-02  1.0E-07
  1.700E+02  9.92404E-01  3.18189E-17  1.13627E+00 -1.49558E-02  1.0E-07
  1.705E+02  9.93143E-01  3.25510E-17  1.16242E+00 -1.40953E-02  1.0E-07
  1.710E+02  9.93844E-01  3.32571E-17  1.18763E+00 -1.32540E-02  1.0E-07
  1.715E+02  9.94508E-01  3.39355E-17  1.21186E+00 -1.24301E-02  1.0E-07
  1.720E+02  9.95134E-01  3.45845E-17  1.23504E+00 -1.16225E-02  1.0E-07
  1.725E+02  9.95722E-01  3.52026E-17  1.25711E+00 -1.08297E-02  1.0E-07
  1.730E+02  9.96273E-01  3.57882E-17  1.27802E+00 -1.00505E-02  1.0E-07
  1.735E+02  9.96786E-01  3.63399E-17  1.29772E+00 -9.28376E-03  1.0E-07
  1.740E+02  9.97261E-01  3.68564E-17  1.31617E+00 -8.52833E-03  1.0E-07
  1.745E+02  9.97698E-01  3.73364E-17  1.33331E+00 -7.78317E-03  1.0E-07
  1.750E+02  9.98097E-01  3.77788E-17  1.34910E+00 -7.04727E-03  1.0E-07
  1.755E+02  9.98459E-01  3.81824E-17  1.36352E+00 -6.31967E-03  1.0E-07
  1.760E+02  9.98782E-01  3.85462E-17  1.37651E+00 -5.59943E-03  1.0E-07
  1.765E+02  9.99067E-01  3.88694E-17  1.38805E+00 -4.88565E-03  1.0E-07
  1.770E+02  9.99315E-01  3.91511E-17  1.39811E+00 -4.17747E-03  1.0E-07
  1.775E+02  9.99524E-01  3.93907E-17  1.40667E+00 -3.47405E-03  1.0E-07
  1.780E+02  9.99695E-01  3.95875E-17  1.41370E+00 -2.77457E-03  1.0E-07
  1.785E+02  9.99829E-01  3.97411E-17  1.41918E+00 -2.07821E-03  1.0E-07
  1.790E+02  9.99924E-01  3.98511E-17  1.42311E+00 -1.38418E-03  1.0E-07
  1.795E+02  9.99981E-01  3.99172E-17  1.42547E+00 -6.91703E-04  1.0E-07
  1.800E+02  1.00000E+00  3.99392E-17  1.42626E+00 -9.70515E-18  1.0E-07
