8.46555e-1 1.00691e+2
2.05784e+0 9.36342e+1
3.21406e+0 8.18652e+1
4.20512e+0 7.03936e+1
5.03099e+0 6.04595e+1
5.80181e+0 5.16311e+1
6.51757e+0 4.43546e+1
7.17827e+0 3.81426e+1
7.83897e+0 3.26452e+1
8.49967e+0 2.78407e+1
9.16037e+0 2.37433e+1
9.82107e+0 2.02249e+1
1.04818e+1 1.71463e+1
1.11425e+1 1.46054e+1
1.18032e+1 1.24559e+1
1.24639e+1 1.06102e+1
1.31246e+1 9.08093e+0
1.37853e+1 7.79985e+0
1.45010e+1 6.64062e+0
1.52718e+1 5.61922e+0
1.60427e+1 4.78893e+0
1.68135e+1 4.11051e+0
1.76394e+1 3.52908e+0
1.85753e+1 3.00308e+0
1.95664e+1 2.57120e+0
2.06676e+1 2.20267e+0
2.18788e+1 1.88898e+0
2.30901e+1 1.64535e+0
2.43014e+1 1.45843e+0
2.55127e+1 1.30537e+0
2.67240e+1 1.18054e+0
2.79353e+1 1.07389e+0
2.91466e+1 9.80686e-1
3.03578e+1 8.97891e-1
3.15691e+1 8.23152e-1
3.27804e+1 7.55123e-1
3.39917e+1 6.92267e-1
3.52030e+1 6.34233e-1
3.64143e+1 5.81064e-1
3.76255e+1 5.29943e-1
3.88368e+1 4.83634e-1
4.00481e+1 4.39089e-1
4.12594e+1 3.99164e-1
4.24707e+1 3.61228e-1
4.36820e+1 3.26474e-1
4.48932e+1 2.94300e-1
4.61045e+1 2.66157e-1
4.73158e+1 2.39772e-1
4.85271e+1 2.16984e-1
4.97384e+1 1.96999e-1
5.09497e+1 1.80251e-1
5.21609e+1 1.66428e-1
5.33722e+1 1.54966e-1
5.45835e+1 1.46648e-1
5.57948e+1 1.40769e-1
5.70061e+1 1.37421e-1
5.82174e+1 1.35902e-1
5.94286e+1 1.36683e-1
6.06399e+1 1.38900e-1
6.18512e+1 1.42439e-1
6.30625e+1 1.46922e-1
6.42738e+1 1.52038e-1
6.54851e+1 1.57434e-1
6.66964e+1 1.62811e-1
6.79076e+1 1.67718e-1
6.91189e+1 1.71880e-1
7.03302e+1 1.75121e-1
7.15415e+1 1.76928e-1
7.27528e+1 1.77713e-1
7.39641e+1 1.76205e-1
7.51753e+1 1.73581e-1
7.63866e+1 1.69014e-1
7.75979e+1 1.62659e-1
7.88092e+1 1.54929e-1
8.00205e+1 1.45384e-1
8.12318e+1 1.34497e-1
8.24430e+1 1.22426e-1
8.36543e+1 1.09577e-1
8.48656e+1 9.63143e-2
8.60218e+1 8.32268e-2
8.70679e+1 7.14098e-2
8.80039e+1 6.12191e-2
8.88298e+1 5.24194e-2
8.95456e+1 4.51772e-2
9.02063e+1 3.88039e-2
9.08119e+1 3.34409e-2
9.13625e+1 2.86282e-2
9.19131e+1 2.43688e-2
9.24637e+1 2.03333e-2
9.29592e+1 1.71058e-2
9.33997e+1 1.44421e-2
9.38401e+1 1.21714e-2
9.42622e+1 9.89876e-3
9.46817e+1 8.17431e-3
9.51432e+1 6.77933e-3
9.55941e+1 5.66006e-3
9.63177e+1 4.72173e-3
9.73088e+1 4.54849e-3
9.82448e+1 5.57090e-3
9.86853e+1 6.70456e-3
9.90864e+1 8.04740e-3
9.95111e+1 9.68504e-3
9.99883e+1 1.19360e-2
1.00424e+2 1.44187e-2
1.00788e+2 1.70518e-2
1.01218e+2 2.02819e-2
1.01658e+2 2.38080e-2
1.02154e+2 2.81568e-2
1.02705e+2 3.34068e-2
1.03255e+2 3.90748e-2
1.03806e+2 4.51864e-2
1.04411e+2 5.26523e-2
1.05072e+2 6.10752e-2
1.05788e+2 7.11101e-2
1.06614e+2 8.30357e-2
1.07550e+2 9.74578e-2
1.08541e+2 1.13449e-1
1.09642e+2 1.32186e-1
1.10853e+2 1.52022e-1
1.12064e+2 1.72473e-1
1.13276e+2 1.92283e-1
1.14487e+2 2.10788e-1
1.15698e+2 2.27951e-1
1.16910e+2 2.43654e-1
1.18121e+2 2.56587e-1
1.19332e+2 2.66902e-1
1.20543e+2 2.74590e-1
1.21755e+2 2.78683e-1
1.22966e+2 2.80283e-1
1.24177e+2 2.78084e-1
1.25389e+2 2.72527e-1
1.26600e+2 2.63985e-1
1.27811e+2 2.52092e-1
1.29022e+2 2.37790e-1
1.30234e+2 2.20840e-1
1.31445e+2 2.01803e-1
1.32656e+2 1.81209e-1
1.33868e+2 1.59689e-1
1.35079e+2 1.37748e-1
1.36180e+2 1.17657e-1
1.37116e+2 1.01287e-1
1.37942e+2 8.72814e-2
1.38713e+2 7.50694e-2
1.39484e+2 6.37821e-2
1.40199e+2 5.42659e-2
1.40860e+2 4.63895e-2
1.41521e+2 3.95153e-2
1.42181e+2 3.36997e-2
1.42897e+2 2.87058e-2
1.43888e+2 2.44751e-2
1.45099e+2 2.32818e-2
1.46146e+2 2.61588e-2
1.46916e+2 3.08519e-2
1.47522e+2 3.63012e-2
1.48073e+2 4.23395e-2
1.48623e+2 4.96645e-2
1.49174e+2 5.82567e-2
1.49724e+2 6.82381e-2
1.50275e+2 7.93621e-2
1.50881e+2 9.29591e-2
1.51541e+2 1.09638e-1
1.52202e+2 1.27782e-1
1.52918e+2 1.49816e-1
1.53689e+2 1.75947e-1
1.54514e+2 2.06056e-1
1.55395e+2 2.41440e-1
1.56331e+2 2.81502e-1
1.57377e+2 3.29588e-1
1.58479e+2 3.84941e-1
1.59635e+2 4.43428e-1
1.60846e+2 5.10301e-1
1.62057e+2 5.78576e-1
1.63269e+2 6.47122e-1
1.64480e+2 7.16789e-1
1.65691e+2 7.86279e-1
1.66903e+2 8.54166e-1
1.68114e+2 9.18942e-1
1.69325e+2 9.79704e-1
1.70536e+2 1.03841e+0
1.71748e+2 1.08929e+0
1.72959e+2 1.13675e+0
1.74170e+2 1.17558e+0
1.75382e+2 1.20944e+0
1.76593e+2 1.23464e+0
1.77804e+2 1.25142e+0
1.79015e+2 1.25861e+0
1.79676e+2 1.25854e+0
