0.41046576092043385 0.20643526218401476
0.5651914090905821 0.2045460109006343
0.7045092914587701 0.2045200912946123
0.8283474091193817 0.20449705164481496
0.9365617642611836 0.20075598850897464
1.0448481183086014 0.19887537709426817
1.1684702392523632 0.19327098228106926
1.2611328307809722 0.1876723473803198
1.369203188111541 0.1802103808022118
1.4617937807345325 0.17275129418032842
1.5543843733575249 0.1652922075584451
1.6313512034617073 0.1541150974505187
1.7083900324715062 0.1447984390637262
1.8008366272832654 0.1336184489995752
1.8778034573874474 0.12244133889164877
1.9393625216896704 0.11312756046108086
2.0163293517938534 0.10195045035315464
2.0778164171904576 0.09077622020145293
2.1393034825870645 0.07960199004975121
2.21619831378563 0.06656442822069097
2.293165143889812 0.05538731811276465
2.3701319739939954 0.044210208004838214
2.447170803003794 0.034893549618045805
2.539761395626786 0.02743446299616248
2.6478317529573543 0.01997249641805443
2.7560461080991567 0.016231433282214103
2.848924696344615 0.016214153544866106
2.9418032845900743 0.01619687380751811
3.0502336364487252 0.018037165835079305
3.1279204556090745 0.025464572938491248
3.2056072747694238 0.0328919800419033
3.2988458575429647 0.04217695891022455
3.376676674514547 0.05332526945590421
3.469987256193705 0.06447070004535926
3.5478900720709046 0.07747946231217273
3.625720889042487 0.0886277728578525
3.7034797071084515 0.09791563168239836
3.781310524080034 0.10906394222807814
3.8590693421459985 0.11835180105262388
3.952307924919541 0.12763677992094513
4.061026272400659 0.13691887883304166
4.154264855174201 0.1462038577013629
4.247503437947743 0.1554888365696841
4.356149786523244 0.16291048376064682
4.480347898711939 0.17218970271651868
4.604546010900634 0.18146892167239054
4.728600125278095 0.18702723718599473
4.83717447494798 0.19258843265582354
4.961156590419825 0.19628629644829393
5.100690469504864 0.20184173200567346
5.224600586071091 0.20367914407701
5.31747917431655 0.203661864339662
5.4104297614676256 0.2055050363234478
5.534339878033854 0.20734244839478433
5.627218466279312 0.20732516865743633
5.7200970545247705 0.20730788892008833
5.813047641675847 0.20915106090387425
5.9213339957232645 0.20727044948916767
