8.189425722352155 8356.972975699533
8.302661928421506 97969.59529867605
8.41934362005166 954894.6421938797
9.282306616365586 8751722.552866431
10.4208860884483 24913602.194455985
14.533823217955314 87967188.68085434
27.848431171317046 274633039.805558
52.53119097810163 362259717.8625608
113.3138147512904 330317024.44656575
265.7747729297895 258241910.529231
885.6304956289307 162772596.68180582
2903.111887094552 80210574.2957969
8052.341914247259 38328244.73718089
19868.552124765618 18887273.317442708
49024.16809152963 9307211.84374334
98967.06822648196 5349153.713163324
