1857.5692889142128 5.854561286946569e-25
1857.5692889142128 2.5092765773216645e-24
1889.6198514856605 9.692950211087306e-24
1922.2234155345104 6.632395697431213e-23
2280.857055833138 8.467695591782177e-22
2898.0772350004945 2.522353021140397e-21
3745.8575956445147 4.467996938035318e-21
6816.8067240511555 7.13301500655427e-21
16592.46258295809 6.103135995556987e-21
31785.483802345454 4.026856374600258e-21
54950.32714406195 2.6569246160438636e-21
82846.92136462858 1.945087092556465e-21
100000.0000000002 1.6642515175093129e-21
