8.200091947340775 2.0171602728600128e-20
8.200091947340775 1.3103324304248523e-19
8.341576607761434 1.3588854365483326e-18
8.93235190847535 1.1446975279194292e-17
9.897883726119726 3.985212347804934e-17
11.947195578405196 1.0157153342171426e-16
18.323206914159268 2.588764537809606e-16
30.09225134053768 3.5361667104621373e-16
56.66869860909117 3.3570620451668033e-16
114.27453952160866 2.3331669931720304e-16
215.19790478817035 1.539426351682387e-16
347.42559725507687 1.0699053826948618e-16
724.9814500364955 5.73409668227706e-17
1592.5029215203535 2.769733113532051e-17
4150.761559350638 1.2057689841046352e-17
10277.490234857807 5.2491658345185465e-18
17767.590203665965 3.287986476170052e-18
41083.75528930002 1.8561925481719614e-18
76055.26290332004 1.431384162521561e-18
