8.25578e+0 9.57297e-4
8.25429e+0 8.25227e-4
8.22919e+0 7.05164e-4
8.28082e+0 6.13234e-4
8.30891e+0 5.27839e-4
8.30741e+0 4.55018e-4
8.30592e+0 3.92243e-4
8.30442e+0 3.38128e-4
8.30293e+0 2.91479e-4
8.30143e+0 2.51266e-4
8.29994e+0 2.16601e-4
8.27470e+0 1.85240e-4
8.32661e+0 1.60928e-4
8.35488e+0 1.38752e-4
8.35337e+0 1.19610e-4
8.35187e+0 1.03108e-4
8.35036e+0 8.88833e-5
8.34886e+0 7.66208e-5
8.34736e+0 6.60501e-5
8.34585e+0 5.69377e-5
8.34435e+0 4.90825e-5
8.40246e+0 4.16812e-5
8.40094e+0 3.59308e-5
8.39943e+0 3.09737e-5
8.39792e+0 2.67006e-5
8.39641e+0 2.30169e-5
8.39489e+0 1.98414e-5
8.39338e+0 1.71041e-5
8.36784e+0 1.45904e-5
8.45031e+0 1.25210e-5
8.44879e+0 1.07936e-5
8.44727e+0 9.30451e-6
8.50620e+0 7.98484e-6
8.48036e+0 6.84310e-6
8.56395e+0 5.88047e-6
8.53792e+0 5.03397e-6
8.59740e+0 4.28419e-6
8.68210e+0 3.66665e-6
8.68054e+0 3.16079e-6
8.70140e+0 2.69205e-6
8.83755e+0 2.22252e-6
8.88892e+0 1.82780e-6
9.01139e+0 1.53289e-6
9.14300e+0 1.25845e-6
9.26592e+0 1.03171e-6
9.39520e+0 8.49039e-7
9.61209e+0 6.98499e-7
9.79301e+0 5.82238e-7
9.97897e+0 4.91273e-7
1.02222e+1 4.11167e-7
1.05287e+1 3.50084e-7
1.08379e+1 2.96071e-7
1.11780e+1 2.50975e-7
1.16007e+1 2.16090e-7
1.21420e+1 1.84505e-7
1.27093e+1 1.58282e-7
1.32776e+1 1.36942e-7
1.39612e+1 1.19636e-7
1.47650e+1 1.03911e-7
1.56734e+1 9.01650e-8
1.68120e+1 7.80845e-8
1.80389e+1 7.00790e-8
1.90460e+1 6.48464e-8
2.04897e+1 5.99080e-8
2.21609e+1 5.48092e-8
2.39689e+1 5.10758e-8
2.59247e+1 4.80957e-8
2.80406e+1 4.59049e-8
3.03296e+1 4.42188e-8
3.28056e+1 4.28831e-8
3.54843e+1 4.20753e-8
3.83818e+1 4.13841e-8
4.15165e+1 4.11563e-8
4.49075e+1 4.11563e-8
4.85758e+1 4.14349e-8
5.25442e+1 4.19464e-8
5.68371e+1 4.26732e-8
6.14808e+1 4.34658e-8
6.65043e+1 4.44636e-8
7.19385e+1 4.56801e-8
7.78175e+1 4.72477e-8
8.41770e+1 4.88690e-8
9.10563e+1 5.06391e-8
9.84984e+1 5.26991e-8
1.06549e+2 5.49102e-8
1.15258e+2 5.73195e-8
1.24679e+2 6.00920e-8
1.34870e+2 6.29600e-8
1.45894e+2 6.60458e-8
1.57820e+2 6.92404e-8
1.70721e+2 7.29466e-8
1.84676e+2 7.67570e-8
1.99774e+2 8.10145e-8
2.16105e+2 8.55082e-8
2.33771e+2 9.00852e-8
2.52882e+2 9.52571e-8
2.73555e+2 1.00726e-7
2.95920e+2 1.06771e-7
3.20111e+2 1.12762e-7
3.46281e+2 1.19529e-7
3.74592e+2 1.26779e-7
4.05218e+2 1.34718e-7
4.38346e+2 1.42802e-7
4.74184e+2 1.51650e-7
5.12952e+2 1.61146e-7
5.54891e+2 1.71551e-7
6.00258e+2 1.82293e-7
6.49335e+2 1.94183e-7
7.02426e+2 2.06848e-7
7.59857e+2 2.20340e-7
8.21984e+2 2.34855e-7
8.89191e+2 2.50327e-7
9.61895e+2 2.67310e-7
1.04054e+3 2.85444e-7
1.12562e+3 3.04436e-7
1.21766e+3 3.25089e-7
1.31722e+3 3.47570e-7
1.42492e+3 3.71377e-7
1.54143e+3 3.97059e-7
1.66747e+3 4.25299e-7
1.80382e+3 4.54988e-7
1.95130e+3 4.84664e-7
2.11085e+3 5.18816e-7
2.28345e+3 5.55375e-7
2.47016e+3 5.94509e-7
2.67214e+3 6.36402e-7
2.89063e+3 6.80828e-7
3.12700e+3 7.31490e-7
3.38270e+3 7.84477e-7
3.65929e+3 8.39755e-7
3.95851e+3 8.98929e-7
4.28218e+3 9.62272e-7
4.63233e+3 1.03071e-6
5.01112e+3 1.10741e-6
5.42088e+3 1.18690e-6
5.86413e+3 1.26975e-6
6.34362e+3 1.35923e-6
6.86234e+3 1.45768e-6
7.42349e+3 1.56615e-6
8.03049e+3 1.67651e-6
8.68711e+3 1.79355e-6
9.39744e+3 1.92111e-6
1.01658e+4 2.05648e-6
1.09971e+4 2.21087e-6
1.18964e+4 2.36811e-6
1.28691e+4 2.53498e-6
1.39214e+4 2.71194e-6
1.50596e+4 2.89060e-6
1.62910e+4 3.09428e-6
1.76230e+4 3.31232e-6
1.90639e+4 3.53053e-6
2.06227e+4 3.76774e-6
2.23089e+4 4.02088e-6
2.41328e+4 4.28051e-6
2.61059e+4 4.55412e-6
2.82403e+4 4.83630e-6
3.05490e+4 5.12967e-6
3.30465e+4 5.42750e-6
3.57482e+4 5.75320e-6
3.86704e+4 6.05372e-6
4.18317e+4 6.38951e-6
4.52512e+4 6.71502e-6
4.89499e+4 7.03119e-6
5.29511e+4 7.37128e-6
5.72790e+4 7.69000e-6
6.19603e+4 7.99301e-6
6.70242e+4 8.30287e-6
7.25016e+4 8.58779e-6
7.84264e+4 8.86072e-6
8.48351e+4 9.11991e-6
9.17672e+4 9.36368e-6
9.85586e+4 9.52331e-6
