3.14981e+0 3.83678e-3
3.33618e+0 5.12220e-3
3.53358e+0 6.82650e-3
3.76965e+0 9.34851e-3
4.06507e+0 1.22930e-2
4.39942e+0 1.62277e-2
4.76127e+0 2.11821e-2
5.15288e+0 2.70334e-2
5.57670e+0 3.41149e-2
6.03538e+0 4.19352e-2
6.53179e+0 4.93401e-2
7.06903e+0 6.02724e-2
7.65045e+0 7.21682e-2
8.27969e+0 8.93799e-2
8.96069e+0 1.14930e-1
9.69771e+0 1.41807e-1
1.04953e+1 1.91458e-1
1.13586e+1 2.39805e-1
1.22928e+1 2.94777e-1
1.33039e+1 3.80941e-1
1.43981e+1 4.83141e-1
1.55824e+1 6.16604e-1
1.68640e+1 8.18048e-1
1.82511e+1 9.69750e-1
1.97522e+1 1.07181e+0
2.13768e+1 1.11002e+0
2.31350e+1 1.05981e+0
2.50379e+1 9.35203e-1
2.70972e+1 7.95843e-1
2.90116e+1 6.20472e-1
3.08388e+1 4.52841e-1
3.30174e+1 3.32678e-1
3.56049e+1 2.46804e-1
3.83952e+1 1.83349e-1
4.12557e+1 1.33978e-1
4.41703e+1 1.00910e-1
4.72908e+1 7.29304e-2
5.06318e+1 5.46620e-2
5.44039e+1 3.96895e-2
5.88786e+1 3.20867e-2
6.37213e+1 2.59402e-2
6.87150e+1 1.98979e-2
7.41001e+1 1.47192e-2
8.01948e+1 1.11363e-2
8.67908e+1 8.44667e-3
9.39292e+1 6.37464e-3
1.01655e+2 4.82295e-3
1.10016e+2 3.64440e-3
1.19065e+2 2.70604e-3
1.28858e+2 2.04735e-3
1.39456e+2 1.51830e-3
1.50926e+2 1.15160e-3
1.63340e+2 8.51881e-4
1.76775e+2 6.29382e-4
1.90628e+2 4.70143e-4
2.04830e+2 3.46394e-4
2.20090e+2 2.54867e-4
2.36487e+2 1.88040e-4
2.54105e+2 1.38736e-4
2.74019e+2 1.13416e-4
2.87121e+2 1.87524e-4
2.91277e+2 2.50348e-4
2.96557e+2 3.58024e-4
3.01932e+2 5.08501e-4
3.18269e+2 7.52659e-4
3.18978e+2 8.28758e-4
3.47346e+2 6.13065e-4
3.75915e+2 4.64997e-4
4.06834e+2 3.43546e-4
4.38717e+2 2.56980e-4
4.71402e+2 1.91171e-4
5.08345e+2 1.42767e-4
5.46217e+2 1.50468e-4
5.86910e+2 1.66513e-4
6.35183e+2 1.24104e-4
6.87427e+2 9.11182e-5
7.41299e+2 6.75557e-5
7.96526e+2 5.01175e-5
8.55868e+2 3.73859e-5
9.19631e+2 2.77737e-5
9.88144e+2 2.06897e-5
1.06176e+3 1.54126e-5
1.14086e+3 1.13557e-5
1.22586e+3 8.40134e-6
1.31719e+3 6.19850e-6
1.41532e+3 4.55440e-6
1.52076e+3 3.35561e-6
1.63406e+3 2.47918e-6
1.74950e+3 1.85873e-6
1.86638e+3 1.39868e-6
1.99823e+3 1.03337e-6
2.13940e+3 7.62301e-7
2.29054e+3 5.62510e-7
2.45236e+3 4.15464e-7
2.62562e+3 3.07891e-7
2.82123e+3 2.26537e-7
3.02054e+3 1.68318e-7
3.22233e+3 1.25502e-7
3.43761e+3 9.32914e-8
3.66727e+3 6.95602e-8
3.91227e+3 5.21041e-8
4.17364e+3 3.87907e-8
4.45247e+3 2.91006e-8
4.74992e+3 2.17645e-8
5.06726e+3 1.62281e-8
5.32865e+3 1.27886e-8
