24331.40271907205 -0.0007007224349608876
32798.2101400294 -0.0005526824839128253
40827.332774257084 0.002980537681102291
49820.300193121024 0.009928546050294251
65833.02391373005 0.013491374205519158
72722.94699465284 0.016965378390114916
81949.19062309133 0.020449251904780752
90525.79224900014 0.02734791362362321
106154.05766497829 0.03770084086692216
119621.65267644572 0.04460937191583425
137508.17882470076 0.05152777229481664
161247.42774095654 0.06873001460660855
185358.08219269433 0.07907307251983742
213073.90211116354 0.08941613043306651
230734.42336547008 0.09972958035608537
260007.32953074996 0.1134874264734913
287219.05997306725 0.12723540326082672
317278.70349153277 0.14440803758240883
357531.34364847274 0.16501519876830772
410991.51230444876 0.18220757175002977
454004.87760877697 0.2028048636058586
501519.91640127456 0.22682681299593388
554007.7628062005 0.25427341992025587
732071.1869626308 0.3263293987604121
808687.9648056508 0.3606253207532273
929607.6988558026 0.40179029647467535
1026898.1643362201 0.439510876001737
1134370.8117037355 0.48065611306304534
1253091.2831820755 0.5149520350558605
1356953.1124392205 0.5526627452528522
1469423.4762232797 0.5835241403813509
1591215.8885097895 0.6143855355098496
1723103.002514753 0.648671588172595
1903438.7434856002 0.68296751016541
2102647.981527744 0.7138387746239786
2276924.882641247 0.7378508546839841
2617383.9512108164 0.7755911728711856
3069246.012495314 0.813341360388457
3390465.78466063 0.8373633097785323
3745303.6316266847 0.851111286565868
5150098.815305234 0.9026390588606846
4220464.295432054 0.8751431052860134
5920171.582776669 0.9198314318424067
6942222.983876527 0.9370336741541985
8304401.865797166 0.947396470727567
9738063.955410741 0.9577493979708658
11419231.767942201 0.9681023252141645
14792065.405003767 0.9785045991078126
21166469.00619648 0.9855315621175635
26877867.74861481 0.9890746516126486
36959266.448031835 0.9926572184280132
51843869.21190857 0.9928249970392011
69884426.1679798 0.9929730369902492
