1	10.000000	-15.000000	0.000000
2	-10.000000	-15.000000	0.000000
3	10.000000	15.000000	0.000000
4	-10.000000	15.000000	0.000000
5	10.000000	-10.062843	0.000000
6	-10.000000	-10.062846	0.000000
7	10.000000	10.062835	0.000000
8	-10.000000	10.062835	0.000000
9	10.000000	-9.888190	0.728815
10	-10.000000	-9.888190	0.728816
11	10.000000	-1.071738	0.476848
14	-10.000000	1.068346	0.506262
15	10.000000	9.888190	0.728816
16	-10.000000	9.888190	0.728815
17	10.000000	-2.610642	0.900000
18	-10.000000	-2.610656	0.900000
19	10.000000	2.610343	0.900000
20	-10.000000	2.610590	0.900000
22	-10.000000	1.528508	0.089221
27	10.000000	-1.593599	0.021170
29	0.000000	-10.000000	0.449751
30	0.000000	-5.440738	0.978627
31	0.000522	-0.452305	0.238564
32	-0.000408	0.000475	0.101180
33	-0.002976	0.453309	0.236787
34	0.000000	5.440738	0.978627
35	-0.000000	10.000000	0.449751
36	10.000000	-4.304834	0.350944
37	-10.000000	-4.304819	0.350937
38	10.000000	4.304950	0.350952
39	-10.000000	4.304807	0.350939
42	0.000015	-5.151262	0.000000
43	-0.002473	-0.058944	0.204658
44	0.000003	5.151156	0.000000
45	-0.000075	-0.774348	0.482239
46	0.000097	0.774712	0.481884
47	0.000000	0.000000	0.000000
48	0.000003	-10.068865	0.000000
49	-0.003034	-9.821498	0.900000
50	-0.054591	-0.585242	0.331994
51	0.003941	0.227926	0.138237
52	0.035957	0.586582	0.330261
53	0.003034	9.821498	0.900000
54	-0.000000	10.068865	0.000000
55	10.000000	-10.000000	0.420763
56	-10.000000	-10.000000	0.420763
59	10.000000	10.000000	0.420763
60	-10.000000	10.000000	0.420762
61	10.000000	-5.723746	0.900000
62	-10.000000	-5.723746	0.900000
67	10.000000	5.723743	0.900000
68	-10.000000	5.723748	0.900000
69	10.000000	-5.431473	0.000000
70	-10.000000	-5.442669	0.000000
71	10.000000	5.408535	0.000000
72	-10.000000	5.408533	0.000000
73	-0.039878	0.333774	0.000000
78	-0.074951	-0.228576	0.141709
79	0.037756	-0.361660	0.000000
80	9.196475	-0.018010	-0.028916
81	-9.199280	-0.022047	-0.028598
82	0.000089	-1.127398	0.742212
83	-0.000043	1.127421	0.742177
84	10.000000	1.125951	0.617252
85	-10.000000	1.130853	0.615520
86	10.000000	-1.137460	0.612381
87	-10.000000	-1.132274	0.619836
88	4.227297	-10.000000	0.270693
89	4.209141	-10.000000	0.618797
90	-4.211614	-10.000000	0.618450
91	-4.227297	-10.000000	0.270693
92	4.206123	-7.347457	0.978617
93	4.140684	-3.566787	0.978615
94	-4.140684	-3.566787	0.978615
95	-4.206123	-7.347457	0.978617
96	4.175602	-0.520190	0.269205
97	3.649926	-0.392552	0.199815
98	-3.630680	-0.394487	0.200384
99	-4.151952	-0.523187	0.269243
100	4.741109	-0.134072	0.105189
101	-4.760763	-0.135322	0.104131
102	-4.695909	0.130685	0.104719
103	4.703012	0.130699	0.105061
104	3.711578	0.391058	0.200292
105	4.193190	0.521725	0.272699
106	-4.219856	0.522042	0.273163
107	-3.792334	0.392356	0.200281
108	4.140684	3.566787	0.978615
109	4.206123	7.347457	0.978617
110	-4.206123	7.347457	0.978617
111	-4.140684	3.566787	0.978615
112	4.227298	10.000000	0.270693
113	-4.227298	10.000000	0.270693
114	-4.209141	10.000000	0.618797
115	4.211614	10.000000	0.618450
116	10.000000	-6.888837	0.220053
118	10.000000	-3.040728	0.149239
119	10.000000	-2.245858	0.235849
120	10.000000	-3.075982	0.603334
121	10.000000	-6.716385	0.581749
122	-10.000000	-6.888613	0.220037
123	-10.000000	-6.716390	0.581750
124	-10.000000	-3.075939	0.603322
125	-10.000000	-2.233709	0.234705
127	-10.000000	-3.008760	0.148348
128	10.000000	6.888715	0.220037
129	10.000000	6.716390	0.581750
130	10.000000	3.075779	0.603316
131	10.000000	2.245408	0.236836
133	10.000000	3.045388	0.149776
134	-10.000000	6.888676	0.220038
136	-10.000000	3.047649	0.149879
137	-10.000000	2.248097	0.237253
138	-10.000000	3.076003	0.603335
139	-10.000000	6.716385	0.581749
148	4.205589	-7.201339	0.000000
149	-4.205484	-7.201384	0.000000
150	-4.145166	-3.146623	0.000017
151	4.147234	-3.145901	0.000016
152	3.705511	-0.178229	0.077914
153	-3.756462	-0.210307	0.052029
154	-3.737811	0.171353	0.097164
155	3.732706	0.177226	0.089692
156	4.205986	7.201143	0.000000
157	4.152347	3.141896	0.000014
158	-4.152269	3.141991	0.000014
159	-4.205985	7.201145	0.000000
160	4.720537	-0.941579	0.606259
161	4.184488	-0.691775	0.395678
162	-4.173407	-0.692325	0.395275
163	-4.720141	-0.942035	0.605934
164	4.186967	0.690430	0.396598
165	4.722143	0.941231	0.606594
166	-4.722068	0.940828	0.606966
167	-4.183346	0.689228	0.397479
168	5.237619	-10.067569	0.000000
169	5.213955	-9.832587	0.900000
170	5.381770	-0.641147	0.335793
171	5.828457	0.336547	0.159685
172	5.494057	0.640975	0.340888
173	5.214771	9.832573	0.900000
174	5.237780	10.067568	0.000000
175	10.000000	-10.000000	0.220031
176	-10.000000	-10.000000	0.220032
179	10.000000	10.000000	0.220028
180	-10.000000	10.000000	0.220028
181	10.000000	-7.889604	0.899988
182	-10.000000	-7.889604	0.899988
184	-9.550786	-1.022419	0.292597
186	-9.195125	1.062523	0.182762
187	10.000000	3.843930	0.900000
188	-10.000000	3.843972	0.900000
189	10.000000	-7.839434	0.000000
190	-10.000000	-7.842012	0.000000
191	10.000000	7.833062	0.000000
192	-10.000000	7.833040	0.000000
193	5.103352	0.602380	0.000000
196	10.000000	-0.541702	0.000000
197	-10.000000	-0.571540	0.000000
198	5.756536	-0.344726	0.157785
199	5.203865	-0.663781	0.000000
200	9.386759	-0.606009	0.005516
201	-9.396439	-0.627962	0.007670
202	5.522486	-1.413467	0.869441
203	5.522629	1.413472	0.869482
206	10.000000	-1.572624	0.876665
207	-10.000000	-1.572328	0.877336
208	6.919627	-10.000000	0.174931
209	6.822565	-10.000000	0.684504
210	-6.817376	-10.000000	0.684730
211	-6.919626	-10.000000	0.174931
212	6.828830	-8.504064	0.977400
213	6.599242	-2.642007	0.977657
214	-6.599243	-2.642009	0.977657
215	-6.828834	-8.504059	0.977400
216	7.058412	-0.679553	0.300504
217	6.466454	-0.475284	0.199456
218	-6.342761	-0.458257	0.191055
219	-6.980074	-0.667001	0.301920
220	7.646472	-0.406502	0.126322
221	-7.677114	-0.415792	0.127984
222	-7.616313	0.371671	0.141220
223	7.579902	0.369570	0.133861
224	6.078200	0.405517	0.186051
225	7.097894	0.661170	0.308695
226	-7.098096	0.650156	0.319126
227	-5.718991	0.383029	0.185732
228	6.599255	2.642004	0.977657
229	6.828834	8.504059	0.977400
230	-6.828830	8.504064	0.977400
231	-6.599238	2.642007	0.977657
232	6.919629	10.000000	0.174930
233	-6.919629	10.000000	0.174930
234	-6.822565	10.000000	0.684504
235	6.817376	10.000000	0.684730
236	10.000000	-8.421869	0.133359
238	10.000000	-2.295035	0.063142
239	10.000000	-1.416714	0.188969
240	10.000000	-2.470023	0.749270
241	10.000000	-8.189512	0.719369
242	-10.000000	-8.421734	0.133359
243	-10.000000	-8.189513	0.719369
244	-10.000000	-2.469926	0.749278
245	-10.000000	-1.339245	0.213049
247	-10.000000	-2.164245	0.068858
248	10.000000	8.421583	0.133335
249	10.000000	8.189513	0.719369
250	10.000000	2.469646	0.749258
251	10.000000	1.374600	0.199296
253	10.000000	2.341163	0.076165
254	-10.000000	8.421600	0.133336
256	-10.000000	2.338703	0.075287
257	-10.000000	1.384203	0.200335
258	-10.000000	2.470020	0.749271
259	-10.000000	8.189512	0.719369
268	6.812414	-8.492110	0.000000
269	-6.812236	-8.492199	0.000000
270	-6.624986	-2.111665	0.003281
271	6.636336	-2.103270	0.003090
272	6.848933	-0.457545	-0.096688
273	-6.772706	-0.448577	-0.048991
274	-6.606431	0.293565	0.027351
275	6.572765	0.193329	0.012196
276	6.813007	8.491771	0.000000
277	6.653214	2.075839	0.002932
278	-6.647312	2.078537	0.003009
279	-6.813009	8.491771	0.000000
280	7.782321	-1.310113	0.790969
281	6.327772	-0.719863	0.366608
282	-6.348695	-0.720105	0.369272
283	-7.782626	-1.310192	0.790999
284	6.344449	0.711762	0.371084
285	7.782687	1.309486	0.791435
286	-7.782181	1.309419	0.791503
287	-6.330216	0.707490	0.374794
288	-5.237585	-10.067569	0.000000
289	-5.214771	-9.832573	0.900000
290	-5.524672	-0.648906	0.339240
291	-5.931469	0.342869	0.163668
292	-5.457637	0.635418	0.342626
293	-5.213955	9.832587	0.900000
294	-5.237781	10.067568	0.000000
295	10.000000	-10.000000	0.570311
296	-10.000000	-10.000000	0.570317
299	10.000000	10.000000	0.570317
300	-10.000000	10.000000	0.570311
301	10.000000	-3.843964	0.900000
302	-10.000000	-3.843967	0.900000
303	9.410909	-1.057740	0.217787
305	9.540772	1.036831	0.273202
307	10.000000	7.889604	0.899988
308	-10.000000	7.889604	0.899988
309	10.000000	-3.251072	0.000000
310	-10.000000	-3.290811	0.000000
311	10.000000	3.164714	0.000000
312	-10.000000	3.196484	0.000000
313	-5.159293	0.604434	0.000000
318	-5.893681	-0.355128	0.156487
319	-5.202824	-0.678853	0.000000
320	9.381793	0.549137	0.005740
321	-9.392396	0.560725	0.008817
322	-5.522548	-1.413500	0.869395
323	-5.522558	1.413459	0.869511
324	10.000000	1.570310	0.876723
325	-10.000000	1.571922	0.876326
328	1.882739	-10.000000	0.366818
329	1.882427	-10.000000	0.531121
330	-1.882457	-10.000000	0.531124
331	-1.882739	-10.000000	0.366818
332	1.882892	-6.298408	0.978627
333	1.877061	-4.586715	0.978627
334	-1.877061	-4.586715	0.978627
335	-1.882892	-6.298408	0.978627
336	1.846538	-0.480385	0.256158
337	1.836750	-0.427273	0.225416
338	-1.826282	-0.427995	0.225354
339	-1.849235	-0.481439	0.255954
340	1.984391	-0.048956	0.102838
341	-1.987260	-0.048874	0.102359
342	-1.977417	0.049648	0.101787
343	1.976492	0.049401	0.102294
344	1.839382	0.428022	0.223817
345	1.865695	0.481776	0.255072
346	-1.882697	0.481802	0.254751
347	-1.858478	0.428088	0.223450
348	1.877061	4.586715	0.978627
349	1.882892	6.298408	0.978627
350	-1.882892	6.298408	0.978627
351	-1.877061	4.586715	0.978627
352	1.882739	10.000000	0.366818
353	-1.882739	10.000000	0.366818
354	-1.882427	10.000000	0.531121
355	1.882457	10.000000	0.531124
356	10.000000	-5.505156	0.292342
358	10.000000	-3.908378	0.235456
359	10.000000	-3.133897	0.317109
360	10.000000	-3.755580	0.470469
361	10.000000	-5.388802	0.454159
362	-10.000000	-5.505088	0.292324
363	-10.000000	-5.388827	0.454163
364	-10.000000	-3.755459	0.470455
365	-10.000000	-3.132716	0.316844
367	-10.000000	-3.905640	0.235262
368	10.000000	5.505255	0.292337
369	10.000000	5.388831	0.454163
370	10.000000	3.755485	0.470465
371	10.000000	3.133992	0.317093
373	10.000000	3.908757	0.235453
374	-10.000000	5.505082	0.292332
376	-10.000000	3.908477	0.235452
377	-10.000000	3.134092	0.317131
378	-10.000000	3.755583	0.470467
379	-10.000000	5.388799	0.454159
388	1.883255	-6.067214	0.000000
389	-1.883202	-6.067233	0.000000
390	-1.877851	-4.241247	0.000000
391	1.878079	-4.241185	0.000000
392	1.536280	-0.093883	0.103259
393	-1.565365	-0.113929	0.097727
394	-1.562696	0.088804	0.111523
395	1.578633	0.117978	0.104350
396	1.883476	6.067100	0.000000
397	1.878725	4.240576	0.000000
398	-1.878701	4.240589	0.000000
399	-1.883473	6.067102	0.000000
400	1.922645	-0.836240	0.533361
401	1.923754	-0.726415	0.440227
402	-1.923116	-0.726832	0.439831
403	-1.922271	-0.836553	0.533103
404	1.923354	0.726857	0.439657
405	1.922697	0.836601	0.533045
406	-1.922596	0.836456	0.533173
407	-1.922737	0.726655	0.439842
408	0.000000	-10.000000	0.243295
409	-2.512793	-10.000000	0.157979
410	2.512794	-10.000000	0.157979
411	0.000000	-7.631965	0.978590
412	-2.443749	-8.756077	0.975467
413	2.443742	-8.756080	0.975467
414	0.000279	-0.928379	0.610405
415	-3.339009	-1.046564	0.692478
416	3.339313	-1.046374	0.692664
417	-0.001403	-0.517796	0.282233
418	-2.541853	-0.554487	0.303000
419	2.516503	-0.552502	0.303624
420	5.003836	-0.000933	0.091655
421	7.514480	0.119797	0.066965
422	7.522591	-0.131882	0.064133
423	0.001360	0.372829	0.195520
424	-2.023540	0.314147	0.167373
425	2.118366	0.314363	0.168298
426	-0.000889	0.658818	0.386510
427	-2.407693	0.624911	0.355955
428	2.410290	0.625368	0.356044
429	-0.000000	3.254886	0.978554
430	-2.342616	2.151928	0.971868
431	2.342615	2.151929	0.971868
432	4.817170	10.000000	0.448053
433	7.336143	10.000000	0.540696
434	7.389461	10.000000	0.343896
435	10.000000	-6.959950	0.395398
436	10.000000	-8.400871	0.520799
437	10.000000	-8.493927	0.318962
438	-10.000000	-4.973375	0.163928
439	-10.000000	-4.085642	0.073370
440	-10.000000	-6.335224	0.090209
441	10.000000	4.977107	0.164023
442	10.000000	4.109310	0.073421
443	10.000000	6.335789	0.090173
444	-10.000000	6.959944	0.395396
445	-10.000000	8.400870	0.520798
446	-10.000000	8.493917	0.318959
453	4.822686	-5.164742	0.000000
454	7.343264	-4.076509	0.000023
455	7.387830	-6.370439	0.000000
456	4.450196	0.072703	0.099659
457	7.142813	-0.034888	-0.035829
458	7.123034	0.010679	-0.071223
459	0.000000	7.503944	0.000000
460	-2.435513	8.766888	0.000000
461	2.435513	8.766888	0.000000
462	7.389460	-10.000000	0.343896
463	7.336144	-10.000000	0.540695
464	4.817170	-10.000000	0.448053
465	2.739667	-10.000000	0.704827
466	-2.353723	-10.000000	0.703120
467	0.008558	-10.000000	0.646673
468	-7.336143	-10.000000	0.540696
469	-7.389460	-10.000000	0.343896
470	-4.817170	-10.000000	0.448053
471	7.381643	-6.569923	0.978511
472	7.328166	-4.446469	0.978562
473	4.818918	-5.452239	0.978627
474	2.342615	-2.151928	0.971868
475	-2.342611	-2.151929	0.971868
476	0.000000	-3.254886	0.978554
477	-7.328167	-4.446469	0.978562
478	-7.381643	-6.569923	0.978511
479	-4.818918	-5.452239	0.978627
480	6.932281	-0.613924	0.255536
481	6.513942	-0.513783	0.219198
482	4.589392	-0.470419	0.233476
483	2.196375	-0.315353	0.170793
484	-2.096007	-0.316040	0.170771
485	-0.001436	-0.372053	0.198158
486	-6.874977	-0.564511	0.222691
487	-6.818863	-0.600874	0.257008
488	-4.563455	-0.472037	0.232986
489	2.851843	-0.192416	0.127897
490	-2.843441	-0.192484	0.126926
491	0.002938	-0.121609	0.113858
492	-7.529761	-0.134221	0.065131
493	-7.516604	0.118137	0.070683
494	-5.005279	-0.001111	0.091160
495	-2.891331	0.195566	0.125296
496	2.852328	0.193204	0.125950
497	-0.008419	0.123070	0.112028
498	6.940818	0.532834	0.228212
499	6.910182	0.583576	0.261080
500	4.619788	0.467705	0.236939
501	2.527339	0.554358	0.303345
502	-2.452166	0.554363	0.303100
503	0.004045	0.518761	0.280223
504	-7.261991	0.601322	0.276092
505	-6.929269	0.507082	0.227197
506	-4.692435	0.469060	0.237427
507	7.328167	4.446469	0.978562
508	7.381643	6.569923	0.978511
509	4.818918	5.452239	0.978627
510	2.443749	8.756077	0.975467
511	-2.443742	8.756080	0.975467
512	-0.000000	7.631965	0.978590
513	-7.381643	6.569923	0.978511
514	-7.328166	4.446469	0.978562
515	-4.818918	5.452239	0.978627
516	2.512799	10.000000	0.157979
517	-2.512799	10.000000	0.157979
518	-0.000000	10.000000	0.243295
519	-7.389461	10.000000	0.343896
520	-7.336144	10.000000	0.540695
521	-4.817170	10.000000	0.448053
522	-2.739667	10.000000	0.704827
523	2.353723	10.000000	0.703120
524	-0.008558	10.000000	0.646673
525	10.000000	-6.338430	0.090241
526	10.000000	-4.118526	0.073637
527	10.000000	-4.977929	0.164084
531	10.000000	-1.986580	0.094132
534	10.000000	-1.610585	0.358637
535	10.000000	-1.801557	0.572738
536	10.000000	-2.464054	0.426108
537	10.000000	-4.193784	0.754008
538	10.000000	-6.232130	0.749552
539	10.000000	-4.840495	0.608232
540	-10.000000	-8.493928	0.318961
541	-10.000000	-8.400874	0.520799
542	-10.000000	-6.959975	0.395399
543	-10.000000	-6.232129	0.749553
544	-10.000000	-4.193767	0.754007
545	-10.000000	-4.840481	0.608232
546	-10.000000	-1.801605	0.573044
547	-10.000000	-1.609401	0.360841
548	-10.000000	-2.464309	0.425961
549	-10.000000	-1.461141	0.139718
555	10.000000	8.493924	0.318959
556	10.000000	8.400874	0.520799
557	10.000000	6.959977	0.395398
558	10.000000	6.232129	0.749553
559	10.000000	4.193754	0.754007
560	10.000000	4.840478	0.608232
561	10.000000	1.799571	0.572730
562	10.000000	1.604022	0.358827
563	10.000000	2.463490	0.426026
564	10.000000	1.642118	0.146307
570	-10.000000	6.335955	0.090177
571	-10.000000	4.110550	0.073424
572	-10.000000	4.977153	0.164031
576	-10.000000	2.028882	0.111174
579	-10.000000	1.607830	0.359467
580	-10.000000	1.800951	0.572828
581	-10.000000	2.464276	0.426162
582	-10.000000	4.193791	0.754008
583	-10.000000	6.232130	0.749552
584	-10.000000	4.840495	0.608232
603	2.435434	-8.766904	0.000000
604	-2.435418	-8.766906	0.000000
605	0.000007	-7.503960	0.000000
606	-7.387163	-6.371237	0.000000
607	-7.340369	-4.080039	0.000024
608	-4.822190	-5.165056	0.000000
609	-2.324448	-1.607504	0.000000
610	2.331327	-1.607123	0.000000
611	0.000443	-2.816316	-0.000000
612	2.169866	-0.203862	0.094585
613	-2.176812	-0.201693	0.104706
614	0.006279	-0.156752	0.100192
615	-7.101086	-0.046224	-0.120518
616	-7.105966	0.004418	0.044331
617	-4.409906	0.045622	0.128414
618	-2.265742	0.220763	0.087323
619	2.221538	0.223492	0.089865
620	-0.003027	0.157727	0.101474
621	7.389528	6.367981	0.000000
622	7.348894	4.066758	0.000019
623	4.824189	5.163490	0.000000
624	2.331293	1.598272	0.000000
625	-2.338112	1.597657	0.000000
626	-0.000129	2.814236	-0.000000
627	-7.348979	4.066775	0.000019
628	-7.389536	6.367983	0.000000
629	-4.824184	5.163507	0.000000
630	7.726002	-0.985239	0.577584
631	7.211946	-0.821690	0.428086
632	4.894659	-0.803882	0.485042
633	2.414608	-0.624479	0.356543
634	-2.407785	-0.625587	0.356037
635	0.003269	-0.658117	0.387531
636	-7.172191	-0.817712	0.430652
637	-7.725060	-0.984638	0.578654
638	-4.890123	-0.804467	0.484789
639	7.199065	0.811719	0.433231
640	7.729497	0.981032	0.580515
641	4.894900	0.802615	0.486165
642	3.339953	1.046438	0.692609
643	-3.340086	1.046323	0.692725
644	-0.000106	0.928598	0.610214
645	-7.727878	0.980231	0.581573
646	-7.183118	0.808574	0.436945
647	-4.893240	0.801691	0.487134
648	7.713982	-10.065774	0.000000
649	7.695423	-9.851585	0.900000
650	7.387940	-0.776169	0.353086
651	8.140580	0.603598	0.222689
652	7.535577	0.775866	0.365290
653	7.696410	9.851602	0.900000
654	7.714236	10.065770	0.000000
655	10.000000	-10.000000	0.106937
656	-10.000000	-10.000000	0.106938
659	10.000000	10.000000	0.106933
660	-10.000000	10.000000	0.106933
661	10.000000	-8.944459	0.899425
662	-10.000000	-8.944459	0.899426
667	10.000000	3.133552	0.900000
668	-10.000000	3.133658	0.900000
669	10.000000	-9.005042	0.000000
670	-10.000000	-9.005999	0.000000
671	10.000000	9.002525	0.000000
672	-10.000000	9.002516	0.000000
673	7.573961	0.947431	0.000000
676	10.000000	-1.048857	0.000000
677	-10.000000	-1.026754	0.000000
678	8.225553	-0.685441	0.188976
679	7.731622	-1.057045	0.000000
680	9.435877	-0.967210	0.058608
681	-9.411480	-0.954258	0.059937
682	7.906515	-1.873316	0.900000
683	7.906579	1.873279	0.900000
686	10.000000	-2.044994	0.900000
687	-10.000000	-2.044934	0.900000
688	8.371396	-10.000000	0.104432
689	8.261677	-10.000000	0.717130
690	-8.265273	-10.000000	0.717075
691	-8.371394	-10.000000	0.104432
692	8.311202	-9.153133	0.970418
693	8.088274	-2.418521	0.983806
694	-8.088275	-2.418526	0.983806
695	-8.311216	-9.153115	0.970419
696	8.229198	-0.845645	0.354519
697	8.709752	-0.897469	0.196128
698	-8.424569	-0.760675	0.233070
699	-8.260594	-0.843438	0.363286
700	8.793879	-0.772279	0.154735
701	-8.714113	-0.728226	0.163573
702	-8.795320	0.719503	0.185337
703	8.750039	0.698184	0.170547
704	7.913795	0.559287	0.241366
705	8.284826	0.832856	0.365643
706	-8.189709	0.820232	0.371987
707	-8.140374	0.600708	0.243723
708	8.088340	2.418506	0.983804
709	8.311216	9.153115	0.970419
710	-8.311202	9.153133	0.970418
711	-8.088276	2.418525	0.983806
712	8.371408	10.000000	0.104432
713	-8.371407	10.000000	0.104432
714	-8.261677	10.000000	0.717130
715	8.265273	10.000000	0.717075
716	10.000000	-9.232499	0.076185
719	10.000000	-1.146916	0.168138
720	10.000000	-2.367386	0.829864
721	10.000000	-9.032799	0.767443
722	-10.000000	-9.232497	0.076194
723	-10.000000	-9.032789	0.767444
724	-10.000000	-2.367382	0.829878
728	10.000000	9.232155	0.076155
729	10.000000	9.032789	0.767444
730	10.000000	2.367033	0.829865
734	-10.000000	9.232164	0.076155
737	-10.000000	1.084214	0.198695
738	-10.000000	2.367385	0.829866
739	-10.000000	9.032799	0.767443
748	8.282765	-9.230823	0.000000
749	-8.282545	-9.230944	0.000000
750	-8.187203	-1.769109	-0.018016
751	8.145448	-1.750610	-0.016934
752	8.478705	-0.814158	0.231391
753	-8.376986	-0.811786	0.162821
754	-8.263957	0.749121	-0.026328
755	8.185012	0.716669	0.005054
756	8.283433	9.230410	0.000000
757	8.158743	1.679421	-0.019756
758	-8.137897	1.693687	-0.020685
759	-8.283436	9.230408	0.000000
760	8.854063	-1.788163	0.904758
761	7.610740	-0.798001	0.372516
762	-7.660831	-0.800352	0.377737
763	-8.854145	-1.788168	0.904783
764	7.636338	0.785490	0.379552
765	8.854114	1.787831	0.904779
766	-8.853881	1.787935	0.904759
767	-7.599484	0.779032	0.386692
768	-2.643069	-10.068547	0.000000
769	-2.631997	-9.823796	0.900000
770	-2.972363	-0.596304	0.331496
771	-2.894555	0.244096	0.139950
772	-2.848587	0.593691	0.331078
773	-2.637290	9.824017	0.900000
774	-2.643146	10.068546	0.000000
775	10.000000	-10.000000	0.505842
776	-10.000000	-10.000000	0.505842
779	10.000000	10.000000	0.505842
780	-10.000000	10.000000	0.505842
781	10.000000	-4.723095	0.900000
782	-10.000000	-4.723094	0.900000
786	-9.576320	1.048194	0.258389
787	10.000000	6.796277	0.899995
788	-10.000000	6.796278	0.899995
789	10.000000	-4.293115	0.000000
790	-10.000000	-4.314853	0.000000
791	10.000000	4.255920	0.000000
792	-10.000000	4.256078	0.000000
793	-2.663794	0.403782	0.000000
796	10.000000	0.455115	0.000000
797	-10.000000	0.482175	0.000000
798	-3.011056	-0.248365	0.143362
799	-2.559711	-0.438534	0.000000
800	9.390341	0.231040	-0.033148
801	-9.394203	0.229409	-0.032728
802	-2.863169	-1.192885	0.776724
803	-2.863376	1.192851	0.776809
804	10.000000	1.270148	0.752771
805	-10.000000	1.273199	0.752038
806	10.000000	-1.088990	0.521007
807	-10.000000	-1.070335	0.514398
808	3.012056	-10.000000	0.319067
809	3.006556	-10.000000	0.576114
810	-3.005700	-10.000000	0.576152
811	-3.012056	-10.000000	0.319067
812	3.006799	-6.807950	0.978626
813	2.983663	-4.084774	0.978626
814	-2.983663	-4.084774	0.978626
815	-3.006799	-6.807950	0.978626
816	2.945308	-0.497402	0.264789
817	2.760458	-0.410487	0.213671
818	-2.728973	-0.411388	0.213732
819	-2.953761	-0.499295	0.264374
820	3.271050	-0.083291	0.103801
821	-3.279524	-0.083460	0.103033
822	-3.247899	0.083080	0.102529
823	3.249475	0.082729	0.103236
824	2.780348	0.410509	0.212818
825	2.973958	0.498979	0.265180
826	-3.002074	0.499109	0.264851
827	-2.835023	0.411026	0.212494
828	2.983663	4.084774	0.978626
829	3.006799	6.807950	0.978626
830	-3.006799	6.807950	0.978626
831	-2.983663	4.084774	0.978626
832	3.012056	10.000000	0.319067
833	-3.012056	10.000000	0.319067
834	-3.006556	10.000000	0.576114
835	3.005700	10.000000	0.576152
836	10.000000	-6.175161	0.257418
838	10.000000	-3.487588	0.190461
839	10.000000	-2.673136	0.277752
840	10.000000	-3.422891	0.535526
841	10.000000	-6.028578	0.515517
842	-10.000000	-6.174999	0.257399
843	-10.000000	-6.028591	0.515519
844	-10.000000	-3.422807	0.535510
845	-10.000000	-2.669617	0.277005
847	-10.000000	-3.477394	0.189953
848	10.000000	6.175155	0.257406
849	10.000000	6.028591	0.515519
850	10.000000	3.422743	0.535513
851	10.000000	2.673297	0.277841
853	10.000000	3.488810	0.190516
854	-10.000000	6.175046	0.257405
856	-10.000000	3.489152	0.190541
857	-10.000000	2.674053	0.277984
858	-10.000000	3.422912	0.535526
859	-10.000000	6.028577	0.515517
868	3.007234	-6.615148	0.000000
869	-3.007157	-6.615178	0.000000
870	-2.985453	-3.704485	-0.000001
871	2.986162	-3.704260	-0.000001
872	2.554779	-0.119728	-0.128840
873	-2.557531	-0.137277	-0.136882
874	-2.569716	0.090613	-0.112995
875	2.576000	0.122976	-0.126938
876	3.007545	6.614998	0.000000
877	2.988208	3.702698	-0.000001
878	-2.988154	3.702733	-0.000001
879	-3.007544	6.615000	0.000000
880	3.200219	-0.879166	0.564968
881	3.058290	-0.705639	0.417759
882	-3.054874	-0.706262	0.417189
883	-3.199553	-0.879598	0.564636
884	3.058212	0.705573	0.417616
885	3.200816	0.879258	0.564902
886	-3.200803	0.879001	0.565126
887	-3.056684	0.705091	0.418009
888	-2.224211	-10.000000	0.250243
889	-1.291999	-10.000000	0.106054
890	3.496060	-10.000000	0.205130
891	-2.206360	-7.560587	0.978601
892	-1.278832	-9.314787	0.958199
893	3.443078	-8.111832	0.978382
894	-2.550929	-0.931424	0.609269
895	-1.815480	-1.075944	0.713235
896	4.246418	-1.002021	0.656543
897	-2.134811	-0.518032	0.278857
898	-1.427010	-0.568505	0.319592
899	3.410962	-0.534826	0.287704
900	4.922798	0.068117	0.095367
901	8.475736	0.082023	0.027585
902	6.304830	-0.137929	0.090719
903	-1.982705	0.377498	0.196506
904	-1.188690	0.269249	0.150707
905	3.150300	0.354393	0.184269
906	-2.275184	0.666043	0.389089
907	-1.269442	0.603164	0.343700
908	3.411269	0.652356	0.372454
909	-2.168167	3.332541	0.978580
910	-1.248073	1.582208	0.922716
911	3.341388	2.803919	0.978231
912	4.657346	10.000000	0.540506
913	8.678668	10.000000	0.486682
914	5.929982	10.000000	0.303048
915	10.000000	-6.872682	0.489687
916	10.000000	-9.198814	0.477355
917	10.000000	-7.722738	0.264996
918	-10.000000	-3.961159	0.151058
919	-10.000000	-4.732130	0.037918
920	-10.000000	-6.676766	0.148691
921	10.000000	3.974516	0.151410
922	10.000000	4.732416	0.037732
923	10.000000	6.677150	0.148686
924	-10.000000	6.872681	0.489686
925	-10.000000	9.198814	0.477355
926	-10.000000	7.722694	0.264989
933	4.648836	-4.104725	-0.000001
934	8.701148	-4.702512	0.000007
935	5.916598	-6.835039	-0.000000
936	4.246865	0.122792	-0.124536
937	8.733373	0.234774	-0.148366
938	5.621752	-0.218375	-0.153742
939	-2.205103	7.428159	-0.000000
940	-1.274332	9.432372	-0.000000
941	3.437883	8.038592	-0.000000
942	8.707332	-10.000000	0.387523
943	5.881744	-10.000000	0.585035
944	4.673204	-10.000000	0.353946
946	-3.530856	-10.000000	0.674010
947	2.233301	-10.000000	0.639753
948	-8.678667	-10.000000	0.486682
949	-5.929982	-10.000000	0.303048
950	-4.657346	-10.000000	0.540506
951	8.709899	-6.109503	0.973444
952	5.843305	-3.947924	0.978628
953	4.671188	-6.446329	0.978627
954	1.248067	-1.582207	0.922718
955	-3.341387	-2.803919	0.978231
956	2.168167	-3.332541	0.978580
957	-8.688428	-5.037451	0.973988
958	-5.913845	-7.004168	0.978625
959	-4.643738	-4.461330	0.978627
960	8.108890	-0.783173	0.270375
961	5.086982	-0.425504	0.202752
962	4.687983	-0.502813	0.251797
963	1.201953	-0.269817	0.154590
964	-3.110551	-0.356373	0.185978
965	1.934782	-0.376756	0.198957
966	-7.972552	-0.745557	0.267357
967	-5.870422	-0.552167	0.258531
968	-4.206688	-0.433431	0.215632
969	1.534733	-0.208212	0.134913
970	-3.990833	-0.171046	0.116734
971	2.495563	-0.123466	0.112152
972	-8.482495	-0.105676	0.027057
973	-6.279090	0.129964	0.093441
974	-4.944028	-0.070908	0.094461
975	-1.542131	0.209782	0.131337
976	3.944877	0.168421	0.116817
977	-2.466851	0.123908	0.110108
978	7.741492	0.671427	0.252924
979	5.984671	0.546721	0.265770
980	4.328509	0.428833	0.217598
981	1.400484	0.569018	0.318874
982	-3.370987	0.536939	0.289390
983	2.145087	0.518179	0.278497
984	-8.605179	0.865891	0.309472
985	-5.353108	0.424689	0.208345
986	-4.736168	0.501657	0.256769
987	8.688429	5.037450	0.973988
988	5.913845	7.004168	0.978625
989	4.643738	4.461330	0.978627
990	1.278832	9.314787	0.958199
991	-3.443078	8.111832	0.978382
992	2.206360	7.560587	0.978601
993	-8.709899	6.109504	0.973444
994	-5.843305	3.947924	0.978628
995	-4.671188	6.446329	0.978627
996	1.292010	10.000000	0.106053
997	-3.496062	10.000000	0.205130
998	2.224212	10.000000	0.250243
999	-8.707334	10.000000	0.387522
1000	-5.881744	10.000000	0.585035
1001	-4.673204	10.000000	0.353946
1003	3.530856	10.000000	0.674010
1004	-2.233301	10.000000	0.639753
1005	10.000000	-5.908450	0.041883
1006	10.000000	-3.546734	0.109551
1007	10.000000	-5.966610	0.186590
1012	10.000000	-2.252372	0.156119
1014	10.000000	-1.344313	0.448351
1015	10.000000	-2.361966	0.588647
1016	10.000000	-2.316333	0.329134
1017	10.000000	-4.909739	0.826659
1018	10.000000	-6.498242	0.668750
1019	10.000000	-3.916291	0.610107
1020	-10.000000	-9.237014	0.376095
1021	-10.000000	-7.582181	0.555523
1022	-10.000000	-6.972436	0.303684
1023	-10.000000	-5.954147	0.825838
1024	-10.000000	-3.576942	0.680603
1025	-10.000000	-5.792652	0.598975
1026	-10.000000	-1.401800	0.569074
1027	-10.000000	-1.902016	0.290499
1028	-10.000000	-2.707789	0.518654
1029	-10.000000	-1.589490	0.029592
1035	10.000000	9.237013	0.376094
1036	10.000000	7.582181	0.555523
1037	10.000000	6.972452	0.303683
1038	10.000000	5.954147	0.825838
1039	10.000000	3.576892	0.680601
1040	10.000000	5.792652	0.598975
1041	10.000000	1.397466	0.567811
1042	10.000000	1.900766	0.291192
1043	10.000000	2.707374	0.518647
1044	10.000000	1.446253	0.113210
1050	-10.000000	5.899807	0.041803
1051	-10.000000	3.549442	0.109611
1052	-10.000000	5.966155	0.186559
1057	-10.000000	2.267644	0.160648
1059	-10.000000	1.339115	0.449889
1060	-10.000000	2.361931	0.588657
1061	-10.000000	2.316803	0.329430
1062	-10.000000	4.909742	0.826659
1063	-10.000000	6.498242	0.668750
1064	-10.000000	3.916298	0.610107
1083	1.274305	-9.432375	-0.000000
1084	-3.437651	-8.038663	-0.000000
1085	2.204967	-7.428204	-0.000000
1086	-8.716709	-5.876472	-0.000000
1087	-5.852654	-3.550667	0.000034
1088	-4.673564	-6.229890	-0.000000
1089	-1.195610	-0.956910	-0.000000
1090	3.344144	-2.322975	0.000001
1091	-2.168648	-2.898629	-0.000000
1092	1.225518	-0.176854	-0.132275
1093	-3.041856	-0.213943	-0.106828
1094	1.881248	-0.144964	0.097039
1095	-8.438481	0.014511	0.126153
1096	-5.486403	0.189734	0.089392
1097	-4.263066	0.004698	-0.102531
1098	-1.279427	0.184958	-0.149836
1099	3.072305	0.185454	-0.116345
1100	-1.913682	0.154030	0.099811
1101	8.719981	5.865564	-0.000000
1102	5.861556	3.542421	0.000028
1103	4.674572	6.229211	-0.000000
1104	1.196989	0.939920	-0.000000
1105	-3.350633	2.317179	0.000001
1106	2.172537	2.895917	-0.000000
1107	-8.704913	4.687753	0.000006
1108	-5.917500	6.834315	-0.000000
1109	-4.651717	4.102353	-0.000001
1110	8.901293	-1.039344	0.570339
1111	5.765536	-0.739890	0.406889
1112	4.891830	-0.871864	0.545783
1113	1.272501	-0.601961	0.344899
1114	-3.391934	-0.653604	0.371709
1115	2.273360	-0.666003	0.389639
1116	-8.739209	-0.955767	0.485658
1117	-6.383430	-0.958339	0.594852
1118	-4.670420	-0.743064	0.432683
1119	8.752444	0.947781	0.486262
1120	6.386516	0.956406	0.596261
1121	4.677631	0.740959	0.434265
1122	1.816100	1.075958	0.713221
1123	-4.247607	1.001720	0.656848
1124	2.552063	0.931338	0.609336
1125	-8.901730	1.031409	0.575806
1126	-5.756479	0.732840	0.412293
1127	-4.892768	0.870457	0.547097
1128	2.643081	-10.068546	0.000000
1129	2.637290	-9.824017	0.900000
1130	2.863748	-0.593242	0.332006
1131	2.896375	0.242602	0.140511
1132	2.921855	0.594684	0.331662
1133	2.631997	9.823796	0.900000
1134	2.643146	10.068546	0.000000
1135	10.000000	-10.000000	0.323087
1136	-10.000000	-10.000000	0.323087
1139	10.000000	10.000000	0.323085
1140	-10.000000	10.000000	0.323085
1141	10.000000	-6.796278	0.899995
1142	-10.000000	-6.796277	0.899995
1143	9.694883	-1.063650	0.252935
1147	10.000000	4.723085	0.900000
1148	-10.000000	4.723099	0.900000
1149	10.000000	-6.628348	0.000000
1150	-10.000000	-6.633945	0.000000
1151	10.000000	6.615560	0.000000
1152	-10.000000	6.615530	0.000000
1153	2.577543	0.402815	0.000000
1156	10.000000	-0.037401	0.000000
1157	-10.000000	-0.049434	0.000000
1158	2.873352	-0.244577	0.143577
1159	2.625917	-0.435281	0.000000
1160	9.384403	-0.275123	-0.031934
1161	-9.389095	-0.285387	-0.031583
1162	2.863246	-1.192842	0.776802
1163	2.863350	1.192876	0.776763
1164	10.000000	1.061894	0.509111
1166	10.000000	-1.275388	0.751070
1167	-10.000000	-1.273917	0.754034
1168	5.529576	-10.000000	0.223055
1169	5.485533	-10.000000	0.655631
1170	-5.491755	-10.000000	0.655585
1171	-5.529576	-10.000000	0.223055
1172	5.474792	-7.910894	0.978530
1173	5.332066	-3.065088	0.978575
1174	-5.332066	-3.065089	0.978575
1175	-5.474793	-7.910893	0.978530
1176	5.560766	-0.561506	0.275417
1177	4.693893	-0.387099	0.188302
1178	-5.091413	-0.407314	0.191568
1179	-5.411015	-0.561754	0.276316
1180	6.269863	-0.226171	0.110055
1181	-6.298287	-0.230374	0.109033
1182	-6.214161	0.213299	0.113203
1183	6.225055	0.215142	0.111691
1184	5.202966	0.391118	0.194429
1185	5.509095	0.558363	0.282239
1186	-5.514099	0.557177	0.285583
1187	-4.730304	0.377094	0.189179
1188	5.332068	3.065088	0.978575
1189	5.474793	7.910893	0.978530
1190	-5.474792	7.910894	0.978530
1191	-5.332065	3.065088	0.978575
1192	5.529578	10.000000	0.223054
1193	-5.529578	10.000000	0.223054
1194	-5.485533	10.000000	0.655631
1195	5.491755	10.000000	0.655585
1196	10.000000	-7.640963	0.179672
1198	10.000000	-2.663266	0.108071
1199	10.000000	-1.825514	0.198578
1200	10.000000	-2.741657	0.674023
1201	10.000000	-7.437357	0.651040
1202	-10.000000	-7.640749	0.179662
1203	-10.000000	-7.437359	0.651040
1204	-10.000000	-2.741609	0.674019
1205	-10.000000	-1.781847	0.201019
1207	-10.000000	-2.587304	0.107894
1208	10.000000	7.640750	0.179652
1209	10.000000	7.437359	0.651040
1210	10.000000	2.741367	0.674004
1211	10.000000	1.818447	0.203882
1213	10.000000	2.682624	0.110770
1214	-10.000000	7.640755	0.179654
1216	-10.000000	2.686413	0.111013
1217	-10.000000	1.823861	0.204651
1218	-10.000000	2.741657	0.674024
1219	-10.000000	7.437357	0.651040
1228	5.469646	-7.823698	0.000000
1229	-5.469509	-7.823761	0.000000
1230	-5.343260	-2.597260	-0.000300
1231	5.348596	-2.594865	-0.000287
1232	5.224613	-0.030031	-0.034213
1233	-5.201260	0.017327	0.000878
1234	-4.995094	0.196246	-0.125739
1235	5.007733	0.216215	-0.127549
1236	5.470132	7.823443	0.000000
1237	5.358294	2.584737	-0.000258
1238	-5.358513	2.585065	-0.000260
1239	-5.470133	7.823443	0.000000
1240	6.359065	-1.060311	0.674910
1241	5.207941	-0.690266	0.376737
1242	-5.175739	-0.689825	0.377118
1243	-6.359357	-1.060647	0.674712
1244	5.206160	0.686280	0.379166
1245	6.360608	1.059587	0.675613
1246	-6.360118	1.059187	0.676019
1247	-5.201115	0.683751	0.380983
1248	-7.713916	-10.065775	0.000000
1249	-7.696410	-9.851602	0.900000
1250	-7.575952	-0.791944	0.364136
1252	-7.412980	0.760075	0.368616
1253	-7.695423	9.851585	0.900000
1254	-7.714237	10.065770	0.000000
1255	10.000000	-10.000000	0.638313
1256	-10.000000	-10.000000	0.638326
1259	10.000000	10.000000	0.638326
1260	-10.000000	10.000000	0.638313
1261	10.000000	-3.133657	0.900000
1262	-10.000000	-3.133668	0.900000
1264	-9.427719	-1.169811	0.182453
1267	10.000000	8.944459	0.899426
1268	-10.000000	8.944459	0.899425
1269	10.000000	-2.340864	0.000000
1270	-10.000000	-2.308132	0.000000
1271	10.000000	2.227308	0.000000
1272	-10.000000	2.270723	0.000000
1273	-7.597045	0.972238	0.000000
1276	10.000000	0.962312	0.000000
1277	-10.000000	1.004424	0.000000
1278	-8.196260	-0.658297	0.209758
1279	-7.723373	-1.062065	0.000000
1280	9.418737	0.882137	0.070642
1281	-9.436113	0.911375	0.080098
1282	-7.906594	-1.873344	0.900000
1283	-7.906485	1.873314	0.900000
1284	10.000000	2.044037	0.900000
1285	-10.000000	2.044745	0.900000
1288	0.860744	-10.000000	0.411508
1289	0.861882	-10.000000	0.487592
1290	-0.861882	-10.000000	0.487592
1291	-0.860744	-10.000000	0.411508
1292	0.861866	-5.833681	0.978627
1293	0.861294	-5.048696	0.978627
1294	-0.861294	-5.048696	0.978627
1295	-0.861866	-5.833681	0.978627
1296	0.838559	-0.463791	0.249410
1297	0.874573	-0.439355	0.233922
1298	-0.871716	-0.439732	0.233872
1299	-0.837551	-0.464249	0.249327
1300	0.892147	-0.021679	0.101899
1301	-0.893298	-0.021608	0.101682
1302	-0.891895	0.022591	0.101386
1303	0.890653	0.022497	0.101610
1304	0.875040	0.440526	0.232034
1305	0.843647	0.465035	0.247671
1306	-0.852944	0.465045	0.247506
1307	-0.884876	0.440561	0.231865
1308	0.861294	5.048696	0.978627
1309	0.861866	5.833681	0.978627
1310	-0.861866	5.833681	0.978627
1311	-0.861294	5.048696	0.978627
1312	0.860744	10.000000	0.411508
1313	-0.860744	10.000000	0.411508
1314	-0.861882	10.000000	0.487592
1315	0.861882	10.000000	0.487592
1316	10.000000	-4.881921	0.324112
1318	10.000000	-4.180179	0.291705
1319	10.000000	-3.704865	0.341199
1320	10.000000	-4.056527	0.408791
1321	10.000000	-4.810114	0.398913
1322	-10.000000	-4.881923	0.324100
1323	-10.000000	-4.810148	0.398916
1324	-10.000000	-4.056432	0.408784
1325	-10.000000	-3.704539	0.341141
1327	-10.000000	-4.179753	0.291652
1328	10.000000	4.882067	0.324115
1329	10.000000	4.810173	0.398919
1330	10.000000	4.056522	0.408796
1331	10.000000	3.704958	0.341201
1333	10.000000	4.180415	0.291708
1334	-10.000000	4.881877	0.324105
1336	-10.000000	4.180120	0.291695
1337	-10.000000	3.704861	0.341194
1338	-10.000000	4.056514	0.408788
1339	-10.000000	4.810104	0.398910
1348	0.862029	-5.570287	0.000000
1349	-0.861993	-5.570296	0.000000
1350	-0.861645	-4.733767	-0.000000
1351	0.861720	-4.733754	-0.000000
1352	0.662840	-0.167422	-0.049877
1353	-0.676045	-0.176454	-0.035743
1354	-0.653339	0.147156	-0.042415
1355	0.647013	0.159951	-0.024157
1356	0.862146	5.570191	0.000000
1357	0.861857	4.733510	-0.000000
1358	-0.861845	4.733512	-0.000000
1359	-0.862143	5.570192	0.000000
1360	0.858618	-0.801687	0.505612
1361	0.880619	-0.750577	0.462221
1362	-0.880711	-0.750759	0.462052
1363	-0.858589	-0.801843	0.505477
1364	0.880586	0.751078	0.461672
1365	0.858657	0.802125	0.505207
1366	-0.858504	0.802057	0.505269
1367	-0.880260	0.750996	0.461750
1368	2.224211	-10.000000	0.250243
1369	-3.496060	-10.000000	0.205130
1370	1.292001	-10.000000	0.106054
1371	2.206360	-7.560587	0.978601
1372	-3.443078	-8.111832	0.978382
1373	1.279049	-9.314967	0.958189
1374	2.551438	-0.931145	0.609498
1375	-4.246180	-1.002340	0.656272
1376	1.815973	-1.075872	0.713322
1377	2.125543	-0.516546	0.279250
1378	-3.400575	-0.537971	0.287478
1379	1.365187	-0.567573	0.320162
1380	4.938872	-0.070395	0.095237
1381	6.282367	0.130927	0.092138
1382	8.477053	-0.102419	0.026193
1383	1.979327	0.376951	0.196764
1384	-2.953946	0.353763	0.183582
1385	1.148354	0.268818	0.151056
1386	2.274441	0.666404	0.388973
1387	-3.412569	0.651417	0.372772
1388	1.281293	0.603323	0.343899
1389	2.168167	3.332541	0.978580
1390	-3.341388	2.803919	0.978231
1391	1.248059	1.582209	0.922714
1392	4.673204	10.000000	0.353946
1393	5.882316	10.000000	0.585007
1394	8.707334	10.000000	0.387522
1395	10.000000	-6.972434	0.303687
1396	10.000000	-7.582176	0.555523
1397	10.000000	-9.237012	0.376095
1398	-10.000000	-5.965431	0.186535
1399	-10.000000	-3.511632	0.108972
1400	-10.000000	-5.903458	0.041911
1401	10.000000	5.966202	0.186555
1402	10.000000	3.547481	0.109575
1403	10.000000	5.899651	0.041803
1404	-10.000000	6.972401	0.303682
1405	-10.000000	7.582175	0.555523
1406	-10.000000	9.237010	0.376094
1413	4.673795	-6.229756	-0.000000
1414	5.855478	-3.548853	0.000032
1415	8.717764	-5.873402	-0.000000
1416	4.266116	-0.012187	-0.101206
1417	5.428610	0.178656	0.086786
1418	8.464600	0.005110	0.107847
1419	2.205103	7.428159	-0.000000
1420	-3.437883	8.038593	-0.000000
1421	1.274332	9.432372	-0.000000
1422	5.929982	-10.000000	0.303048
1423	8.678667	-10.000000	0.486682
1424	4.657232	-10.000000	0.540550
1425	3.537994	-10.000000	0.674872
1426	-1.352935	-10.000000	0.732193
1427	-2.220876	-10.000000	0.640052
1428	-5.882316	-10.000000	0.585007
1429	-8.707332	-10.000000	0.387523
1430	-4.673204	-10.000000	0.353946
1431	5.913845	-7.004168	0.978625
1432	8.688428	-5.037451	0.973988
1433	4.643738	-4.461330	0.978627
1434	3.341388	-2.803919	0.978231
1435	-1.248036	-1.582209	0.922715
1436	-2.168166	-3.332541	0.978580
1437	-5.843305	-3.947924	0.978628
1438	-8.709899	-6.109503	0.973444
1439	-4.671188	-6.446329	0.978627
1440	5.987980	-0.553433	0.258470
1441	7.861433	-0.743500	0.244957
1442	4.242754	-0.432329	0.215950
1443	2.955683	-0.354410	0.185570
1444	-1.465786	-0.271808	0.154932
1445	-1.945252	-0.377098	0.198774
1446	-5.153991	-0.432687	0.203940
1447	-7.902835	-0.752150	0.278150
1448	-4.654410	-0.504790	0.251390
1449	4.000292	-0.171115	0.117944
1450	-1.569135	-0.208789	0.134544
1451	-2.491622	-0.123278	0.111478
1452	-6.314550	-0.139774	0.090117
1453	-8.479705	0.080293	0.029925
1454	-4.921339	0.068090	0.095039
1455	-3.940028	0.169038	0.116107
1456	1.517489	0.208380	0.131915
1457	2.461918	0.123292	0.110843
1458	5.260217	0.417197	0.207651
1459	7.965211	0.725008	0.271174
1460	4.692660	0.501908	0.256298
1461	3.408930	0.537000	0.289330
1462	-1.328733	0.568943	0.318652
1463	-2.142620	0.518203	0.278164
1464	-6.016674	0.542595	0.269261
1465	-8.225886	0.681971	0.275056
1466	-4.457793	0.433321	0.218948
1467	5.843306	3.947924	0.978628
1468	8.709899	6.109503	0.973444
1469	4.671188	6.446329	0.978627
1470	3.443078	8.111832	0.978382
1471	-1.279049	9.314967	0.958189
1472	-2.206360	7.560587	0.978601
1473	-5.913845	7.004168	0.978625
1474	-8.688428	5.037452	0.973988
1475	-4.643738	4.461330	0.978627
1476	3.496062	10.000000	0.205130
1477	-1.292010	10.000000	0.106053
1478	-2.224212	10.000000	0.250243
1479	-5.929983	10.000000	0.303048
1480	-8.678668	10.000000	0.486682
1481	-4.657232	10.000000	0.540550
1482	-3.537994	10.000000	0.674872
1483	1.352935	10.000000	0.732193
1484	2.220876	10.000000	0.640052
1485	10.000000	-6.677850	0.148725
1486	10.000000	-4.751129	0.037871
1487	10.000000	-3.974689	0.151459
1493	10.000000	-2.727513	0.200661
1494	10.000000	-1.905277	0.290442
1495	10.000000	-1.403393	0.566836
1496	10.000000	-2.707737	0.518694
1497	10.000000	-3.576980	0.680607
1498	10.000000	-5.954149	0.825838
1499	10.000000	-5.792651	0.598974
1500	-10.000000	-7.722712	0.264992
1501	-10.000000	-9.198816	0.477355
1502	-10.000000	-6.872696	0.489688
1503	-10.000000	-6.498243	0.668751
1504	-10.000000	-4.909733	0.826658
1505	-10.000000	-3.916248	0.610103
1506	-10.000000	-2.362037	0.588653
1507	-10.000000	-1.341889	0.453575
1508	-10.000000	-2.315803	0.328618
1511	-10.000000	-2.708587	0.199325
1515	10.000000	7.722713	0.264989
1516	10.000000	9.198816	0.477355
1517	10.000000	6.872696	0.489688
1518	10.000000	6.498243	0.668751
1519	10.000000	4.909730	0.826658
1520	10.000000	3.916222	0.610103
1521	10.000000	2.361356	0.588598
1522	10.000000	1.334925	0.449747
1523	10.000000	2.315395	0.329167
1526	10.000000	2.731115	0.201281
1530	-10.000000	6.677187	0.148690
1531	-10.000000	4.732614	0.037730
1532	-10.000000	3.975073	0.151427
1538	-10.000000	2.732835	0.201454
1539	-10.000000	1.904206	0.291850
1540	-10.000000	1.400517	0.567671
1541	-10.000000	2.707810	0.518703
1542	-10.000000	3.576991	0.680607
1543	-10.000000	5.954150	0.825838
1544	-10.000000	5.792650	0.598974
1563	3.437694	-8.038651	-0.000000
1564	-1.274300	-9.432375	-0.000000
1565	-2.204935	-7.428212	-0.000000
1566	-5.916307	-6.835239	-0.000000
1567	-8.699042	-4.708771	0.000008
1568	-4.647767	-4.105283	-0.000001
1569	-3.340791	-2.323573	0.000001
1570	1.218657	-0.956313	-0.000000
1571	2.169851	-2.898439	-0.000000
1572	3.044035	-0.187633	-0.110606
1573	-1.142346	-0.186354	-0.131561
1574	-1.866785	-0.144733	0.094173
1575	-5.572442	-0.150232	-0.193451
1576	-8.751254	0.220987	-0.170594
1577	-4.264621	0.164588	-0.112179
1578	-3.081830	0.188770	-0.116114
1579	1.201356	0.185194	-0.148507
1580	1.905553	0.151117	0.096632
1581	5.917499	6.834311	-0.000000
1582	8.704902	4.687861	0.000006
1583	4.651735	4.102310	-0.000001
1584	3.350424	2.317057	0.000001
1585	-1.226302	0.939643	-0.000000
1586	-2.172490	2.895958	-0.000000
1587	-5.861617	3.542532	0.000028
1588	-8.719990	5.865529	-0.000000
1589	-4.674570	6.229217	-0.000000
1590	6.383803	-0.957963	0.594933
1591	8.761493	-0.962044	0.479840
1592	4.677277	-0.742562	0.432973
1593	3.408729	-0.652774	0.372212
1594	-1.287317	-0.602718	0.344447
1595	-2.266409	-0.666606	0.389089
1596	-5.747224	-0.739274	0.407395
1597	-8.899420	-1.036281	0.574177
1598	-4.890241	-0.872432	0.545460
1599	5.767757	0.735357	0.409861
1600	8.903081	1.030448	0.575165
1601	4.893156	0.871104	0.546470
1602	4.247560	1.001946	0.656634
1603	-1.816357	1.075917	0.713271
1604	-2.552219	0.931191	0.609459
1605	-6.385824	0.955622	0.597058
1606	-8.755669	0.949173	0.488707
1607	-4.673707	0.739809	0.435432
1608	0.000000	-10.000000	0.156181
1609	1.199378	-10.000000	0.196529
1610	-1.199378	-10.000000	0.196529
1611	0.000023	-8.781987	0.975017
1612	1.176782	-8.205783	0.978220
1613	-1.176781	-8.205783	0.978220
1614	0.000358	-1.014999	0.673957
1615	1.532329	-0.974787	0.644845
1616	-1.531732	-0.974918	0.644727
1617	-0.015368	-0.551837	0.306726
1618	1.148218	-0.533156	0.295937
1619	-1.156965	-0.533828	0.295561
1620	7.488898	-0.004974	0.058451
1621	6.315052	-0.047419	0.081190
1622	6.308195	0.042524	0.081740
1623	0.029089	0.308994	0.166567
1624	1.071690	0.344273	0.181919
1625	-0.998548	0.344313	0.181514
1626	0.001087	0.620405	0.356138
1627	1.209614	0.639322	0.370690
1628	-1.210711	0.639168	0.370637
1629	-0.000002	2.103121	0.969663
1630	1.140570	2.684341	0.977764
1631	-1.140571	2.684341	0.977764
1632	7.419481	10.000000	0.444143
1633	6.110399	10.000000	0.397412
1634	6.094180	10.000000	0.495439
1635	10.000000	-8.463595	0.419574
1636	10.000000	-7.727208	0.358994
1637	10.000000	-7.679041	0.457222
1638	-10.000000	-5.196210	0.079703
1639	-10.000000	-5.624955	0.128091
1640	-10.000000	-4.546667	0.115542
1641	10.000000	5.201915	0.079674
1642	10.000000	5.627584	0.128116
1643	10.000000	4.557811	0.115682
1644	-10.000000	8.463593	0.419574
1645	-10.000000	7.727199	0.358992
1646	-10.000000	7.679039	0.457221
1653	7.429990	-5.212252	-0.000000
1654	6.115506	-5.742963	0.000000
1655	6.097565	-4.619796	-0.000001
1656	7.207333	0.166101	0.105895
1657	5.812490	-0.154851	0.082342
1658	5.746703	0.115158	-0.072692
1659	-0.000000	8.794605	-0.000000
1660	1.174495	8.138475	0.000000
1661	-1.174495	8.138476	0.000000
1662	6.094179	-10.000000	0.495439
1663	6.110399	-10.000000	0.397412
1664	7.419481	-10.000000	0.444143
1665	-1.049539	-10.000000	0.684775
1666	1.259540	-10.000000	0.683522
1667	1.175316	-10.000000	0.739498
1668	-6.110399	-10.000000	0.397412
1669	-6.094179	-10.000000	0.495439
1670	-7.419481	-10.000000	0.444143
1671	6.090028	-4.944511	0.978626
1672	6.110128	-5.990881	0.978626
1673	7.420756	-5.497791	0.978473
1674	-1.140570	-2.684341	0.977764
1675	1.140571	-2.684341	0.977764
1676	0.000004	-2.103121	0.969663
1677	-6.110128	-5.990881	0.978626
1678	-6.090028	-4.944511	0.978626
1679	-7.420756	-5.497791	0.978473
1680	5.498306	-0.468710	0.218574
1681	5.773500	-0.510981	0.237877
1682	6.652323	-0.552788	0.234978
1683	-1.039857	-0.343860	0.184370
1684	1.008111	-0.343236	0.184276
1685	0.024892	-0.308106	0.169537
1686	-5.716280	-0.512331	0.236300
1687	-5.453510	-0.470938	0.218359
1688	-6.764262	-0.569134	0.236754
1689	-1.342837	-0.154625	0.120079
1690	1.354234	-0.154745	0.120498
1691	0.002206	-0.182715	0.128127
1692	-6.309151	0.041828	0.082494
1693	-6.318963	-0.048380	0.081262
1694	-7.493001	-0.006444	0.060612
1695	1.337272	0.155871	0.118419
1696	-1.366145	0.156730	0.117921
1697	-0.021849	0.184051	0.125503
1698	5.761491	0.502356	0.244235
1699	5.544418	0.458555	0.223827
1700	6.704243	0.534743	0.239265
1701	-1.128942	0.534417	0.294114
1702	1.164455	0.534401	0.294312
1703	0.031301	0.552975	0.304791
1704	-6.009279	0.479726	0.230667
1705	-5.929683	0.505955	0.248481
1706	-7.496708	0.602360	0.262821
1707	6.110128	5.990881	0.978626
1708	6.090028	4.944510	0.978626
1709	7.420756	5.497791	0.978473
1710	-1.176782	8.205783	0.978220
1711	1.176781	8.205783	0.978220
1712	-0.000023	8.781987	0.975017
1713	-6.090028	4.944511	0.978626
1714	-6.110128	5.990881	0.978626
1715	-7.420755	5.497791	0.978473
1716	-1.199378	10.000000	0.196529
1717	1.199378	10.000000	0.196529
1718	-0.000000	10.000000	0.156181
1719	-6.094180	10.000000	0.495439
1720	-6.110399	10.000000	0.397412
1721	-7.419481	10.000000	0.444143
1722	1.049539	10.000000	0.684775
1723	-1.259540	10.000000	0.683522
1724	-1.175316	10.000000	0.739498
1725	10.000000	-4.560406	0.115805
1726	10.000000	-5.629281	0.128188
1727	10.000000	-5.207601	0.079801
1734	10.000000	-2.127712	0.492570
1735	10.000000	-1.993249	0.390739
1736	10.000000	-1.678190	0.464673
1737	10.000000	-5.503466	0.677791
1738	10.000000	-4.512575	0.681718
1739	10.000000	-5.193822	0.753187
1740	-10.000000	-7.679052	0.457222
1741	-10.000000	-7.727220	0.358994
1742	-10.000000	-8.463601	0.419575
1743	-10.000000	-4.512557	0.681717
1744	-10.000000	-5.503462	0.677791
1745	-10.000000	-5.193816	0.753186
1746	-10.000000	-1.994370	0.390743
1747	-10.000000	-2.128311	0.492606
1748	-10.000000	-1.679237	0.465521
1749	-10.000000	-2.184564	0.155327
1755	10.000000	7.679052	0.457222
1756	10.000000	7.727220	0.358993
1757	10.000000	8.463600	0.419574
1758	10.000000	4.512549	0.681717
1759	10.000000	5.503462	0.677791
1760	10.000000	5.193814	0.753186
1761	10.000000	1.991313	0.390690
1762	10.000000	2.126664	0.492479
1763	10.000000	1.674748	0.464705
1764	10.000000	2.264413	0.160229
1770	-10.000000	4.558391	0.115692
1771	-10.000000	5.627744	0.128123
1772	-10.000000	5.202368	0.079678
1779	-10.000000	2.127688	0.492633
1780	-10.000000	1.993156	0.391030
1781	-10.000000	1.677016	0.464979
1782	-10.000000	5.503467	0.677791
1783	-10.000000	4.512578	0.681718
1784	-10.000000	5.193823	0.753187
1803	-1.174439	-8.138491	0.000000
1804	1.174451	-8.138489	0.000000
1805	0.000003	-8.794611	-0.000000
1806	-6.096244	-4.620854	-0.000001
1807	-6.114891	-5.743468	0.000000
1808	-7.428621	-5.214043	-0.000001
1809	1.140411	-2.197569	0.000000
1810	-1.138067	-2.197669	0.000000
1811	0.003473	-1.556510	-0.000000
1812	-1.016274	-0.194116	-0.113732
1813	1.033681	-0.197628	-0.115062
1814	0.005289	-0.225327	0.087063
1815	-5.712387	0.061296	-0.090244
1816	-5.817712	-0.132193	0.066347
1817	-7.221257	0.168543	0.081394
1818	1.034323	0.193861	-0.116738
1819	-1.047675	0.194038	-0.116619
1820	-0.020629	0.221686	0.079276
1821	6.100817	4.616229	-0.000001
1822	6.117204	5.741231	0.000000
1823	7.433086	5.207091	-0.000000
1824	-1.142694	2.193259	0.000000
1825	1.141155	2.193427	0.000000
1826	-0.003940	1.548320	-0.000000
1827	-6.117208	5.741244	0.000000
1828	-6.100834	4.616266	-0.000001
1829	-7.433111	5.207096	-0.000000
1830	6.125894	-0.799874	0.454252
1831	6.306984	-0.871437	0.518638
1832	7.550478	-0.892120	0.489204
1833	-1.201128	-0.638802	0.371330
1834	1.214100	-0.638348	0.371636
1835	0.000760	-0.619158	0.357302
1836	-6.302799	-0.871653	0.518900
1837	-6.112782	-0.799626	0.454913
1838	-7.538633	-0.890226	0.491347
1839	6.309457	0.868702	0.520814
1840	6.126068	0.795898	0.457222
1841	7.551087	0.884878	0.493671
1842	-1.532789	0.974925	0.644714
1843	1.532536	0.974990	0.644658
1844	-0.000165	1.015114	0.673834
1845	-6.120400	0.793951	0.459392
1846	-6.307878	0.867379	0.522228
1847	-7.546968	0.883198	0.495952
1848	0.000000	-10.000000	0.352006
1849	-1.054312	-10.000000	0.299238
1850	1.054312	-10.000000	0.299238
1851	-4.862823	-10.000000	0.163841
1852	-6.246873	-10.000000	0.104618
1853	-3.837709	-10.000000	0.105454
1854	4.862825	-10.000000	0.163841
1855	3.837713	-10.000000	0.105454
1856	6.246882	-10.000000	0.104618
1857	0.000000	-6.449921	0.978627
1858	-1.050664	-7.010947	0.978625
1859	1.050664	-7.010947	0.978625
1860	-4.761112	-8.669134	0.976629
1861	-6.177880	-9.240741	0.964274
1862	-3.796728	-9.292725	0.960107
1863	4.761107	-8.669140	0.976629
1864	3.796672	-9.292668	0.960112
1865	6.177764	-9.240763	0.964273
1866	0.000093	-0.843778	0.541544
1867	-1.129302	-0.884746	0.574731
1868	1.129702	-0.884591	0.574859
1869	-5.887237	-1.143536	0.735068
1870	-7.050402	-1.417080	0.839602
1871	-4.791857	-1.183915	0.772316
1872	5.887118	-1.143312	0.735265
1873	4.791845	-1.183787	0.772459
1874	7.050238	-1.417009	0.839638
1875	-0.000292	-0.483291	0.258990
1876	-1.013696	-0.498766	0.271841
1877	1.008620	-0.498103	0.272049
1878	-4.888630	-0.572691	0.294705
1879	-6.266283	-0.646175	0.313140
1880	-4.111702	-0.584094	0.314167
1881	4.890033	-0.567986	0.293680
1882	4.045510	-0.579729	0.314171
1883	6.189683	-0.642846	0.309330
1884	2.289684	0.000179	0.100355
1885	3.591641	0.029015	0.098193
1886	3.597716	-0.029473	0.098330
1887	7.574336	0.247329	0.091115
1888	8.627437	0.466586	0.095132
1889	8.595170	0.269411	0.044850
1890	7.589358	-0.265650	0.085588
1891	8.593910	-0.296017	0.041075
1892	8.638692	-0.509165	0.086958
1893	-0.006569	0.420574	0.220295
1894	-0.991825	0.400354	0.209245
1895	0.974234	0.400219	0.209438
1896	-3.870000	0.332699	0.171951
1897	-5.726678	0.362567	0.175600
1898	-3.456041	0.290389	0.155500
1899	4.108495	0.334196	0.172812
1900	3.316468	0.285997	0.155599
1901	5.636567	0.350877	0.170675
1902	0.000144	0.714146	0.431241
1903	-1.094513	0.686600	0.408157
1904	1.094294	0.686715	0.408088
1905	-4.551208	0.646857	0.359580
1906	-5.796432	0.660735	0.355671
1907	-3.678382	0.615440	0.344425
1908	4.553309	0.648943	0.358602
1909	3.673494	0.616623	0.344188
1910	5.794895	0.664422	0.352851
1911	-0.000000	4.433313	0.978627
1912	-1.041554	3.874904	0.978623
1913	1.041554	3.874904	0.978623
1914	-4.573437	2.317678	0.976251
1915	-5.997297	1.950144	0.967924
1916	-3.694129	1.691626	0.942099
1917	4.573444	2.317678	0.976251
1918	3.694138	1.691630	0.942096
1919	5.997335	1.950145	0.967923
1920	2.211462	10.000000	0.449312
1921	3.444095	10.000000	0.494099
1922	3.447432	10.000000	0.403312
1923	7.126053	10.000000	0.623305
1924	8.406401	10.000000	0.645033
1925	8.587829	10.000000	0.574921
1926	7.242191	10.000000	0.250668
1927	8.687281	10.000000	0.286497
1928	8.618272	10.000000	0.193196
1929	10.000000	-5.525064	0.372139
1930	10.000000	-6.185033	0.427794
1931	10.000000	-6.241365	0.339622
1932	10.000000	-8.299011	0.620575
1933	10.000000	-9.022767	0.670478
1934	10.000000	-9.128282	0.574881
1935	10.000000	-8.485632	0.222261
1936	10.000000	-9.253898	0.273329
1937	10.000000	-9.244801	0.172490
1938	-10.000000	-4.714445	0.256603
1939	-10.000000	-4.394157	0.198814
1940	-10.000000	-5.309992	0.222324
1941	-10.000000	-3.052764	0.069806
1942	-10.000000	-2.519995	0.035171
1943	-10.000000	-3.602282	0.035443
1944	-10.000000	-7.433445	0.107374
1945	-10.000000	-7.087242	0.048547
1946	-10.000000	-8.218969	0.059298
1947	10.000000	4.715310	0.256658
1948	10.000000	4.397989	0.198968
1949	10.000000	5.310909	0.222366
1950	10.000000	3.124574	0.070492
1951	10.000000	2.501877	0.038859
1952	10.000000	3.614779	0.035181
1953	10.000000	7.433164	0.107344
1954	10.000000	7.084235	0.048481
1955	10.000000	8.217498	0.059254
1956	-10.000000	5.525050	0.372135
1957	-10.000000	6.185029	0.427793
1958	-10.000000	6.241342	0.339618
1959	-10.000000	8.299011	0.620575
1960	-10.000000	9.022767	0.670478
1961	-10.000000	9.128282	0.574881
1962	-10.000000	8.485578	0.222252
1963	-10.000000	9.253885	0.273325
1964	-10.000000	9.244738	0.172478
1983	2.215218	-5.153626	-0.000000
1984	3.445678	-4.649396	0.000000
1985	3.452024	-5.665709	-0.000000
1986	7.095592	-3.024323	-0.000472
1987	8.442409	-2.599067	0.003317
1988	8.619213	-3.595340	-0.000227
1989	7.198026	-7.485214	-0.000000
1990	8.672261	-7.059250	0.000000
1991	8.540184	-8.200588	-0.000000
1992	1.922504	-0.034433	-0.120650
1993	3.073929	0.157748	0.029317
1994	3.074677	-0.190259	-0.019070
1995	6.863101	0.194538	-0.157657
1996	8.553959	0.477270	-0.150473
1997	8.365906	0.262052	0.049589
1998	7.085744	-0.300821	0.112105
1999	8.619265	-0.239005	-0.046842
2000	8.547168	-0.600105	-0.227875
2001	0.000001	6.228343	-0.000000
2002	-1.050527	6.831013	-0.000000
2003	1.050528	6.831013	-0.000000
2004	-4.747348	8.672989	-0.000000
2005	-6.159173	9.343504	-0.000000
2006	-3.784018	9.406409	0.000000
2007	4.747347	8.672989	-0.000000
2008	3.784018	9.406409	0.000000
2009	6.159171	9.343505	-0.000000
2010	8.618265	-10.000000	0.193197
2011	8.687278	-10.000000	0.286498
2012	7.242189	-10.000000	0.250669
2013	8.587837	-10.000000	0.574920
2014	8.406548	-10.000000	0.645019
2015	7.125246	-10.000000	0.623313
2016	3.447432	-10.000000	0.403312
2017	3.444120	-10.000000	0.494092
2018	2.211462	-10.000000	0.449312
2019	6.208137	-10.000000	0.747054
2020	3.751019	-10.000000	0.733076
2021	5.033722	-10.000000	0.699946
2022	-3.831155	-10.000000	0.735901
2023	-6.231479	-10.000000	0.747674
2024	-4.969311	-10.000000	0.700477
2025	1.055613	-10.000000	0.596287
2026	-1.055474	-10.000000	0.596311
2027	-0.000042	-10.000000	0.546142
2028	-8.406401	-10.000000	0.645033
2029	-8.587829	-10.000000	0.574921
2030	-7.126053	-10.000000	0.623305
2031	-8.687278	-10.000000	0.286498
2032	-8.618264	-10.000000	0.193198
2033	-7.242188	-10.000000	0.250669
2034	-3.444095	-10.000000	0.494099
2035	-3.447432	-10.000000	0.403312
2036	-2.211462	-10.000000	0.449312
2037	8.546560	-8.232703	0.977088
2038	8.668667	-7.195429	0.974610
2039	7.198070	-7.594406	0.978548
2040	8.595843	-4.033867	0.976330
2041	8.397979	-3.149590	0.980672
2042	7.068356	-3.478964	0.978521
2043	3.450239	-5.921478	0.978627
2044	3.443374	-4.969800	0.978627
2045	2.214147	-5.442458	0.978627
2046	5.997303	-1.950145	0.967922
2047	3.694114	-1.691624	0.942098
2048	4.573438	-2.317677	0.976251
2049	-3.694111	-1.691632	0.942093
2050	-5.997315	-1.950152	0.967920
2051	-4.573439	-2.317679	0.976251
2052	1.041554	-3.874904	0.978623
2053	-1.041554	-3.874904	0.978623
2054	0.000000	-4.433313	0.978627
2055	-8.397978	-3.149591	0.980672
2056	-8.595843	-4.033867	0.976330
2057	-7.068356	-3.478964	0.978521
2058	-8.668667	-7.195429	0.974610
2059	-8.546560	-8.232703	0.977088
2060	-7.198070	-7.594406	0.978548
2061	-3.443374	-4.969800	0.978627
2062	-3.450239	-5.921478	0.978627
2063	-2.214147	-5.442458	0.978627
2064	9.051112	-0.946500	0.347590
2065	8.511142	-0.858620	0.295533
2066	7.223859	-0.674834	0.284200
2067	7.895347	-0.730964	0.231270
2068	8.023084	-0.755665	0.211010
2069	6.404306	-0.483117	0.207621
2070	3.428409	-0.476450	0.247317
2071	3.300575	-0.445381	0.230114
2072	2.181471	-0.456317	0.241566
2073	6.698053	-0.481547	0.187523
2074	3.937146	-0.306503	0.161870
2075	4.146263	-0.343846	0.175603
2076	-4.127652	-0.313343	0.161359
2077	-6.575568	-0.463248	0.182757
2078	-4.124411	-0.343619	0.175521
2079	0.972124	-0.399479	0.211810
2080	-0.964031	-0.399766	0.211738
2081	0.002684	-0.419649	0.222556
2082	-8.462888	-0.782041	0.240166
2083	-8.844633	-0.895798	0.264283
2084	-6.979468	-0.561922	0.215055
2085	-8.187999	-0.799583	0.308587
2086	-8.998405	-0.930685	0.367892
2087	-6.990555	-0.649033	0.284485
2088	-3.284991	-0.446636	0.229900
2089	-3.421398	-0.478030	0.246956
2090	-2.176514	-0.457345	0.241380
2091	7.023841	-0.401060	0.152915
2092	4.531392	-0.249517	0.138149
2093	5.557669	-0.249852	0.128847
2094	-4.529405	-0.251223	0.136505
2095	-7.067209	-0.409874	0.153470
2096	-5.551364	-0.251383	0.127051
2097	1.145608	-0.088037	0.107945
2098	-1.145398	-0.087949	0.107655
2099	-0.000470	-0.055969	0.104368
2100	-8.657909	-0.521285	0.090379
2101	-8.603984	-0.302673	0.041827
2102	-7.604447	-0.270137	0.086096
2103	-8.599550	0.267814	0.049013
2104	-8.638359	0.469812	0.102907
2105	-7.573377	0.244104	0.096445
2106	-3.599988	-0.029422	0.097597
2107	-3.592019	0.029233	0.097500
2108	-2.290836	0.000367	0.099815
2109	-7.077958	0.378580	0.167492
2110	-4.581938	0.251505	0.137491
2111	-5.474738	0.240139	0.129458
2112	4.535846	0.248114	0.137247
2113	7.015957	0.377643	0.160935
2114	5.497899	0.241609	0.129085
2115	-1.137737	0.089071	0.106397
2116	1.131950	0.088826	0.106751
2117	-0.001689	0.056962	0.103558
2118	8.222892	0.659066	0.246433
2119	8.794586	0.894701	0.255585
2120	7.232264	0.548305	0.220477
2121	8.330907	0.796311	0.300998
2122	9.023673	0.921585	0.361329
2123	7.192770	0.647661	0.291419
2124	3.329724	0.444941	0.230305
2125	3.452065	0.476783	0.248319
2126	2.195990	0.457247	0.240531
2127	6.305019	0.638024	0.316997
2128	4.092236	0.581193	0.316362
2129	4.907284	0.568817	0.298560
2130	-4.020400	0.579987	0.316778
2131	-6.280524	0.629141	0.321685
2132	-4.812630	0.566689	0.299966
2133	1.016024	0.499380	0.270333
2134	-1.025468	0.499382	0.270124
2135	-0.005020	0.484307	0.257036
2136	-9.072485	0.933722	0.372858
2137	-8.292055	0.798727	0.323501
2138	-7.098520	0.620503	0.297647
2139	-8.050746	0.599256	0.255834
2141	-6.248289	0.436564	0.203111
2142	-3.480743	0.476767	0.247973
2143	-3.359846	0.445294	0.229980
2144	-2.211071	0.457262	0.240136
2145	8.397993	3.149581	0.980671
2146	8.595846	4.033864	0.976330
2147	7.068359	3.478963	0.978521
2148	8.668667	7.195429	0.974610
2149	8.546560	8.232703	0.977088
2150	7.198070	7.594406	0.978548
2151	3.443374	4.969800	0.978627
2152	3.450239	5.921478	0.978627
2153	2.214147	5.442458	0.978627
2154	6.177880	9.240741	0.964274
2155	3.796728	9.292725	0.960107
2156	4.761112	8.669134	0.976629
2157	-3.796672	9.292668	0.960112
2158	-6.177764	9.240763	0.964273
2159	-4.761107	8.669140	0.976629
2160	1.050664	7.010947	0.978625
2161	-1.050664	7.010947	0.978625
2162	0.000000	6.449921	0.978627
2163	-8.546560	8.232703	0.977088
2164	-8.668667	7.195429	0.974610
2165	-7.198070	7.594406	0.978548
2166	-8.595842	4.033868	0.976330
2167	-8.397976	3.149593	0.980672
2168	-7.068354	3.478964	0.978521
2169	-3.450239	5.921478	0.978627
2170	-3.443374	4.969800	0.978627
2171	-2.214147	5.442458	0.978627
2172	6.246929	10.000000	0.104617
2173	3.837743	10.000000	0.105454
2174	4.862834	10.000000	0.163841
2175	-3.837743	10.000000	0.105454
2176	-6.246929	10.000000	0.104617
2177	-4.862834	10.000000	0.163841
2178	1.054312	10.000000	0.299238
2179	-1.054312	10.000000	0.299238
2180	-0.000000	10.000000	0.352006
2181	-8.618272	10.000000	0.193196
2182	-8.687282	10.000000	0.286497
2183	-7.242191	10.000000	0.250668
2184	-8.587838	10.000000	0.574920
2185	-8.406548	10.000000	0.645019
2186	-7.125246	10.000000	0.623313
2187	-3.447432	10.000000	0.403312
2188	-3.444120	10.000000	0.494092
2189	-2.211462	10.000000	0.449312
2190	-6.208137	10.000000	0.747054
2191	-3.751019	10.000000	0.733076
2192	-5.033722	10.000000	0.699946
2193	3.831155	10.000000	0.735901
2194	6.231479	10.000000	0.747674
2195	4.969311	10.000000	0.700477
2196	-1.055613	10.000000	0.596287
2197	1.055474	10.000000	0.596311
2198	0.000042	10.000000	0.546142
2199	10.000000	-8.219010	0.059288
2200	10.000000	-7.088142	0.048531
2201	10.000000	-7.434166	0.107383
2202	10.000000	-3.661211	0.035275
2203	10.000000	-2.642591	0.032447
2204	10.000000	-3.130761	0.069904
2205	10.000000	-5.311005	0.222391
2206	10.000000	-4.398039	0.199002
2207	10.000000	-4.715164	0.256668
2222	10.000000	-1.626661	0.121982
2223	10.000000	-3.160328	0.241750
2225	10.000000	-3.565731	0.280635
2226	10.000000	-1.209393	0.269574
2227	10.000000	-1.307731	0.343810
2228	10.000000	-1.538755	0.262903
2229	10.000000	-1.556066	0.686483
2230	10.000000	-1.857935	0.774636
2231	10.000000	-2.049459	0.669790
2232	10.000000	-2.792893	0.367505
2233	10.000000	-3.048999	0.454634
2234	10.000000	-3.374826	0.395429
2235	10.000000	-3.073588	0.823865
2236	10.000000	-3.937297	0.825945
2237	10.000000	-3.272086	0.751557
2238	10.000000	-7.035869	0.823288
2239	10.000000	-8.116238	0.815446
2240	10.000000	-7.259761	0.741511
2241	10.000000	-4.252931	0.539916
2242	10.000000	-5.143043	0.532711
2243	10.000000	-4.561134	0.469806
2244	-10.000000	-9.244782	0.172491
2245	-10.000000	-9.253894	0.273329
2246	-10.000000	-8.485600	0.222259
2247	-10.000000	-9.128283	0.574881
2248	-10.000000	-9.022781	0.670477
2249	-10.000000	-8.299013	0.620575
2250	-10.000000	-6.241401	0.339620
2251	-10.000000	-6.185066	0.427797
2252	-10.000000	-5.525119	0.372140
2253	-10.000000	-8.116238	0.815446
2254	-10.000000	-7.035869	0.823288
2255	-10.000000	-7.259761	0.741511
2256	-10.000000	-3.937285	0.825944
2257	-10.000000	-3.073567	0.823864
2258	-10.000000	-3.272048	0.751554
2259	-10.000000	-5.143042	0.532714
2260	-10.000000	-4.252889	0.539915
2261	-10.000000	-4.561115	0.469809
2262	-10.000000	-1.857658	0.774815
2263	-10.000000	-1.555249	0.687267
2264	-10.000000	-2.049322	0.669865
2265	-10.000000	-1.280700	0.361016
2266	-10.000000	-1.136277	0.309503
2267	-10.000000	-1.515396	0.271219
2268	-10.000000	-3.048851	0.454565
2269	-10.000000	-2.792428	0.367249
2270	-10.000000	-3.374506	0.395356
2271	-10.000000	-0.963747	0.228813
2276	-10.000000	-1.834744	0.101996
2277	-10.000000	-3.154809	0.241172
2279	-10.000000	-3.564236	0.280453
2289	10.000000	9.244734	0.172477
2290	10.000000	9.253886	0.273324
2291	10.000000	8.485579	0.222251
2292	10.000000	9.128283	0.574881
2293	10.000000	9.022781	0.670477
2294	10.000000	8.299013	0.620575
2295	10.000000	6.241423	0.339622
2296	10.000000	6.185068	0.427797
2297	10.000000	5.525141	0.372142
2298	10.000000	8.116238	0.815446
2299	10.000000	7.035868	0.823288
2300	10.000000	7.259761	0.741511
2301	10.000000	3.937265	0.825943
2302	10.000000	3.073472	0.823860
2303	10.000000	3.271978	0.751551
2304	10.000000	5.143044	0.532714
2305	10.000000	4.252887	0.539916
2306	10.000000	4.561129	0.469810
2307	10.000000	1.856854	0.774699
2308	10.000000	1.553212	0.686831
2309	10.000000	2.048497	0.669771
2310	10.000000	1.284578	0.348699
2311	10.000000	1.161762	0.285149
2312	10.000000	1.520613	0.264325
2313	10.000000	3.048758	0.454599
2314	10.000000	2.792630	0.367453
2315	10.000000	3.374715	0.395413
2316	10.000000	1.055184	0.206134
2321	10.000000	2.040518	0.112390
2322	10.000000	3.161303	0.241817
2324	10.000000	3.566084	0.280639
2334	-10.000000	8.217526	0.059254
2335	-10.000000	7.084310	0.048482
2336	-10.000000	7.433221	0.107346
2337	-10.000000	3.620708	0.035180
2338	-10.000000	2.549942	0.037468
2339	-10.000000	3.128965	0.070546
2340	-10.000000	5.310730	0.222366
2341	-10.000000	4.397847	0.198972
2342	-10.000000	4.715025	0.256652
2357	-10.000000	1.635032	0.144009
2358	-10.000000	3.161420	0.241859
2360	-10.000000	3.565829	0.280638
2361	-10.000000	1.173813	0.284868
2362	-10.000000	1.291247	0.349208
2363	-10.000000	1.527159	0.265595
2364	-10.000000	1.554994	0.686696
2365	-10.000000	1.857786	0.774651
2366	-10.000000	2.049264	0.669804
2367	-10.000000	2.793125	0.367543
2368	-10.000000	3.049073	0.454637
2369	-10.000000	3.374857	0.395427
2370	-10.000000	3.073606	0.823865
2371	-10.000000	3.937307	0.825945
2372	-10.000000	3.272101	0.751557
2373	-10.000000	7.035869	0.823288
2374	-10.000000	8.116238	0.815446
2375	-10.000000	7.259761	0.741511
2376	-10.000000	4.252932	0.539915
2377	-10.000000	5.143042	0.532711
2378	-10.000000	4.561129	0.469805
2433	6.158841	-9.343589	-0.000000
2434	3.783898	-9.406426	0.000000
2435	4.747096	-8.673064	-0.000000
2436	-3.783874	-9.406429	0.000000
2437	-6.158756	-9.343609	-0.000000
2438	-4.747035	-8.673080	-0.000000
2439	1.050451	-6.831049	-0.000000
2440	-1.050426	-6.831054	-0.000000
2441	0.000013	-6.228386	-0.000000
2442	-8.539872	-8.201107	-0.000000
2443	-8.671705	-7.060616	0.000000
2444	-7.197693	-7.485518	-0.000000
2445	-8.614633	-3.607185	-0.000251
2446	-8.432217	-2.619341	0.003624
2447	-7.089338	-3.030380	-0.000506
2448	-3.451857	-5.665794	-0.000000
2449	-3.445324	-4.649564	0.000000
2450	-2.215109	-5.153672	-0.000000
2451	-5.955387	-1.335867	-0.000643
2452	-3.605033	-1.071477	-0.000009
2453	-4.564404	-1.780117	0.000034
2454	3.621730	-1.069509	-0.000009
2455	5.967053	-1.326458	-0.000601
2456	4.572558	-1.777942	0.000033
2457	-1.041776	-3.481398	0.000000
2458	1.042209	-3.481349	0.000000
2459	0.000087	-4.077910	0.000000
2460	6.262023	-0.501168	0.034099
2461	3.630595	-0.263230	-0.106121
2462	4.328667	-0.259966	0.086172
2463	-3.590261	-0.248296	-0.065376
2464	-6.329828	-0.573279	0.153531
2465	-4.537291	-0.181651	0.123712
2466	0.865958	-0.115020	-0.106343
2467	-0.862938	-0.113519	-0.108601
2468	0.004545	-0.065591	0.115422
2469	-8.600475	-0.625522	-0.222787
2470	-8.653493	-0.265866	-0.018662
2471	-7.077961	-0.288054	0.059535
2472	-8.317491	0.281520	0.060048
2473	-8.593381	0.445915	-0.221636
2474	-6.867874	0.218783	-0.127846
2475	-3.059641	-0.148975	0.005603
2476	-3.101178	0.212098	0.004584
2477	-1.938724	0.027972	-0.117171
2478	-6.043707	0.422271	-0.248748
2479	-3.738569	0.193873	-0.109750
2480	-4.559097	0.223120	0.074661
2481	3.668605	0.188251	-0.100331
2482	6.007805	0.469286	-0.256424
2483	4.568934	0.220119	0.074769
2484	-0.870994	0.116170	-0.100723
2485	0.869557	0.112849	-0.103893
2486	-0.012569	0.067277	0.125206
2487	8.541027	8.199008	-0.000000
2488	8.673580	7.055448	0.000000
2489	7.198988	7.484189	-0.000000
2490	8.625144	3.570426	-0.000193
2491	8.460771	2.554634	0.003076
2492	7.104911	3.007825	-0.000415
2493	3.452640	5.665301	-0.000000
2494	3.446837	4.648517	0.000000
2495	2.215632	5.153320	-0.000000
2496	5.955367	1.289023	-0.000516
2497	3.605107	1.049078	-0.000005
2498	4.579488	1.763857	0.000022
2499	-3.631468	1.048051	-0.000006
2500	-5.952704	1.291771	-0.000511
2501	-4.582003	1.764495	0.000024
2502	1.042868	3.480243	0.000000
2503	-1.042826	3.480266	0.000000
2504	0.000017	4.077398	0.000000
2505	-8.449222	2.559797	0.003184
2506	-8.625133	3.570088	-0.000193
2507	-7.105222	3.007935	-0.000416
2508	-8.673586	7.055436	0.000000
2509	-8.541031	8.199003	-0.000000
2510	-7.198991	7.484189	-0.000000
2511	-3.446821	4.648534	0.000000
2512	-3.452634	5.665307	-0.000000
2513	-2.215624	5.153326	-0.000000
2514	9.042500	-1.448118	0.833166
2515	9.005663	-1.186837	0.700230
2516	7.844858	-1.123171	0.686300
2517	8.391145	-0.901223	0.432315
2518	7.923120	-0.845916	0.396340
2519	6.784003	-0.765188	0.392042
2520	3.516310	-0.819298	0.512289
2521	3.482142	-0.758522	0.459772
2522	2.230132	-0.780222	0.484801
2523	5.777982	-0.670739	0.348370
2524	3.689134	-0.617085	0.343216
2525	4.537024	-0.651031	0.356860
2526	-3.664247	-0.618613	0.343156
2527	-5.790999	-0.670862	0.350648
2528	-4.554654	-0.652470	0.357128
2529	1.094731	-0.686103	0.408979
2530	-1.092853	-0.686380	0.408700
2531	0.000079	-0.713658	0.431900
2532	-7.941020	-0.844505	0.403287
2533	-8.148651	-0.874801	0.432999
2534	-6.716920	-0.759575	0.393275
2535	-9.005903	-1.185796	0.701866
2536	-9.042631	-1.447954	0.833500
2537	-7.845349	-1.123124	0.686631
2538	-3.480072	-0.759139	0.459273
2539	-3.514937	-0.819860	0.511871
2540	-2.229726	-0.780643	0.484435
2541	7.913634	0.830346	0.403205
2542	8.183421	0.867012	0.434691
2543	6.748283	0.753302	0.395826
2544	9.006485	1.182828	0.702535
2545	9.042537	1.446835	0.833621
2546	7.846400	1.121283	0.687743
2547	3.481649	0.758316	0.459912
2548	3.516319	0.819220	0.512372
2549	2.229871	0.780574	0.484444
2550	7.050519	1.416869	0.839776
2551	4.792299	1.183749	0.772537
2552	5.887885	1.143051	0.735571
2553	-4.792256	1.183665	0.772641
2554	-7.050307	1.416835	0.839808
2555	-5.887691	1.142860	0.735781
2556	1.129742	0.884922	0.574578
2557	-1.129829	0.884854	0.574634
2558	0.000012	0.844101	0.541264
2559	-9.042057	1.447197	0.833490
2560	-9.005381	1.183550	0.702421
2561	-7.845377	1.121023	0.688087
2562	-8.181176	0.866527	0.440365
2563	-7.905593	0.828553	0.409961
2564	-6.727788	0.749185	0.400060
2565	-3.515885	0.818834	0.512742
2566	-3.480439	0.757830	0.460399
2567	-2.229484	0.780363	0.484645
