1	10.000000	-15.000000	0.000000
2	-10.000000	-15.000000	0.000000
3	10.000000	15.000000	0.000000
4	-10.000000	15.000000	0.000000
5	10.000000	-10.058983	0.000000
6	-10.000000	-10.058985	0.000000
7	10.000000	10.058978	0.000000
8	-10.000000	10.058978	0.000000
9	10.000000	-9.897831	0.745743
10	-10.000000	-9.897831	0.745743
11	10.000000	-1.013789	0.455611
14	-10.000000	1.005545	0.475739
15	10.000000	9.897831	0.745743
16	-10.000000	9.897831	0.745743
17	10.000000	-2.512562	0.900000
18	-10.000000	-2.512582	0.900000
19	10.000000	2.512422	0.900000
20	-10.000000	2.512574	0.900000
22	-10.000000	1.486520	0.078228
27	10.000000	-1.556286	0.025922
28	-10.000000	-1.647503	0.033518
29	0.000000	-10.000000	0.449885
30	0.000000	-5.440368	0.974820
31	0.000719	-0.467577	0.218600
32	-0.000177	0.000302	0.069739
33	-0.001593	0.468608	0.216914
34	0.000000	5.440368	0.974820
35	-0.000000	10.000000	0.449885
36	10.000000	-4.273459	0.348162
37	-10.000000	-4.273548	0.348169
38	10.000000	4.273595	0.348174
39	-10.000000	4.273438	0.348159
42	0.000006	-5.150668	0.000000
43	-0.002604	-0.041559	0.179904
44	0.000001	5.150613	0.000000
45	-0.000086	-0.775753	0.477688
46	0.000072	0.776085	0.477397
47	0.000000	0.000000	0.000000
48	0.000001	-10.064107	0.000000
49	0.000118	-9.838613	0.900000
50	-0.045674	-0.595423	0.316098
51	0.001397	0.245960	0.111774
52	0.027516	0.596766	0.314606
53	-0.000118	9.838613	0.900000
54	-0.000000	10.064107	0.000000
55	10.000000	-10.000000	0.428262
56	-10.000000	-10.000000	0.428262
59	10.000000	10.000000	0.428262
60	-10.000000	10.000000	0.428262
61	10.000000	-5.678018	0.900000
62	-10.000000	-5.678018	0.900000
67	10.000000	5.678017	0.900000
68	-10.000000	5.678019	0.900000
69	10.000000	-5.391439	0.000000
70	-10.000000	-5.400185	0.000000
71	10.000000	5.371712	0.000000
72	-10.000000	5.371643	0.000000
73	-0.036653	0.313479	0.000000
78	-0.045622	-0.245867	0.114844
79	0.031181	-0.335626	0.000000
80	9.193245	-0.015648	-0.034520
81	-9.195448	-0.018525	-0.034296
82	0.000058	-1.090832	0.739692
83	-0.000029	1.090850	0.739664
84	10.000000	1.059974	0.595570
85	-10.000000	1.064497	0.594504
86	10.000000	-1.069749	0.590769
87	-10.000000	-1.065776	0.598114
88	4.251488	-10.000000	0.267102
89	4.235717	-10.000000	0.625004
90	-4.235717	-10.000000	0.625004
91	-4.251488	-10.000000	0.267102
92	4.236011	-7.363230	0.974815
93	4.182754	-3.542227	0.974813
94	-4.182754	-3.542227	0.974813
95	-4.236011	-7.363230	0.974815
96	4.203824	-0.532278	0.251855
97	3.782577	-0.403911	0.175730
98	-3.737951	-0.405420	0.176504
99	-4.188554	-0.534891	0.251384
100	4.693905	-0.133838	0.076893
101	-4.710270	-0.134530	0.076457
102	-4.652789	0.131258	0.076508
103	4.659096	0.131156	0.076681
104	3.800497	0.402735	0.176817
105	4.218934	0.533472	0.254621
106	-4.234996	0.533474	0.254929
107	-3.871801	0.403913	0.176679
108	4.182755	3.542227	0.974813
109	4.236011	7.363230	0.974815
110	-4.236011	7.363230	0.974815
111	-4.182754	3.542227	0.974813
112	4.251488	10.000000	0.267102
113	-4.251488	10.000000	0.267102
114	-4.235717	10.000000	0.625004
115	4.235717	10.000000	0.625004
116	10.000000	-6.874867	0.216862
118	10.000000	-2.997758	0.147160
119	10.000000	-2.223846	0.232398
120	10.000000	-3.033697	0.602404
121	10.000000	-6.712977	0.581610
122	-10.000000	-6.874796	0.216854
123	-10.000000	-6.712981	0.581611
124	-10.000000	-3.033644	0.602393
125	-10.000000	-2.216150	0.231266
127	-10.000000	-2.972402	0.146322
128	10.000000	6.874806	0.216851
129	10.000000	6.712981	0.581611
130	10.000000	3.033581	0.602391
131	10.000000	2.223125	0.232791
133	10.000000	2.998828	0.147364
134	-10.000000	6.874766	0.216852
136	-10.000000	3.000088	0.147419
137	-10.000000	2.225050	0.233102
138	-10.000000	3.033716	0.602404
139	-10.000000	6.712977	0.581610
148	4.235803	-7.212701	0.000000
149	-4.235750	-7.212723	0.000000
150	-4.185578	-3.123771	0.000011
151	4.187044	-3.123268	0.000010
152	3.741311	-0.171442	0.085199
153	-3.743340	-0.180271	0.072797
154	-3.771254	0.172763	0.098244
155	3.770778	0.175564	0.091336
156	4.236049	7.212584	0.000000
157	4.191330	3.120255	0.000009
158	-4.191222	3.120332	0.000009
159	-4.236049	7.212585	0.000000
160	4.659370	-0.928062	0.606895
161	4.258038	-0.692682	0.382115
162	-4.249424	-0.693642	0.381353
163	-4.659074	-0.928490	0.606578
164	4.258003	0.691925	0.382629
165	4.660275	0.927898	0.607034
166	-4.660213	0.927624	0.607257
167	-4.253933	0.690994	0.383428
168	5.234827	-10.063033	0.000000
169	5.215325	-9.848237	0.900000
170	5.405474	-0.637890	0.316154
171	5.871805	0.340292	0.133141
172	5.489362	0.637583	0.319881
173	5.216416	9.848213	0.900000
174	5.234915	10.063032	0.000000
175	10.000000	-10.000000	0.220761
176	-10.000000	-10.000000	0.220761
179	10.000000	10.000000	0.220759
180	-10.000000	10.000000	0.220758
181	10.000000	-7.871394	0.899990
182	-10.000000	-7.871394	0.899990
184	-9.506165	-0.967184	0.286704
186	-9.189068	1.022817	0.166392
187	10.000000	3.766436	0.900000
188	-10.000000	3.766457	0.900000
189	10.000000	-7.813878	0.000000
190	-10.000000	-7.815717	0.000000
191	10.000000	7.808871	0.000000
192	-10.000000	7.808853	0.000000
193	5.091914	0.569169	0.000000
196	10.000000	-0.525488	0.000000
197	-10.000000	-0.547443	0.000000
198	5.750942	-0.342211	0.132824
199	5.205459	-0.622085	0.000000
200	9.388445	-0.575168	-0.000667
201	-9.395699	-0.591599	0.000726
202	5.511931	-1.348294	0.862427
203	5.512011	1.348298	0.862449
204	10.000000	0.999455	0.478232
206	10.000000	-1.475516	0.867389
207	-10.000000	-1.475528	0.867925
208	6.929833	-10.000000	0.170084
209	6.832475	-10.000000	0.695208
210	-6.832231	-10.000000	0.695235
211	-6.929833	-10.000000	0.170084
212	6.849570	-8.519670	0.973912
213	6.635050	-2.586331	0.973873
214	-6.635052	-2.586332	0.973873
215	-6.849570	-8.519670	0.973912
216	7.071480	-0.663931	0.279937
217	6.378225	-0.452288	0.170048
218	-6.367895	-0.452191	0.164814
219	-7.005363	-0.658922	0.280758
220	7.641576	-0.393459	0.103580
221	-7.675821	-0.401275	0.103877
222	-7.606156	0.362406	0.113871
223	7.610594	0.368237	0.107610
224	5.919153	0.391359	0.157926
225	7.115953	0.652141	0.287225
226	-7.094881	0.642712	0.294857
227	-5.740705	0.383674	0.158440
228	6.635055	2.586330	0.973873
229	6.849570	8.519670	0.973912
230	-6.849570	8.519670	0.973912
231	-6.635047	2.586331	0.973873
232	6.929834	10.000000	0.170083
233	-6.929834	10.000000	0.170083
234	-6.832475	10.000000	0.695208
235	6.832231	10.000000	0.695235
236	10.000000	-8.416655	0.131620
238	10.000000	-2.256250	0.063513
239	10.000000	-1.385252	0.181334
240	10.000000	-2.405698	0.748302
241	10.000000	-8.196187	0.721539
242	-10.000000	-8.416594	0.131620
243	-10.000000	-8.196187	0.721539
244	-10.000000	-2.405642	0.748302
245	-10.000000	-1.329023	0.202058
247	-10.000000	-2.098838	0.066855
248	10.000000	8.416476	0.131604
249	10.000000	8.196187	0.721539
250	10.000000	2.405518	0.748293
251	10.000000	1.348661	0.187429
253	10.000000	2.269716	0.071175
254	-10.000000	8.416491	0.131605
256	-10.000000	2.278678	0.072029
257	-10.000000	1.358158	0.189711
258	-10.000000	2.405729	0.748303
259	-10.000000	8.196187	0.721539
268	6.835966	-8.496584	0.000000
269	-6.835867	-8.496630	0.000000
270	-6.655128	-2.066401	0.002607
271	6.663642	-2.060000	0.002489
272	6.851952	-0.428942	-0.085718
273	-6.842375	-0.419194	-0.036362
274	-6.628662	0.261498	0.047660
275	6.617271	0.208548	0.045171
276	6.836353	8.496374	0.000000
277	6.675643	2.037995	0.002351
278	-6.676587	2.038546	0.002369
279	-6.836354	8.496373	0.000000
280	7.785742	-1.252118	0.785812
281	6.403385	-0.710382	0.348554
282	-6.409461	-0.711653	0.349774
283	-7.785975	-1.252202	0.785798
284	6.410585	0.704377	0.351689
285	7.785915	1.251734	0.786089
286	-7.785562	1.251719	0.786101
287	-6.397143	0.701286	0.354791
288	-5.234813	-10.063033	0.000000
289	-5.216416	-9.848213	0.900000
290	-5.531756	-0.645092	0.318517
291	-5.900358	0.341708	0.136046
292	-5.459370	0.633440	0.321388
293	-5.215325	9.848237	0.900000
294	-5.234916	10.063032	0.000000
295	10.000000	-10.000000	0.588342
296	-10.000000	-10.000000	0.588342
299	10.000000	10.000000	0.588342
300	-10.000000	10.000000	0.588342
301	10.000000	-3.766449	0.900000
302	-10.000000	-3.766448	0.900000
303	9.373964	-1.018701	0.208294
305	9.532611	0.990582	0.238065
307	10.000000	7.871394	0.899990
308	-10.000000	7.871394	0.899990
309	10.000000	-3.207750	0.000000
310	-10.000000	-3.238759	0.000000
311	10.000000	3.153443	0.000000
312	-10.000000	3.153662	0.000000
313	-5.156455	0.568339	0.000000
318	-5.857241	-0.348633	0.129903
319	-5.195496	-0.632741	0.000000
320	9.389413	0.530314	-0.001347
321	-9.390390	0.531280	0.000483
322	-5.511975	-1.348316	0.862399
323	-5.511959	1.348287	0.862464
324	10.000000	1.474078	0.867417
325	-10.000000	1.475268	0.867182
328	1.900716	-10.000000	0.365523
329	1.900131	-10.000000	0.533222
330	-1.900131	-10.000000	0.533222
331	-1.900716	-10.000000	0.365523
332	1.900660	-6.306398	0.974820
333	1.896449	-4.576718	0.974820
334	-1.896449	-4.576718	0.974820
335	-1.900660	-6.306398	0.974820
336	1.890440	-0.494921	0.237088
337	1.853090	-0.441819	0.203706
338	-1.847631	-0.442445	0.203515
339	-1.891102	-0.495864	0.236678
340	1.968442	-0.050962	0.071734
341	-1.969931	-0.050830	0.071553
342	-1.962928	0.051427	0.070942
343	1.962407	0.051199	0.071285
344	1.853176	0.442577	0.202125
345	1.902714	0.496197	0.235923
346	-1.915474	0.496201	0.235606
347	-1.866989	0.442641	0.201733
348	1.896449	4.576718	0.974820
349	1.900660	6.306398	0.974820
350	-1.900660	6.306398	0.974820
351	-1.896449	4.576718	0.974820
352	1.900716	10.000000	0.365523
353	-1.900716	10.000000	0.365523
354	-1.900131	10.000000	0.533222
355	1.900131	10.000000	0.533222
356	10.000000	-5.481578	0.289315
358	10.000000	-3.870034	0.232751
359	10.000000	-3.105087	0.313855
360	10.000000	-3.721489	0.468533
361	10.000000	-5.367264	0.452375
362	-10.000000	-5.481657	0.289311
363	-10.000000	-5.367293	0.452379
364	-10.000000	-3.721409	0.468529
365	-10.000000	-3.104435	0.313686
367	-10.000000	-3.868553	0.232636
368	10.000000	5.481709	0.289314
369	10.000000	5.367293	0.452379
370	10.000000	3.721422	0.468532
371	10.000000	3.105149	0.313825
373	10.000000	3.870309	0.232740
374	-10.000000	5.481528	0.289308
376	-10.000000	3.869843	0.232731
377	-10.000000	3.105089	0.313848
378	-10.000000	3.721480	0.468531
379	-10.000000	5.367263	0.452374
388	1.900864	-6.074287	0.000000
389	-1.900840	-6.074296	0.000000
390	-1.896882	-4.231100	0.000000
391	1.897008	-4.231062	0.000000
392	1.567285	-0.092644	0.104989
393	-1.590791	-0.109724	0.099076
394	-1.590947	0.089030	0.112317
395	1.601763	0.113817	0.104424
396	1.900996	6.074223	0.000000
397	1.897470	4.230680	0.000000
398	-1.897453	4.230689	0.000000
399	-1.900995	6.074224	0.000000
400	1.922248	-0.834565	0.533243
401	1.936794	-0.728490	0.430828
402	-1.936722	-0.728939	0.430405
403	-1.922134	-0.834843	0.533019
404	1.936319	0.728987	0.430282
405	1.922254	0.834901	0.532972
406	-1.922205	0.834784	0.533064
407	-1.935786	0.728813	0.430447
408	0.000000	-10.000000	0.239850
409	-2.508146	-10.000000	0.152415
410	2.508147	-10.000000	0.152415
411	-0.000000	-7.644323	0.974799
412	-2.449664	-8.771761	0.972433
413	2.449664	-8.771761	0.972433
414	0.000165	-0.921408	0.615273
415	-3.289313	-1.023541	0.693613
416	3.289524	-1.023398	0.693743
417	-0.001711	-0.530628	0.263931
418	-2.487596	-0.565323	0.285955
419	2.454547	-0.563853	0.286968
420	4.959618	-0.000628	0.064096
421	7.478524	0.113237	0.046439
422	7.486776	-0.122423	0.044638
423	-0.000730	0.386079	0.170796
424	-2.087355	0.327051	0.141544
425	2.170828	0.327126	0.142638
426	-0.000504	0.663958	0.372774
427	-2.456404	0.631917	0.340819
428	2.458278	0.632271	0.340816
429	-0.000000	3.239715	0.974779
430	-2.361247	2.126600	0.969803
431	2.361246	2.126600	0.969803
432	4.843096	10.000000	0.448792
433	7.363672	10.000000	0.545860
434	7.405685	10.000000	0.343113
435	10.000000	-6.948774	0.393444
436	10.000000	-8.408405	0.522102
437	10.000000	-8.490454	0.317771
438	-10.000000	-4.934966	0.161898
439	-10.000000	-4.036485	0.072726
440	-10.000000	-6.300434	0.088539
441	10.000000	4.937003	0.161947
442	10.000000	4.054417	0.072768
443	10.000000	6.300496	0.088509
444	-10.000000	6.948772	0.393443
445	-10.000000	8.408405	0.522102
446	-10.000000	8.490449	0.317770
453	4.846089	-5.160219	0.000000
454	7.363544	-4.051563	0.000012
455	7.404178	-6.363480	0.000000
456	4.497480	0.074376	0.099879
457	7.159639	0.001486	-0.034498
458	7.132571	-0.000815	-0.082945
459	0.000000	7.511514	0.000000
460	-2.443075	8.769416	0.000000
461	2.443075	8.769416	0.000000
462	7.405685	-10.000000	0.343113
463	7.363672	-10.000000	0.545860
464	4.843096	-10.000000	0.448792
465	2.690044	-10.000000	0.715135
466	-2.415577	-10.000000	0.708799
467	-0.001913	-10.000000	0.652779
468	-7.363672	-10.000000	0.545860
469	-7.405685	-10.000000	0.343113
470	-4.843096	-10.000000	0.448792
471	7.399279	-6.566948	0.974736
472	7.352686	-4.418196	0.974774
473	4.843714	-5.448379	0.974820
474	2.361246	-2.126599	0.969803
475	-2.361244	-2.126600	0.969803
476	0.000000	-3.239715	0.974779
477	-7.352686	-4.418196	0.974774
478	-7.399279	-6.566948	0.974736
479	-4.843714	-5.448379	0.974820
480	6.986296	-0.598079	0.227585
481	6.517435	-0.499546	0.191807
482	4.649162	-0.482901	0.213966
483	2.311057	-0.327729	0.145224
484	-2.131700	-0.327850	0.144596
485	-0.001992	-0.385255	0.173399
486	-6.842855	-0.546847	0.194753
487	-6.840008	-0.590118	0.231240
488	-4.633559	-0.484220	0.213356
489	2.780780	-0.199063	0.098654
490	-2.758992	-0.198461	0.098144
491	0.002214	-0.127012	0.082663
492	-7.492876	-0.124101	0.045319
493	-7.480243	0.112186	0.049503
494	-4.960686	-0.000615	0.064029
495	-2.803310	0.201358	0.096092
496	2.765514	0.199287	0.096921
497	-0.006598	0.128039	0.081021
498	6.914420	0.516034	0.199152
499	6.924697	0.575783	0.236139
500	4.674726	0.480392	0.217080
501	2.473339	0.565323	0.286303
502	-2.404375	0.565324	0.286100
503	0.004149	0.531657	0.262087
504	-7.214778	0.587111	0.247141
505	-6.884377	0.499074	0.198506
506	-4.733099	0.481033	0.217077
507	7.352686	4.418196	0.974774
508	7.399279	6.566948	0.974736
509	4.843714	5.448379	0.974820
510	2.449664	8.771761	0.972433
511	-2.449664	8.771761	0.972433
512	0.000000	7.644323	0.974799
513	-7.399279	6.566948	0.974736
514	-7.352685	4.418197	0.974774
515	-4.843714	5.448379	0.974820
516	2.508149	10.000000	0.152415
517	-2.508149	10.000000	0.152415
518	-0.000000	10.000000	0.239850
519	-7.405686	10.000000	0.343113
520	-7.363672	10.000000	0.545860
521	-4.843096	10.000000	0.448792
522	-2.690044	10.000000	0.715135
523	2.415577	10.000000	0.708799
524	0.001913	10.000000	0.652779
525	10.000000	-6.302516	0.088560
526	10.000000	-4.063609	0.072962
527	10.000000	-4.937782	0.162000
531	10.000000	-1.952103	0.094028
534	10.000000	-1.588129	0.351472
535	10.000000	-1.760901	0.566428
536	10.000000	-2.439589	0.422575
537	10.000000	-4.151763	0.753814
538	10.000000	-6.214026	0.749433
539	10.000000	-4.812832	0.607310
540	-10.000000	-8.490459	0.317771
541	-10.000000	-8.408408	0.522102
542	-10.000000	-6.948801	0.393446
543	-10.000000	-6.214026	0.749433
544	-10.000000	-4.151752	0.753814
545	-10.000000	-4.812825	0.607310
546	-10.000000	-1.761074	0.566580
547	-10.000000	-1.589857	0.352977
548	-10.000000	-2.439725	0.422451
549	-10.000000	-1.406789	0.132152
555	10.000000	8.490455	0.317770
556	10.000000	8.408407	0.522102
557	10.000000	6.948800	0.393445
558	10.000000	6.214026	0.749433
559	10.000000	4.151749	0.753814
560	10.000000	4.812825	0.607310
561	10.000000	1.759784	0.566386
562	10.000000	1.583919	0.351402
563	10.000000	2.439229	0.422481
564	10.000000	1.580750	0.133648
570	-10.000000	6.300650	0.088512
571	-10.000000	4.055443	0.072771
572	-10.000000	4.936953	0.161954
576	-10.000000	1.974096	0.105950
579	-10.000000	1.587108	0.352011
580	-10.000000	1.760736	0.566477
581	-10.000000	2.439758	0.422590
582	-10.000000	4.151767	0.753814
583	-10.000000	6.214026	0.749433
584	-10.000000	4.812832	0.607310
603	2.443035	-8.769423	0.000000
604	-2.443029	-8.769424	0.000000
605	0.000002	-7.511521	0.000000
606	-7.403720	-6.363991	0.000000
607	-7.361306	-4.054148	0.000013
608	-4.845776	-5.160416	0.000000
609	-2.344281	-1.588859	-0.000000
610	2.349097	-1.588611	0.000000
611	0.000252	-2.802935	-0.000000
612	2.190754	-0.207383	0.092735
613	-2.185962	-0.204448	0.099975
614	0.007227	-0.155655	0.100344
615	-7.103070	-0.030304	-0.098084
616	-7.156382	-0.010051	0.004581
617	-4.460033	0.014835	0.119613
618	-2.283162	0.221372	0.085801
619	2.238516	0.223626	0.088486
620	-0.002780	0.156899	0.101377
621	7.405472	6.361720	0.000000
622	7.368412	4.043766	0.000010
623	4.847168	5.159353	0.000000
624	2.350912	1.582077	-0.000000
625	-2.355502	1.581411	-0.000000
626	-0.000064	2.801540	-0.000000
627	-7.368479	4.043799	0.000010
628	-7.405477	6.361723	0.000000
629	-4.847162	5.159368	0.000000
630	7.693912	-0.952078	0.571230
631	7.272832	-0.803914	0.416305
632	4.895389	-0.799248	0.479765
633	2.465086	-0.631348	0.341354
634	-2.458394	-0.632435	0.340683
635	0.001655	-0.663250	0.373648
636	-7.231582	-0.802334	0.417629
637	-7.692887	-0.952194	0.571532
638	-4.892155	-0.800106	0.479206
639	7.261676	0.797081	0.419836
640	7.696234	0.949375	0.573029
641	4.894769	0.798578	0.480340
642	3.289936	1.023459	0.693693
643	-3.290018	1.023379	0.693763
644	-0.000071	0.921586	0.615136
645	-7.695002	0.948941	0.573593
646	-7.249312	0.795087	0.422493
647	-4.893889	0.797898	0.481000
648	7.716663	-10.061521	0.000000
649	7.703000	-9.864893	0.900000
650	7.415264	-0.754326	0.333276
651	8.200889	0.617432	0.189655
652	7.532280	0.752897	0.342040
653	7.703092	9.864894	0.900000
654	7.716818	10.061519	0.000000
655	10.000000	-10.000000	0.106631
656	-10.000000	-10.000000	0.106631
659	10.000000	10.000000	0.106628
660	-10.000000	10.000000	0.106628
661	10.000000	-8.940298	0.899609
662	-10.000000	-8.940298	0.899609
665	9.199912	1.033796	0.152030
667	10.000000	3.041499	0.900000
668	-10.000000	3.041557	0.900000
669	10.000000	-8.991812	0.000000
670	-10.000000	-8.992461	0.000000
671	10.000000	8.989906	0.000000
672	-10.000000	8.989900	0.000000
673	7.595441	0.932511	0.000000
676	10.000000	-1.021966	0.000000
677	-10.000000	-1.072773	0.000000
678	8.206118	-0.658310	0.172144
679	7.717989	-1.008830	0.000000
680	9.436540	-0.930057	0.053666
681	-9.452968	-0.965048	0.058543
682	7.907276	-1.786456	0.900000
683	7.907305	1.786443	0.900000
686	10.000000	-1.942118	0.900000
687	-10.000000	-1.942154	0.900000
688	8.374946	-10.000000	0.100829
689	8.265032	-10.000000	0.729996
690	-8.264980	-10.000000	0.730000
691	-8.374946	-10.000000	0.100829
692	8.321629	-9.163801	0.969972
693	8.100483	-2.338053	0.983035
694	-8.100484	-2.338054	0.983035
695	-8.321629	-9.163801	0.969972
696	8.209247	-0.809885	0.333864
697	8.687725	-0.857550	0.172946
698	-8.584819	-0.816434	0.197544
699	-8.283032	-0.815399	0.342025
700	8.796248	-0.748594	0.139435
701	-8.834248	-0.770924	0.147256
702	-8.793808	0.693822	0.164473
703	8.790352	0.698880	0.154150
704	8.009835	0.577541	0.202530
705	8.284319	0.801652	0.342260
706	-8.183582	0.790261	0.346706
707	-8.161269	0.592656	0.211384
708	8.100510	2.338047	0.983034
709	8.321629	9.163801	0.969972
710	-8.321629	9.163801	0.969972
711	-8.100474	2.338056	0.983035
712	8.374950	10.000000	0.100829
713	-8.374949	10.000000	0.100829
714	-8.265032	10.000000	0.729996
715	8.264980	10.000000	0.730000
716	10.000000	-9.226618	0.075359
719	10.000000	-1.105100	0.154587
720	10.000000	-2.280081	0.828909
721	10.000000	-9.027613	0.774410
722	-10.000000	-9.226622	0.075364
723	-10.000000	-9.027613	0.774410
724	-10.000000	-2.280072	0.828914
728	10.000000	9.226395	0.075339
729	10.000000	9.027613	0.774410
730	10.000000	2.279909	0.828909
734	-10.000000	9.226403	0.075339
737	-10.000000	1.022665	0.161070
738	-10.000000	2.280122	0.828911
739	-10.000000	9.027613	0.774410
748	8.295655	-9.228807	0.000000
749	-8.295524	-9.228874	0.000000
750	-8.136064	-1.723740	-0.016516
751	8.149201	-1.699619	-0.015400
752	8.479855	-0.801345	0.176887
753	-8.466124	-0.822186	0.172965
754	-8.269565	0.713067	-0.031487
755	8.265405	0.720404	-0.003069
756	8.296112	9.228537	0.000000
757	8.150035	1.649376	-0.017187
758	-8.146938	1.645756	-0.017647
759	-8.296114	9.228535	0.000000
760	8.873506	-1.706387	0.905193
761	7.646862	-0.773430	0.353146
762	-7.701464	-0.778703	0.357286
763	-8.873551	-1.706384	0.905206
764	7.673500	0.764167	0.358420
765	8.873507	1.706203	0.905199
766	-8.873371	1.706281	0.905187
767	-7.647190	0.760137	0.364191
768	-2.638394	-10.063845	0.000000
769	-2.630849	-9.840694	0.900000
770	-2.926933	-0.602511	0.313916
771	-2.873975	0.257629	0.113854
772	-2.810318	0.600822	0.313961
773	-2.631951	9.840838	0.900000
774	-2.638430	10.063845	0.000000
775	10.000000	-10.000000	0.518276
776	-10.000000	-10.000000	0.518276
779	10.000000	10.000000	0.518276
780	-10.000000	10.000000	0.518276
781	10.000000	-4.662636	0.900000
782	-10.000000	-4.662635	0.900000
786	-9.572310	1.007073	0.238213
787	10.000000	6.763830	0.899995
788	-10.000000	6.763831	0.899995
789	10.000000	-4.251116	0.000000
790	-10.000000	-4.267815	0.000000
791	10.000000	4.216707	0.000000
792	-10.000000	4.216686	0.000000
793	-2.650159	0.378174	0.000000
796	10.000000	0.462321	0.000000
797	-10.000000	0.463868	0.000000
798	-2.957637	-0.259389	0.117382
799	-2.560043	-0.405775	0.000000
800	9.389709	0.218033	-0.038385
801	-9.393259	0.217069	-0.038104
802	-2.847182	-1.147877	0.772054
803	-2.847308	1.147854	0.772104
804	10.000000	1.190806	0.732728
805	-10.000000	1.193249	0.732225
806	10.000000	-1.028185	0.499822
807	-10.000000	-1.011710	0.493980
808	3.035901	-10.000000	0.316706
809	3.031030	-10.000000	0.580012
810	-3.031030	-10.000000	0.580012
811	-3.035901	-10.000000	0.316706
812	3.032321	-6.820218	0.974819
813	3.014727	-4.068439	0.974819
814	-3.014727	-4.068439	0.974819
815	-3.032321	-6.820218	0.974819
816	2.985966	-0.511420	0.246433
817	2.829051	-0.423863	0.190954
818	-2.802516	-0.424586	0.190908
819	-2.996887	-0.513059	0.245731
820	3.234052	-0.085281	0.073745
821	-3.239331	-0.085241	0.073493
822	-3.214263	0.085143	0.072783
823	3.215559	0.084798	0.073297
824	2.835185	0.423886	0.190191
825	3.009737	0.512686	0.246501
826	-3.032356	0.512692	0.246159
827	-2.875851	0.424231	0.189738
828	3.014727	4.068439	0.974819
829	3.032321	6.820218	0.974819
830	-3.032321	6.820218	0.974819
831	-3.014727	4.068439	0.974819
832	3.035901	10.000000	0.316706
833	-3.035901	10.000000	0.316706
834	-3.031030	10.000000	0.580012
835	3.031030	10.000000	0.580012
836	10.000000	-6.156251	0.254180
838	10.000000	-3.445872	0.188036
839	10.000000	-2.648345	0.274264
840	10.000000	-3.385033	0.534091
841	10.000000	-6.015370	0.514516
842	-10.000000	-6.156250	0.254173
843	-10.000000	-6.015382	0.514518
844	-10.000000	-3.384954	0.534081
845	-10.000000	-2.646147	0.273692
847	-10.000000	-3.438717	0.187664
848	10.000000	6.156291	0.254174
849	10.000000	6.015381	0.514518
850	10.000000	3.384933	0.534082
851	10.000000	2.648332	0.274226
853	10.000000	3.446128	0.188021
854	-10.000000	6.156176	0.254172
856	-10.000000	3.446007	0.188030
857	-10.000000	2.648689	0.274334
858	-10.000000	3.385039	0.534090
859	-10.000000	6.015370	0.514516
868	3.032649	-6.625250	0.000000
869	-3.032611	-6.625265	0.000000
870	-3.015755	-3.688527	-0.000000
871	3.016206	-3.688379	-0.000000
872	2.590380	-0.122455	-0.122473
873	-2.590713	-0.133369	-0.129421
874	-2.609653	0.100452	-0.110624
875	2.616219	0.124194	-0.122966
876	3.032837	6.625163	0.000000
877	3.017782	3.687298	-0.000000
878	-3.017733	3.687325	-0.000000
879	-3.032836	6.625164	0.000000
880	3.171250	-0.873915	0.566390
881	3.090552	-0.707458	0.406118
882	-3.088560	-0.708215	0.405419
883	-3.170910	-0.874297	0.566098
884	3.089648	0.707631	0.405833
885	3.171527	0.874056	0.566282
886	-3.171542	0.873865	0.566429
887	-3.088177	0.707243	0.406191
888	-2.238493	-10.000000	0.246630
889	-1.289281	-10.000000	0.101139
890	3.506292	-10.000000	0.200234
891	-2.225377	-7.574960	0.974805
892	-1.277144	-9.330500	0.957228
893	3.463952	-8.128940	0.974666
894	-2.494399	-0.922772	0.612964
895	-1.818030	-1.049409	0.714447
896	4.168890	-0.982888	0.657410
897	-2.148640	-0.530885	0.260764
898	-1.364268	-0.579264	0.302958
899	3.383937	-0.546609	0.270673
900	4.878093	0.068221	0.067543
901	8.459371	0.076710	0.015925
902	6.259195	-0.132763	0.065597
903	-2.036427	0.390348	0.172079
904	-1.185254	0.284849	0.124776
905	3.191538	0.365512	0.159342
906	-2.323912	0.670292	0.375170
907	-1.283310	0.612426	0.328547
908	3.503287	0.656597	0.357042
909	-2.195348	3.313933	0.974794
910	-1.248599	1.554129	0.926557
911	3.378309	2.777514	0.974576
912	4.687369	10.000000	0.543996
913	8.694686	10.000000	0.492160
914	5.952923	10.000000	0.300408
915	10.000000	-6.866199	0.488826
916	10.000000	-9.205513	0.480842
917	10.000000	-7.715054	0.262412
918	-10.000000	-3.918874	0.149521
919	-10.000000	-4.682670	0.037537
920	-10.000000	-6.655072	0.145990
921	10.000000	3.927491	0.149745
922	10.000000	4.683084	0.037384
923	10.000000	6.655156	0.145982
924	-10.000000	6.866199	0.488826
925	-10.000000	9.205513	0.480842
926	-10.000000	7.715030	0.262408
933	4.679999	-4.089004	-0.000001
934	8.708314	-4.672593	0.000004
935	5.943585	-6.840700	-0.000000
936	4.300020	0.118573	-0.120993
937	8.734652	0.220500	-0.128219
938	5.612992	-0.247339	-0.114354
939	-2.224497	7.437889	-0.000000
940	-1.273326	9.429919	-0.000000
941	3.460064	8.047532	-0.000000
942	8.718000	-10.000000	0.389627
943	5.914944	-10.000000	0.590776
944	4.699575	-10.000000	0.352290
946	-3.562329	-10.000000	0.682007
947	2.243442	-10.000000	0.645853
948	-8.694686	-10.000000	0.492160
949	-5.952922	-10.000000	0.300408
950	-4.687369	-10.000000	0.543996
951	8.718379	-6.088161	0.970392
952	5.882057	-3.920831	0.974821
953	4.698271	-6.454458	0.974819
954	1.248595	-1.554128	0.926558
955	-3.378308	-2.777514	0.974576
956	2.195348	-3.313933	0.974794
957	-8.698730	-5.003465	0.970878
958	-5.941203	-7.014114	0.974819
959	-4.676781	-4.445127	0.974819
960	8.075110	-0.739577	0.241652
961	5.153357	-0.431587	0.177673
962	4.734725	-0.514925	0.233683
963	1.148575	-0.284399	0.128151
964	-3.136706	-0.366514	0.160811
965	2.005986	-0.389607	0.174420
966	-8.063116	-0.736105	0.242028
967	-5.963923	-0.558175	0.239029
968	-4.295826	-0.445197	0.193930
969	1.459397	-0.220929	0.106277
970	-3.917830	-0.172094	0.088219
971	2.453033	-0.127267	0.081624
972	-8.465742	-0.095703	0.015569
973	-6.235349	0.126846	0.067785
974	-4.895700	-0.070035	0.067244
975	-1.464203	0.222126	0.103375
976	3.880094	0.170458	0.087767
977	-2.431696	0.127676	0.079885
978	7.662677	0.648391	0.225380
979	6.059684	0.553025	0.245839
980	4.398757	0.441386	0.196143
981	1.344385	0.579897	0.302283
982	-3.352390	0.548177	0.271625
983	2.155586	0.531027	0.260459
984	-8.578887	0.825744	0.287170
985	-5.410230	0.432271	0.184334
986	-4.776900	0.513653	0.237773
987	8.698731	5.003465	0.970878
988	5.941203	7.014114	0.974819
989	4.676781	4.445127	0.974819
990	1.277144	9.330500	0.957228
991	-3.463952	8.128940	0.974666
992	2.225377	7.574960	0.974805
993	-8.718379	6.088161	0.970392
994	-5.882057	3.920831	0.974821
995	-4.698271	6.454458	0.974819
996	1.289285	10.000000	0.101139
997	-3.506293	10.000000	0.200234
998	2.238493	10.000000	0.246630
999	-8.718000	10.000000	0.389627
1000	-5.914944	10.000000	0.590776
1001	-4.699575	10.000000	0.352290
1003	3.562329	10.000000	0.682007
1004	-2.243442	10.000000	0.645853
1005	10.000000	-5.863328	0.041235
1006	10.000000	-3.496511	0.108389
1007	10.000000	-5.940317	0.183679
1012	10.000000	-2.218077	0.153696
1014	10.000000	-1.305520	0.436582
1015	10.000000	-2.320350	0.586278
1016	10.000000	-2.298677	0.325237
1017	10.000000	-4.866953	0.826541
1018	10.000000	-6.490471	0.668718
1019	10.000000	-3.878701	0.609241
1020	-10.000000	-9.238464	0.377525
1021	-10.000000	-7.586469	0.555886
1022	-10.000000	-6.959904	0.300816
1023	-10.000000	-5.923002	0.825745
1024	-10.000000	-3.533577	0.680265
1025	-10.000000	-5.777580	0.598362
1026	-10.000000	-1.354627	0.555893
1027	-10.000000	-1.889018	0.285685
1028	-10.000000	-2.672451	0.516450
1029	-10.000000	-1.140755	0.057743
1035	10.000000	9.238463	0.377524
1036	10.000000	7.586469	0.555886
1037	10.000000	6.959902	0.300815
1038	10.000000	5.923002	0.825745
1039	10.000000	3.533561	0.680265
1040	10.000000	5.777580	0.598362
1041	10.000000	1.351211	0.555025
1042	10.000000	1.885893	0.286090
1043	10.000000	2.672255	0.516445
1044	10.000000	1.481474	0.072274
1050	-10.000000	5.856523	0.041171
1051	-10.000000	3.495361	0.108326
1052	-10.000000	5.939970	0.183657
1057	-10.000000	2.225422	0.156396
1059	-10.000000	1.302284	0.437876
1060	-10.000000	2.320393	0.586282
1061	-10.000000	2.299014	0.325351
1062	-10.000000	4.866955	0.826541
1063	-10.000000	6.490471	0.668718
1064	-10.000000	3.878704	0.609241
1083	1.273313	-9.429920	-0.000000
1084	-3.459938	-8.047569	-0.000000
1085	2.224421	-7.437912	-0.000000
1086	-8.723671	-5.852164	-0.000000
1087	-5.888430	-3.525603	0.000020
1088	-4.700009	-6.235881	-0.000000
1089	-1.201763	-0.938505	-0.000000
1090	3.378985	-2.300661	0.000001
1091	-2.195360	-2.881717	-0.000000
1092	1.213638	-0.178410	-0.136017
1093	-3.051344	-0.206579	-0.104068
1094	1.897705	-0.147504	0.098381
1095	-8.437873	0.002296	0.105379
1096	-5.511189	0.170053	0.089873
1097	-4.294959	-0.011229	-0.105971
1098	-1.274394	0.187808	-0.150303
1099	3.101929	0.186942	-0.112169
1100	-1.937374	0.154130	0.100034
1101	8.726344	5.843860	-0.000000
1102	5.895686	3.519263	0.000017
1103	4.700661	6.235451	-0.000000
1104	1.202953	0.925814	-0.000000
1105	-3.384825	2.296245	0.000001
1106	2.198413	2.879815	-0.000000
1107	-8.711705	4.660489	0.000003
1108	-5.944205	6.840222	-0.000000
1109	-4.682224	4.087285	-0.000001
1110	8.884001	-0.989991	0.557899
1111	5.846340	-0.734671	0.394460
1112	4.860180	-0.863582	0.544459
1113	1.283116	-0.611232	0.329730
1114	-3.490729	-0.657746	0.356238
1115	2.324246	-0.670052	0.375686
1116	-8.726957	-0.914429	0.469951
1117	-6.333932	-0.936906	0.591830
1118	-4.706997	-0.741617	0.422328
1119	8.741145	0.907243	0.470154
1120	6.335884	0.935420	0.592885
1121	4.710899	0.739790	0.423747
1122	1.818475	1.049424	0.714433
1123	-4.169592	0.982720	0.657559
1124	2.495053	0.922728	0.612999
1125	-8.884270	0.984260	0.561751
1126	-5.836272	0.729845	0.398334
1127	-4.860542	0.862740	0.545169
1128	2.638397	-10.063845	0.000000
1129	2.631951	-9.840838	0.900000
1130	2.830399	-0.600204	0.314812
1131	2.871441	0.255836	0.114772
1132	2.871160	0.601429	0.314312
1133	2.630849	9.840694	0.900000
1134	2.638429	10.063845	0.000000
1135	10.000000	-10.000000	0.326740
1136	-10.000000	-10.000000	0.326740
1139	10.000000	10.000000	0.326739
1140	-10.000000	10.000000	0.326739
1141	10.000000	-6.763831	0.899995
1142	-10.000000	-6.763831	0.899995
1143	9.685781	-1.029651	0.237065
1147	10.000000	4.662632	0.900000
1148	-10.000000	4.662638	0.900000
1149	10.000000	-6.593177	0.000000
1150	-10.000000	-6.597406	0.000000
1151	10.000000	6.582701	0.000000
1152	-10.000000	6.582664	0.000000
1153	2.564601	0.376735	0.000000
1156	10.000000	-0.035466	0.000000
1157	-10.000000	-0.042733	0.000000
1158	2.874836	-0.256733	0.116766
1159	2.615535	-0.403819	0.000000
1160	9.385545	-0.257742	-0.036971
1161	-9.388858	-0.265360	-0.036774
1162	2.847231	-1.147848	0.772103
1163	2.847294	1.147872	0.772076
1164	10.000000	1.013592	0.509207
1165	-10.000000	1.019511	0.507881
1166	10.000000	-1.194660	0.731387
1167	-10.000000	-1.193928	0.733940
1168	5.547473	-10.000000	0.218449
1169	5.507163	-10.000000	0.664323
1170	-5.507163	-10.000000	0.664323
1171	-5.547473	-10.000000	0.218449
1172	5.503163	-7.928188	0.974768
1173	5.378430	-3.028334	0.974803
1174	-5.378431	-3.028334	0.974803
1175	-5.503163	-7.928188	0.974768
1176	5.599110	-0.567230	0.257115
1177	4.758761	-0.392274	0.162134
1178	-5.085244	-0.407258	0.165332
1179	-5.482190	-0.568279	0.257608
1180	6.235347	-0.220381	0.083928
1181	-6.268734	-0.223948	0.083079
1182	-6.186762	0.210083	0.086099
1183	6.197652	0.211533	0.084490
1184	5.201690	0.394661	0.168380
1185	5.557032	0.564992	0.263205
1186	-5.541998	0.563715	0.265962
1187	-4.842038	0.386105	0.164671
1188	5.378431	3.028334	0.974803
1189	5.503163	7.928188	0.974768
1190	-5.503163	7.928188	0.974768
1191	-5.378430	3.028334	0.974803
1192	5.547474	10.000000	0.218449
1193	-5.547474	10.000000	0.218449
1194	-5.507163	10.000000	0.664323
1195	5.507163	10.000000	0.664323
1196	10.000000	-7.631975	0.176979
1198	10.000000	-2.620519	0.106734
1199	10.000000	-1.802516	0.195058
1200	10.000000	-2.691535	0.673320
1201	10.000000	-7.442458	0.651796
1202	-10.000000	-7.631885	0.176974
1203	-10.000000	-7.442459	0.651796
1204	-10.000000	-2.691496	0.673314
1205	-10.000000	-1.772778	0.195861
1207	-10.000000	-2.553007	0.105959
1208	10.000000	7.631844	0.176966
1209	10.000000	7.442459	0.651796
1210	10.000000	2.691393	0.673308
1211	10.000000	1.795117	0.197895
1213	10.000000	2.627544	0.108237
1214	-10.000000	7.631847	0.176968
1216	-10.000000	2.631226	0.108457
1217	-10.000000	1.800348	0.198921
1218	-10.000000	2.691560	0.673321
1219	-10.000000	7.442458	0.651796
1228	5.499475	-7.833311	0.000000
1229	-5.499402	-7.833343	0.000000
1230	-5.386275	-2.565045	-0.000212
1231	5.390303	-2.563309	-0.000205
1232	5.195430	-0.074702	-0.029103
1233	-5.226533	0.023935	-0.003326
1234	-5.032997	0.197386	-0.116780
1235	5.043657	0.214674	-0.115543
1236	5.499784	7.833155	0.000000
1237	5.399355	2.555061	-0.000184
1238	-5.399400	2.555350	-0.000185
1239	-5.499785	7.833156	0.000000
1240	6.312891	-1.028892	0.671616
1241	5.317850	-0.688771	0.361171
1242	-5.291418	-0.689422	0.360869
1243	-6.313084	-1.029234	0.671371
1244	5.315959	0.686089	0.362900
1245	6.313847	1.028458	0.672004
1246	-6.313447	1.028212	0.672225
1247	-5.309442	0.684173	0.364526
1248	-7.716632	-10.061521	0.000000
1249	-7.703092	-9.864894	0.900000
1250	-7.611015	-0.771872	0.343294
1252	-7.437077	0.742265	0.344822
1253	-7.703000	9.864893	0.900000
1254	-7.716819	10.061519	0.000000
1255	10.000000	-10.000000	0.660328
1256	-10.000000	-10.000000	0.660328
1259	10.000000	10.000000	0.660328
1260	-10.000000	10.000000	0.660328
1261	10.000000	-3.041542	0.900000
1262	-10.000000	-3.041545	0.900000
1264	-9.490806	-1.161490	0.136108
1267	10.000000	8.940298	0.899609
1268	-10.000000	8.940298	0.899609
1269	10.000000	-2.296802	0.000000
1270	-10.000000	-2.356259	0.000000
1271	10.000000	2.224585	0.000000
1272	-10.000000	2.225829	0.000000
1273	-7.591279	0.926185	0.000000
1276	10.000000	0.964837	0.000000
1277	-10.000000	0.971489	0.000000
1278	-8.290834	-0.687662	0.162921
1279	-7.729026	-1.041648	0.000000
1280	9.435157	0.873085	0.062984
1281	-9.435832	0.873462	0.067852
1282	-7.907332	-1.786471	0.900000
1283	-7.907245	1.786458	0.900000
1284	10.000000	1.941596	0.900000
1285	-10.000000	1.942079	0.900000
1288	0.870175	-10.000000	0.411020
1289	0.870747	-10.000000	0.488504
1290	-0.870747	-10.000000	0.488504
1291	-0.870175	-10.000000	0.411020
1292	0.870762	-5.837387	0.974820
1293	0.870338	-5.043904	0.974820
1294	-0.870338	-5.043904	0.974820
1295	-0.870762	-5.837387	0.974820
1296	0.861559	-0.478993	0.229148
1297	0.888313	-0.455101	0.212980
1298	-0.886187	-0.455443	0.212857
1299	-0.859446	-0.479400	0.228983
1300	0.888847	-0.022822	0.070421
1301	-0.889312	-0.022748	0.070324
1302	-0.888382	0.023411	0.070035
1303	0.887702	0.023324	0.070167
1304	0.887040	0.456244	0.211190
1305	0.863890	0.480210	0.227491
1306	-0.870054	0.480217	0.227331
1307	-0.893528	0.456282	0.211019
1308	0.870338	5.043904	0.974820
1309	0.870762	5.837387	0.974820
1310	-0.870762	5.837387	0.974820
1311	-0.870338	5.043904	0.974820
1312	0.870175	10.000000	0.411020
1313	-0.870175	10.000000	0.411020
1314	-0.870747	10.000000	0.488504
1315	0.870747	10.000000	0.488504
1316	10.000000	-4.853858	0.321297
1318	10.000000	-4.145776	0.288770
1319	10.000000	-3.672621	0.338197
1320	10.000000	-4.025089	0.406383
1321	10.000000	-4.782764	0.396539
1322	-10.000000	-4.853980	0.321299
1323	-10.000000	-4.782823	0.396547
1324	-10.000000	-4.025067	0.406387
1325	-10.000000	-3.672534	0.338176
1327	-10.000000	-4.145745	0.288753
1328	10.000000	4.854028	0.321304
1329	10.000000	4.782829	0.396547
1330	10.000000	4.025103	0.406391
1331	10.000000	3.672734	0.338204
1333	10.000000	4.146052	0.288777
1334	-10.000000	4.853828	0.321292
1336	-10.000000	4.145698	0.288761
1337	-10.000000	3.672583	0.338190
1338	-10.000000	4.025073	0.406381
1339	-10.000000	4.782758	0.396538
1348	0.870835	-5.573624	0.000000
1349	-0.870819	-5.573628	0.000000
1350	-0.870538	-4.728706	-0.000000
1351	0.870574	-4.728700	-0.000000
1352	0.679408	-0.159480	-0.058430
1353	-0.693300	-0.166001	-0.045963
1354	-0.672711	0.142311	-0.051629
1355	0.665421	0.153169	-0.035298
1356	0.870906	5.573573	0.000000
1357	0.870667	4.728561	-0.000000
1358	-0.870660	4.728562	-0.000000
1359	-0.870904	5.573574	0.000000
1360	0.864232	-0.801949	0.503254
1361	0.885493	-0.752470	0.455320
1362	-0.885741	-0.752656	0.455152
1363	-0.864304	-0.802093	0.503133
1364	0.885494	0.752952	0.454852
1365	0.864270	0.802344	0.502923
1366	-0.864168	0.802286	0.502970
1367	-0.885227	0.752880	0.454916
1368	2.238493	-10.000000	0.246630
1369	-3.506292	-10.000000	0.200234
1370	1.289282	-10.000000	0.101139
1371	2.225377	-7.574960	0.974805
1372	-3.463952	-8.128940	0.974666
1373	1.277211	-9.330508	0.957227
1374	2.494719	-0.922552	0.613136
1375	-4.168690	-0.983149	0.657197
1376	1.818366	-1.049356	0.714505
1377	2.138743	-0.529640	0.261445
1378	-3.393518	-0.549217	0.269901
1379	1.310750	-0.578602	0.303688
1380	4.891930	-0.069856	0.067464
1381	6.237833	0.127433	0.066482
1382	8.461391	-0.093303	0.015131
1383	2.029078	0.389868	0.172492
1384	-3.046376	0.365570	0.158527
1385	1.166495	0.284525	0.125263
1386	2.324273	0.670589	0.375017
1387	-3.502601	0.655842	0.357411
1388	1.292222	0.612516	0.328678
1389	2.195348	3.313933	0.974794
1390	-3.378308	2.777514	0.974576
1391	1.248590	1.554130	0.926556
1392	4.699575	10.000000	0.352290
1393	5.914944	10.000000	0.590776
1394	8.718000	10.000000	0.389627
1395	10.000000	-6.959873	0.300816
1396	10.000000	-7.586466	0.555886
1397	10.000000	-9.238462	0.377525
1398	-10.000000	-5.939732	0.183648
1399	-10.000000	-3.468052	0.107859
1400	-10.000000	-5.859534	0.041256
1401	10.000000	5.940038	0.183653
1402	10.000000	3.494096	0.108306
1403	10.000000	5.856341	0.041171
1404	-10.000000	6.959855	0.300813
1405	-10.000000	7.586466	0.555886
1406	-10.000000	9.238461	0.377524
1413	4.700142	-6.235804	-0.000000
1414	5.890540	-3.524295	0.000019
1415	8.724484	-5.849978	-0.000000
1416	4.301724	-0.026218	-0.098598
1417	5.471365	0.163121	0.089097
1418	8.448561	-0.009466	0.084716
1419	2.224497	7.437889	-0.000000
1420	-3.460064	8.047532	-0.000000
1421	1.273326	9.429919	-0.000000
1422	5.952922	-10.000000	0.300408
1423	8.694686	-10.000000	0.492160
1424	4.687369	-10.000000	0.543996
1425	3.532676	-10.000000	0.683573
1426	-1.372374	-10.000000	0.744838
1427	-2.239958	-10.000000	0.646058
1428	-5.914944	-10.000000	0.590776
1429	-8.717999	-10.000000	0.389627
1430	-4.699575	-10.000000	0.352290
1431	5.941203	-7.014114	0.974819
1432	8.698730	-5.003465	0.970878
1433	4.676781	-4.445127	0.974819
1434	3.378308	-2.777514	0.974576
1435	-1.248577	-1.554130	0.926557
1436	-2.195347	-3.313933	0.974794
1437	-5.882057	-3.920831	0.974821
1438	-8.718379	-6.088161	0.970392
1439	-4.698271	-6.454458	0.974819
1440	6.088945	-0.558720	0.238419
1441	7.869637	-0.708064	0.215790
1442	4.341385	-0.444764	0.194115
1443	2.989253	-0.365747	0.159934
1444	-1.454625	-0.286070	0.128627
1445	-2.003977	-0.389910	0.174361
1446	-5.204547	-0.437395	0.179654
1447	-7.831409	-0.717761	0.246638
1448	-4.720772	-0.516751	0.232915
1449	3.935149	-0.172966	0.088882
1450	-1.474055	-0.221051	0.106388
1451	-2.449289	-0.126960	0.081405
1452	-6.266879	-0.133954	0.065337
1453	-8.462527	0.075585	0.017865
1454	-4.877204	0.068322	0.067500
1455	-3.882518	0.171305	0.087122
1456	1.438011	0.221045	0.104078
1457	2.425313	0.127059	0.080553
1458	5.302112	0.424259	0.183462
1459	7.987403	0.702079	0.254014
1460	4.736417	0.514066	0.237615
1461	3.393832	0.548333	0.271618
1462	-1.285481	0.579879	0.302097
1463	-2.150458	0.531000	0.260135
1464	-6.084609	0.550023	0.248574
1465	-8.207199	0.656678	0.245323
1466	-4.497345	0.444584	0.196827
1467	5.882057	3.920831	0.974821
1468	8.718379	6.088161	0.970392
1469	4.698271	6.454458	0.974819
1470	3.463952	8.128940	0.974666
1471	-1.277211	9.330508	0.957227
1472	-2.225377	7.574960	0.974805
1473	-5.941203	7.014114	0.974819
1474	-8.698730	5.003466	0.970878
1475	-4.676781	4.445127	0.974819
1476	3.506293	10.000000	0.200234
1477	-1.289285	10.000000	0.101139
1478	-2.238493	10.000000	0.246630
1479	-5.952923	10.000000	0.300408
1480	-8.694686	10.000000	0.492160
1481	-4.687369	10.000000	0.543996
1482	-3.532676	10.000000	0.683573
1483	1.372374	10.000000	0.744838
1484	2.239958	10.000000	0.646058
1485	10.000000	-6.655652	0.146010
1486	10.000000	-4.698730	0.037499
1487	10.000000	-3.928541	0.149820
1493	10.000000	-2.692481	0.197541
1494	10.000000	-1.888949	0.285868
1495	10.000000	-1.355481	0.554334
1496	10.000000	-2.672479	0.516486
1497	10.000000	-3.533606	0.680268
1498	10.000000	-5.923002	0.825745
1499	10.000000	-5.777577	0.598361
1500	-10.000000	-7.715057	0.262411
1501	-10.000000	-9.205514	0.480842
1502	-10.000000	-6.866211	0.488827
1503	-10.000000	-6.490472	0.668718
1504	-10.000000	-4.866951	0.826541
1505	-10.000000	-3.878668	0.609239
1506	-10.000000	-2.320384	0.586267
1507	-10.000000	-1.305203	0.440646
1508	-10.000000	-2.298608	0.324813
1511	-10.000000	-2.677658	0.196330
1515	10.000000	7.715048	0.262408
1516	10.000000	9.205514	0.480842
1517	10.000000	6.866211	0.488827
1518	10.000000	6.490472	0.668718
1519	10.000000	4.866950	0.826541
1520	10.000000	3.878661	0.609239
1521	10.000000	2.320034	0.586238
1522	10.000000	1.298541	0.437680
1523	10.000000	2.298030	0.325138
1526	10.000000	2.693935	0.197782
1530	-10.000000	6.655183	0.145986
1531	-10.000000	4.683372	0.037383
1532	-10.000000	3.927689	0.149755
1538	-10.000000	2.694773	0.197887
1539	-10.000000	1.888700	0.286642
1540	-10.000000	1.353622	0.554969
1541	-10.000000	2.672535	0.516487
1542	-10.000000	3.533615	0.680268
1543	-10.000000	5.923003	0.825745
1544	-10.000000	5.777577	0.598361
1563	3.459957	-8.047564	-0.000000
1564	-1.273312	-9.429920	-0.000000
1565	-2.224408	-7.437916	-0.000000
1566	-5.943410	-6.840815	-0.000000
1567	-8.706638	-4.677304	0.000004
1568	-4.679273	-4.089380	-0.000001
1569	-3.376669	-2.301057	0.000002
1570	1.218957	-0.938203	-0.000000
1571	2.196115	-2.881592	-0.000000
1572	3.087431	-0.182226	-0.107220
1573	-1.145405	-0.187864	-0.136418
1574	-1.892883	-0.147939	0.095420
1575	-5.609447	-0.181418	-0.164429
1576	-8.750592	0.217118	-0.141980
1577	-4.308398	0.152188	-0.107334
1578	-3.109677	0.188984	-0.112287
1579	1.198729	0.187987	-0.149036
1580	1.930381	0.152223	0.096956
1581	5.944205	6.840219	-0.000000
1582	8.711682	4.660575	0.000003
1583	4.682247	4.087249	-0.000001
1584	3.385025	2.296138	0.000001
1585	-1.225570	0.925403	-0.000000
1586	-2.198300	2.879850	-0.000000
1587	-5.895710	3.519361	0.000017
1588	-8.726354	5.843839	-0.000000
1589	-4.700659	6.235456	-0.000000
1590	6.334303	-0.936338	0.592169
1591	8.749102	-0.918718	0.464990
1592	4.712095	-0.740689	0.423033
1593	3.503404	-0.656689	0.356978
1594	-1.303323	-0.611866	0.329133
1595	-2.319934	-0.670745	0.375050
1596	-5.829577	-0.735245	0.394059
1597	-8.881893	-0.988024	0.560751
1598	-4.859177	-0.864229	0.544016
1599	5.845666	0.731659	0.396422
1600	8.885538	0.983299	0.561516
1601	4.860710	0.863197	0.544777
1602	4.169578	0.982873	0.657431
1603	-1.818656	1.049395	0.714464
1604	-2.495157	0.922622	0.613077
1605	-6.335382	0.934920	0.593337
1606	-8.741930	0.908453	0.471784
1607	-4.708126	0.738922	0.424646
1608	0.000000	-10.000000	0.150691
1609	1.201568	-10.000000	0.191862
1610	-1.201568	-10.000000	0.191862
1611	0.000000	-8.795642	0.972077
1612	1.183898	-8.219204	0.974552
1613	-1.183898	-8.219204	0.974552
1614	0.000222	-0.998720	0.678586
1615	1.483874	-0.962886	0.649590
1616	-1.483495	-0.962983	0.649510
1617	-0.016317	-0.563540	0.289690
1618	1.137714	-0.545732	0.277898
1619	-1.152403	-0.546254	0.277391
1620	7.450720	-0.003675	0.039398
1621	6.264974	-0.045001	0.056831
1622	6.258762	0.041571	0.057212
1623	0.024286	0.322854	0.140596
1624	1.087465	0.357159	0.156439
1625	-1.039885	0.357258	0.155981
1626	0.001021	0.628870	0.341852
1627	1.246666	0.645849	0.356379
1628	-1.246778	0.645723	0.356363
1629	-0.000001	2.084045	0.968135
1630	1.154327	2.666613	0.974266
1631	-1.154327	2.666613	0.974266
1632	7.438059	10.000000	0.446084
1633	6.132273	10.000000	0.397222
1634	6.120006	10.000000	0.498036
1635	10.000000	-8.462940	0.419492
1636	10.000000	-7.719508	0.357161
1637	10.000000	-7.675984	0.456516
1638	-10.000000	-5.148757	0.078699
1639	-10.000000	-5.587214	0.126128
1640	-10.000000	-4.500234	0.114345
1641	10.000000	5.152339	0.078671
1642	10.000000	5.588556	0.126135
1643	10.000000	4.507373	0.114433
1644	-10.000000	8.462940	0.419492
1645	-10.000000	7.719505	0.357160
1646	-10.000000	7.675984	0.456515
1653	7.443087	-5.197057	-0.000000
1654	6.135151	-5.739847	0.000000
1655	6.119941	-4.606068	-0.000001
1656	7.218831	0.150467	0.097514
1657	5.844477	-0.134561	0.091791
1658	5.789065	0.099601	-0.083632
1659	-0.000000	8.794853	-0.000000
1660	1.182189	8.143353	0.000000
1661	-1.182189	8.143354	0.000000
1662	6.120006	-10.000000	0.498036
1663	6.132273	-10.000000	0.397222
1664	7.438059	-10.000000	0.446084
1665	-1.113499	-10.000000	0.691583
1666	1.233045	-10.000000	0.691317
1667	1.051617	-10.000000	0.746230
1668	-6.132273	-10.000000	0.397222
1669	-6.120006	-10.000000	0.498036
1670	-7.438059	-10.000000	0.446084
1671	6.114964	-4.930440	0.974819
1672	6.131397	-5.989550	0.974818
1673	7.436539	-5.483073	0.974703
1674	-1.154326	-2.666613	0.974266
1675	1.154327	-2.666613	0.974266
1676	0.000002	-2.084045	0.968135
1677	-6.131397	-5.989550	0.974818
1678	-6.114964	-4.930440	0.974819
1679	-7.436539	-5.483073	0.974703
1680	5.592450	-0.476421	0.196856
1681	5.822441	-0.516622	0.217517
1682	6.676721	-0.539886	0.207193
1683	-1.061246	-0.356636	0.158662
1684	1.041278	-0.356067	0.158892
1685	0.024138	-0.321794	0.143372
1686	-5.806429	-0.518746	0.215501
1687	-5.501070	-0.476367	0.195987
1688	-6.748590	-0.551625	0.208755
1689	-1.315202	-0.161096	0.089657
1690	1.327042	-0.161339	0.089802
1691	0.005434	-0.192339	0.098033
1692	-6.259652	0.041206	0.058056
1693	-6.268159	-0.045534	0.057151
1694	-7.454014	-0.004597	0.041129
1695	1.309623	0.162052	0.088068
1696	-1.333224	0.162772	0.087532
1697	-0.015993	0.193323	0.095724
1698	5.816128	0.510573	0.223718
1699	5.631802	0.467670	0.201421
1700	6.698141	0.524998	0.213122
1701	-1.124688	0.546889	0.276068
1702	1.157745	0.546889	0.276261
1703	0.026912	0.564642	0.287911
1704	-6.003882	0.483164	0.206889
1705	-5.944763	0.512325	0.226731
1706	-7.473311	0.587276	0.233463
1707	6.131397	5.989550	0.974818
1708	6.114965	4.930440	0.974819
1709	7.436539	5.483073	0.974703
1710	-1.183898	8.219204	0.974552
1711	1.183898	8.219204	0.974552
1712	-0.000000	8.795642	0.972077
1713	-6.114964	4.930440	0.974819
1714	-6.131397	5.989550	0.974818
1715	-7.436539	5.483073	0.974703
1716	-1.201568	10.000000	0.191862
1717	1.201568	10.000000	0.191862
1718	-0.000000	10.000000	0.150691
1719	-6.120006	10.000000	0.498036
1720	-6.132274	10.000000	0.397222
1721	-7.438059	10.000000	0.446084
1722	1.113499	10.000000	0.691583
1723	-1.233045	10.000000	0.691317
1724	-1.051617	10.000000	0.746230
1725	10.000000	-4.510206	0.114543
1726	10.000000	-5.589967	0.126192
1727	10.000000	-5.157177	0.078773
1734	10.000000	-2.098336	0.488289
1735	10.000000	-1.973829	0.385677
1736	10.000000	-1.649282	0.457144
1737	10.000000	-5.482364	0.677293
1738	10.000000	-4.479149	0.681134
1739	10.000000	-5.163795	0.752840
1740	-10.000000	-7.675993	0.456516
1741	-10.000000	-7.719523	0.357162
1742	-10.000000	-8.462945	0.419492
1743	-10.000000	-4.479137	0.681133
1744	-10.000000	-5.482362	0.677293
1745	-10.000000	-5.163792	0.752840
1746	-10.000000	-1.975137	0.385630
1747	-10.000000	-2.098773	0.488280
1748	-10.000000	-1.650581	0.457669
1749	-10.000000	-2.160627	0.152033
1755	10.000000	7.675993	0.456516
1756	10.000000	7.719521	0.357161
1757	10.000000	8.462945	0.419492
1758	10.000000	4.479136	0.681133
1759	10.000000	5.482362	0.677293
1760	10.000000	5.163792	0.752840
1761	10.000000	1.972755	0.385537
1762	10.000000	2.097787	0.488195
1763	10.000000	1.647257	0.457083
1764	10.000000	2.221333	0.155944
1770	-10.000000	4.507766	0.114443
1771	-10.000000	5.588673	0.126142
1772	-10.000000	5.152745	0.078676
1779	-10.000000	2.098477	0.488319
1780	-10.000000	1.974122	0.385823
1781	-10.000000	1.648968	0.457335
1782	-10.000000	5.482364	0.677293
1783	-10.000000	4.479151	0.681133
1784	-10.000000	5.163796	0.752840
1803	-1.182162	-8.143360	0.000000
1804	1.182166	-8.143360	0.000000
1805	0.000001	-8.794856	-0.000000
1806	-6.119008	-4.606791	-0.000001
1807	-6.134747	-5.740168	0.000000
1808	-7.442079	-5.198294	-0.000000
1809	1.153456	-2.183639	0.000000
1810	-1.152022	-2.183709	0.000000
1811	0.002246	-1.543788	-0.000000
1812	-1.022872	-0.193207	-0.111462
1813	1.043495	-0.195839	-0.111861
1814	0.008625	-0.225007	0.085297
1815	-5.747235	0.064659	-0.090937
1816	-5.840265	-0.110333	0.077435
1817	-7.238079	0.148914	0.081720
1818	1.045490	0.192778	-0.113434
1819	-1.057608	0.193003	-0.113236
1820	-0.018240	0.222671	0.079015
1821	6.122509	4.603411	-0.000000
1822	6.136404	5.738628	0.000000
1823	7.445600	5.193145	-0.000000
1824	-1.155502	2.180582	0.000000
1825	1.154627	2.180733	0.000000
1826	-0.002588	1.537882	-0.000000
1827	-6.136404	5.738640	0.000000
1828	-6.122512	4.603446	-0.000000
1829	-7.445616	5.193158	-0.000000
1830	6.148388	-0.790418	0.446320
1831	6.283576	-0.857161	0.514549
1832	7.543076	-0.867134	0.481673
1833	-1.243084	-0.645342	0.356900
1834	1.250521	-0.644861	0.357271
1835	-0.001589	-0.627715	0.342902
1836	-6.280252	-0.857952	0.514216
1837	-6.136253	-0.791210	0.446118
1838	-7.532498	-0.866879	0.482588
1839	6.284567	0.855546	0.515768
1840	6.146676	0.787969	0.448131
1841	7.543178	0.862387	0.484551
1842	-1.484149	0.963003	0.649492
1843	1.483981	0.963049	0.649457
1844	-0.000112	0.998813	0.678501
1845	-6.142976	0.786620	0.449607
1846	-6.283715	0.854661	0.516630
1847	-7.540786	0.861372	0.485954
1848	0.000000	-10.000000	0.350568
1849	-1.063887	-10.000000	0.296844
1850	1.063887	-10.000000	0.296844
1851	-4.865218	-10.000000	0.158314
1852	-6.246341	-10.000000	0.100155
1853	-3.833151	-10.000000	0.100671
1854	4.865218	-10.000000	0.158314
1855	3.833152	-10.000000	0.100671
1856	6.246344	-10.000000	0.100155
1857	0.000000	-6.458606	0.974820
1858	-1.061329	-7.022607	0.974819
1859	1.061329	-7.022607	0.974819
1860	-4.776466	-8.687772	0.973381
1861	-6.185964	-9.257782	0.962861
1862	-3.796550	-9.309957	0.958916
1863	4.776466	-8.687772	0.973381
1864	3.796495	-9.309988	0.958914
1865	6.185961	-9.257784	0.962861
1866	0.000025	-0.842230	0.542433
1867	-1.115653	-0.880673	0.577828
1868	1.115856	-0.880548	0.577926
1869	-5.857798	-1.104493	0.730977
1870	-7.065919	-1.353880	0.835321
1871	-4.799435	-1.142446	0.768237
1872	5.857723	-1.104305	0.731144
1873	4.799425	-1.142351	0.768338
1874	7.065806	-1.353831	0.835348
1875	0.000824	-0.497403	0.239641
1876	-1.027310	-0.512595	0.252382
1877	1.025330	-0.512033	0.252692
1878	-4.875780	-0.578162	0.276162
1879	-6.273626	-0.641084	0.292607
1880	-4.060179	-0.589697	0.296043
1881	4.847382	-0.573782	0.275842
1882	3.996920	-0.586307	0.296702
1883	6.199634	-0.635853	0.289683
1884	2.277781	0.000091	0.069407
1885	3.563599	0.029734	0.068478
1886	3.568332	-0.030083	0.068582
1887	7.547817	0.236051	0.067424
1888	8.627910	0.448943	0.077006
1889	8.580511	0.251692	0.030789
1890	7.564292	-0.250877	0.064216
1891	8.581339	-0.274211	0.028885
1892	8.633394	-0.481949	0.071959
1893	-0.004611	0.435751	0.198422
1894	-1.005575	0.414298	0.185813
1895	0.992262	0.414192	0.186062
1896	-3.965162	0.342676	0.146300
1897	-5.691019	0.360646	0.147765
1898	-3.438177	0.300798	0.129336
1899	4.181323	0.342556	0.147184
1900	3.315982	0.297236	0.129835
1901	5.611115	0.349850	0.142357
1902	0.000199	0.717085	0.421178
1903	-1.108480	0.690238	0.395799
1904	1.108705	0.690337	0.395720
1905	-4.628091	0.649447	0.342315
1906	-5.832572	0.657922	0.335025
1907	-3.719486	0.620973	0.327123
1908	4.629529	0.651064	0.341353
1909	3.714282	0.621912	0.326845
1910	5.836215	0.660896	0.332731
1911	-0.000000	4.423235	0.974819
1912	-1.054563	3.860983	0.974818
1913	1.054563	3.860983	0.974818
1914	-4.606377	2.277388	0.973186
1915	-6.009080	1.888039	0.966421
1916	-3.698742	1.649804	0.943310
1917	4.606379	2.277388	0.973186
1918	3.698747	1.649807	0.943309
1919	6.009100	1.888041	0.966420
1920	2.231988	10.000000	0.449623
1921	3.470420	10.000000	0.495712
1922	3.473014	10.000000	0.402720
1923	7.160510	10.000000	0.631877
1924	8.442503	10.000000	0.657618
1925	8.613816	10.000000	0.584388
1926	7.257234	10.000000	0.247497
1927	8.695745	10.000000	0.285859
1928	8.624098	10.000000	0.190346
1929	10.000000	-5.503200	0.369607
1930	10.000000	-6.169827	0.425952
1931	10.000000	-6.224313	0.336849
1932	10.000000	-8.313627	0.622853
1933	10.000000	-9.041008	0.676983
1934	10.000000	-9.144402	0.580493
1935	10.000000	-8.483220	0.220454
1936	10.000000	-9.254539	0.273267
1937	10.000000	-9.246078	0.171528
1938	-10.000000	-4.682761	0.253879
1939	-10.000000	-4.356323	0.196649
1940	-10.000000	-5.280994	0.219516
1941	-10.000000	-3.009231	0.068875
1942	-10.000000	-2.438417	0.034660
1943	-10.000000	-3.554635	0.035069
1944	-10.000000	-7.416068	0.105306
1945	-10.000000	-7.057053	0.047565
1946	-10.000000	-8.204201	0.058241
1947	10.000000	4.683152	0.253903
1948	10.000000	4.358458	0.196733
1949	10.000000	5.281394	0.219533
1950	10.000000	3.070159	0.069393
1951	10.000000	2.514850	0.035303
1952	10.000000	3.573872	0.034824
1953	10.000000	7.415772	0.105284
1954	10.000000	7.054714	0.047516
1955	10.000000	8.203146	0.058210
1956	-10.000000	5.503193	0.369606
1957	-10.000000	6.169826	0.425952
1958	-10.000000	6.224301	0.336847
1959	-10.000000	8.313627	0.622853
1960	-10.000000	9.041008	0.676983
1961	-10.000000	9.144402	0.580493
1962	-10.000000	8.483191	0.220448
1963	-10.000000	9.254533	0.273265
1964	-10.000000	9.246043	0.171520
1983	2.234240	-5.152216	-0.000000
1984	3.471047	-4.641347	0.000000
1985	3.475866	-5.668667	-0.000000
1986	7.126166	-2.988465	-0.000320
1987	8.456089	-2.552166	0.002582
1988	8.631157	-3.557089	-0.000147
1989	7.222168	-7.485875	-0.000000
1990	8.683583	-7.043073	0.000000
1991	8.555685	-8.193172	-0.000000
1992	1.958872	-0.033395	-0.113332
1993	3.118775	0.151959	0.037839
1994	3.120062	-0.184741	0.002492
1995	6.905270	0.189952	-0.130266
1996	8.588382	0.440946	-0.192395
1997	8.374991	0.231873	0.064613
1998	7.108683	-0.266413	0.119000
1999	8.657459	-0.223942	-0.036082
2000	8.581920	-0.565098	-0.185163
2001	0.000000	6.236137	-0.000000
2002	-1.061222	6.840425	-0.000000
2003	1.061223	6.840425	-0.000000
2004	-4.765172	8.679274	-0.000000
2005	-6.168692	9.344796	-0.000000
2006	-3.785288	9.406181	0.000000
2007	4.765171	8.679274	-0.000000
2008	3.785287	9.406181	0.000000
2009	6.168691	9.344796	-0.000000
2010	8.624094	-10.000000	0.190346
2011	8.695744	-10.000000	0.285859
2012	7.257233	-10.000000	0.247497
2013	8.613816	-10.000000	0.584388
2014	8.442503	-10.000000	0.657618
2015	7.160510	-10.000000	0.631877
2016	3.473014	-10.000000	0.402720
2017	3.470420	-10.000000	0.495712
2018	2.231988	-10.000000	0.449623
2019	6.218880	-10.000000	0.756658
2020	3.722419	-10.000000	0.744030
2021	4.989378	-10.000000	0.710534
2022	-3.818265	-10.000000	0.745979
2023	-6.230207	-10.000000	0.756916
2024	-4.991508	-10.000000	0.710625
2025	1.064259	-10.000000	0.600111
2026	-1.064259	-10.000000	0.600111
2027	0.000000	-10.000000	0.548299
2028	-8.442503	-10.000000	0.657618
2029	-8.613816	-10.000000	0.584388
2030	-7.160510	-10.000000	0.631877
2031	-8.695743	-10.000000	0.285859
2032	-8.624093	-10.000000	0.190346
2033	-7.257232	-10.000000	0.247497
2034	-3.470420	-10.000000	0.495712
2035	-3.473014	-10.000000	0.402720
2036	-2.231988	-10.000000	0.449623
2037	8.560518	-8.235363	0.974039
2038	8.680266	-7.186031	0.971448
2039	7.221539	-7.602482	0.974772
2040	8.612993	-3.983870	0.973003
2041	8.419579	-3.082136	0.977196
2042	7.105385	-3.435453	0.974721
2043	3.474745	-5.925338	0.974820
2044	3.469691	-4.962008	0.974820
2045	2.233621	-5.441461	0.974820
2046	6.009087	-1.888041	0.966420
2047	3.698735	-1.649803	0.943310
2048	4.606377	-2.277388	0.973186
2049	-3.698734	-1.649808	0.943308
2050	-6.009096	-1.888045	0.966420
2051	-4.606378	-2.277389	0.973186
2052	1.054563	-3.860983	0.974818
2053	-1.054563	-3.860983	0.974818
2054	0.000000	-4.423235	0.974819
2055	-8.419580	-3.082136	0.977196
2056	-8.612994	-3.983870	0.973003
2057	-7.105385	-3.435453	0.974721
2058	-8.680266	-7.186031	0.971448
2059	-8.560518	-8.235363	0.974039
2060	-7.221539	-7.602482	0.974772
2061	-3.469691	-4.962008	0.974820
2062	-3.474745	-5.925338	0.974820
2063	-2.233621	-5.441461	0.974820
2064	9.016365	-0.899241	0.328353
2065	8.484121	-0.815233	0.269956
2066	7.331949	-0.663886	0.261110
2067	7.932772	-0.700158	0.203851
2068	8.110279	-0.730699	0.185665
2069	6.508161	-0.482758	0.179623
2070	3.482261	-0.490600	0.228399
2071	3.354031	-0.459214	0.209413
2072	2.227623	-0.471291	0.221346
2073	6.466371	-0.443480	0.157995
2074	3.691076	-0.307504	0.133167
2075	4.466062	-0.360109	0.149095
2076	-4.131644	-0.319038	0.135292
2077	-6.567838	-0.453825	0.155292
2078	-4.132184	-0.349399	0.149627
2079	0.991743	-0.413372	0.188289
2080	-0.986894	-0.413682	0.188238
2081	0.001757	-0.434794	0.200592
2082	-8.417835	-0.752814	0.209937
2083	-8.811511	-0.859380	0.237271
2084	-6.925748	-0.540646	0.186673
2085	-8.176506	-0.768871	0.280359
2086	-8.948478	-0.885033	0.343072
2087	-7.109854	-0.647628	0.263064
2088	-3.340143	-0.460239	0.209074
2089	-3.478965	-0.492015	0.227808
2090	-2.223368	-0.472219	0.220996
2091	6.964329	-0.386517	0.127272
2092	4.399065	-0.251371	0.111106
2093	5.475548	-0.245994	0.101629
2094	-4.378302	-0.251136	0.109395
2095	-6.984384	-0.389589	0.124714
2096	-5.450624	-0.244738	0.099539
2097	1.129404	-0.091785	0.076645
2098	-1.129128	-0.091678	0.076556
2099	-0.000103	-0.058625	0.072888
2100	-8.650357	-0.491147	0.072675
2101	-8.589003	-0.279488	0.028617
2102	-7.576529	-0.254367	0.064234
2103	-8.583693	0.250567	0.034488
2104	-8.629155	0.445766	0.083550
2105	-7.546217	0.233655	0.072115
2106	-3.569725	-0.029924	0.068303
2107	-3.563828	0.029988	0.068120
2108	-2.278361	0.000290	0.069136
2109	-6.986339	0.365991	0.136637
2110	-4.428410	0.253417	0.109456
2111	-5.394592	0.237732	0.101173
2112	4.383441	0.250009	0.109449
2113	6.953977	0.368601	0.130302
2114	5.406122	0.238113	0.100543
2115	-1.124272	0.092518	0.075327
2116	1.119451	0.092291	0.075623
2117	-0.001230	0.059284	0.072144
2118	8.125285	0.615146	0.214148
2119	8.493328	0.789308	0.239713
2120	7.211751	0.528751	0.189616
2121	8.360310	0.774041	0.278759
2122	9.008557	0.878211	0.336222
2123	7.243402	0.638925	0.268529
2124	3.368086	0.458776	0.209550
2125	3.498094	0.490790	0.229094
2126	2.234032	0.472153	0.220289
2127	6.297731	0.632787	0.295955
2128	4.030595	0.587424	0.298217
2129	4.871385	0.574732	0.279783
2130	-3.956457	0.586573	0.298666
2131	-6.252219	0.625303	0.299340
2132	-4.765032	0.572981	0.281023
2133	1.028934	0.513263	0.251037
2134	-1.035425	0.513253	0.250839
2135	-0.003227	0.498455	0.237826
2136	-9.025299	0.884740	0.346825
2137	-8.365015	0.774705	0.300703
2138	-7.209320	0.623462	0.274147
2139	-8.046980	0.586435	0.224344
2141	-6.346534	0.440654	0.176474
2142	-3.522816	0.490679	0.228667
2143	-3.393467	0.458928	0.209057
2144	-2.246550	0.472157	0.219877
2145	8.419585	3.082133	0.977196
2146	8.612994	3.983869	0.973003
2147	7.105386	3.435452	0.974721
2148	8.680266	7.186031	0.971448
2149	8.560518	8.235363	0.974039
2150	7.221539	7.602482	0.974772
2151	3.469691	4.962008	0.974820
2152	3.474745	5.925338	0.974820
2153	2.233621	5.441461	0.974820
2154	6.185964	9.257782	0.962861
2155	3.796550	9.309957	0.958916
2156	4.776466	8.687772	0.973381
2157	-3.796495	9.309988	0.958914
2158	-6.185961	9.257784	0.962861
2159	-4.776466	8.687772	0.973381
2160	1.061329	7.022607	0.974819
2161	-1.061329	7.022607	0.974819
2162	0.000000	6.458606	0.974820
2163	-8.560518	8.235363	0.974039
2164	-8.680266	7.186031	0.971448
2165	-7.221539	7.602482	0.974772
2166	-8.612992	3.983871	0.973003
2167	-8.419576	3.082138	0.977196
2168	-7.105384	3.435453	0.974721
2169	-3.474745	5.925338	0.974820
2170	-3.469691	4.962008	0.974820
2171	-2.233621	5.441461	0.974820
2172	6.246366	10.000000	0.100154
2173	3.833165	10.000000	0.100670
2174	4.865223	10.000000	0.158313
2175	-3.833165	10.000000	0.100670
2176	-6.246366	10.000000	0.100154
2177	-4.865223	10.000000	0.158313
2178	1.063887	10.000000	0.296844
2179	-1.063887	10.000000	0.296844
2180	-0.000000	10.000000	0.350568
2181	-8.624099	10.000000	0.190345
2182	-8.695745	10.000000	0.285859
2183	-7.257234	10.000000	0.247496
2184	-8.613816	10.000000	0.584388
2185	-8.442503	10.000000	0.657618
2186	-7.160510	10.000000	0.631877
2187	-3.473014	10.000000	0.402720
2188	-3.470420	10.000000	0.495712
2189	-2.231988	10.000000	0.449623
2190	-6.218880	10.000000	0.756658
2191	-3.722419	10.000000	0.744030
2192	-4.989378	10.000000	0.710534
2193	3.818265	10.000000	0.745979
2194	6.230207	10.000000	0.756916
2195	4.991508	10.000000	0.710625
2196	-1.064259	10.000000	0.600111
2197	1.064259	10.000000	0.600111
2198	-0.000000	10.000000	0.548299
2199	10.000000	-8.204205	0.058235
2200	10.000000	-7.057635	0.047555
2201	10.000000	-7.416465	0.105311
2202	10.000000	-3.608821	0.034964
2203	10.000000	-2.593640	0.032438
2204	10.000000	-3.080467	0.069208
2205	10.000000	-5.281411	0.219551
2206	10.000000	-4.358599	0.196767
2207	10.000000	-4.682955	0.253909
2222	10.000000	-1.591827	0.120036
2223	10.000000	-3.124128	0.238480
2225	10.000000	-3.529614	0.277407
2226	10.000000	-1.171658	0.256856
2227	10.000000	-1.274572	0.332581
2228	10.000000	-1.515965	0.256099
2229	10.000000	-1.493403	0.676569
2230	10.000000	-1.781816	0.769996
2231	10.000000	-1.994825	0.666371
2232	10.000000	-2.769066	0.364227
2233	10.000000	-3.017268	0.452212
2234	10.000000	-3.344772	0.392735
2235	10.000000	-3.001243	0.823851
2236	10.000000	-3.880491	0.826000
2237	10.000000	-3.218305	0.751559
2238	10.000000	-7.013595	0.823479
2239	10.000000	-8.098530	0.816626
2240	10.000000	-7.252911	0.741953
2241	10.000000	-4.219699	0.538554
2242	10.000000	-5.119623	0.531462
2243	10.000000	-4.531706	0.467970
2244	-10.000000	-9.246071	0.171528
2245	-10.000000	-9.254539	0.273267
2246	-10.000000	-8.483211	0.220453
2247	-10.000000	-9.144402	0.580493
2248	-10.000000	-9.041008	0.676983
2249	-10.000000	-8.313628	0.622853
2250	-10.000000	-6.224375	0.336851
2251	-10.000000	-6.169860	0.425955
2252	-10.000000	-5.503276	0.369612
2253	-10.000000	-8.098530	0.816626
2254	-10.000000	-7.013595	0.823479
2255	-10.000000	-7.252912	0.741953
2256	-10.000000	-3.880484	0.826000
2257	-10.000000	-3.001226	0.823850
2258	-10.000000	-3.218281	0.751557
2259	-10.000000	-5.119629	0.531464
2260	-10.000000	-4.219674	0.538554
2261	-10.000000	-4.531710	0.467975
2262	-10.000000	-1.781672	0.770094
2263	-10.000000	-1.492964	0.677056
2264	-10.000000	-1.994773	0.666397
2265	-10.000000	-1.255633	0.347116
2266	-10.000000	-1.112693	0.293359
2267	-10.000000	-1.504557	0.262289
2268	-10.000000	-3.017114	0.452165
2269	-10.000000	-2.768724	0.364045
2270	-10.000000	-3.344571	0.392696
2271	-10.000000	-0.924908	0.231654
2276	-10.000000	-1.788884	0.098100
2277	-10.000000	-3.120378	0.238056
2279	-10.000000	-3.528888	0.277303
2289	10.000000	9.246040	0.171520
2290	10.000000	9.254534	0.273265
2291	10.000000	8.483192	0.220448
2292	10.000000	9.144402	0.580493
2293	10.000000	9.041008	0.676983
2294	10.000000	8.313628	0.622853
2295	10.000000	6.224377	0.336851
2296	10.000000	6.169860	0.425955
2297	10.000000	5.503280	0.369612
2298	10.000000	8.098530	0.816626
2299	10.000000	7.013595	0.823479
2300	10.000000	7.252912	0.741953
2301	10.000000	3.880479	0.825999
2302	10.000000	3.001193	0.823849
2303	10.000000	3.218258	0.751556
2304	10.000000	5.119629	0.531464
2305	10.000000	4.219674	0.538554
2306	10.000000	4.531714	0.467975
2307	10.000000	1.781223	0.770030
2308	10.000000	1.491592	0.676787
2309	10.000000	1.994321	0.666348
2310	10.000000	1.261637	0.333314
2311	10.000000	1.131023	0.267216
2312	10.000000	1.501496	0.256527
2313	10.000000	3.017079	0.452180
2314	10.000000	2.768838	0.364158
2315	10.000000	3.344680	0.392722
2316	10.000000	1.007541	0.157628
2321	10.000000	1.965786	0.104569
2322	10.000000	3.124620	0.238475
2324	10.000000	3.529935	0.277406
2334	-10.000000	8.203174	0.058210
2335	-10.000000	7.054794	0.047517
2336	-10.000000	7.415823	0.105286
2337	-10.000000	3.573865	0.034825
2338	-10.000000	2.512697	0.035732
2339	-10.000000	3.072962	0.069451
2340	-10.000000	5.281174	0.219533
2341	-10.000000	4.358156	0.196733
2342	-10.000000	4.682809	0.253895
2357	-10.000000	1.590763	0.136073
2358	-10.000000	3.124354	0.238494
2360	-10.000000	3.529535	0.277395
2361	-10.000000	1.140393	0.268638
2362	-10.000000	1.267412	0.334205
2363	-10.000000	1.507421	0.257788
2364	-10.000000	1.492879	0.676720
2365	-10.000000	1.781821	0.770010
2366	-10.000000	1.994805	0.666378
2367	-10.000000	2.769138	0.364228
2368	-10.000000	3.017287	0.452208
2369	-10.000000	3.344751	0.392729
2370	-10.000000	3.001263	0.823852
2371	-10.000000	3.880498	0.826000
2372	-10.000000	3.218320	0.751560
2373	-10.000000	7.013595	0.823479
2374	-10.000000	8.098530	0.816626
2375	-10.000000	7.252911	0.741953
2376	-10.000000	4.219698	0.538553
2377	-10.000000	5.119623	0.531461
2378	-10.000000	4.531702	0.467970
2433	6.168493	-9.344845	-0.000000
2434	3.785225	-9.406190	0.000000
2435	4.765026	-8.679315	-0.000000
2436	-3.785217	-9.406191	0.000000
2437	-6.168453	-9.344854	-0.000000
2438	-4.764998	-8.679322	-0.000000
2439	1.061179	-6.840443	-0.000000
2440	-1.061170	-6.840444	-0.000000
2441	0.000005	-6.236157	-0.000000
2442	-8.555481	-8.193490	-0.000000
2443	-8.683185	-7.043981	0.000000
2444	-7.221958	-7.486052	-0.000000
2445	-8.627675	-3.566247	-0.000160
2446	-8.448405	-2.568089	0.002776
2447	-7.121314	-2.993025	-0.000339
2448	-3.475774	-5.668715	-0.000000
2449	-3.470834	-4.641451	0.000000
2450	-2.234183	-5.152241	-0.000000
2451	-5.961902	-1.288952	-0.000423
2452	-3.613297	-1.041094	-0.000004
2453	-4.595412	-1.747717	0.000011
2454	3.626553	-1.039726	-0.000004
2455	5.970124	-1.281910	-0.000397
2456	4.601307	-1.746219	0.000010
2457	-1.054645	-3.467978	0.000000
2458	1.054890	-3.467945	0.000000
2459	0.000045	-4.067756	-0.000000
2460	6.298014	-0.445830	0.013379
2461	3.612496	-0.250286	-0.110967
2462	4.367595	-0.269394	0.079964
2463	-3.553479	-0.255240	-0.077996
2464	-6.365580	-0.530343	0.150161
2465	-4.500918	-0.199385	0.120405
2466	0.879782	-0.115479	-0.103000
2467	-0.875239	-0.114761	-0.105520
2468	0.005610	-0.070402	0.115250
2469	-8.607465	-0.577829	-0.180234
2470	-8.674576	-0.244806	-0.012846
2471	-7.103462	-0.261377	0.081038
2472	-8.355098	0.257411	0.065683
2473	-8.604096	0.417036	-0.165689
2474	-6.902300	0.223747	-0.111532
2475	-3.102984	-0.146626	0.018864
2476	-3.147747	0.200233	0.022885
2477	-1.976697	0.027461	-0.108587
2478	-6.058678	0.382643	-0.233940
2479	-3.744361	0.192002	-0.116443
2480	-4.574107	0.220059	0.079063
2481	3.655063	0.187867	-0.105628
2482	6.039697	0.440834	-0.208662
2483	4.549114	0.213445	0.086139
2484	-0.887918	0.116005	-0.098636
2485	0.883850	0.114161	-0.101785
2486	-0.014458	0.071998	0.123569
2487	8.556302	8.192065	-0.000000
2488	8.684623	7.040256	0.000000
2489	7.222849	7.485186	-0.000000
2490	8.637171	3.535496	-0.000123
2491	8.465140	2.517354	0.002389
2492	7.135051	2.974570	-0.000280
2493	3.476268	5.668410	-0.000000
2494	3.471868	4.640761	0.000000
2495	2.234507	5.152032	-0.000000
2496	5.959324	1.249627	-0.000320
2497	3.615009	1.023614	-0.000002
2498	4.610662	1.734512	0.000005
2499	-3.637804	1.022217	-0.000003
2500	-5.964227	1.252072	-0.000326
2501	-4.611574	1.735177	0.000006
2502	1.055423	3.467229	0.000000
2503	-1.055382	3.467246	0.000000
2504	0.000011	4.067448	0.000000
2505	-8.464915	2.516257	0.002403
2506	-8.637192	3.535169	-0.000123
2507	-7.135325	2.974692	-0.000280
2508	-8.684628	7.040249	0.000000
2509	-8.556304	8.192061	-0.000000
2510	-7.222852	7.485186	-0.000000
2511	-3.471855	4.640774	0.000000
2512	-3.476264	5.668415	-0.000000
2513	-2.234502	5.152036	-0.000000
2514	9.044465	-1.370735	0.826371
2515	8.991610	-1.124872	0.688303
2516	7.815853	-1.077182	0.679178
2517	8.430665	-0.866506	0.413811
2518	7.963313	-0.817603	0.376934
2519	6.878628	-0.752381	0.375785
2520	3.513485	-0.816858	0.509751
2521	3.496783	-0.758306	0.452329
2522	2.239435	-0.780545	0.480026
2523	5.822959	-0.665107	0.329372
2524	3.723001	-0.621925	0.326180
2525	4.624152	-0.652472	0.340079
2526	-3.703483	-0.623604	0.325717
2527	-5.827979	-0.666357	0.330576
2528	-4.630513	-0.654074	0.339773
2529	1.109040	-0.689695	0.396514
2530	-1.108425	-0.689997	0.396216
2531	-0.000162	-0.716611	0.421723
2532	-7.969143	-0.817624	0.382399
2533	-8.226020	-0.848478	0.415509
2534	-6.824018	-0.750108	0.375967
2535	-8.991646	-1.124237	0.689395
2536	-9.044517	-1.370644	0.826576
2537	-7.816187	-1.077316	0.679228
2538	-3.495671	-0.759023	0.451717
2539	-3.512807	-0.817430	0.509304
2540	-2.239372	-0.780965	0.479662
2541	7.951227	0.804839	0.381573
2542	8.302052	0.844019	0.416806
2543	6.860008	0.744496	0.378609
2544	8.992194	1.122112	0.689909
2545	9.044424	1.369949	0.826649
2546	7.816857	1.075984	0.680057
2547	3.495959	0.758347	0.452263
2548	3.513272	0.816934	0.509693
2549	2.239168	0.780928	0.479674
2550	7.065956	1.353749	0.835427
2551	4.799708	1.142328	0.768383
2552	5.858183	1.104147	0.731317
2553	-4.799662	1.142272	0.768444
2554	-7.065810	1.353733	0.835437
2555	-5.858023	1.104027	0.731434
2556	1.115867	0.880826	0.577713
2557	-1.115929	0.880774	0.577751
2558	0.000006	0.842505	0.542219
2559	-9.044112	1.370249	0.826532
2560	-8.991307	1.122785	0.689706
2561	-7.816060	1.075882	0.680200
2562	-8.304267	0.844777	0.421221
2563	-7.949809	0.804311	0.387264
2564	-6.843368	0.741786	0.382081
2565	-3.513074	0.816634	0.509951
2566	-3.495207	0.757959	0.452640
2567	-2.238924	0.780752	0.479831
