1	10.000000	-15.000000	0.000000
2	-10.000000	-15.000000	0.000000
3	10.000000	15.000000	0.000000
4	-10.000000	15.000000	0.000000
5	10.000000	-10.074565	0.000000
6	-10.000000	-10.074572	0.000000
7	10.000000	10.074543	0.000000
8	-10.000000	10.074544	0.000000
9	10.000000	-9.849018	0.660982
10	-10.000000	-9.849047	0.661010
11	10.000000	-1.341050	0.532858
14	-10.000000	1.394020	0.592458
15	10.000000	9.849047	0.661010
16	-10.000000	9.849018	0.660982
17	10.000000	-3.048212	0.900000
18	-10.000000	-3.047523	0.900000
19	10.000000	3.046855	0.900000
20	-10.000000	3.047592	0.900000
27	10.000000	-1.759589	0.004195
29	0.000031	-10.000000	0.447772
30	0.000000	-5.446353	0.997774
31	-0.002273	-0.406062	0.330709
32	-0.003672	0.000368	0.244850
33	-0.012254	0.405460	0.331949
34	0.000000	5.446353	0.997774
35	-0.000031	10.000000	0.447772
36	10.000000	-4.444076	0.363116
37	-10.000000	-4.442781	0.362963
38	10.000000	4.444726	0.363182
39	-10.000000	4.444751	0.363180
42	0.000209	-5.159331	0.000000
43	-0.000688	-0.054652	0.250277
44	0.000025	5.158427	0.000000
45	0.000484	-0.774486	0.510666
46	-0.000099	0.774223	0.510964
47	0.000000	0.000000	0.000000
48	0.000115	-10.084653	0.000000
49	-0.002856	-9.754714	0.900000
50	-0.051622	-0.569503	0.405872
51	0.005587	0.169777	0.261355
52	0.070281	0.568272	0.406237
53	0.002856	9.754714	0.900000
54	-0.000000	10.084651	0.000000
55	10.000000	-10.000000	0.377811
56	-10.000000	-10.000000	0.377866
59	10.000000	10.000000	0.377860
60	-10.000000	10.000000	0.377805
61	10.000000	-5.954696	0.900000
62	-10.000000	-5.954687	0.900000
67	10.000000	5.954588	0.900000
68	-10.000000	5.954661	0.900000
69	10.000000	-5.606512	0.000000
70	-10.000000	-5.614053	0.000000
71	10.000000	5.559629	0.000000
72	-10.000000	5.544018	0.000000
73	0.105538	0.474895	0.000000
78	0.042736	-0.176452	0.262145
79	0.008445	-0.535298	0.000000
80	9.221045	-0.030318	-0.003270
81	-9.221778	-0.038745	-0.002235
82	0.000055	-1.346112	0.792038
83	-0.000156	1.346147	0.792039
84	10.000000	1.484521	0.698485
85	-10.000000	1.495235	0.707113
86	10.000000	-1.484180	0.702459
87	-10.000000	-1.468318	0.694535
88	4.143263	-10.000000	0.285059
89	4.132868	-10.000000	0.589302
90	-4.104959	-10.000000	0.589886
91	-4.143228	-10.000000	0.285056
92	4.100054	-7.292299	0.997674
93	3.984577	-3.688535	0.997658
94	-3.984576	-3.688535	0.997658
95	-4.100067	-7.292291	0.997674
96	4.015859	-0.495543	0.355188
97	3.278875	-0.358431	0.305753
98	-3.446201	-0.365372	0.308918
99	-3.996923	-0.496084	0.358946
100	5.084934	-0.143175	0.235784
101	-5.075496	-0.142801	0.236823
102	-5.072526	0.133683	0.235517
103	5.081669	0.133279	0.236350
104	3.472519	0.358553	0.308233
105	4.100354	0.495893	0.358832
106	-4.158759	0.496961	0.357960
107	-3.665321	0.359247	0.307032
108	3.984593	3.688529	0.997658
109	4.100067	7.292291	0.997674
110	-4.100053	7.292299	0.997674
111	-3.984580	3.688533	0.997658
112	4.143233	10.000000	0.285055
113	-4.143267	10.000000	0.285058
114	-4.132868	10.000000	0.589302
115	4.104960	10.000000	0.589886
116	10.000000	-6.957885	0.231844
118	10.000000	-3.221374	0.158200
119	10.000000	-2.379592	0.250091
120	10.000000	-3.276870	0.608971
121	10.000000	-6.747624	0.583333
122	-10.000000	-6.955776	0.231737
123	-10.000000	-6.747615	0.583331
124	-10.000000	-3.276392	0.608941
125	-10.000000	-2.355553	0.252791
127	-10.000000	-3.195105	0.159202
128	10.000000	6.957787	0.231800
129	10.000000	6.747627	0.583334
130	10.000000	3.275831	0.608978
131	10.000000	2.410285	0.260832
133	10.000000	3.291247	0.163497
134	-10.000000	6.957634	0.231789
136	-10.000000	3.231880	0.164575
137	-10.000000	2.369630	0.256610
138	-10.000000	3.276777	0.609024
139	-10.000000	6.747625	0.583332
148	4.097450	-7.174756	0.000000
149	-4.096755	-7.175088	0.000000
150	-4.009521	-3.250743	0.000095
151	4.012768	-3.249494	0.000090
152	3.756353	-0.085326	0.038363
153	-3.722046	-0.241714	-0.025112
154	-3.647588	0.131369	0.080114
155	3.610485	0.172260	0.069090
156	4.099270	7.173664	0.000000
157	4.021463	3.237609	0.000078
158	-4.017352	3.240741	0.000083
159	-4.099189	7.173706	0.000000
160	4.880126	-1.030084	0.630981
161	3.865915	-0.704805	0.456863
162	-3.858758	-0.702454	0.459385
163	-4.881562	-1.029460	0.632275
164	3.864984	0.701251	0.459029
165	4.884968	1.028519	0.632737
166	-4.883942	1.027987	0.633330
167	-3.853088	0.700487	0.457995
168	5.228519	-10.082550	0.000000
169	5.177539	-9.772504	0.900000
170	5.292642	-0.688953	0.426751
171	6.001021	0.364655	0.278549
172	5.405321	0.690585	0.433462
173	5.176095	9.772433	0.900000
174	5.229454	10.082544	0.000000
175	10.000000	-10.000000	0.209070
176	-10.000000	-10.000000	0.209077
179	10.000000	10.000000	0.209058
180	-10.000000	10.000000	0.209051
181	10.000000	-7.984128	0.899934
182	-10.000000	-7.984135	0.899934
184	-9.573047	-1.285360	0.298820
186	-8.527951	1.382006	0.157705
187	10.000000	4.209714	0.900000
188	-10.000000	4.209976	0.900000
189	10.000000	-7.946114	0.000000
190	-10.000000	-7.950137	0.000000
191	10.000000	7.930228	0.000000
192	-10.000000	7.930203	0.000000
193	5.181545	0.768925	0.000000
196	10.000000	-0.613508	0.000000
197	-10.000000	-0.633080	0.000000
198	5.959194	-0.389351	0.279830
199	5.220021	-0.863409	0.000000
200	9.401580	-0.716425	0.029234
201	-9.406934	-0.727104	0.033255
202	5.520091	-1.736288	0.900000
203	5.520850	1.736232	0.900000
206	10.000000	-2.039948	0.900000
207	-10.000000	-2.035644	0.900000
208	6.860401	-10.000000	0.189251
209	6.816888	-10.000000	0.645112
210	-6.739148	-10.000000	0.646847
211	-6.860395	-10.000000	0.189251
212	6.750508	-8.452412	0.993731
213	6.485306	-2.913652	0.996164
214	-6.485356	-2.913654	0.996164
215	-6.750499	-8.452458	0.993731
216	7.006260	-0.766154	0.392698
217	6.649442	-0.563661	0.322539
218	-6.268042	-0.480485	0.315935
219	-6.954226	-0.742647	0.407337
220	7.746016	-0.483156	0.227521
221	-7.771748	-0.476795	0.244665
222	-7.690110	0.451630	0.236542
223	7.785350	0.456103	0.241088
224	6.571252	0.506951	0.313118
225	6.967850	0.748407	0.403896
226	-6.884286	0.754848	0.403343
227	-5.537655	0.387695	0.294652
228	6.485525	2.913592	0.996164
229	6.750499	8.452458	0.993731
230	-6.750508	8.452412	0.993731
231	-6.485404	2.913632	0.996165
232	6.860428	10.000000	0.189249
233	-6.860423	10.000000	0.189249
234	-6.816889	10.000000	0.645112
235	6.739151	10.000000	0.646847
236	10.000000	-8.451512	0.138709
238	10.000000	-2.469240	0.060058
239	10.000000	-1.609730	0.216293
240	10.000000	-2.790271	0.756016
241	10.000000	-8.201107	0.707384
242	-10.000000	-8.450449	0.138709
243	-10.000000	-8.201104	0.707388
244	-10.000000	-2.789618	0.756113
245	-10.000000	-1.551586	0.234620
247	-10.000000	-2.476441	0.072218
248	10.000000	8.450334	0.138610
249	10.000000	8.201104	0.707388
250	10.000000	2.788428	0.756023
251	10.000000	1.635225	0.265662
253	10.000000	2.578529	0.099787
254	-10.000000	8.450245	0.138610
256	-10.000000	1.613939	0.158532
257	-10.000000	1.515397	0.239080
258	-10.000000	2.789802	0.756028
259	-10.000000	8.201107	0.707384
268	6.723731	-8.491211	0.000000
269	-6.722827	-8.491785	0.000000
270	-6.566103	-2.299960	0.007597
271	6.569581	-2.295041	0.007085
272	6.694436	-0.546727	-0.102244
273	-6.770097	-0.630241	-0.124082
274	-6.467816	0.304657	0.020270
275	6.589529	0.196229	-0.120098
276	6.726101	8.489635	0.000000
277	6.573540	2.244078	0.007659
278	-6.510090	2.258974	0.009619
279	-6.725979	8.489693	0.000000
280	7.652904	-1.585352	0.820231
281	6.054080	-0.780934	0.446404
282	-6.108865	-0.778714	0.454770
283	-7.653860	-1.584733	0.821052
284	6.116626	0.779148	0.454112
285	7.654107	1.583478	0.821585
286	-7.653134	1.583309	0.822072
287	-6.116923	0.786373	0.453253
288	-5.228108	-10.082552	0.000000
289	-5.176095	-9.772433	0.900000
290	-5.405649	-0.691762	0.434700
291	-5.829751	0.355096	0.274884
292	-5.311392	0.685511	0.429861
293	-5.177539	9.772504	0.900000
294	-5.229438	10.082544	0.000000
295	10.000000	-10.000000	0.493367
296	-10.000000	-10.000000	0.493554
299	10.000000	10.000000	0.493553
300	-10.000000	10.000000	0.493366
301	10.000000	-4.210185	0.900000
302	-10.000000	-4.210083	0.900000
303	9.451339	-1.242289	0.256778
305	9.585476	1.304025	0.361475
307	10.000000	7.984119	0.899934
308	-10.000000	7.984125	0.899934
309	10.000000	-3.449478	0.000000
310	-10.000000	-3.460353	0.000000
311	10.000000	3.353155	0.000000
312	-10.000000	3.235164	0.000000
313	-4.648873	0.691887	0.000000
318	-6.052116	-0.383629	0.282627
319	-5.144437	-0.858721	0.000000
320	9.408764	0.655305	0.041744
321	-9.380321	0.621433	0.028042
322	-5.520309	-1.736335	0.900000
323	-5.520778	1.736299	0.900000
324	10.000000	2.037623	0.900000
325	-10.000000	2.040774	0.900000
328	1.812593	-10.000000	0.372256
329	1.820722	-10.000000	0.518398
330	-1.816715	-10.000000	0.518533
331	-1.812612	-10.000000	0.372265
332	1.816667	-6.271975	0.997772
333	1.802451	-4.634623	0.997770
334	-1.802451	-4.634623	0.997770
335	-1.816667	-6.271975	0.997772
336	1.722750	-0.435931	0.342072
337	1.637167	-0.380043	0.320184
338	-1.630324	-0.380550	0.320570
339	-1.733200	-0.436919	0.342826
340	2.167585	-0.042966	0.244662
341	-2.174770	-0.043183	0.244290
342	-2.181223	0.041496	0.244166
343	2.174104	0.041349	0.244655
344	1.666633	0.379293	0.321299
345	1.771068	0.436105	0.343580
346	-1.799051	0.436052	0.343659
347	-1.752799	0.379813	0.321485
348	1.802452	4.634623	0.997770
349	1.816667	6.271975	0.997772
350	-1.816667	6.271975	0.997772
351	-1.802451	4.634623	0.997770
352	1.812613	10.000000	0.372265
353	-1.812594	10.000000	0.372256
354	-1.820722	10.000000	0.518398
355	1.816715	10.000000	0.518533
356	10.000000	-5.612865	0.304681
358	10.000000	-4.068332	0.247847
359	10.000000	-3.272519	0.330673
360	10.000000	-3.903842	0.479145
361	10.000000	-5.488347	0.462332
362	-10.000000	-5.611067	0.304527
363	-10.000000	-5.488161	0.462303
364	-10.000000	-3.903099	0.479025
365	-10.000000	-3.267910	0.330187
367	-10.000000	-4.060835	0.247446
368	10.000000	5.613524	0.304710
369	10.000000	5.488369	0.462336
370	10.000000	3.903891	0.479194
371	10.000000	3.277787	0.331661
373	10.000000	4.077833	0.248485
374	-10.000000	5.613411	0.304698
376	-10.000000	4.075599	0.248411
377	-10.000000	3.275899	0.331403
378	-10.000000	3.904323	0.479213
379	-10.000000	5.488404	0.462332
388	1.818978	-6.050485	0.000000
389	-1.818484	-6.050640	0.000000
390	-1.807672	-4.287442	0.000000
391	1.808964	-4.287204	0.000000
392	1.453341	-0.103554	0.076038
393	-1.500453	-0.139294	0.070205
394	-1.492674	0.079154	0.091339
395	1.530816	0.136432	0.086772
396	1.820036	6.049683	0.000000
397	1.810681	4.284240	0.000000
398	-1.810309	4.284434	0.000000
399	-1.819981	6.049708	0.000000
400	1.971589	-0.851638	0.551208
401	1.880955	-0.728858	0.483705
402	-1.878874	-0.728537	0.484318
403	-1.970679	-0.851543	0.551587
404	1.882872	0.728087	0.484402
405	1.973834	0.851324	0.551637
406	-1.973380	0.851126	0.551782
407	-1.883897	0.727856	0.484340
408	-0.000002	-10.000000	0.259390
409	-2.505052	-10.000000	0.176195
410	2.505088	-10.000000	0.176195
411	0.000012	-7.575660	0.997523
412	-2.415908	-8.685414	0.989758
413	2.415748	-8.685628	0.989754
414	0.000424	-0.969432	0.618622
415	-3.240591	-1.174519	0.719059
416	3.240477	-1.174483	0.718989
417	-0.001062	-0.476971	0.362110
418	-2.656656	-0.531640	0.383585
419	2.659458	-0.529262	0.381593
420	5.313362	-0.004308	0.221533
421	7.685944	0.145654	0.158339
422	7.688184	-0.174125	0.152964
423	0.016222	0.323080	0.302816
424	-1.833447	0.265046	0.283170
425	2.205543	0.270855	0.284609
426	-0.004641	0.649906	0.446152
427	-2.220641	0.615823	0.425353
428	2.225981	0.616730	0.425945
429	0.000002	3.340687	0.997277
430	-2.280837	2.305494	0.982190
431	2.280863	2.305491	0.982188
432	4.696566	10.000000	0.441772
433	7.211439	10.000000	0.512353
434	7.307835	10.000000	0.342963
435	10.000000	-7.006040	0.402792
436	10.000000	-8.364191	0.511475
437	10.000000	-8.497366	0.320038
438	-10.000000	-5.130495	0.173553
439	-10.000000	-4.316661	0.077885
440	-10.000000	-6.482568	0.097129
441	10.000000	5.148874	0.173961
442	10.000000	4.336727	0.077661
443	10.000000	6.484465	0.096980
444	-10.000000	7.006036	0.402784
445	-10.000000	8.364188	0.511472
446	-10.000000	8.497299	0.320016
453	4.722738	-5.199398	0.000001
454	7.266824	-4.205629	0.000183
455	7.316392	-6.423468	0.000000
456	4.303371	0.036787	0.124250
457	7.104003	0.040364	-0.001566
458	7.164331	-0.111561	-0.107442
459	0.000005	7.478807	0.000000
460	-2.401316	8.759555	0.000000
461	2.401323	8.759553	0.000000
462	7.307754	-10.000000	0.342960
463	7.212088	-10.000000	0.512210
464	4.696843	-10.000000	0.441793
465	2.871790	-10.000000	0.668221
467	0.061896	-10.000000	0.618705
468	-7.211435	-10.000000	0.512353
469	-7.307822	-10.000000	0.342965
470	-4.696564	-10.000000	0.441773
471	7.301995	-6.606002	0.997393
472	7.224147	-4.605643	0.997533
473	4.706744	-5.483804	0.997774
474	2.280812	-2.305497	0.982190
475	-2.280794	-2.305500	0.982187
476	0.000002	-3.340688	0.997277
477	-7.224149	-4.605643	0.997533
478	-7.301994	-6.606003	0.997393
479	-4.706744	-5.483803	0.997774
480	6.800281	-0.684138	0.363039
481	6.516987	-0.593574	0.339341
482	4.270230	-0.442901	0.328647
483	2.029914	-0.276470	0.285218
484	-2.171734	-0.277144	0.284861
485	-0.031584	-0.324214	0.302100
486	-7.149981	-0.659186	0.360691
487	-6.795276	-0.660495	0.376606
488	-4.273628	-0.440689	0.331684
489	3.299048	-0.169824	0.255200
490	-3.249957	-0.167259	0.254568
491	0.001164	-0.092758	0.250329
492	-7.694748	-0.173867	0.162618
493	-7.680424	0.143381	0.161599
494	-5.314042	-0.004706	0.221521
495	-3.213340	0.160091	0.253055
496	3.177176	0.157633	0.253641
497	-0.023081	0.087503	0.249127
498	7.232783	0.673659	0.347809
499	6.845894	0.662254	0.365877
500	4.332991	0.436672	0.330542
501	2.705532	0.530546	0.383842
502	-2.626454	0.528558	0.383544
503	0.001815	0.476640	0.363181
504	-7.288922	0.749693	0.369346
505	-7.226132	0.664141	0.333856
506	-4.653655	0.451583	0.331050
507	7.224179	4.605619	0.997533
508	7.301998	6.606000	0.997393
509	4.706747	5.483802	0.997774
510	2.415908	8.685414	0.989758
511	-2.415748	8.685628	0.989754
512	-0.000012	7.575660	0.997523
513	-7.301996	6.606002	0.997393
514	-7.224157	4.605637	0.997533
515	-4.706744	5.483804	0.997774
516	2.505134	10.000000	0.176192
517	-2.505139	10.000000	0.176192
518	0.000003	10.000000	0.259389
519	-7.307766	10.000000	0.342958
520	-7.212093	10.000000	0.512210
521	-4.696845	10.000000	0.441792
522	-2.871790	10.000000	0.668221
524	-0.061896	10.000000	0.618705
525	10.000000	-6.490184	0.097197
526	10.000000	-4.342390	0.077897
527	10.000000	-5.141958	0.173882
531	10.000000	-2.151123	0.092601
534	10.000000	-1.766160	0.393643
535	10.000000	-2.038142	0.602425
536	10.000000	-2.601583	0.441405
537	10.000000	-4.411557	0.755243
538	10.000000	-6.348213	0.750432
539	10.000000	-4.972881	0.612579
540	-10.000000	-8.497168	0.320022
541	-10.000000	-8.364257	0.511477
542	-10.000000	-7.005848	0.402763
543	-10.000000	-6.348187	0.750431
544	-10.000000	-4.411431	0.755238
545	-10.000000	-4.972751	0.612568
546	-10.000000	-2.035611	0.603244
547	-10.000000	-1.750414	0.398290
548	-10.000000	-2.599300	0.441269
549	-10.000000	-1.776738	0.150213
555	10.000000	8.497319	0.320016
556	10.000000	8.364274	0.511477
557	10.000000	7.006070	0.402785
558	10.000000	6.348161	0.750431
559	10.000000	4.411149	0.755233
560	10.000000	4.972709	0.612578
561	10.000000	2.035296	0.603030
562	10.000000	1.763749	0.400874
563	10.000000	2.602020	0.442464
564	10.000000	1.918809	0.196275
570	-10.000000	6.477345	0.096853
571	-10.000000	4.240961	0.078693
572	-10.000000	5.144574	0.173731
576	-10.000000	1.502912	0.143695
579	-10.000000	1.760546	0.396941
580	-10.000000	2.037522	0.602853
581	-10.000000	2.602233	0.442227
582	-10.000000	4.411495	0.755244
583	-10.000000	6.348211	0.750432
584	-10.000000	4.972898	0.612582
603	2.400762	-8.759712	0.000000
604	-2.400481	-8.759756	0.000000
605	0.000136	-7.479028	0.000000
606	-7.315105	-6.425910	0.000000
607	-7.265164	-4.210368	0.000197
608	-4.721202	-5.200449	0.000001
609	-2.280619	-1.721894	0.000014
610	2.293279	-1.721221	0.000013
611	0.001957	-2.887539	0.000000
612	2.353719	-0.199414	0.088516
613	-2.378198	-0.200198	0.089222
614	0.017175	-0.166693	0.088767
615	-7.155485	-0.156785	-0.334678
616	-7.014202	0.111861	0.121118
617	-4.309718	0.101975	0.111508
618	-2.174784	0.215911	0.101117
619	2.155602	0.220155	0.101489
620	-0.003111	0.163098	0.093659
621	7.321049	6.415414	0.000000
622	7.277465	4.181338	0.000149
623	4.727314	5.194666	0.000001
624	2.288810	1.695638	0.000009
625	-2.275118	1.698584	0.000007
626	0.000457	2.879677	0.000000
627	-7.280962	4.182588	0.000155
628	-7.320943	6.415835	0.000000
629	-4.726983	5.195066	0.000001
630	7.838562	-1.187971	0.628673
631	7.180780	-0.947567	0.493229
632	4.929260	-0.849236	0.522871
633	2.204305	-0.617548	0.424647
634	-2.220721	-0.618006	0.426056
635	0.011406	-0.650612	0.445788
636	-7.119965	-0.932551	0.500418
637	-7.841001	-1.183705	0.633391
638	-4.928136	-0.846832	0.526067
639	7.087989	0.930342	0.500296
640	7.836936	1.182701	0.633064
641	4.929835	0.845513	0.526095
642	3.242485	1.174319	0.719208
643	-3.242930	1.174128	0.719493
644	-0.000260	0.969426	0.618593
645	-7.832450	1.183797	0.633996
646	-7.013511	0.929820	0.500514
647	-4.919556	0.844996	0.526018
648	7.693344	-10.079479	0.000000
649	7.653772	-9.800422	0.900000
650	7.369534	-0.904703	0.440494
651	8.159029	0.725795	0.332214
652	7.398239	0.906284	0.452334
653	7.653106	9.800497	0.900000
654	7.694484	10.079466	0.000000
655	10.000000	-10.000000	0.104361
656	-10.000000	-10.000000	0.104364
659	10.000000	10.000000	0.104342
660	-10.000000	10.000000	0.104341
661	10.000000	-8.973232	0.890831
662	-10.000000	-8.973254	0.890831
667	10.000000	3.549929	0.900000
668	-10.000000	3.550378	0.900000
669	10.000000	-9.059806	0.000000
670	-10.000000	-9.061760	0.000000
671	10.000000	9.053036	0.000000
672	-10.000000	9.053362	0.000000
673	7.581456	1.139144	0.000000
676	10.000000	-1.171936	0.000000
677	-10.000000	-1.202782	0.000000
678	8.266999	-0.786719	0.315373
679	7.770990	-1.261005	0.000000
680	9.449890	-1.111171	0.080938
681	-9.454078	-1.124288	0.094344
682	7.882395	-2.270834	0.900000
683	7.882841	2.270367	0.900000
686	10.000000	-2.514331	0.900000
687	-10.000000	-2.512485	0.900000
688	8.341089	-10.000000	0.113093
689	8.249206	-10.000000	0.674277
690	-8.252423	-10.000000	0.674323
691	-8.341019	-10.000000	0.113092
692	8.264522	-9.119548	0.971070
693	8.053982	-2.791276	0.988350
694	-8.054184	-2.791243	0.988344
695	-8.264450	-9.119618	0.971068
696	8.221100	-1.006214	0.429870
697	8.761031	-1.058001	0.274644
698	-8.129034	-0.759416	0.358514
699	-8.157235	-0.992618	0.444082
700	8.815353	-0.893546	0.224753
701	-8.844628	-0.911908	0.234415
702	-8.442510	0.830425	0.230130
703	8.844406	0.871165	0.251096
704	8.025231	0.709822	0.342743
705	8.139794	0.999138	0.447391
706	-8.129536	1.021251	0.454386
707	-7.730720	0.679559	0.320648
708	8.054416	2.790997	0.988335
709	8.264451	9.119618	0.971068
710	-8.264522	9.119548	0.971070
711	-8.054199	2.791159	0.988340
712	8.341240	10.000000	0.113094
713	-8.341239	10.000000	0.113094
714	-8.249206	10.000000	0.674277
715	8.252423	10.000000	0.674323
716	10.000000	-9.257002	0.078218
719	10.000000	-1.363576	0.211505
720	10.000000	-2.779629	0.834506
721	10.000000	-9.058162	0.733615
722	-10.000000	-9.256815	0.078255
723	-10.000000	-9.057945	0.733677
724	-10.000000	-2.779115	0.834570
728	10.000000	9.255659	0.078113
729	10.000000	9.057944	0.733677
730	10.000000	2.778009	0.834513
734	-10.000000	9.255682	0.078119
737	-10.000000	1.227438	0.259812
738	-10.000000	2.779057	0.834506
739	-10.000000	9.058161	0.733615
748	8.231096	-9.247002	0.000000
749	-8.230241	-9.247607	0.000000
750	-8.136049	-1.972366	-0.028321
751	8.145619	-1.965513	-0.024375
752	8.372710	-0.927402	0.176370
753	-8.336533	-0.959494	0.110448
754	-7.903004	0.786712	0.018197
755	8.145619	0.842050	0.102826
756	8.233425	9.245398	0.000000
757	8.121764	1.869763	-0.042450
758	-7.819540	1.847342	-0.059104
759	-8.233275	9.245478	0.000000
760	8.734126	-2.155559	0.904566
761	7.477640	-0.921720	0.451267
762	-7.488726	-0.915838	0.461915
763	-8.734564	-2.155121	0.904689
764	7.474579	0.917984	0.462261
765	8.734361	2.154138	0.904729
766	-8.733689	2.154413	0.904703
767	-7.430089	0.926612	0.464492
768	-2.645258	-10.084149	0.000000
769	-2.616888	-9.758384	0.900000
770	-2.986727	-0.597695	0.414259
771	-2.963091	0.204451	0.262350
772	-2.893236	0.592430	0.412781
773	-2.620826	9.758904	0.900000
774	-2.645972	10.084145	0.000000
775	10.000000	-10.000000	0.444155
776	-10.000000	-10.000000	0.444271
779	10.000000	10.000000	0.444269
780	-10.000000	10.000000	0.444152
781	10.000000	-5.022102	0.900000
782	-10.000000	-5.022069	0.900000
786	-9.330310	1.247082	0.393308
787	10.000000	6.959964	0.899991
788	-10.000000	6.959996	0.899991
789	10.000000	-4.482289	0.000000
790	-10.000000	-4.491229	0.000000
791	10.000000	4.412163	0.000000
792	-10.000000	4.362906	0.000000
793	-2.411460	0.529050	0.000000
796	10.000000	0.543796	0.000000
797	-10.000000	0.511890	0.000000
798	-3.057356	-0.214402	0.264095
799	-2.590727	-0.616510	0.000000
800	9.403174	0.269434	-0.009794
801	-9.401180	0.251870	-0.011700
802	-2.877150	-1.441903	0.826650
803	-2.877825	1.441863	0.826888
804	10.000000	1.686811	0.825661
805	-10.000000	1.693127	0.826951
806	10.000000	-1.386629	0.598818
807	-10.000000	-1.354325	0.557281
808	2.925001	-10.000000	0.329117
809	2.925931	-10.000000	0.555507
810	-2.912575	-10.000000	0.555852
811	-2.924970	-10.000000	0.329120
812	2.914287	-6.765613	0.997759
813	2.864712	-4.163538	0.997751
814	-2.864711	-4.163538	0.997751
815	-2.914285	-6.765613	0.997759
816	2.812481	-0.458522	0.347819
817	2.455866	-0.366380	0.312845
818	-2.485123	-0.367995	0.313829
819	-2.815072	-0.460025	0.349572
820	3.586986	-0.078803	0.241990
821	-3.586270	-0.079167	0.241688
822	-3.592696	0.074673	0.241222
823	3.592720	0.074178	0.242024
824	2.532309	0.365150	0.314111
825	2.884886	0.459144	0.350061
826	-2.920583	0.459335	0.350057
827	-2.721402	0.367512	0.314570
828	2.864716	4.163536	0.997750
829	2.914286	6.765613	0.997759
830	-2.914287	6.765613	0.997759
831	-2.864712	4.163538	0.997751
832	2.924972	10.000000	0.329120
833	-2.925003	10.000000	0.329117
834	-2.925932	10.000000	0.555507
835	2.912576	10.000000	0.555852
836	10.000000	-6.264302	0.270005
838	10.000000	-3.660268	0.201635
839	10.000000	-2.805071	0.292151
840	10.000000	-3.591932	0.542387
841	10.000000	-6.096112	0.520701
842	-10.000000	-6.262221	0.269864
843	-10.000000	-6.096053	0.520691
844	-10.000000	-3.591405	0.542301
845	-10.000000	-2.794674	0.292044
847	-10.000000	-3.645067	0.201369
848	10.000000	6.264678	0.269997
849	10.000000	6.096108	0.520702
850	10.000000	3.591478	0.542418
851	10.000000	2.818661	0.295640
853	10.000000	3.688921	0.203486
854	-10.000000	6.264533	0.269985
856	-10.000000	3.676620	0.203404
857	-10.000000	2.808905	0.294386
858	-10.000000	3.592161	0.542453
859	-10.000000	6.096123	0.520699
868	2.915877	-6.590314	0.000000
869	-2.915287	-6.590552	0.000000
870	-2.876284	-3.776149	-0.000006
871	2.878538	-3.775587	-0.000006
872	2.455618	-0.086381	-0.151047
873	-2.460579	-0.179347	-0.171290
874	-2.473540	0.011052	-0.074841
875	2.436756	0.107391	-0.133304
876	2.917365	6.589397	0.000000
877	2.882970	3.769696	-0.000005
878	-2.881718	3.770544	-0.000005
879	-2.917298	6.589431	0.000000
880	3.341350	-0.918107	0.582400
881	2.900266	-0.711791	0.469636
882	-2.897742	-0.710911	0.470951
883	-3.341301	-0.917850	0.583108
884	2.904717	0.710162	0.470911
885	3.345298	0.917361	0.583259
886	-3.344407	0.917019	0.583554
887	-2.903659	0.709709	0.470554
888	-2.177584	-10.000000	0.266253
889	-1.292573	-10.000000	0.117903
890	3.456987	-10.000000	0.224052
891	-2.140756	-7.501448	0.997579
892	-1.275926	-9.245296	0.963848
893	3.369116	-8.042422	0.996632
894	-2.690590	-0.985147	0.623122
895	-1.673411	-1.234035	0.746764
896	4.312095	-1.112123	0.681447
897	-2.128336	-0.480305	0.361005
898	-1.511821	-0.547295	0.394231
899	3.443858	-0.512147	0.368545
900	5.239871	0.068972	0.226090
901	8.555489	0.098185	0.078412
902	6.557053	-0.167240	0.206460
903	-1.824267	0.330524	0.303983
904	-1.213587	0.215973	0.271253
905	3.303086	0.327286	0.298244
906	-2.034613	0.661661	0.449118
907	-1.206674	0.586591	0.414447
908	3.010396	0.651762	0.439957
909	-2.068027	3.430198	0.997429
910	-1.244282	1.763579	0.922183
911	3.211498	2.944910	0.996025
912	4.534292	10.000000	0.521778
913	8.598930	10.000000	0.454041
914	5.836739	10.000000	0.312050
915	10.000000	-6.904878	0.493540
916	10.000000	-9.160353	0.454607
917	10.000000	-7.755345	0.273490
918	-10.000000	-4.142116	0.159755
919	-10.000000	-4.956400	0.040220
920	-10.000000	-6.775041	0.159007
921	10.000000	4.188822	0.160933
922	10.000000	4.920145	0.039811
923	10.000000	6.778848	0.159022
924	-10.000000	6.904878	0.493537
925	-10.000000	9.160349	0.454602
926	-10.000000	7.755191	0.273455
933	4.529364	-4.180686	-0.000014
934	8.670998	-4.851752	0.000064
935	5.811897	-6.834965	-0.000000
936	4.108698	0.156602	-0.124785
937	8.756874	0.240169	-0.216142
938	5.651236	-0.190235	-0.272050
939	-2.137407	7.399366	-0.000000
940	-1.270752	9.440301	-0.000000
941	3.357512	8.014158	-0.000000
942	8.649159	-10.000000	0.370470
943	5.758876	-10.000000	0.556484
944	4.563731	-10.000000	0.359469
946	-3.340867	-10.000000	0.642534
947	2.219626	-10.000000	0.611095
948	-8.598922	-10.000000	0.454042
949	-5.836731	-10.000000	0.312051
950	-4.534291	-10.000000	0.521778
951	8.667830	-6.233402	0.988616
952	5.692120	-4.089322	0.997756
953	4.561650	-6.426711	0.997768
954	1.244200	-1.763578	0.922182
955	-3.211463	-2.944918	0.996025
956	2.068028	-3.430200	0.997429
957	-8.640681	-5.226087	0.989393
958	-5.806757	-6.979195	0.997728
959	-4.507177	-4.544964	0.997769
960	8.303114	-0.958527	0.352314
961	4.855543	-0.427677	0.314582
962	4.342728	-0.475710	0.341879
963	1.569116	-0.228594	0.273376
964	-3.168462	-0.331891	0.298783
965	1.678088	-0.331143	0.302824
966	-7.635602	-0.786606	0.367886
967	-5.679299	-0.560879	0.364256
968	-4.021284	-0.405848	0.319662
969	1.732283	-0.160859	0.261580
970	-4.576411	-0.178316	0.249878
971	2.991735	-0.110867	0.248344
972	-8.557844	-0.142001	0.080533
973	-6.532935	0.147880	0.209960
974	-5.250140	-0.078435	0.225999
975	-1.677003	0.153682	0.261005
976	4.544855	0.167391	0.249171
977	-3.010746	0.106593	0.247120
978	7.718341	0.798804	0.360588
979	5.771757	0.561379	0.360634
980	4.041111	0.399512	0.318240
981	1.555718	0.546434	0.394653
982	-3.463000	0.511622	0.371095
983	2.170114	0.479361	0.361613
984	-8.675304	1.154729	0.337430
985	-5.485791	0.446034	0.314232
986	-4.560848	0.478730	0.344482
987	8.640705	5.226041	0.989392
988	5.806758	6.979194	0.997728
989	4.507184	4.544960	0.997769
990	1.275926	9.245296	0.963848
991	-3.369116	8.042422	0.996632
992	2.140756	7.501448	0.997579
993	-8.667833	6.233398	0.988615
994	-5.692128	4.089319	0.997756
995	-4.561650	6.426711	0.997768
996	1.292755	10.000000	0.117900
997	-3.457006	10.000000	0.224051
998	2.177591	10.000000	0.266252
999	-8.649174	10.000000	0.370467
1000	-5.758877	10.000000	0.556484
1001	-4.563734	10.000000	0.359469
1003	3.340868	10.000000	0.642534
1004	-2.219625	10.000000	0.611095
1005	10.000000	-6.095820	0.044909
1006	10.000000	-3.749988	0.115776
1007	10.000000	-6.083503	0.198358
1012	10.000000	-2.415451	0.164458
1014	10.000000	-1.565014	0.505703
1015	10.000000	-2.579136	0.601487
1016	10.000000	-2.434284	0.345887
1017	10.000000	-5.137197	0.827176
1018	10.000000	-6.559853	0.669771
1019	10.000000	-4.090027	0.614395
1020	-10.000000	-9.218927	0.362622
1021	-10.000000	-7.571934	0.553464
1022	-10.000000	-7.027846	0.314190
1023	-10.000000	-6.129029	0.826203
1024	-10.000000	-3.789101	0.683176
1025	-10.000000	-5.874637	0.602539
1026	-10.000000	-1.671430	0.625307
1027	-10.000000	-2.010921	0.315511
1028	-10.000000	-2.880420	0.529184
1029	-10.000000	-1.795564	0.041453
1035	10.000000	9.218960	0.362615
1036	10.000000	7.571949	0.553465
1037	10.000000	7.028584	0.314236
1038	10.000000	6.128978	0.826203
1039	10.000000	3.788632	0.683171
1040	10.000000	5.874638	0.602544
1041	10.000000	1.675899	0.624656
1042	10.000000	2.040798	0.322466
1043	10.000000	2.880337	0.529465
1044	10.000000	1.677255	0.182785
1050	-10.000000	6.052667	0.044613
1051	-10.000000	3.732740	0.120317
1052	-10.000000	6.083483	0.198253
1057	-10.000000	2.332343	0.181216
1059	-10.000000	1.568336	0.507094
1060	-10.000000	2.578709	0.601654
1061	-10.000000	2.435013	0.348345
1062	-10.000000	5.137165	0.827176
1063	-10.000000	6.559854	0.669770
1064	-10.000000	4.090037	0.614409
1083	1.270556	-9.440351	-0.000000
1084	-3.355991	-8.014728	-0.000000
1085	2.136662	-7.399739	-0.000000
1086	-8.685185	-5.998123	-0.000003
1087	-5.729740	-3.669849	0.000224
1088	-4.568927	-6.225648	-0.000000
1089	-1.199355	-1.088274	-0.000003
1090	3.240082	-2.434862	-0.000031
1091	-2.078152	-2.981081	0.000002
1092	1.241723	-0.228687	-0.071476
1093	-2.960788	-0.230509	-0.121688
1094	1.862068	-0.135141	0.076678
1095	-8.344598	-0.028394	0.038491
1096	-5.401941	0.290307	0.035949
1097	-4.227966	0.041242	-0.065661
1098	-1.216948	0.218081	-0.110127
1099	2.978494	0.180720	-0.123206
1100	-1.846444	0.159458	0.090962
1101	8.690684	5.972700	-0.000002
1102	5.743724	3.650042	0.000178
1103	4.572886	6.222540	-0.000000
1104	1.224393	1.048668	-0.000002
1105	-3.236135	2.422123	-0.000023
1106	2.085223	2.971805	0.000001
1107	-8.682013	4.814653	0.000050
1108	-5.814897	6.832074	-0.000000
1109	-4.535533	4.173890	-0.000012
1110	8.979906	-1.316339	0.641774
1111	5.517543	-0.788961	0.470107
1112	5.042064	-0.936880	0.574007
1113	1.208810	-0.588061	0.413811
1114	-2.999665	-0.652926	0.440208
1115	2.036693	-0.663263	0.448520
1116	-8.915622	-1.202390	0.559023
1117	-6.529195	-1.094635	0.634872
1118	-4.536897	-0.768169	0.487054
1119	8.886502	1.209315	0.560006
1120	6.530007	1.092978	0.635377
1121	4.539239	0.766845	0.486781
1122	1.674138	1.234015	0.746753
1123	-4.315943	1.111080	0.682780
1124	2.693796	0.984911	0.623195
1125	-8.978025	1.320014	0.647294
1126	-5.458901	0.779396	0.472856
1127	-5.041006	0.933647	0.577102
1128	2.645541	-10.084148	0.000000
1129	2.620826	-9.758904	0.900000
1130	2.881617	-0.594650	0.411834
1131	3.026880	0.204789	0.262931
1132	3.012990	0.596638	0.414161
1133	2.616888	9.758384	0.900000
1134	2.645975	10.084145	0.000000
1135	10.000000	-10.000000	0.297711
1136	-10.000000	-10.000000	0.297732
1139	10.000000	10.000000	0.297721
1140	-10.000000	10.000000	0.297699
1141	10.000000	-6.960007	0.899991
1142	-10.000000	-6.960006	0.899991
1143	9.701074	-1.265065	0.311336
1147	10.000000	5.021865	0.900000
1148	-10.000000	5.022010	0.900000
1149	10.000000	-6.778170	0.000000
1150	-10.000000	-6.784080	0.000000
1151	10.000000	6.749326	0.000000
1152	-10.000000	6.745990	0.000000
1153	2.701438	0.556182	0.000000
1156	10.000000	-0.048991	0.000000
1157	-10.000000	-0.066241	0.000000
1158	3.122887	-0.220383	0.264812
1159	2.614870	-0.615212	0.000000
1160	9.394484	-0.335534	-0.010632
1161	-9.397195	-0.343874	-0.009175
1162	2.877108	-1.441855	0.826709
1163	2.877640	1.441885	0.826742
1164	10.000000	1.380978	0.570122
1166	10.000000	-1.688958	0.824979
1167	-10.000000	-1.679975	0.824152
1168	5.461228	-10.000000	0.239533
1169	5.445354	-10.000000	0.618812
1170	-5.392042	-10.000000	0.619852
1171	-5.461229	-10.000000	0.239532
1172	5.373918	-7.851020	0.997146
1173	5.170483	-3.249520	0.997328
1174	-5.170490	-3.249522	0.997328
1175	-5.373934	-7.851038	0.997146
1176	5.301227	-0.570004	0.368061
1177	4.638771	-0.393918	0.306754
1178	-5.348310	-0.434528	0.317222
1179	-5.219109	-0.562715	0.374691
1180	6.504774	-0.263249	0.228584
1181	-6.499588	-0.259930	0.234382
1182	-6.487456	0.243851	0.231412
1183	6.512911	0.244437	0.232197
1184	5.484787	0.436293	0.314653
1185	5.371371	0.568008	0.373830
1186	-5.386340	0.569773	0.370627
1187	-4.548494	0.359791	0.299418
1188	5.170552	3.249503	0.997328
1189	5.373935	7.851038	0.997146
1190	-5.373918	7.851020	0.997146
1191	-5.170507	3.249516	0.997328
1192	5.461240	10.000000	0.239531
1193	-5.461236	10.000000	0.239532
1194	-5.445355	10.000000	0.618812
1195	5.392044	10.000000	0.619852
1196	10.000000	-7.688226	0.188909
1198	10.000000	-2.842515	0.112840
1199	10.000000	-1.976259	0.213129
1200	10.000000	-2.991225	0.679748
1201	10.000000	-7.442977	0.647879
1202	-10.000000	-7.686458	0.188853
1203	-10.000000	-7.442999	0.647879
1204	-10.000000	-2.990629	0.679788
1205	-10.000000	-1.932054	0.224246
1207	-10.000000	-2.815223	0.117293
1208	10.000000	7.687568	0.188833
1209	10.000000	7.443001	0.647879
1210	10.000000	2.989646	0.679744
1211	10.000000	2.026055	0.241612
1213	10.000000	2.974810	0.126413
1214	-10.000000	7.687431	0.188827
1216	-10.000000	2.693022	0.137050
1217	-10.000000	1.905594	0.225295
1218	-10.000000	2.990860	0.679780
1219	-10.000000	7.442977	0.647879
1228	5.361363	-7.805169	0.000000
1229	-5.360560	-7.805613	0.000000
1230	-5.220285	-2.743356	-0.001076
1231	5.223527	-2.740501	-0.001017
1232	5.252993	0.089529	-0.172133
1233	-5.261601	-0.080350	-0.093529
1234	-4.901734	0.184918	-0.151745
1235	4.837774	0.202274	-0.177326
1236	5.363472	7.803849	0.000000
1237	5.235582	2.716243	-0.000936
1238	-5.221272	2.725348	-0.001063
1239	-5.363374	7.803896	0.000000
1240	6.382821	-1.232869	0.710311
1241	4.886162	-0.721327	0.449173
1242	-4.791718	-0.712142	0.452811
1243	-6.384554	-1.231989	0.711907
1244	4.785298	0.710213	0.451990
1245	6.386201	1.230661	0.712661
1246	-6.385201	1.230063	0.713583
1247	-4.760854	0.709756	0.450425
1248	-7.692874	-10.079484	0.000000
1249	-7.653106	-9.800497	0.900000
1250	-7.388377	-0.899927	0.451288
1252	-7.277066	0.903153	0.450485
1253	-7.653772	9.800422	0.900000
1254	-7.694443	10.079466	0.000000
1255	10.000000	-10.000000	0.553739
1256	-10.000000	-10.000000	0.553916
1259	10.000000	10.000000	0.553916
1260	-10.000000	10.000000	0.553739
1261	10.000000	-3.550777	0.900000
1262	-10.000000	-3.550495	0.900000
1264	-9.277688	-1.334984	0.207034
1267	10.000000	8.973249	0.890832
1268	-10.000000	8.973232	0.890831
1269	10.000000	-2.536117	0.000000
1270	-10.000000	-2.552516	0.000000
1271	10.000000	2.424556	0.000000
1272	-10.000000	2.221946	0.000000
1273	-6.686301	0.974087	0.000000
1276	10.000000	1.127539	0.000000
1277	-10.000000	1.051991	0.000000
1278	-8.232868	-0.766744	0.337661
1279	-7.738565	-1.267855	0.000000
1280	9.449412	1.042623	0.135793
1281	-9.105809	0.930174	0.108701
1282	-7.882586	-2.270743	0.900000
1283	-7.882590	2.270610	0.900000
1284	10.000000	2.512311	0.900000
1285	-10.000000	2.513822	0.900000
1288	0.822797	-10.000000	0.412922
1289	0.829541	-10.000000	0.481168
1290	-0.828888	-10.000000	0.481191
1291	-0.822821	-10.000000	0.412928
1292	0.828191	-5.823547	0.997774
1293	0.827082	-5.072932	0.997774
1294	-0.827082	-5.072932	0.997774
1295	-0.828191	-5.823547	0.997774
1296	0.769619	-0.418967	0.336544
1297	0.767220	-0.393162	0.326341
1298	-0.765911	-0.393432	0.326538
1299	-0.778919	-0.419348	0.336816
1300	0.957459	-0.018653	0.245216
1301	-0.965922	-0.018694	0.245029
1302	-0.967538	0.018876	0.245052
1303	0.959677	0.018874	0.245262
1304	0.778204	0.392758	0.327385
1305	0.789193	0.418706	0.337667
1306	-0.814084	0.418649	0.337690
1307	-0.812708	0.392738	0.327406
1308	0.827082	5.072932	0.997774
1309	0.828191	5.823547	0.997774
1310	-0.828191	5.823547	0.997774
1311	-0.827082	5.072932	0.997774
1312	0.822821	10.000000	0.412928
1313	-0.822797	10.000000	0.412922
1314	-0.829541	10.000000	0.481168
1315	0.828888	10.000000	0.481191
1316	10.000000	-5.007739	0.336169
1318	10.000000	-4.328802	0.304624
1319	10.000000	-3.849839	0.354038
1320	10.000000	-4.195008	0.419433
1321	10.000000	-4.932816	0.409389
1322	-10.000000	-5.006299	0.336019
1323	-10.000000	-4.932300	0.409318
1324	-10.000000	-4.194042	0.419300
1325	-10.000000	-3.847528	0.353745
1327	-10.000000	-4.325682	0.304355
1328	10.000000	5.008429	0.336224
1329	10.000000	4.932974	0.409407
1330	10.000000	4.195412	0.419488
1331	10.000000	3.851638	0.354271
1333	10.000000	4.331278	0.304829
1334	-10.000000	5.008365	0.336214
1336	-10.000000	4.330954	0.304811
1337	-10.000000	3.851447	0.354246
1338	-10.000000	4.195611	0.419492
1339	-10.000000	4.933029	0.409403
1348	0.829663	-5.565117	0.000000
1349	-0.829238	-5.565195	0.000000
1350	-0.829030	-4.758969	-0.000000
1351	0.829733	-4.758898	-0.000000
1352	0.627931	-0.185518	0.005116
1353	-0.640732	-0.203985	0.032305
1354	-0.621577	0.147890	0.011209
1355	0.624521	0.169804	0.041691
1356	0.830161	5.564339	0.000000
1357	0.830110	4.757343	-0.000000
1358	-0.829988	4.757375	-0.000000
1359	-0.830113	5.564354	0.000000
1360	0.857116	-0.806409	0.528131
1361	0.882305	-0.751042	0.497697
1362	-0.880925	-0.750937	0.497947
1363	-0.856146	-0.806360	0.528318
1364	0.882397	0.750642	0.498108
1365	0.857873	0.806202	0.528444
1366	-0.857793	0.806116	0.528495
1367	-0.883076	0.750553	0.498120
1368	2.177594	-10.000000	0.266252
1369	-3.456965	-10.000000	0.224052
1370	1.292681	-10.000000	0.117903
1371	2.140767	-7.501447	0.997579
1372	-3.369186	-8.042382	0.996633
1373	1.276244	-9.246077	0.963814
1374	2.690606	-0.985164	0.622868
1375	-4.312999	-1.111998	0.681920
1376	1.673690	-1.234004	0.746791
1377	2.135434	-0.478541	0.359668
1378	-3.398600	-0.513708	0.371416
1379	1.462633	-0.545707	0.393283
1380	5.250813	-0.078132	0.225435
1381	6.545190	0.148897	0.209481
1382	8.553158	-0.139012	0.076172
1383	1.808244	0.330454	0.303687
1384	-2.673716	0.310467	0.295285
1385	1.155847	0.215354	0.271398
1386	2.029938	0.662103	0.449432
1387	-3.006539	0.650920	0.439117
1388	1.192263	0.587205	0.414685
1389	2.068034	3.430197	0.997429
1390	-3.211475	2.944915	0.996025
1391	1.244251	1.763579	0.922171
1392	4.563660	10.000000	0.359459
1393	5.753990	10.000000	0.556741
1394	8.649246	10.000000	0.370484
1395	10.000000	-7.028568	0.314255
1396	10.000000	-7.571911	0.553465
1397	10.000000	-9.218937	0.362620
1398	-10.000000	-6.078112	0.198152
1399	-10.000000	-3.721769	0.116076
1400	-10.000000	-6.089676	0.044933
1401	10.000000	6.084504	0.198324
1402	10.000000	3.801768	0.117697
1403	10.000000	6.072627	0.044660
1404	-10.000000	7.028544	0.314235
1405	-10.000000	7.571910	0.553463
1406	-10.000000	9.218914	0.362607
1413	4.569964	-6.224981	-0.000000
1414	5.732259	-3.667066	0.000210
1415	8.685980	-5.993056	-0.000002
1416	4.223973	0.045847	-0.109249
1417	5.340965	0.274389	0.025503
1418	8.477279	0.010148	0.132388
1419	2.137430	7.399358	-0.000000
1420	-3.357483	8.014168	-0.000000
1421	1.270753	9.440301	-0.000000
1422	5.836704	-10.000000	0.312053
1423	8.598942	-10.000000	0.453976
1424	4.536993	-10.000000	0.521753
1425	3.595363	-10.000000	0.638735
1426	-1.409973	-10.000000	0.704543
1427	-2.133010	-10.000000	0.612188
1428	-5.753988	-10.000000	0.556741
1429	-8.649233	-10.000000	0.370487
1430	-4.563656	-10.000000	0.359459
1431	5.806755	-6.979191	0.997728
1432	8.640678	-5.226089	0.989393
1433	4.507177	-4.544964	0.997769
1434	3.211467	-2.944917	0.996025
1435	-1.244138	-1.763583	0.922170
1436	-2.068025	-3.430200	0.997429
1437	-5.692121	-4.089322	0.997756
1438	-8.667830	-6.233400	0.988616
1439	-4.561651	-6.426709	0.997768
1440	5.620789	-0.562824	0.355500
1441	7.908091	-0.870976	0.337729
1442	3.912438	-0.402242	0.316941
1443	2.737967	-0.319641	0.295888
1444	-1.231332	-0.222400	0.272157
1445	-1.756828	-0.333107	0.303328
1446	-5.398562	-0.457111	0.326745
1447	-8.038544	-0.896129	0.374414
1448	-4.384821	-0.476725	0.346168
1449	4.575413	-0.178590	0.249165
1450	-1.697068	-0.159561	0.261411
1451	-2.997668	-0.111435	0.248038
1452	-6.555675	-0.166341	0.211119
1453	-8.554345	0.093999	0.079234
1454	-5.236442	0.068825	0.225563
1455	-4.570297	0.170356	0.248234
1456	1.652496	0.152569	0.261248
1457	2.985764	0.105004	0.247803
1458	5.388345	0.446636	0.324220
1459	7.982939	0.881009	0.371616
1460	4.490451	0.475678	0.345317
1461	3.466199	0.512613	0.371543
1462	-1.430963	0.544824	0.394391
1463	-2.180072	0.478893	0.361707
1464	-5.913579	0.573432	0.358830
1465	-8.148908	0.996289	0.342647
1466	-4.278344	0.407343	0.318081
1467	5.692147	4.089310	0.997756
1468	8.667840	6.233381	0.988615
1469	4.561652	6.426708	0.997768
1470	3.369186	8.042382	0.996633
1471	-1.276244	9.246077	0.963814
1472	-2.140767	7.501447	0.997579
1473	-5.806755	6.979191	0.997728
1474	-8.640688	5.226077	0.989393
1475	-4.507178	4.544963	0.997769
1476	3.456992	10.000000	0.224050
1477	-1.292756	10.000000	0.117900
1478	-2.177598	10.000000	0.266252
1479	-5.836711	10.000000	0.312052
1480	-8.598951	10.000000	0.453975
1481	-4.536994	10.000000	0.521753
1482	-3.595363	10.000000	0.638735
1483	1.409973	10.000000	0.704543
1484	2.133010	10.000000	0.612188
1485	10.000000	-6.779778	0.159127
1486	10.000000	-4.970056	0.040191
1487	10.000000	-4.161594	0.160058
1493	10.000000	-2.885636	0.212991
1494	10.000000	-2.032383	0.311417
1495	10.000000	-1.677442	0.623638
1496	10.000000	-2.881239	0.529271
1497	10.000000	-3.789376	0.683187
1498	10.000000	-6.129058	0.826204
1499	10.000000	-5.874686	0.602544
1500	-10.000000	-7.754636	0.273443
1501	-10.000000	-9.160450	0.454620
1502	-10.000000	-6.904839	0.493531
1503	-10.000000	-6.559841	0.669769
1504	-10.000000	-5.137156	0.827174
1505	-10.000000	-4.089761	0.614368
1506	-10.000000	-2.578165	0.601610
1507	-10.000000	-1.553080	0.509241
1508	-10.000000	-2.425711	0.346254
1511	-10.000000	-2.866659	0.214082
1515	10.000000	7.755213	0.273455
1516	10.000000	9.160464	0.454617
1517	10.000000	6.904899	0.493539
1518	10.000000	6.559832	0.669771
1519	10.000000	5.137004	0.827172
1520	10.000000	4.089564	0.614390
1521	10.000000	2.577167	0.601629
1522	10.000000	1.565002	0.509001
1523	10.000000	2.440325	0.349874
1526	10.000000	2.934589	0.219664
1530	-10.000000	6.777625	0.158967
1531	-10.000000	4.830534	0.040073
1532	-10.000000	4.174834	0.160946
1538	-10.000000	2.889063	0.217642
1539	-10.000000	2.023745	0.316073
1540	-10.000000	1.679113	0.624335
1541	-10.000000	2.881412	0.529503
1542	-10.000000	3.789258	0.683195
1543	-10.000000	6.129052	0.826204
1544	-10.000000	5.874693	0.602543
1563	3.356438	-8.014593	-0.000000
1564	-1.270360	-9.440360	-0.000000
1565	-2.136281	-7.399836	-0.000000
1566	-5.810790	-6.835917	-0.000000
1567	-8.670209	-4.858264	0.000070
1568	-4.527116	-4.181973	-0.000015
1569	-3.234387	-2.435876	-0.000034
1570	1.223307	-1.088036	-0.000002
1571	2.081949	-2.980684	0.000002
1572	3.116539	-0.224563	-0.116715
1573	-1.267452	-0.232153	-0.074986
1574	-1.801219	-0.119058	0.067263
1575	-5.571164	-0.194804	-0.213111
1576	-8.765251	0.187051	-0.273364
1577	-4.170607	0.257164	-0.127645
1578	-3.002671	0.194956	-0.118085
1579	1.270585	0.223888	-0.108074
1580	1.830778	0.143341	0.085481
1581	5.815083	6.831921	-0.000000
1582	8.677666	4.817848	0.000050
1583	4.536267	4.172747	-0.000012
1584	3.244678	2.418105	-0.000024
1585	-1.182404	1.048036	-0.000001
1586	-2.083036	2.972990	0.000001
1587	-5.743782	3.653170	0.000188
1588	-8.691716	5.972651	-0.000002
1589	-4.572708	6.222678	-0.000000
1590	6.527250	-1.096926	0.631578
1591	8.888337	-1.205815	0.555090
1592	4.536706	-0.770933	0.483869
1593	3.051676	-0.654549	0.438496
1594	-1.187113	-0.588417	0.414488
1595	-2.018607	-0.662825	0.449370
1596	-5.506557	-0.782074	0.475157
1597	-8.986433	-1.311071	0.645195
1598	-5.042453	-0.935396	0.576364
1599	5.500181	0.780177	0.474467
1600	8.980182	1.315236	0.644441
1601	5.045292	0.934197	0.576675
1602	4.315907	1.111453	0.682299
1603	-1.674796	1.233956	0.746879
1604	-2.693984	0.984669	0.623455
1605	-6.526867	1.092419	0.636304
1606	-8.872907	1.218587	0.566702
1607	-4.524998	0.766206	0.486010
1608	0.000015	-10.000000	0.174431
1609	1.189769	-10.000000	0.215647
1610	-1.189757	-10.000000	0.215647
1611	0.000417	-8.715715	0.988883
1612	1.151001	-8.142338	0.996145
1613	-1.150874	-8.142334	0.996145
1614	0.000324	-1.116405	0.693230
1615	1.572664	-1.046395	0.658069
1616	-1.572194	-1.046432	0.658103
1617	-0.000070	-0.519060	0.381821
1618	1.222918	-0.498195	0.370965
1619	-1.208694	-0.499457	0.371716
1620	7.667189	-0.013288	0.145584
1621	6.584157	-0.062129	0.194666
1622	6.579100	0.045691	0.195864
1623	0.109040	0.255356	0.282155
1624	1.138390	0.295431	0.293549
1625	-0.817529	0.293879	0.293145
1626	-0.000426	0.602855	0.422472
1627	1.035084	0.627434	0.434266
1628	-1.043323	0.627099	0.434094
1629	0.000002	2.233604	0.977734
1630	1.091311	2.792884	0.994444
1631	-1.091302	2.792885	0.994444
1632	7.319964	10.000000	0.429715
1633	6.002596	10.000000	0.394886
1634	5.970871	10.000000	0.479562
1635	10.000000	-8.452099	0.415413
1636	10.000000	-7.751662	0.364404
1637	10.000000	-7.685323	0.458492
1638	-10.000000	-5.397869	0.085007
1639	-10.000000	-5.781571	0.136858
1640	-10.000000	-4.742444	0.122427
1641	10.000000	5.405430	0.084737
1642	10.000000	5.793373	0.136925
1643	10.000000	4.774975	0.122648
1644	-10.000000	8.452083	0.415404
1645	-10.000000	7.751628	0.364390
1646	-10.000000	7.685315	0.458486
1653	7.369668	-5.302514	-0.000009
1654	6.028375	-5.778458	0.000001
1655	6.003254	-4.697592	-0.000015
1656	7.158219	0.122553	0.115086
1657	5.744423	-0.241353	-0.028466
1658	5.606473	0.111608	-0.089200
1659	0.000001	8.792909	-0.000000
1660	1.145781	8.122188	0.000000
1661	-1.145774	8.122189	0.000000
1662	5.970910	-10.000000	0.479519
1663	6.002491	-10.000000	0.394884
1664	7.319821	-10.000000	0.429684
1665	-0.869344	-10.000000	0.653516
1666	1.338297	-10.000000	0.651176
1667	1.189733	-10.000000	0.708814
1668	-6.002590	-10.000000	0.394886
1669	-5.970868	-10.000000	0.479562
1670	-7.319956	-10.000000	0.429716
1671	5.975650	-5.029476	0.997766
1672	6.010942	-6.017403	0.997761
1673	7.342325	-5.593233	0.997349
1674	-1.091296	-2.792889	0.994444
1675	1.091306	-2.792888	0.994444
1676	0.000015	-2.233611	0.977735
1677	-6.010942	-6.017403	0.997761
1678	-5.975650	-5.029477	0.997766
1679	-7.342325	-5.593233	0.997349
1680	5.316153	-0.482873	0.327962
1681	5.509316	-0.523471	0.339994
1682	6.673086	-0.639252	0.352001
1683	-1.075289	-0.297995	0.293065
1684	0.835310	-0.296199	0.292903
1685	-0.050296	-0.258890	0.282111
1686	-5.465100	-0.508822	0.346413
1687	-5.516846	-0.486010	0.336017
1688	-6.760352	-0.631187	0.363590
1689	-1.644145	-0.118014	0.254448
1690	1.673437	-0.118461	0.254595
1691	0.015887	-0.130873	0.254007
1692	-6.578481	0.044884	0.197600
1693	-6.586471	-0.062543	0.197821
1694	-7.670691	-0.014579	0.151952
1695	1.576947	0.111393	0.254540
1696	-1.623833	0.112600	0.254133
1697	-0.024592	0.125679	0.253275
1698	5.511909	0.503370	0.342884
1699	5.514987	0.477258	0.331359
1700	6.804839	0.632916	0.352421
1701	-1.204931	0.498204	0.372489
1702	1.244249	0.498781	0.372419
1703	0.048495	0.518651	0.382743
1704	-5.682742	0.487633	0.326218
1705	-6.022462	0.549502	0.342441
1706	-7.031006	0.655567	0.347409
1707	6.010946	6.017401	0.997761
1708	5.975660	5.029470	0.997766
1709	7.342337	5.593223	0.997349
1710	-1.151001	8.142338	0.996145
1711	1.150874	8.142334	0.996145
1712	-0.000417	8.715715	0.988883
1713	-5.975652	5.029475	0.997766
1714	-6.010943	6.017403	0.997761
1715	-7.342328	5.593232	0.997349
1716	-1.189775	10.000000	0.215646
1717	1.189772	10.000000	0.215646
1718	-0.000001	10.000000	0.174429
1719	-5.970913	10.000000	0.479519
1720	-6.002496	10.000000	0.394883
1721	-7.319829	10.000000	0.429683
1722	0.869345	10.000000	0.653516
1723	-1.338296	10.000000	0.651176
1724	-1.189733	10.000000	0.708814
1725	10.000000	-4.762358	0.122690
1726	10.000000	-5.792339	0.137069
1727	10.000000	-5.413661	0.085122
1734	10.000000	-2.300379	0.512708
1735	10.000000	-2.128550	0.413994
1736	10.000000	-1.864108	0.500605
1737	10.000000	-5.619856	0.680417
1738	10.000000	-4.680263	0.684480
1739	10.000000	-5.359450	0.754777
1740	-10.000000	-7.685291	0.458483
1741	-10.000000	-7.751450	0.364380
1742	-10.000000	-8.452076	0.415408
1743	-10.000000	-4.680137	0.684472
1744	-10.000000	-5.619805	0.680414
1745	-10.000000	-5.359396	0.754774
1746	-10.000000	-2.122183	0.415060
1747	-10.000000	-2.298479	0.513016
1748	-10.000000	-1.858590	0.502399
1749	-10.000000	-2.383903	0.171246
1755	10.000000	7.685353	0.458488
1756	10.000000	7.751658	0.364391
1757	10.000000	8.452131	0.415408
1758	10.000000	4.679970	0.684474
1759	10.000000	5.619759	0.680416
1760	10.000000	5.359301	0.754774
1761	10.000000	2.128214	0.417363
1762	10.000000	2.298611	0.513527
1763	10.000000	1.861472	0.502740
1764	10.000000	2.526960	0.185349
1770	-10.000000	4.752485	0.122245
1771	-10.000000	5.787034	0.136689
1772	-10.000000	5.374580	0.084344
1779	-10.000000	2.299959	0.513322
1780	-10.000000	2.126989	0.415786
1781	-10.000000	1.863422	0.501835
1782	-10.000000	5.619854	0.680417
1783	-10.000000	4.680239	0.684482
1784	-10.000000	5.359437	0.754777
1803	-1.145266	-8.122382	0.000000
1804	1.145517	-8.122353	0.000000
1805	0.000096	-8.792999	-0.000000
1806	-6.001217	-4.699930	-0.000016
1807	-6.026857	-5.780104	0.000001
1808	-7.368145	-5.306190	-0.000009
1809	1.101642	-2.281538	-0.000001
1810	-1.094524	-2.281685	-0.000001
1811	0.007193	-1.651936	0.000001
1812	-0.992709	-0.196307	-0.109356
1813	1.035168	-0.204075	-0.109737
1814	-0.024360	-0.231428	0.109359
1815	-5.624183	0.098667	-0.144883
1816	-5.941425	-0.274264	-0.043669
1817	-7.137025	0.272313	0.055692
1818	1.004480	0.202500	-0.112758
1819	-1.020771	0.200968	-0.112605
1820	-0.009458	0.215648	0.092438
1821	6.011057	4.686790	-0.000012
1822	6.033341	5.772358	0.000000
1823	7.376761	5.287822	-0.000007
1824	-1.098424	2.268385	-0.000000
1825	1.100393	2.267353	-0.000001
1826	0.001730	1.628511	0.000000
1827	-6.033090	5.772765	0.000000
1828	-6.011019	4.687853	-0.000013
1829	-7.377373	5.288530	-0.000007
1830	6.087557	-0.876145	0.504295
1831	6.424134	-0.976794	0.558354
1832	7.651494	-1.057228	0.544877
1833	-1.020919	-0.628244	0.434041
1834	1.058655	-0.628329	0.433583
1835	0.003186	-0.603905	0.422094
1836	-6.422943	-0.972574	0.563372
1837	-6.080426	-0.870083	0.510263
1838	-7.649323	-1.050308	0.551440
1839	6.418399	0.970772	0.563416
1840	6.069636	0.867970	0.510011
1841	7.627692	1.049286	0.550819
1842	-1.574521	1.046278	0.658184
1843	1.573874	1.046391	0.658045
1844	-0.000422	1.116414	0.693146
1845	-6.036472	0.867333	0.509597
1846	-6.405702	0.970505	0.563795
1847	-7.603476	1.051461	0.551675
1848	-0.000022	-10.000000	0.358856
1849	-1.021106	-10.000000	0.310784
1850	1.021086	-10.000000	0.310783
1851	-4.827098	-10.000000	0.181246
1852	-6.224513	-10.000000	0.115536
1853	-3.831679	-10.000000	0.117102
1854	4.827132	-10.000000	0.181245
1855	3.831817	-10.000000	0.117100
1856	6.224671	-10.000000	0.115534
1857	0.000000	-6.417646	0.997771
1858	-1.013563	-6.964004	0.997746
1859	1.013565	-6.964003	0.997746
1860	-4.698993	-8.596311	0.991895
1861	-6.129296	-9.177219	0.971118
1862	-3.776030	-9.221791	0.966389
1863	4.698965	-8.596263	0.991896
1864	3.776475	-9.221820	0.966391
1865	6.129538	-9.177116	0.971123
1866	0.000578	-0.855166	0.555799
1867	-1.194392	-0.909780	0.585358
1868	1.195314	-0.909777	0.585233
1869	-5.765418	-1.337469	0.770668
1870	-6.886372	-1.709111	0.865823
1871	-4.586075	-1.394762	0.809650
1872	5.764427	-1.337645	0.770152
1873	4.585685	-1.394723	0.809596
1874	6.885766	-1.709190	0.865655
1875	-0.006877	-0.438530	0.345018
1876	-0.991892	-0.457631	0.352968
1877	0.981679	-0.456829	0.352497
1878	-4.860908	-0.577641	0.389353
1879	-6.209693	-0.699244	0.413709
1880	-4.140700	-0.588124	0.402857
1881	4.900218	-0.580168	0.383886
1882	4.080835	-0.585413	0.398599
1883	6.169066	-0.706713	0.403974
1884	2.463558	-0.000583	0.242780
1885	3.865665	0.025606	0.237092
1886	3.869732	-0.029577	0.236987
1887	7.731173	0.300202	0.189867
1888	8.697481	0.578315	0.164229
1889	8.666344	0.333662	0.100731
1890	7.730871	-0.332344	0.180236
1891	8.658812	-0.377763	0.094974
1892	8.693344	-0.621436	0.152540
1893	-0.027727	0.371016	0.319490
1894	-0.949816	0.351101	0.312128
1895	0.867937	0.350752	0.311892
1896	-3.623058	0.298791	0.287218
1897	-5.673219	0.376030	0.287677
1898	-3.512663	0.259948	0.275455
1899	4.465282	0.334936	0.293291
1900	3.424469	0.256071	0.276351
1901	5.731680	0.373366	0.290189
1902	-0.001422	0.711062	0.477612
1903	-1.022801	0.682352	0.462094
1904	1.017655	0.682515	0.462163
1905	-4.318578	0.668554	0.435421
1906	-5.582873	0.715860	0.438488
1907	-3.519884	0.621153	0.422076
1908	4.337605	0.668773	0.437047
1909	3.475621	0.620876	0.423062
1910	5.590348	0.711897	0.440605
1911	0.000000	4.481927	0.997768
1912	-0.993073	3.945174	0.997722
1913	0.993075	3.945173	0.997722
1914	-4.465965	2.527389	0.991019
1915	-5.957987	2.253901	0.980323
1916	-3.675211	1.921715	0.947595
1917	4.466043	2.527377	0.991017
1918	3.675275	1.921709	0.947572
1919	5.958180	2.253858	0.980310
1920	2.127604	10.000000	0.446059
1921	3.334297	10.000000	0.484046
1922	3.339034	10.000000	0.404288
1923	6.999183	10.000000	0.584960
1924	8.298103	10.000000	0.594214
1925	8.477653	10.000000	0.528572
1926	7.173930	10.000000	0.260258
1927	8.641531	10.000000	0.283142
1928	8.575647	10.000000	0.199283
1929	10.000000	-5.625220	0.382825
1930	10.000000	-6.255265	0.435763
1931	10.000000	-6.319213	0.350606
1932	10.000000	-8.258861	0.608550
1933	10.000000	-8.994197	0.637404
1934	10.000000	-9.068516	0.545022
1935	10.000000	-8.494972	0.226923
1936	10.000000	-9.243906	0.268258
1937	10.000000	-9.240899	0.173262
1938	-10.000000	-4.849528	0.268553
1939	-10.000000	-4.549417	0.209354
1940	-10.000000	-5.434076	0.234137
1941	-10.000000	-3.312338	0.074947
1942	-10.000000	-2.836009	0.036028
1943	-10.000000	-3.863670	0.037624
1944	-10.000000	-7.514635	0.114756
1945	-10.000000	-7.215954	0.052273
1946	-10.000000	-8.286714	0.062793
1947	10.000000	4.856656	0.268988
1948	10.000000	4.569500	0.210134
1949	10.000000	5.441557	0.234461
1950	10.000000	3.361093	0.078909
1951	10.000000	2.633340	0.056084
1952	10.000000	3.771649	0.038310
1953	10.000000	7.514655	0.114648
1954	10.000000	7.206770	0.052088
1955	10.000000	8.282196	0.062646
1956	-10.000000	5.625354	0.382830
1957	-10.000000	6.255285	0.435760
1958	-10.000000	6.319290	0.350600
1959	-10.000000	8.258861	0.608549
1960	-10.000000	8.994198	0.637404
1961	-10.000000	9.068517	0.545020
1962	-10.000000	8.494683	0.226873
1963	-10.000000	9.243815	0.268230
1964	-10.000000	9.240543	0.173201
1983	2.142254	-5.167812	-0.000000
1984	3.345580	-4.690895	0.000001
1985	3.357741	-5.667977	-0.000000
1986	7.001016	-3.191107	-0.001892
1987	8.404268	-2.803520	0.008217
1988	8.578954	-3.773992	-0.001029
1989	7.105590	-7.504178	-0.000000
1990	8.625294	-7.142962	0.000000
1991	8.481541	-8.244518	-0.000000
1992	1.829150	0.006245	-0.146392
1993	2.955677	0.182358	-0.027335
1994	2.991953	-0.175585	-0.140445
1995	6.724951	0.150733	-0.223566
1996	8.574667	0.632231	-0.171905
1997	8.263970	0.383513	0.007167
1998	7.056090	-0.420987	0.201218
1999	8.595632	-0.319938	-0.082862
2000	8.488153	-0.728363	-0.342617
2001	0.000014	6.205869	-0.000000
2002	-1.013525	6.802344	-0.000000
2003	1.013547	6.802338	-0.000000
2004	-4.676275	8.658785	-0.000000
2005	-6.111277	9.344960	-0.000000
2006	-3.762929	9.409008	0.000000
2007	4.676313	8.658774	-0.000000
2008	3.762940	9.409006	0.000000
2009	6.111334	9.344947	-0.000000
2010	8.575605	-10.000000	0.199288
2011	8.641475	-10.000000	0.283143
2012	7.173893	-10.000000	0.260260
2013	8.479732	-10.000000	0.528340
2014	8.312003	-10.000000	0.593456
2015	7.009992	-10.000000	0.584407
2016	3.339231	-10.000000	0.404271
2017	3.335986	-10.000000	0.483964
2018	2.127949	-10.000000	0.446019
2019	6.198718	-10.000000	0.722214
2020	3.779072	-10.000000	0.704174
2021	5.148746	-10.000000	0.663975
2022	-3.861767	-10.000000	0.706052
2023	-6.219873	-10.000000	0.723097
2024	-4.783504	-10.000000	0.665491
2025	1.039885	-10.000000	0.575347
2026	-1.014205	-10.000000	0.575614
2027	0.002482	-10.000000	0.532846
2028	-8.298098	-10.000000	0.594214
2029	-8.477647	-10.000000	0.528572
2030	-6.999180	-10.000000	0.584960
2031	-8.641508	-10.000000	0.283147
2032	-8.575608	-10.000000	0.199288
2033	-7.173912	-10.000000	0.260260
2034	-3.334296	-10.000000	0.484046
2035	-3.339033	-10.000000	0.404288
2036	-2.127604	-10.000000	0.446059
2037	8.492849	-8.237981	0.990729
2038	8.619405	-7.257248	0.989980
2039	7.108429	-7.578134	0.997262
2040	8.530813	-4.292153	0.992451
2041	8.328823	-3.474026	0.996585
2042	6.935934	-3.701083	0.997596
2043	3.349741	-5.916047	0.997773
2044	3.333644	-5.011486	0.997773
2045	2.136367	-5.453299	0.997774
2046	5.957784	-2.253921	0.980301
2047	3.675005	-1.921711	0.947577
2048	4.465906	-2.527390	0.991018
2049	-3.675015	-1.921728	0.947555
2050	-5.957888	-2.253939	0.980293
2051	-4.465918	-2.527397	0.991016
2052	0.993074	-3.945174	0.997722
2053	-0.993073	-3.945174	0.997722
2054	0.000000	-4.481927	0.997768
2055	-8.328879	-3.474005	0.996583
2056	-8.530826	-4.292145	0.992451
2057	-6.935947	-3.701083	0.997596
2058	-8.619403	-7.257250	0.989980
2059	-8.492841	-8.237999	0.990730
2060	-7.108427	-7.578144	0.997262
2061	-3.333644	-5.011486	0.997773
2062	-3.349741	-5.916047	0.997773
2063	-2.136367	-5.453299	0.997774
2064	9.085316	-1.147210	0.410872
2065	8.392984	-0.992526	0.368530
2066	7.018893	-0.745249	0.382626
2067	7.875040	-0.844097	0.328362
2068	7.652618	-0.789257	0.309659
2069	6.457013	-0.562530	0.331099
2070	3.153079	-0.434621	0.335489
2071	3.014692	-0.402684	0.323585
2072	1.985911	-0.410162	0.330811
2073	6.890613	-0.572775	0.311091
2074	4.393403	-0.323014	0.284783
2075	4.310226	-0.350026	0.296431
2076	-3.656264	-0.274865	0.278443
2077	-5.881944	-0.401818	0.297551
2078	-4.331304	-0.341814	0.295117
2079	0.852594	-0.351546	0.311073
2080	-0.860015	-0.351980	0.311188
2081	0.003280	-0.371672	0.318541
2082	-8.135045	-0.782011	0.363029
2083	-8.616715	-1.035969	0.340060
2084	-7.367859	-0.671862	0.351251
2085	-8.346961	-0.978049	0.391721
2086	-9.076414	-1.154697	0.433406
2087	-6.965762	-0.723030	0.396072
2088	-3.014601	-0.403092	0.324790
2089	-3.167017	-0.435624	0.337249
2090	-1.989465	-0.410855	0.331481
2091	7.262639	-0.490427	0.273805
2092	4.888543	-0.261359	0.263111
2093	6.003755	-0.294632	0.254381
2094	-4.841838	-0.253822	0.263564
2095	-7.340501	-0.483333	0.288717
2096	-6.008731	-0.290444	0.258319
2097	1.357503	-0.073524	0.248596
2098	-1.370328	-0.073825	0.248380
2099	-0.006880	-0.047464	0.246789
2100	-8.702986	-0.624937	0.160781
2101	-8.666491	-0.380911	0.101261
2102	-7.736399	-0.328456	0.193882
2103	-8.646470	0.325948	0.094656
2104	-8.577320	0.557008	0.147580
2105	-7.693632	0.295625	0.189548
2106	-3.872714	-0.029888	0.236457
2107	-3.867563	0.025588	0.236354
2108	-2.469439	-0.000661	0.242280
2109	-7.162477	0.455848	0.280591
2110	-4.780684	0.241484	0.260313
2111	-5.999868	0.279090	0.255154
2112	4.800666	0.239684	0.261347
2113	7.300229	0.459482	0.283457
2114	5.997879	0.274680	0.255896
2115	-1.410034	0.070723	0.248424
2116	1.382859	0.070258	0.248768
2117	-0.008285	0.046772	0.246647
2118	8.344428	0.852221	0.346645
2119	8.927222	1.132023	0.347321
2120	7.448400	0.692332	0.340919
2121	8.296641	0.970049	0.394715
2122	8.981552	1.152632	0.443984
2123	7.084841	0.738733	0.389907
2124	3.078173	0.400847	0.325075
2125	3.252053	0.434461	0.337568
2126	2.042119	0.409888	0.332190
2127	6.210361	0.699651	0.410867
2128	4.175513	0.586911	0.402352
2129	4.909923	0.576870	0.388176
2130	-4.084546	0.582665	0.400632
2131	-6.128913	0.699965	0.406699
2132	-4.859139	0.574767	0.385815
2133	1.003532	0.456963	0.353812
2134	-1.021829	0.456776	0.353889
2135	-0.011335	0.438043	0.346081
2136	-8.922788	1.171815	0.457859
2137	-8.028043	0.967718	0.404338
2138	-6.824609	0.716732	0.381268
2139	-7.810577	0.756361	0.309902
2141	-6.296068	0.491961	0.306794
2142	-3.296410	0.435290	0.337564
2143	-3.236493	0.404321	0.325504
2144	-2.079656	0.409987	0.332260
2145	8.329016	3.473842	0.996579
2146	8.530886	4.292052	0.992449
2147	6.936023	3.701040	0.997596
2148	8.619408	7.257243	0.989979
2149	8.492843	8.237997	0.990730
2150	7.108428	7.578143	0.997262
2151	3.333646	5.011485	0.997773
2152	3.349742	5.916046	0.997773
2153	2.136367	5.453299	0.997774
2154	6.129296	9.177219	0.971118
2155	3.776030	9.221791	0.966389
2156	4.698993	8.596311	0.991895
2157	-3.776475	9.221820	0.966391
2158	-6.129538	9.177116	0.971123
2159	-4.698965	8.596263	0.991896
2160	1.013563	6.964004	0.997746
2161	-1.013565	6.964003	0.997746
2162	0.000000	6.417646	0.997771
2163	-8.492849	8.237981	0.990729
2164	-8.619406	7.257248	0.989979
2165	-7.108429	7.578134	0.997262
2166	-8.530844	4.292119	0.992450
2167	-8.328917	3.473955	0.996582
2168	-6.935969	3.701070	0.997596
2169	-3.349741	5.916047	0.997773
2170	-3.333644	5.011486	0.997773
2171	-2.136367	5.453299	0.997774
2172	6.225054	10.000000	0.115528
2173	3.832107	10.000000	0.117096
2174	4.827211	10.000000	0.181241
2175	-3.832107	10.000000	0.117096
2176	-6.225051	10.000000	0.115528
2177	-4.827212	10.000000	0.181242
2178	1.021107	10.000000	0.310784
2179	-1.021087	10.000000	0.310783
2180	0.000022	10.000000	0.358856
2181	-8.575633	10.000000	0.199283
2182	-8.641497	10.000000	0.283139
2183	-7.173907	10.000000	0.260258
2184	-8.479739	10.000000	0.528339
2185	-8.312008	10.000000	0.593456
2186	-7.009995	10.000000	0.584407
2187	-3.339233	10.000000	0.404271
2188	-3.335987	10.000000	0.483964
2189	-2.127949	10.000000	0.446019
2190	-6.198718	10.000000	0.722214
2191	-3.779072	10.000000	0.704174
2192	-5.148746	10.000000	0.663974
2193	3.861767	10.000000	0.706052
2194	6.219873	10.000000	0.723097
2195	4.783506	10.000000	0.665491
2196	-1.039884	10.000000	0.575347
2197	1.014205	10.000000	0.575614
2198	-0.002482	10.000000	0.532846
2199	10.000000	-8.287148	0.062761
2200	10.000000	-7.217980	0.052243
2201	10.000000	-7.517666	0.114783
2202	10.000000	-3.887763	0.037318
2203	10.000000	-2.866617	0.032252
2204	10.000000	-3.339524	0.073393
2205	10.000000	-5.439157	0.234397
2206	10.000000	-4.559422	0.209740
2207	10.000000	-4.853720	0.268828
2222	10.000000	-1.805340	0.127737
2223	10.000000	-3.317941	0.255370
2225	10.000000	-3.721664	0.294385
2226	10.000000	-1.425269	0.310758
2227	10.000000	-1.502120	0.395722
2228	10.000000	-1.697882	0.294132
2229	10.000000	-1.890968	0.727487
2230	10.000000	-2.238727	0.793810
2231	10.000000	-2.334890	0.687304
2232	10.000000	-2.919787	0.381104
2233	10.000000	-3.197269	0.465122
2234	10.000000	-3.513499	0.406905
2235	10.000000	-3.425681	0.825259
2236	10.000000	-4.225500	0.826246
2237	10.000000	-3.542057	0.753200
2238	10.000000	-7.170185	0.822291
2239	10.000000	-8.211024	0.807234
2240	10.000000	-7.327940	0.739248
2241	10.000000	-4.399905	0.546177
2242	10.000000	-5.252466	0.538722
2243	10.000000	-4.690769	0.478151
2244	-10.000000	-9.240609	0.173266
2245	-10.000000	-9.243775	0.268255
2246	-10.000000	-8.494407	0.226902
2247	-10.000000	-9.068707	0.545042
2248	-10.000000	-8.994249	0.637439
2249	-10.000000	-8.258948	0.608552
2250	-10.000000	-6.318577	0.350533
2251	-10.000000	-6.255100	0.435734
2252	-10.000000	-5.624699	0.382753
2253	-10.000000	-8.210884	0.807243
2254	-10.000000	-7.170129	0.822291
2255	-10.000000	-7.327921	0.739248
2256	-10.000000	-4.225419	0.826244
2257	-10.000000	-3.425512	0.825272
2258	-10.000000	-3.541762	0.753205
2259	-10.000000	-5.252324	0.538706
2260	-10.000000	-4.399592	0.546138
2261	-10.000000	-4.690386	0.478102
2262	-10.000000	-2.237138	0.794128
2263	-10.000000	-1.887586	0.728377
2264	-10.000000	-2.333508	0.687645
2265	-10.000000	-1.478818	0.404879
2266	-10.000000	-1.386838	0.329132
2267	-10.000000	-1.659953	0.305205
2268	-10.000000	-3.196087	0.464890
2269	-10.000000	-2.916332	0.380700
2270	-10.000000	-3.511708	0.406605
2271	-10.000000	-1.321071	0.229186
2276	-10.000000	-2.134208	0.109156
2277	-10.000000	-3.308308	0.255031
2279	-10.000000	-3.716782	0.293971
2289	10.000000	9.240542	0.173200
2290	10.000000	9.243828	0.268231
2291	10.000000	8.494690	0.226872
2292	10.000000	9.068712	0.545041
2293	10.000000	8.994251	0.637438
2294	10.000000	8.258952	0.608552
2295	10.000000	6.319339	0.350603
2296	10.000000	6.255307	0.435763
2297	10.000000	5.625384	0.382835
2298	10.000000	8.210881	0.807243
2299	10.000000	7.170114	0.822292
2300	10.000000	7.327916	0.739248
2301	10.000000	4.225034	0.826235
2302	10.000000	3.424720	0.825243
2303	10.000000	3.541089	0.753178
2304	10.000000	5.252399	0.538724
2305	10.000000	4.399702	0.546182
2306	10.000000	4.690769	0.478162
2307	10.000000	2.236184	0.793934
2308	10.000000	1.888026	0.727946
2309	10.000000	2.332255	0.687450
2310	10.000000	1.499422	0.410144
2311	10.000000	1.414163	0.359319
2312	10.000000	1.702528	0.314958
2313	10.000000	3.197526	0.465373
2314	10.000000	2.922891	0.382247
2315	10.000000	3.514744	0.407174
2316	10.000000	1.315458	0.307746
2321	10.000000	2.349086	0.145092
2322	10.000000	3.335735	0.257461
2324	10.000000	3.727579	0.295016
2334	-10.000000	8.281951	0.062649
2335	-10.000000	7.203488	0.052080
2336	-10.000000	7.513553	0.114625
2337	-10.000000	3.457506	0.049098
2338	-10.000000	1.852535	0.142520
2339	-10.000000	3.167211	0.094388
2340	-10.000000	5.440839	0.234396
2341	-10.000000	4.566626	0.210008
2342	-10.000000	4.856201	0.268946
2357	-10.000000	1.384197	0.165366
2358	-10.000000	3.326230	0.256822
2360	-10.000000	3.725837	0.294873
2361	-10.000000	1.379536	0.340395
2362	-10.000000	1.489158	0.405247
2363	-10.000000	1.669731	0.303963
2364	-10.000000	1.890665	0.727754
2365	-10.000000	2.238062	0.793830
2366	-10.000000	2.334166	0.687405
2367	-10.000000	2.921966	0.381966
2368	-10.000000	3.198116	0.465386
2369	-10.000000	3.514887	0.407158
2370	-10.000000	3.425397	0.825259
2371	-10.000000	4.225391	0.826246
2372	-10.000000	3.541857	0.753203
2373	-10.000000	7.170184	0.822291
2374	-10.000000	8.211024	0.807234
2375	-10.000000	7.327940	0.739248
2376	-10.000000	4.400029	0.546192
2377	-10.000000	5.252510	0.538724
2378	-10.000000	4.690953	0.478164
2433	6.109719	-9.345427	-0.000000
2434	3.762120	-9.409150	0.000000
2435	4.674941	-8.659269	-0.000000
2436	-3.761768	-9.409198	0.000000
2437	-6.109071	-9.345603	-0.000000
2438	-4.674393	-8.659439	-0.000000
2439	1.013164	-6.802705	-0.000000
2440	-1.012814	-6.802760	-0.000000
2441	0.000180	-6.206330	-0.000000
2442	-8.480732	-8.246340	-0.000000
2443	-8.624488	-7.146346	0.000000
2444	-7.104523	-7.505527	-0.000000
2445	-8.578152	-3.781407	-0.001107
2446	-8.402460	-2.811142	0.008890
2447	-6.999395	-3.196399	-0.002017
2448	-3.356839	-5.668421	-0.000000
2449	-3.344170	-4.691487	0.000001
2450	-2.141500	-5.168062	-0.000000
2451	-5.963272	-1.527456	-0.002418
2452	-3.609109	-1.233988	-0.000105
2453	-4.500832	-1.935866	0.000445
2454	3.630026	-1.231172	-0.000098
2455	5.981403	-1.524569	-0.002244
2456	4.508202	-1.933161	0.000410
2457	-0.996007	-3.544416	-0.000000
2458	0.998249	-3.544269	-0.000000
2459	0.000639	-4.124068	0.000000
2460	6.206588	-0.686728	0.171477
2461	3.704991	-0.414547	-0.206960
2462	4.595539	-0.205277	0.118622
2463	-3.705847	-0.382301	-0.178469
2464	-6.081459	-0.707565	0.183114
2465	-4.526192	-0.114833	0.085632
2466	0.823311	-0.113514	-0.117313
2467	-0.830948	-0.101609	-0.121866
2468	-0.003180	-0.029629	0.086293
2469	-8.568043	-0.739456	-0.273730
2470	-8.635168	-0.372456	-0.020137
2471	-7.149364	-0.405745	-0.042023
2472	-8.319348	0.382308	-0.006194
2473	-8.523545	0.609467	-0.270288
2474	-6.809884	0.147940	-0.155603
2475	-2.918475	-0.144901	-0.067282
2476	-2.966120	0.215525	-0.103962
2477	-1.827493	-0.007160	-0.153401
2478	-5.820251	0.525324	-0.318123
2479	-3.610128	0.234960	-0.058113
2480	-4.555412	0.251345	0.040689
2481	3.735887	0.247237	-0.039282
2482	6.068368	0.628457	-0.368246
2483	4.675675	0.278798	0.011415
2484	-0.808936	0.124196	-0.099863
2485	0.823951	0.103595	-0.105301
2486	-0.006946	0.027937	0.109501
2487	8.484126	8.239291	-0.000000
2488	8.628664	7.131847	0.000000
2489	7.108770	7.500253	-0.000000
2490	8.587481	3.722063	-0.000908
2491	8.407918	2.730342	0.009007
2492	7.014025	3.154510	-0.001711
2493	3.360152	5.665968	-0.000000
2494	3.349079	4.687194	0.000001
2495	2.143845	5.166099	-0.000000
2496	5.929343	1.458747	-0.002279
2497	3.620360	1.185721	-0.000079
2498	4.505024	1.901326	0.000345
2499	-3.519399	1.181380	-0.000037
2500	-5.720117	1.449188	-0.000772
2501	-4.463415	1.909050	0.000275
2502	0.999172	3.539523	-0.000000
2503	-0.998476	3.539759	-0.000000
2504	0.000145	4.121413	0.000000
2505	-8.422912	2.703203	0.009748
2506	-8.600555	3.709997	-0.000913
2507	-7.020606	3.158377	-0.001860
2508	-8.628752	7.132328	0.000000
2509	-8.484008	8.239588	-0.000000
2510	-7.108596	7.500442	-0.000000
2511	-3.348712	4.687527	0.000001
2512	-3.359995	5.666084	-0.000000
2513	-2.143714	5.166181	-0.000000
2514	8.984912	-1.817643	0.859906
2515	9.030414	-1.515860	0.759200
2516	7.872564	-1.370940	0.731678
2517	8.543611	-1.114921	0.505669
2518	7.727423	-0.975907	0.467599
2519	6.639430	-0.859171	0.466875
2520	3.586698	-0.845648	0.539153
2521	3.449544	-0.774529	0.499809
2522	2.238526	-0.788886	0.515191
2523	5.550409	-0.717417	0.434120
2524	3.491247	-0.623484	0.420708
2525	4.264849	-0.669811	0.433375
2526	-3.474484	-0.622580	0.423489
2527	-5.589328	-0.713344	0.441847
2528	-4.325157	-0.670065	0.437746
2529	1.021127	-0.683184	0.461648
2530	-1.012407	-0.683033	0.461969
2531	0.001865	-0.711534	0.477331
2532	-7.756733	-0.974466	0.479588
2533	-8.120429	-1.044639	0.506719
2534	-6.456130	-0.831020	0.472090
2535	-9.032287	-1.512403	0.761496
2536	-8.985624	-1.816181	0.860686
2537	-7.874248	-1.368917	0.734165
2538	-3.448947	-0.773534	0.501357
2539	-3.586103	-0.844982	0.540413
2540	-2.237572	-0.788608	0.515833
2541	7.749865	0.979909	0.480998
2542	8.031244	1.038379	0.507107
2543	6.428506	0.828139	0.471495
2544	9.030485	1.512602	0.761135
2545	8.984956	1.815031	0.860816
2546	7.873794	1.367312	0.734560
2547	3.453660	0.772764	0.501358
2548	3.590304	0.844296	0.540526
2549	2.240935	0.788230	0.515899
2550	6.887007	1.708548	0.866147
2551	4.587210	1.394504	0.809936
2552	5.767040	1.336739	0.771283
2553	-4.587289	1.394368	0.810231
2554	-6.886583	1.708494	0.866378
2555	-5.766772	1.336382	0.771891
2556	1.196494	0.909717	0.585358
2557	-1.196595	0.909605	0.585465
2558	0.000030	0.855075	0.555938
2559	-8.984079	1.815789	0.860855
2560	-9.029484	1.514567	0.761908
2561	-7.872261	1.367321	0.735431
2562	-7.951772	1.040555	0.512922
2563	-7.766100	1.000231	0.486907
2564	-6.395404	0.831468	0.471925
2565	-3.587736	0.843919	0.540679
2566	-3.450494	0.772361	0.501200
2567	-2.240433	0.787992	0.515958
