1	10.000000	-15.000000	0.000000
2	-10.000000	-15.000000	0.000000
3	10.000000	15.000000	0.000000
4	-10.000000	15.000000	0.000000
5	10.000000	-10.036444	0.000000
6	-10.000000	-10.036444	0.000000
7	10.000000	10.036443	0.000000
8	-10.000000	10.036443	0.000000
9	10.000000	-9.942461	0.822856
10	-10.000000	-9.942461	0.822856
11	10.000000	-0.829168	0.313924
14	-10.000000	0.829856	0.320181
15	10.000000	9.942461	0.822856
16	-10.000000	9.942461	0.822856
17	10.000000	-2.057698	0.900000
18	-10.000000	-2.057698	0.900000
19	10.000000	2.057696	0.900000
20	-10.000000	2.057698	0.900000
22	-10.000000	1.274235	0.045218
27	10.000000	-1.364886	0.037466
28	-10.000000	-1.398481	0.040145
29	0.000000	-10.000000	0.450000
30	0.000000	-5.440001	0.961308
31	0.000008	-0.555843	0.126912
32	-0.000007	0.000005	-0.017653
33	-0.000013	0.555935	0.126778
34	0.000000	5.440001	0.961308
35	-0.000000	10.000000	0.450000
36	10.000000	-4.129391	0.335403
37	-10.000000	-4.129492	0.335416
38	10.000000	4.129492	0.335416
39	-10.000000	4.129391	0.335403
42	0.000000	-5.150004	0.000000
43	0.006168	-0.064925	0.072233
44	0.000000	5.150004	0.000000
45	-0.000005	-0.799643	0.455964
46	0.000006	0.799660	0.455957
47	0.000000	0.000000	0.000000
48	-0.000000	-10.039709	0.000000
49	-0.000000	-9.918415	0.900000
50	-0.010098	-0.672401	0.226518
51	-0.000365	0.293398	0.018614
52	0.008388	0.672672	0.226261
53	0.000000	9.918415	0.900000
54	0.000000	10.039709	0.000000
55	10.000000	-10.000000	0.447602
56	-10.000000	-10.000000	0.447602
59	10.000000	10.000000	0.447602
60	-10.000000	10.000000	0.447602
61	10.000000	-5.510983	0.900000
62	-10.000000	-5.510983	0.900000
67	10.000000	5.510983	0.900000
68	-10.000000	5.510983	0.900000
69	10.000000	-5.227764	0.000000
70	-10.000000	-5.229404	0.000000
71	10.000000	5.221101	0.000000
72	-10.000000	5.221023	0.000000
73	-0.001267	0.284700	0.000000
78	-0.000401	-0.293468	0.018483
79	0.008651	-0.289884	0.000000
80	9.193230	-0.006420	-0.057843
81	-9.193685	-0.006701	-0.057874
82	0.000001	-0.961468	0.794516
83	-0.000001	0.961468	0.794516
84	10.000000	0.863975	0.496122
85	-10.000000	0.865494	0.495410
86	10.000000	-0.864703	0.495694
87	-10.000000	-0.864275	0.496065
88	4.414996	-10.000000	0.252338
89	4.411723	-10.000000	0.646862
90	-4.411723	-10.000000	0.646862
91	-4.414996	-10.000000	0.252338
92	4.413913	-7.451435	0.961308
93	4.403255	-3.432462	0.961308
94	-4.403255	-3.432462	0.961308
95	-4.413913	-7.451435	0.961308
96	4.509859	-0.618550	0.171488
97	4.280167	-0.453942	0.073215
98	-4.286996	-0.453618	0.073514
99	-4.506123	-0.618850	0.171335
100	4.549028	-0.131313	-0.009294
101	-4.551085	-0.131359	-0.009170
102	-4.536010	0.130935	-0.009827
103	4.535564	0.130845	-0.009623
104	4.292148	0.453917	0.072743
105	4.510550	0.618723	0.171569
106	-4.510898	0.618359	0.171622
107	-4.291000	0.454076	0.072869
108	4.403255	3.432462	0.961308
109	4.413913	7.451435	0.961308
110	-4.413913	7.451435	0.961308
111	-4.403255	3.432462	0.961308
112	4.414996	10.000000	0.252338
113	-4.414996	10.000000	0.252338
114	-4.411723	10.000000	0.646862
115	4.411723	10.000000	0.646862
116	10.000000	-6.834696	0.200104
118	10.000000	-2.788704	0.139315
119	10.000000	-2.163440	0.216619
120	10.000000	-2.840842	0.599779
121	10.000000	-6.718525	0.583137
122	-10.000000	-6.834711	0.200104
123	-10.000000	-6.718526	0.583137
124	-10.000000	-2.840834	0.599777
125	-10.000000	-2.163012	0.216304
127	-10.000000	-2.787198	0.139252
128	10.000000	6.834710	0.200103
129	10.000000	6.718526	0.583137
130	10.000000	2.840834	0.599777
131	10.000000	2.163295	0.216361
133	10.000000	2.787849	0.139245
134	-10.000000	6.834695	0.200104
136	-10.000000	2.787687	0.139241
137	-10.000000	2.163232	0.216565
138	-10.000000	2.840842	0.599779
139	-10.000000	6.718525	0.583137
148	4.413964	-7.292029	-0.000000
149	-4.413964	-7.292029	-0.000000
150	-4.403368	-3.014254	0.000001
151	4.403468	-3.014215	0.000001
152	3.878399	-0.147390	0.088951
153	-3.880959	-0.134393	0.086032
154	-4.063425	0.163922	0.085985
155	4.058244	0.163481	0.084105
156	4.413968	7.292027	-0.000000
157	4.404481	3.013716	0.000001
158	-4.404448	3.013736	0.000001
159	-4.413968	7.292027	-0.000000
160	4.485062	-0.874076	0.634016
161	4.459225	-0.732547	0.307216
162	-4.459272	-0.732710	0.307089
163	-4.485053	-0.874088	0.634013
164	4.458981	0.732508	0.307254
165	4.485059	0.874084	0.634014
166	-4.485063	0.874070	0.634017
167	-4.458727	0.732410	0.307342
168	5.177308	-10.039468	0.000000
169	5.176589	-9.920935	0.900000
170	5.316570	-0.673728	0.223172
171	5.521109	0.318227	0.027335
172	5.365534	0.674034	0.223787
173	5.176589	9.920935	0.900000
174	5.177308	10.039468	0.000000
175	10.000000	-10.000000	0.220961
176	-10.000000	-10.000000	0.220961
179	10.000000	10.000000	0.220961
180	-10.000000	10.000000	0.220961
181	10.000000	-7.800073	0.899995
182	-10.000000	-7.800073	0.899995
184	-9.426882	-0.818490	0.188120
186	-9.167442	0.853766	0.077122
187	10.000000	3.447747	0.900000
188	-10.000000	3.447747	0.900000
189	10.000000	-7.698753	0.000000
190	-10.000000	-7.698758	0.000000
191	10.000000	7.697889	0.000000
192	-10.000000	7.697865	0.000000
193	5.109820	0.417815	0.000000
196	10.000000	-0.389956	0.000000
197	-10.000000	-0.396816	0.000000
198	5.558663	-0.322612	0.029716
199	5.168995	-0.440927	0.000000
200	9.400557	-0.380178	-0.034391
201	-9.402493	-0.384737	-0.034091
202	5.350475	-1.079833	0.851385
203	5.350475	1.079833	0.851385
204	10.000000	0.824602	0.322224
206	10.000000	-1.093082	0.807628
207	-10.000000	-1.093072	0.807620
208	7.002456	-10.000000	0.145690
209	6.956501	-10.000000	0.742931
210	-6.956501	-10.000000	0.742931
211	-7.002456	-10.000000	0.145690
212	6.974836	-8.605470	0.960945
213	6.851936	-2.357358	0.960348
214	-6.851936	-2.357358	0.960348
215	-6.974836	-8.605470	0.960945
216	7.017373	-0.658194	0.189058
217	6.659125	-0.437293	0.057493
218	-6.354651	-0.414224	0.055641
219	-7.153098	-0.661379	0.188234
220	7.648662	-0.316982	0.013211
221	-7.659570	-0.318755	0.014358
222	-7.601135	0.304817	0.012785
223	7.611876	0.305576	0.011299
224	6.496290	0.417067	0.052219
225	7.141643	0.657888	0.190904
226	-6.949058	0.655903	0.191915
227	-6.290914	0.407607	0.051498
228	6.851937	2.357358	0.960348
229	6.974836	8.605470	0.960945
230	-6.974836	8.605470	0.960945
231	-6.851937	2.357358	0.960348
232	7.002456	10.000000	0.145690
233	-7.002456	10.000000	0.145690
234	-6.956501	10.000000	0.742931
235	6.956501	10.000000	0.742931
236	10.000000	-8.410298	0.121101
238	10.000000	-2.021164	0.062652
239	10.000000	-1.361346	0.154866
240	10.000000	-2.140754	0.747010
241	10.000000	-8.260212	0.730604
242	-10.000000	-8.410294	0.121100
243	-10.000000	-8.260212	0.730604
244	-10.000000	-2.140754	0.747010
245	-10.000000	-1.359826	0.155729
247	-10.000000	-1.939824	0.061612
248	10.000000	8.410291	0.121100
249	10.000000	8.260212	0.730604
250	10.000000	2.140754	0.747010
251	10.000000	1.353655	0.153692
253	10.000000	1.995917	0.062858
254	-10.000000	8.410295	0.121100
256	-10.000000	1.999167	0.062801
257	-10.000000	1.359392	0.155627
258	-10.000000	2.140754	0.747010
259	-10.000000	8.260212	0.730604
268	6.970809	-8.541383	-0.000000
269	-6.970809	-8.541383	-0.000000
270	-6.857897	-1.862431	0.000706
271	6.860602	-1.860934	0.000701
272	7.188611	-0.279184	-0.065397
273	-7.260058	-0.286441	-0.062864
274	-6.866249	0.253044	0.088969
275	6.887305	0.248402	0.076496
276	6.970820	8.541378	-0.000000
277	6.869723	1.852550	0.000649
278	-6.869321	1.852821	0.000649
279	-6.970820	8.541378	-0.000000
280	7.670483	-1.013470	0.771854
281	6.944538	-0.715549	0.256700
282	-6.938605	-0.716110	0.256635
283	-7.670494	-1.013472	0.771854
284	6.938996	0.714722	0.257632
285	7.670492	1.013469	0.771854
286	-7.670476	1.013471	0.771853
287	-6.938555	0.714687	0.257885
288	-5.177308	-10.039468	0.000000
289	-5.176589	-9.920935	0.900000
290	-5.376162	-0.674829	0.222886
291	-5.552058	0.321502	0.027606
292	-5.334086	0.673350	0.224096
293	-5.176589	9.920935	0.900000
294	-5.177308	10.039468	0.000000
295	10.000000	-10.000000	0.655355
296	-10.000000	-10.000000	0.655355
299	10.000000	10.000000	0.655355
300	-10.000000	10.000000	0.655355
301	10.000000	-3.447748	0.900000
302	-10.000000	-3.447748	0.900000
303	9.285912	-0.848083	0.133432
305	9.491666	0.845469	0.159292
307	10.000000	7.800073	0.899995
308	-10.000000	7.800073	0.899995
309	10.000000	-2.987231	0.000000
310	-10.000000	-2.998988	0.000000
311	10.000000	2.956175	0.000000
312	-10.000000	2.956208	0.000000
313	-5.161610	0.420619	0.000000
318	-5.566741	-0.322131	0.030910
319	-5.165064	-0.443418	0.000000
320	9.399632	0.355306	-0.037080
321	-9.399464	0.355998	-0.037113
322	-5.350476	-1.079833	0.851385
323	-5.350474	1.079833	0.851385
324	10.000000	1.093065	0.807614
325	-10.000000	1.093130	0.807647
327	-10.000000	-0.827050	0.326627
328	2.005833	-10.000000	0.359777
329	2.005730	-10.000000	0.540211
330	-2.005730	-10.000000	0.540211
331	-2.005833	-10.000000	0.359777
332	2.005840	-6.354614	0.961308
333	2.005583	-4.525461	0.961308
334	-2.005583	-4.525461	0.961308
335	-2.005840	-6.354614	0.961308
336	2.095452	-0.587656	0.149053
337	1.986744	-0.511036	0.100574
338	-1.986460	-0.511008	0.100609
339	-2.094428	-0.587678	0.149054
340	2.008582	-0.057761	-0.015879
341	-2.008598	-0.057757	-0.015885
342	-2.008128	0.057769	-0.016004
343	2.008066	0.057755	-0.015911
344	1.986579	0.511064	0.100472
345	2.094529	0.587778	0.148917
346	-2.095575	0.587777	0.148876
347	-1.986879	0.511114	0.100383
348	2.005583	4.525461	0.961308
349	2.005840	6.354614	0.961308
350	-2.005840	6.354614	0.961308
351	-2.005583	4.525461	0.961308
352	2.005833	10.000000	0.359777
353	-2.005833	10.000000	0.359777
354	-2.005730	10.000000	0.540211
355	2.005730	10.000000	0.540211
356	10.000000	-5.381236	0.273930
358	10.000000	-3.670856	0.221840
359	10.000000	-2.988632	0.297102
360	10.000000	-3.550060	0.459923
361	10.000000	-5.278328	0.445154
362	-10.000000	-5.381351	0.273936
363	-10.000000	-5.278334	0.445155
364	-10.000000	-3.550059	0.459926
365	-10.000000	-2.988929	0.297123
367	-10.000000	-3.671895	0.221871
368	10.000000	5.381350	0.273935
369	10.000000	5.278334	0.445155
370	10.000000	3.550059	0.459926
371	10.000000	2.988920	0.297121
373	10.000000	3.671862	0.221869
374	-10.000000	5.381235	0.273930
376	-10.000000	3.670837	0.221838
377	-10.000000	2.988628	0.297102
378	-10.000000	3.550060	0.459923
379	-10.000000	5.278328	0.445154
388	2.005842	-6.122930	0.000000
389	-2.005842	-6.122930	0.000000
390	-2.005578	-4.177301	0.000000
391	2.005578	-4.177301	0.000000
392	1.743417	-0.087306	0.093239
393	-1.759328	-0.092513	0.086635
394	-1.755614	0.089349	0.094544
395	1.761856	0.094234	0.087459
396	2.005844	6.122929	0.000000
397	2.005610	4.177285	0.000000
398	-2.005609	4.177285	0.000000
399	-2.005844	6.122929	0.000000
400	2.003662	-0.829739	0.539181
401	2.016016	-0.768475	0.380179
402	-2.016082	-0.768503	0.380162
403	-2.003666	-0.829745	0.539179
404	2.016029	0.768531	0.380145
405	2.003666	0.829750	0.539178
406	-2.003661	0.829741	0.539180
407	-2.015960	0.768509	0.380159
408	0.000000	-10.000000	0.228569
409	-2.489278	-10.000000	0.126433
410	2.489278	-10.000000	0.126433
411	0.000000	-7.692866	0.961308
412	-2.477066	-8.831284	0.960917
413	2.477066	-8.831284	0.960917
414	0.000003	-0.874637	0.656569
415	-2.694159	-0.925096	0.740077
416	2.694165	-0.925094	0.740078
417	0.000023	-0.620212	0.174038
418	-2.440848	-0.646346	0.198863
419	2.413315	-0.646361	0.198824
420	4.926586	-0.000040	-0.016855
421	7.370365	0.083462	-0.019165
422	7.375570	-0.084965	-0.018987
423	0.000520	0.439594	0.066454
424	-2.399307	0.370526	0.041289
425	2.396178	0.370370	0.041718
426	0.000125	0.720358	0.292705
427	-2.558518	0.694556	0.254300
428	2.558349	0.694658	0.254225
429	-0.000000	3.186752	0.961308
430	-2.451655	2.047361	0.960644
431	2.451655	2.047361	0.960644
432	4.942682	10.000000	0.449977
433	7.460913	10.000000	0.559935
434	7.466963	10.000000	0.339080
435	10.000000	-6.900977	0.384149
436	10.000000	-8.427708	0.524508
437	10.000000	-8.465170	0.309750
438	-10.000000	-4.730210	0.154040
439	-10.000000	-3.804576	0.072093
440	-10.000000	-6.144602	0.081149
441	10.000000	4.730125	0.154036
442	10.000000	3.803827	0.072059
443	10.000000	6.144438	0.081143
444	-10.000000	6.900977	0.384149
445	-10.000000	8.427708	0.524508
446	-10.000000	8.465170	0.309750
453	4.942577	-5.150686	0.000000
454	7.453136	-3.967243	0.000000
455	7.468322	-6.353984	0.000000
456	4.787985	0.040786	0.098312
457	7.357354	0.036722	-0.076379
458	7.292274	-0.060880	-0.080838
459	0.000000	7.548708	0.000000
460	-2.475731	8.781816	-0.000000
461	2.475731	8.781816	-0.000000
462	7.466963	-10.000000	0.339080
463	7.460913	-10.000000	0.559935
464	4.942682	-10.000000	0.449977
465	2.500261	-10.000000	0.762678
466	-2.500261	-10.000000	0.762678
467	0.000000	-10.000000	0.670722
468	-7.460913	-10.000000	0.559935
469	-7.466963	-10.000000	0.339080
470	-4.942682	-10.000000	0.449977
471	7.467507	-6.569487	0.961295
472	7.452414	-4.328786	0.961302
473	4.942572	-5.440514	0.961308
474	2.451655	-2.047361	0.960644
475	-2.451655	-2.047361	0.960644
476	0.000000	-3.186752	0.961308
477	-7.452414	-4.328786	0.961302
478	-7.467507	-6.569487	0.961295
479	-4.942572	-5.440514	0.961308
480	7.140584	-0.606770	0.143400
481	6.865803	-0.511767	0.088603
482	4.887885	-0.553408	0.124049
483	2.374712	-0.370350	0.042001
484	-2.369138	-0.370337	0.042145
485	-0.000633	-0.439603	0.066512
486	-6.861125	-0.509636	0.087977
487	-7.113583	-0.605942	0.142078
488	-4.873172	-0.553263	0.123850
489	2.569357	-0.216464	0.003258
490	-2.569514	-0.216419	0.003412
491	-0.000010	-0.141853	-0.009232
492	-7.376660	-0.085120	-0.018983
493	-7.370816	0.083542	-0.019087
494	-4.926619	-0.000025	-0.016924
495	-2.566379	0.216589	0.002401
496	2.558504	0.216344	0.002892
497	-0.000238	0.141860	-0.009323
498	6.912358	0.507794	0.093739
499	7.121964	0.602843	0.146795
500	4.876817	0.553149	0.123664
501	2.440649	0.646556	0.198612
502	-2.411068	0.646571	0.198559
503	-0.000019	0.620413	0.173815
504	-7.164526	0.600888	0.150726
505	-7.019099	0.509985	0.091782
506	-4.896315	0.553148	0.123843
507	7.452414	4.328786	0.961302
508	7.467507	6.569487	0.961295
509	4.942572	5.440514	0.961308
510	2.477066	8.831284	0.960917
511	-2.477066	8.831284	0.960917
512	0.000000	7.692866	0.961308
513	-7.467507	6.569487	0.961295
514	-7.452414	4.328786	0.961302
515	-4.942572	5.440514	0.961308
516	2.489278	10.000000	0.126433
517	-2.489278	10.000000	0.126433
518	-0.000000	10.000000	0.228569
519	-7.466963	10.000000	0.339080
520	-7.460913	10.000000	0.559935
521	-4.942682	10.000000	0.449977
522	-2.500261	10.000000	0.762678
523	2.500261	10.000000	0.762678
524	0.000000	10.000000	0.670722
525	10.000000	-6.144686	0.081150
526	10.000000	-3.807422	0.072127
527	10.000000	-4.730031	0.154045
531	10.000000	-1.765072	0.088786
534	10.000000	-1.550689	0.322720
535	10.000000	-1.641141	0.542221
536	10.000000	-2.351209	0.403747
537	10.000000	-3.992598	0.752789
538	10.000000	-6.163436	0.749445
539	10.000000	-4.694450	0.603414
540	-10.000000	-8.465170	0.309750
541	-10.000000	-8.427708	0.524508
542	-10.000000	-6.900980	0.384149
543	-10.000000	-6.163436	0.749445
544	-10.000000	-3.992597	0.752789
545	-10.000000	-4.694450	0.603414
546	-10.000000	-1.641137	0.542214
547	-10.000000	-1.550558	0.322497
548	-10.000000	-2.351154	0.403700
549	-10.000000	-1.403437	0.106824
555	10.000000	8.465170	0.309750
556	10.000000	8.427708	0.524508
557	10.000000	6.900980	0.384149
558	10.000000	6.163436	0.749445
559	10.000000	3.992597	0.752789
560	10.000000	4.694450	0.603414
561	10.000000	1.641134	0.542214
562	10.000000	1.550423	0.322461
563	10.000000	2.351152	0.403699
564	10.000000	1.449853	0.108714
570	-10.000000	6.144530	0.081145
571	-10.000000	3.804624	0.072068
572	-10.000000	4.729963	0.154042
576	-10.000000	1.749500	0.088847
579	-10.000000	1.550663	0.322629
580	-10.000000	1.641164	0.542222
581	-10.000000	2.351206	0.403746
582	-10.000000	3.992598	0.752789
583	-10.000000	6.163436	0.749445
584	-10.000000	4.694450	0.603414
603	2.475731	-8.781816	-0.000000
604	-2.475731	-8.781816	-0.000000
605	0.000000	-7.548708	0.000000
606	-7.468321	-6.353986	0.000000
607	-7.452798	-3.967509	0.000000
608	-4.942576	-5.150686	0.000000
609	-2.448188	-1.532620	-0.000000
610	2.448618	-1.532815	-0.000000
611	-0.000001	-2.752965	-0.000000
612	2.223295	-0.217600	0.081857
613	-2.213488	-0.212843	0.083883
614	0.000746	-0.153742	0.088963
615	-7.294383	-0.085443	-0.081907
616	-7.353658	0.039994	-0.076760
617	-4.772340	-0.010599	0.093368
618	-2.353354	0.222867	0.082535
619	2.344814	0.222992	0.082649
620	-0.000906	0.154642	0.088341
621	7.468495	6.353819	0.000000
622	7.454663	3.965492	0.000000
623	4.942665	5.150618	0.000000
624	2.450374	1.531715	-0.000000
625	-2.450290	1.531735	-0.000000
626	0.000003	2.752898	-0.000000
627	-7.454673	3.965507	0.000000
628	-7.468497	6.353817	0.000000
629	-4.942665	5.150618	0.000000
630	7.542073	-0.857755	0.559919
631	7.453920	-0.777392	0.367754
632	4.939988	-0.804177	0.458021
633	2.559839	-0.694433	0.254370
634	-2.561146	-0.694520	0.254252
635	-0.000199	-0.720196	0.292838
636	-7.452781	-0.777456	0.367751
637	-7.542100	-0.857776	0.559911
638	-4.940001	-0.804235	0.457993
639	7.452761	0.776931	0.368047
640	7.542127	0.857713	0.559934
641	4.939974	0.804182	0.458020
642	2.694159	0.925096	0.740077
643	-2.694167	0.925093	0.740078
644	-0.000003	0.874637	0.656568
645	-7.542043	0.857729	0.559931
646	-7.453848	0.776970	0.368044
647	-4.939985	0.804132	0.458043
648	7.704164	-10.038702	0.000000
649	7.702965	-9.927413	0.900000
650	7.722055	-0.714973	0.234376
651	8.207867	0.526436	0.050882
652	7.746994	0.714625	0.236472
653	7.702965	9.927413	0.900000
654	7.704166	10.038702	0.000000
655	10.000000	-10.000000	0.105295
656	-10.000000	-10.000000	0.105295
659	10.000000	10.000000	0.105295
660	-10.000000	10.000000	0.105295
661	10.000000	-8.929589	0.899850
662	-10.000000	-8.929589	0.899850
665	9.116641	0.827942	0.075162
667	10.000000	2.629174	0.900000
668	-10.000000	2.629174	0.900000
669	10.000000	-8.930262	0.000000
670	-10.000000	-8.930264	0.000000
671	10.000000	8.930060	0.000000
672	-10.000000	8.930061	0.000000
673	7.675461	0.710384	0.000000
676	10.000000	-0.824006	0.000000
677	-10.000000	-0.840502	0.000000
678	8.235869	-0.553429	0.050290
679	7.661005	-0.745376	0.000000
680	9.479260	-0.701551	0.018902
681	-9.483240	-0.712707	0.020210
682	7.857324	-1.393357	0.900000
683	7.857324	1.393357	0.900000
686	10.000000	-1.481607	0.900000
687	-10.000000	-1.481604	0.900000
688	8.394111	-10.000000	0.081684
689	8.278110	-10.000000	0.792935
690	-8.278110	-10.000000	0.792935
691	-8.394111	-10.000000	0.081684
692	8.378549	-9.225172	0.966769
693	8.187113	-1.984917	0.978163
694	-8.187113	-1.984917	0.978163
695	-8.378549	-9.225172	0.966769
696	8.338361	-0.722448	0.219283
697	8.174920	-0.549132	0.054332
698	-8.550952	-0.673293	0.055119
699	-8.417525	-0.727439	0.222199
700	8.891641	-0.616742	0.059996
701	-8.905390	-0.625679	0.063155
702	-8.858156	0.580010	0.061960
703	8.870278	0.581848	0.056688
704	8.141076	0.503184	0.059043
705	8.402025	0.723189	0.223652
706	-8.288095	0.720720	0.222748
707	-8.187108	0.521096	0.069915
708	8.187114	1.984916	0.978163
709	8.378549	9.225172	0.966769
710	-8.378549	9.225172	0.966769
711	-8.187114	1.984916	0.978163
712	8.394111	10.000000	0.081684
713	-8.394111	10.000000	0.081684
714	-8.278110	10.000000	0.792935
715	8.278110	10.000000	0.792935
716	10.000000	-9.213125	0.070639
719	10.000000	-0.945812	0.109733
720	10.000000	-1.904550	0.825430
721	10.000000	-9.039526	0.799325
722	-10.000000	-9.213124	0.070639
723	-10.000000	-9.039526	0.799325
724	-10.000000	-1.904550	0.825430
728	10.000000	9.213119	0.070638
729	10.000000	9.039526	0.799325
730	10.000000	1.904550	0.825430
734	-10.000000	9.213120	0.070638
737	-10.000000	0.920051	0.122319
738	-10.000000	1.904550	0.825429
739	-10.000000	9.039526	0.799325
748	8.365313	-9.232835	0.000000
749	-8.365313	-9.232835	0.000000
750	-8.207009	-1.443486	-0.008654
751	8.209922	-1.435457	-0.008620
752	8.726651	-0.654304	0.062638
753	-8.738145	-0.667303	0.061923
754	-8.591266	0.598521	-0.008984
755	8.618108	0.602418	-0.002340
756	8.365331	9.232827	0.000000
757	8.224490	1.407850	-0.008279
758	-8.223386	1.407669	-0.008270
759	-8.365331	9.232827	0.000000
760	8.926530	-1.333602	0.905180
761	7.909592	-0.720974	0.246718
762	-7.904364	-0.721596	0.247037
763	-8.926530	-1.333602	0.905180
764	7.909592	0.719431	0.248456
765	8.926529	1.333601	0.905179
766	-8.926529	1.333603	0.905180
767	-7.904917	0.720026	0.248790
768	-2.585967	-10.039668	0.000000
769	-2.586477	-9.918833	0.900000
770	-2.611835	-0.671376	0.225851
771	-2.657479	0.294143	0.019337
772	-2.591018	0.671596	0.225660
773	-2.586477	9.918833	0.900000
774	-2.585967	10.039668	0.000000
775	10.000000	-10.000000	0.556311
776	-10.000000	-10.000000	0.556311
779	10.000000	10.000000	0.556311
780	-10.000000	10.000000	0.556311
781	10.000000	-4.433515	0.900000
782	-10.000000	-4.433515	0.900000
786	-9.509285	0.847636	0.166765
787	10.000000	6.642286	0.899999
788	-10.000000	6.642286	0.899999
789	10.000000	-4.064801	0.000000
790	-10.000000	-4.070222	0.000000
791	10.000000	4.050052	0.000000
792	-10.000000	4.050090	0.000000
793	-2.560397	0.310194	0.000000
796	10.000000	0.342098	0.000000
797	-10.000000	0.343407	0.000000
798	-2.686751	-0.294453	0.020801
799	-2.552658	-0.317991	0.000000
800	9.394965	0.137983	-0.061264
801	-9.395874	0.138068	-0.061314
802	-2.674608	-0.980934	0.803600
803	-2.674609	0.980933	0.803601
804	10.000000	0.927386	0.636098
805	-10.000000	0.927767	0.636031
806	10.000000	-0.839441	0.393623
807	-10.000000	-0.838863	0.398121
808	3.184606	-10.000000	0.306911
809	3.183919	-10.000000	0.592958
810	-3.183919	-10.000000	0.592958
811	-3.184606	-10.000000	0.306911
812	3.184557	-6.891870	0.961308
813	3.182619	-3.988773	0.961308
814	-3.182619	-3.988773	0.961308
815	-3.184557	-6.891870	0.961308
816	3.307438	-0.602689	0.161522
817	3.145787	-0.483362	0.086674
818	-3.145641	-0.483253	0.086771
819	-3.302619	-0.602787	0.161482
820	3.209940	-0.092101	-0.013263
821	-3.210130	-0.092097	-0.013236
822	-3.206881	0.092062	-0.013556
823	3.206693	0.092024	-0.013375
824	3.146385	0.483358	0.086443
825	3.303389	0.602822	0.161407
826	-3.307814	0.602727	0.161392
827	-3.146585	0.483473	0.086350
828	3.182619	3.988773	0.961308
829	3.184557	6.891870	0.961308
830	-3.184557	6.891870	0.961308
831	-3.182619	3.988773	0.961308
832	3.184606	10.000000	0.306911
833	-3.184606	10.000000	0.306911
834	-3.183919	10.000000	0.592958
835	3.183919	10.000000	0.592958
836	10.000000	-6.086377	0.237488
838	10.000000	-3.230679	0.178906
839	10.000000	-2.559888	0.256861
840	10.000000	-3.199335	0.528242
841	10.000000	-5.973647	0.511794
842	-10.000000	-6.086446	0.237490
843	-10.000000	-5.973648	0.511794
844	-10.000000	-3.199324	0.528241
845	-10.000000	-2.560397	0.256785
847	-10.000000	-3.231993	0.178920
848	10.000000	6.086446	0.237490
849	10.000000	5.973648	0.511794
850	10.000000	3.199324	0.528241
851	10.000000	2.560387	0.256781
853	10.000000	3.231861	0.178907
854	-10.000000	6.086376	0.237488
856	-10.000000	3.230533	0.178894
857	-10.000000	2.559851	0.256853
858	-10.000000	3.199335	0.528242
859	-10.000000	5.973647	0.511794
868	3.184587	-6.694895	-0.000000
869	-3.184587	-6.694895	-0.000000
870	-3.182615	-3.606410	-0.000000
871	3.182621	-3.606407	-0.000000
872	2.837431	-0.125431	-0.091540
873	-2.838254	-0.126241	-0.095407
874	-2.873819	0.121073	-0.090531
875	2.867076	0.123683	-0.094486
876	3.184590	6.694894	-0.000000
877	3.182828	3.606307	-0.000000
878	-3.182823	3.606310	-0.000000
879	-3.184590	6.694894	-0.000000
880	3.192644	-0.849235	0.586622
881	3.204926	-0.750066	0.341460
882	-3.205065	-0.750139	0.341406
883	-3.192642	-0.849244	0.586620
884	3.204901	0.750115	0.341423
885	3.192644	0.849243	0.586621
886	-3.192645	0.849232	0.586623
887	-3.204780	0.750063	0.341463
888	-2.337816	-10.000000	0.233548
889	-1.264841	-10.000000	0.073843
890	3.590549	-10.000000	0.180242
891	-2.336739	-7.642339	0.961308
892	-1.261017	-9.391522	0.954514
893	3.583652	-8.207807	0.961301
894	-2.355265	-0.874971	0.651214
895	-1.463088	-0.942876	0.772338
896	3.722489	-0.902477	0.694617
897	-2.308794	-0.619399	0.173666
898	-1.239627	-0.657193	0.215162
899	3.502157	-0.630559	0.187273
900	4.836419	0.068441	-0.014932
901	8.407191	0.049472	-0.025234
902	6.132658	-0.112229	-0.012819
903	-2.296150	0.442537	0.067900
904	-1.268361	0.332044	0.029200
905	3.448056	0.410254	0.055885
906	-2.402522	0.722711	0.295526
907	-1.250042	0.681789	0.242723
908	3.730637	0.707439	0.271707
909	-2.332651	3.238067	0.961308
910	-1.247670	1.476840	0.947007
911	3.562961	2.675612	0.961298
912	4.830877	10.000000	0.554807
913	8.742127	10.000000	0.505124
914	6.079714	10.000000	0.289546
915	10.000000	-6.846215	0.485889
916	10.000000	-9.218392	0.487658
917	10.000000	-7.687862	0.248558
918	-10.000000	-3.690854	0.145233
919	-10.000000	-4.472127	0.036922
920	-10.000000	-6.568675	0.132453
921	10.000000	3.690582	0.145218
922	10.000000	4.469701	0.036874
923	10.000000	6.568658	0.132452
924	-10.000000	6.846215	0.485889
925	-10.000000	9.218392	0.487658
926	-10.000000	7.687862	0.248558
933	4.829460	-4.018817	-0.000000
934	8.736956	-4.571994	0.000000
935	6.080424	-6.889375	0.000000
936	4.598418	0.101611	-0.088946
937	8.810969	0.109369	-0.066943
938	5.947665	-0.139305	-0.091878
939	-2.336627	7.495011	0.000000
940	-1.260108	9.415358	0.000000
941	3.582981	8.102554	0.000000
942	8.746341	-10.000000	0.393373
943	6.074167	-10.000000	0.609577
944	4.832058	-10.000000	0.345036
945	1.264816	-10.000000	0.804156
946	-3.592560	-10.000000	0.716632
947	2.337685	-10.000000	0.665742
948	-8.742127	-10.000000	0.505124
949	-6.079714	-10.000000	0.289546
950	-4.830877	-10.000000	0.554807
951	8.745557	-6.024058	0.959566
952	6.065511	-3.816631	0.961309
953	4.832349	-6.505331	0.961308
954	1.247670	-1.476840	0.947007
955	-3.562961	-2.675612	0.961298
956	2.332651	-3.238067	0.961308
957	-8.736102	-4.897303	0.959783
958	-6.079819	-7.072858	0.961309
959	-4.829452	-4.376526	0.961308
960	8.165949	-0.643312	0.132406
961	5.787207	-0.476970	0.080948
962	4.863352	-0.593272	0.151416
963	1.309226	-0.332005	0.029460
964	-3.423867	-0.410480	0.056789
965	2.292010	-0.442530	0.068336
966	-8.005641	-0.627432	0.100398
967	-6.119929	-0.615150	0.161078
968	-4.731384	-0.503669	0.096240
969	1.303196	-0.254862	0.009851
970	-3.725045	-0.176915	-0.002531
971	2.372742	-0.138886	-0.008830
972	-8.412790	-0.053796	-0.025279
973	-6.124293	0.111427	-0.013129
974	-4.839478	-0.068607	-0.014765
975	-1.297892	0.254852	0.009542
976	3.711396	0.176707	-0.003155
977	-2.369097	0.138913	-0.009200
978	7.957716	0.603806	0.113726
979	6.114927	0.614026	0.162650
980	4.740225	0.503695	0.095670
981	1.240090	0.657422	0.214922
982	-3.499668	0.630611	0.187123
983	2.307744	0.619558	0.173449
984	-8.490790	0.690557	0.149334
985	-5.850566	0.476956	0.080669
986	-4.868252	0.593010	0.151518
987	8.736102	4.897303	0.959783
988	6.079819	7.072858	0.961309
989	4.829452	4.376526	0.961308
990	1.261017	9.391522	0.954514
991	-3.583652	8.207807	0.961301
992	2.336739	7.642339	0.961308
993	-8.745557	6.024058	0.959566
994	-6.065511	3.816631	0.961309
995	-4.832349	6.505331	0.961308
996	1.264841	10.000000	0.073843
997	-3.590549	10.000000	0.180242
998	2.337816	10.000000	0.233548
999	-8.746341	10.000000	0.393373
1000	-6.074167	10.000000	0.609577
1001	-4.832058	10.000000	0.345036
1002	-1.264816	10.000000	0.804156
1003	3.592560	10.000000	0.716632
1004	-2.337685	10.000000	0.665742
1005	10.000000	-5.672196	0.038823
1006	10.000000	-3.246166	0.105841
1007	10.000000	-5.824907	0.169703
1012	10.000000	-2.069520	0.140521
1014	10.000000	-1.207234	0.392183
1015	10.000000	-2.155894	0.577712
1016	10.000000	-2.255492	0.305332
1017	10.000000	-4.718223	0.825842
1018	10.000000	-6.479549	0.670194
1019	10.000000	-3.706684	0.605669
1020	-10.000000	-9.230361	0.377845
1021	-10.000000	-7.609449	0.557830
1022	-10.000000	-6.913093	0.286222
1023	-10.000000	-5.823772	0.825295
1024	-10.000000	-3.349743	0.679374
1025	-10.000000	-5.727158	0.597046
1026	-10.000000	-1.229660	0.506155
1027	-10.000000	-1.870500	0.265079
1028	-10.000000	-2.517851	0.506175
1029	-10.000000	-1.030843	0.044286
1035	10.000000	9.230361	0.377845
1036	10.000000	7.609449	0.557830
1037	10.000000	6.913093	0.286222
1038	10.000000	5.823772	0.825295
1039	10.000000	3.349743	0.679374
1040	10.000000	5.727158	0.597046
1041	10.000000	1.229605	0.506154
1042	10.000000	1.870442	0.265134
1043	10.000000	2.517850	0.506175
1044	10.000000	1.274305	0.044287
1050	-10.000000	5.671072	0.038807
1051	-10.000000	3.244043	0.105769
1052	-10.000000	5.824896	0.169702
1057	-10.000000	2.067202	0.140300
1059	-10.000000	1.207587	0.392051
1060	-10.000000	2.155896	0.577712
1061	-10.000000	2.255444	0.305321
1062	-10.000000	4.718223	0.825842
1063	-10.000000	6.479549	0.670194
1064	-10.000000	3.706684	0.605669
1083	1.260108	-9.415358	0.000000
1084	-3.582980	-8.102554	0.000000
1085	2.336626	-7.495011	0.000000
1086	-8.746200	-5.774458	-0.000000
1087	-6.065795	-3.422790	0.000001
1088	-4.832514	-6.283780	-0.000000
1089	-1.235063	-0.904817	0.000000
1090	3.562680	-2.207517	0.000000
1091	-2.332568	-2.807562	-0.000000
1092	1.147983	-0.207127	-0.113366
1093	-3.106673	-0.183557	-0.088770
1094	2.048732	-0.155162	0.088912
1095	-8.426773	-0.031062	0.027722
1096	-5.695349	0.105904	0.087401
1097	-4.537798	-0.073238	-0.095820
1098	-1.228732	0.216733	-0.117632
1099	3.315180	0.189926	-0.088304
1100	-2.121774	0.155042	0.087650
1101	8.746818	5.773292	-0.000000
1102	6.067399	3.421630	0.000001
1103	4.832535	6.283766	-0.000000
1104	1.237729	0.902462	0.000000
1105	-3.564502	2.206805	0.000000
1106	2.332998	2.807396	-0.000000
1107	-8.738299	4.568894	0.000000
1108	-6.080456	6.889353	0.000000
1109	-4.829785	4.018601	-0.000000
1110	8.803664	-0.851402	0.519177
1111	6.081053	-0.751711	0.331929
1112	4.841313	-0.839737	0.551454
1113	1.248345	-0.681564	0.242959
1114	-3.731316	-0.707563	0.271550
1115	2.402965	-0.722641	0.295577
1116	-8.746802	-0.810533	0.415148
1117	-6.155123	-0.867441	0.601336
1118	-4.833678	-0.767422	0.371192
1119	8.746933	0.810024	0.415353
1120	6.155135	0.867422	0.601343
1121	4.833541	0.767289	0.371279
1122	1.463088	0.942876	0.772338
1123	-3.722491	0.902476	0.694618
1124	2.355266	0.874972	0.651213
1125	-8.803440	0.851476	0.519167
1126	-6.080136	0.751382	0.332205
1127	-4.841316	0.839722	0.551459
1128	2.585967	-10.039668	0.000000
1129	2.586477	-9.918833	0.900000
1130	2.583946	-0.671380	0.225856
1131	2.653520	0.293973	0.019905
1132	2.609823	0.671617	0.225668
1133	2.586477	9.918833	0.900000
1134	2.585967	10.039668	0.000000
1135	10.000000	-10.000000	0.335010
1136	-10.000000	-10.000000	0.335010
1139	10.000000	10.000000	0.335010
1140	-10.000000	10.000000	0.335010
1141	10.000000	-6.642286	0.899999
1142	-10.000000	-6.642286	0.899999
1143	9.619990	-0.866918	0.161178
1147	10.000000	4.433514	0.900000
1148	-10.000000	4.433514	0.900000
1149	10.000000	-6.445877	0.000000
1150	-10.000000	-6.446346	0.000000
1151	10.000000	6.443376	0.000000
1152	-10.000000	6.443355	0.000000
1153	2.547557	0.309805	0.000000
1156	10.000000	-0.022603	0.000000
1157	-10.000000	-0.024803	0.000000
1158	2.682749	-0.294489	0.020590
1159	2.560735	-0.318031	0.000000
1160	9.389772	-0.158105	-0.059858
1161	-9.391281	-0.159726	-0.059846
1162	2.674609	-0.980933	0.803600
1163	2.674608	0.980934	0.803600
1164	10.000000	0.837575	0.396798
1165	-10.000000	0.841119	0.395422
1166	10.000000	-0.927486	0.636039
1167	-10.000000	-0.927430	0.636092
1168	5.681037	-10.000000	0.198186
1169	5.668616	-10.000000	0.698364
1170	-5.668616	-10.000000	0.698364
1171	-5.681037	-10.000000	0.198186
1172	5.673065	-8.022028	0.961317
1173	5.629469	-2.876850	0.961330
1174	-5.629469	-2.876850	0.961330
1175	-5.673065	-8.022028	0.961317
1176	5.705750	-0.633375	0.181478
1177	5.241602	-0.425319	0.060333
1178	-5.337370	-0.424734	0.060921
1179	-5.767497	-0.634326	0.180853
1180	6.092233	-0.189645	-0.003061
1181	-6.099723	-0.190147	-0.002667
1182	-6.059651	0.187104	-0.003658
1183	6.062199	0.187043	-0.003784
1184	5.374133	0.426490	0.060049
1185	5.757917	0.633526	0.182177
1186	-5.674773	0.632497	0.182725
1187	-5.354396	0.425865	0.060650
1188	5.629469	2.876850	0.961330
1189	5.673065	8.022028	0.961317
1190	-5.673065	8.022028	0.961317
1191	-5.629469	2.876850	0.961330
1192	5.681037	10.000000	0.198186
1193	-5.681037	10.000000	0.198186
1194	-5.668616	10.000000	0.698364
1195	5.668616	10.000000	0.698364
1196	10.000000	-7.612715	0.161950
1198	10.000000	-2.397258	0.101067
1199	10.000000	-1.771138	0.179521
1200	10.000000	-2.480573	0.672875
1201	10.000000	-7.487007	0.656753
1202	-10.000000	-7.612712	0.161950
1203	-10.000000	-7.487007	0.656753
1204	-10.000000	-2.480572	0.672875
1205	-10.000000	-1.766690	0.178539
1207	-10.000000	-2.381957	0.100632
1208	10.000000	7.612710	0.161950
1209	10.000000	7.487007	0.656753
1210	10.000000	2.480572	0.672875
1211	10.000000	1.768181	0.179075
1213	10.000000	2.390245	0.100911
1214	-10.000000	7.612713	0.161950
1216	-10.000000	2.391026	0.100848
1217	-10.000000	1.770827	0.179444
1218	-10.000000	2.480573	0.672875
1219	-10.000000	7.487007	0.656753
1228	5.672593	-7.905011	-0.000000
1229	-5.672593	-7.905011	-0.000000
1230	-5.630464	-2.421314	-0.000029
1231	5.631192	-2.421024	-0.000029
1232	5.518700	-0.105768	0.030996
1233	-5.540880	-0.124435	0.035619
1234	-5.304805	0.190606	-0.080790
1235	5.275884	0.197563	-0.083831
1236	5.672601	7.905008	-0.000000
1237	5.634924	2.418946	-0.000027
1238	-5.634779	2.419041	-0.000027
1239	-5.672601	7.905008	-0.000000
1240	6.001156	-0.912805	0.685020
1241	5.738295	-0.719205	0.278784
1242	-5.736218	-0.719545	0.278604
1243	-6.001162	-0.912816	0.685016
1244	5.736312	0.718927	0.279119
1245	6.001168	0.912811	0.685018
1246	-6.001148	0.912801	0.685021
1247	-5.735408	0.718777	0.279266
1248	-7.704164	-10.038702	0.000000
1249	-7.702965	-9.927413	0.900000
1250	-7.759306	-0.717821	0.235584
1252	-7.706096	0.714116	0.236272
1253	-7.702965	9.927413	0.900000
1254	-7.704166	10.038702	0.000000
1255	10.000000	-10.000000	0.748466
1256	-10.000000	-10.000000	0.748466
1259	10.000000	10.000000	0.748466
1260	-10.000000	10.000000	0.748466
1261	10.000000	-2.629175	0.900000
1262	-10.000000	-2.629175	0.900000
1263	9.151131	-0.882886	0.065126
1264	-9.391370	-0.922888	0.086192
1267	10.000000	8.929589	0.899850
1268	-10.000000	8.929589	0.899850
1269	10.000000	-2.057541	0.000000
1270	-10.000000	-2.081384	0.000000
1271	10.000000	2.000689	0.000000
1272	-10.000000	2.000708	0.000000
1273	-7.626828	0.701992	0.000000
1276	10.000000	0.764973	0.000000
1277	-10.000000	0.765169	0.000000
1278	-8.235588	-0.554521	0.050221
1279	-7.685566	-0.760348	0.000000
1280	9.472092	0.660744	0.015238
1281	-9.469115	0.661649	0.015660
1282	-7.857325	-1.393357	0.900000
1283	-7.857323	1.393357	0.900000
1284	10.000000	1.481602	0.900000
1285	-10.000000	1.481618	0.900000
1288	0.923102	-10.000000	0.408466
1289	0.923090	-10.000000	0.491534
1290	-0.923090	-10.000000	0.491534
1291	-0.923102	-10.000000	0.408466
1292	0.923104	-5.860931	0.961308
1293	0.923084	-5.019076	0.961308
1294	-0.923084	-5.019076	0.961308
1295	-0.923104	-5.860931	0.961308
1296	0.956209	-0.571738	0.138052
1297	0.908418	-0.535613	0.114411
1298	-0.908306	-0.535608	0.114421
1299	-0.956110	-0.571742	0.138053
1300	0.922930	-0.026604	-0.017241
1301	-0.922946	-0.026602	-0.017253
1302	-0.922910	0.026615	-0.017286
1303	0.922876	0.026612	-0.017257
1304	0.908333	0.535675	0.114306
1305	0.956113	0.571847	0.137916
1306	-0.956221	0.571855	0.137896
1307	-0.908485	0.535691	0.114274
1308	0.923084	5.019076	0.961308
1309	0.923104	5.860931	0.961308
1310	-0.923104	5.860931	0.961308
1311	-0.923084	5.019076	0.961308
1312	0.923102	10.000000	0.408466
1313	-0.923102	10.000000	0.408466
1314	-0.923090	10.000000	0.491534
1315	0.923090	10.000000	0.491534
1316	10.000000	-4.727995	0.307692
1318	10.000000	-3.978726	0.275563
1319	10.000000	-3.526833	0.323642
1320	10.000000	-3.873017	0.395507
1321	10.000000	-4.659065	0.385844
1322	-10.000000	-4.728132	0.307702
1323	-10.000000	-4.659090	0.385847
1324	-10.000000	-3.873057	0.395516
1325	-10.000000	-3.527017	0.323674
1327	-10.000000	-3.979185	0.275589
1328	10.000000	4.728132	0.307702
1329	10.000000	4.659090	0.385847
1330	10.000000	3.873057	0.395516
1331	10.000000	3.527016	0.323674
1333	10.000000	3.979183	0.275589
1334	-10.000000	4.727995	0.307692
1336	-10.000000	3.978724	0.275562
1337	-10.000000	3.526832	0.323641
1338	-10.000000	3.873017	0.395506
1339	-10.000000	4.659065	0.385844
1348	0.923102	-5.597727	0.000000
1349	-0.923102	-5.597727	0.000000
1350	-0.923085	-4.702311	-0.000000
1351	0.923085	-4.702311	-0.000000
1352	0.741760	-0.104155	-0.065307
1353	-0.753400	-0.100841	-0.062065
1354	-0.718037	0.098975	-0.059394
1355	0.737203	0.100149	-0.054623
1356	0.923103	5.597727	0.000000
1357	0.923088	4.702309	-0.000000
1358	-0.923088	4.702309	-0.000000
1359	-0.923103	5.597727	0.000000
1360	0.919181	-0.813415	0.494408
1361	0.928089	-0.785497	0.419847
1362	-0.928116	-0.785505	0.419844
1363	-0.919188	-0.813418	0.494407
1364	0.928107	0.785532	0.419830
1365	0.919189	0.813429	0.494403
1366	-0.919181	0.813424	0.494405
1367	-0.928074	0.785525	0.419834
1368	2.337816	-10.000000	0.233548
1369	-3.590549	-10.000000	0.180242
1370	1.264841	-10.000000	0.073843
1371	2.336739	-7.642339	0.961308
1372	-3.583652	-8.207807	0.961301
1373	1.261017	-9.391522	0.954514
1374	2.355271	-0.874967	0.651214
1375	-3.722480	-0.902483	0.694616
1376	1.463095	-0.942875	0.772338
1377	2.308122	-0.619363	0.173633
1378	-3.523963	-0.630717	0.187215
1379	1.227539	-0.657221	0.215152
1380	4.839329	-0.068610	-0.014775
1381	6.123698	0.111347	-0.013127
1382	8.411835	-0.053597	-0.025183
1383	2.298763	0.442472	0.068161
1384	-3.443894	0.410298	0.055528
1385	1.279811	0.331976	0.029470
1386	2.402727	0.722769	0.295480
1387	-3.731025	0.707318	0.271790
1388	1.252906	0.681787	0.242721
1389	2.332651	3.238067	0.961308
1390	-3.562961	2.675612	0.961298
1391	1.247670	1.476840	0.947007
1392	4.832058	10.000000	0.345036
1393	6.074167	10.000000	0.609577
1394	8.746341	10.000000	0.393373
1395	10.000000	-6.913081	0.286221
1396	10.000000	-7.609449	0.557830
1397	10.000000	-9.230361	0.377845
1398	-10.000000	-5.824973	0.169702
1399	-10.000000	-3.243680	0.105778
1400	-10.000000	-5.671964	0.038826
1401	10.000000	5.824961	0.169701
1402	10.000000	3.243580	0.105756
1403	10.000000	5.670878	0.038807
1404	-10.000000	6.913081	0.286221
1405	-10.000000	7.609449	0.557830
1406	-10.000000	9.230361	0.377845
1413	4.832514	-6.283780	-0.000000
1414	6.066015	-3.422655	0.000001
1415	8.746308	-5.774360	-0.000000
1416	4.542917	-0.074296	-0.089470
1417	5.688796	0.107178	0.082171
1418	8.431326	-0.025495	0.033098
1419	2.336627	7.495011	0.000000
1420	-3.582981	8.102554	0.000000
1421	1.260108	9.415358	0.000000
1422	6.079714	-10.000000	0.289546
1423	8.742127	-10.000000	0.505124
1424	4.830877	-10.000000	0.554807
1425	3.592560	-10.000000	0.716632
1426	-1.264816	-10.000000	0.804156
1427	-2.337685	-10.000000	0.665742
1428	-6.074167	-10.000000	0.609577
1429	-8.746341	-10.000000	0.393373
1430	-4.832058	-10.000000	0.345036
1431	6.079819	-7.072858	0.961309
1432	8.736102	-4.897303	0.959783
1433	4.829452	-4.376526	0.961308
1434	3.562961	-2.675612	0.961298
1435	-1.247670	-1.476840	0.947007
1436	-2.332651	-3.238067	0.961308
1437	-6.065511	-3.816631	0.961309
1438	-8.745557	-6.024058	0.959566
1439	-4.832349	-6.505331	0.961308
1440	6.124344	-0.614545	0.161435
1441	7.936990	-0.592141	0.098939
1442	4.743219	-0.503954	0.096230
1443	3.411084	-0.410504	0.056412
1444	-1.311452	-0.332008	0.029443
1445	-2.294729	-0.442501	0.068444
1446	-5.749685	-0.477185	0.081116
1447	-7.932669	-0.634950	0.111810
1448	-4.847230	-0.593488	0.151280
1449	3.724367	-0.176963	-0.002731
1450	-1.303696	-0.254856	0.009864
1451	-2.372854	-0.138871	-0.008770
1452	-6.133840	-0.112330	-0.012725
1453	-8.407665	0.049548	-0.025319
1454	-4.836562	0.068478	-0.015063
1455	-3.718432	0.177043	-0.003499
1456	1.294439	0.254777	0.009805
1457	2.368040	0.138838	-0.008956
1458	5.790374	0.477126	0.080442
1459	7.940539	0.609652	0.132317
1460	4.848982	0.593251	0.151407
1461	3.523643	0.630764	0.187134
1462	-1.228585	0.657462	0.214908
1463	-2.306796	0.619541	0.173379
1464	-6.145715	0.613752	0.163140
1465	-8.095148	0.562280	0.117337
1466	-4.758081	0.503889	0.095889
1467	6.065511	3.816631	0.961309
1468	8.745557	6.024058	0.959566
1469	4.832349	6.505331	0.961308
1470	3.583652	8.207807	0.961301
1471	-1.261017	9.391522	0.954514
1472	-2.336739	7.642339	0.961308
1473	-6.079819	7.072858	0.961309
1474	-8.736102	4.897303	0.959783
1475	-4.829452	4.376526	0.961308
1476	3.590549	10.000000	0.180242
1477	-1.264841	10.000000	0.073843
1478	-2.337816	10.000000	0.233548
1479	-6.079714	10.000000	0.289546
1480	-8.742127	10.000000	0.505124
1481	-4.830877	10.000000	0.554807
1482	-3.592560	10.000000	0.716632
1483	1.264816	10.000000	0.804156
1484	2.337685	10.000000	0.665742
1485	10.000000	-6.568689	0.132454
1486	10.000000	-4.474115	0.036913
1487	10.000000	-3.690657	0.145246
1493	10.000000	-2.520493	0.182040
1494	10.000000	-1.870918	0.265453
1495	10.000000	-1.229716	0.506180
1496	10.000000	-2.517876	0.506186
1497	10.000000	-3.349745	0.679374
1498	10.000000	-5.823772	0.825295
1499	10.000000	-5.727157	0.597046
1500	-10.000000	-7.687864	0.248558
1501	-10.000000	-9.218392	0.487658
1502	-10.000000	-6.846216	0.485889
1503	-10.000000	-6.479549	0.670194
1504	-10.000000	-4.718223	0.825842
1505	-10.000000	-3.706682	0.605669
1506	-10.000000	-2.155891	0.577708
1507	-10.000000	-1.207131	0.392032
1508	-10.000000	-2.255484	0.305184
1511	-10.000000	-2.520842	0.181938
1515	10.000000	7.687864	0.248558
1516	10.000000	9.218392	0.487658
1517	10.000000	6.846216	0.485889
1518	10.000000	6.479549	0.670194
1519	10.000000	4.718223	0.825842
1520	10.000000	3.706682	0.605669
1521	10.000000	2.155891	0.577708
1522	10.000000	1.206922	0.392000
1523	10.000000	2.255484	0.305180
1526	10.000000	2.521559	0.181983
1530	-10.000000	6.568672	0.132453
1531	-10.000000	4.470258	0.036874
1532	-10.000000	3.690354	0.145230
1538	-10.000000	2.520154	0.181996
1539	-10.000000	1.870694	0.265408
1540	-10.000000	1.229959	0.506165
1541	-10.000000	2.517876	0.506186
1542	-10.000000	3.349745	0.679374
1543	-10.000000	5.823772	0.825295
1544	-10.000000	5.727157	0.597046
1563	3.582980	-8.102554	0.000000
1564	-1.260108	-9.415358	0.000000
1565	-2.336626	-7.495011	0.000000
1566	-6.080424	-6.889375	0.000000
1567	-8.736576	-4.572548	0.000000
1568	-4.829442	-4.018828	-0.000000
1569	-3.562425	-2.207539	0.000000
1570	1.236851	-0.905387	0.000000
1571	2.332581	-2.807559	-0.000000
1572	3.146306	-0.164964	-0.085564
1573	-1.138525	-0.215983	-0.113773
1574	-2.052120	-0.153578	0.087312
1575	-5.939654	-0.132097	-0.092151
1576	-8.813036	0.107081	-0.064321
1577	-4.592475	0.105713	-0.083781
1578	-3.321553	0.189966	-0.088019
1579	1.220624	0.216642	-0.117520
1580	2.118640	0.155017	0.087128
1581	6.080456	6.889353	0.000000
1582	8.738284	4.568909	0.000000
1583	4.829786	4.018597	-0.000000
1584	3.564585	2.206776	0.000000
1585	-1.238143	0.902451	0.000000
1586	-2.332985	2.807400	-0.000000
1587	-6.067392	3.421655	0.000001
1588	-8.746823	5.773280	-0.000000
1589	-4.832535	6.283766	-0.000000
1590	6.155122	-0.867414	0.601345
1591	8.747640	-0.810949	0.414904
1592	4.833657	-0.767316	0.371264
1593	3.732816	-0.707379	0.271675
1594	-1.251640	-0.681559	0.242961
1595	-2.403119	-0.722719	0.295512
1596	-6.080379	-0.751911	0.331804
1597	-8.803594	-0.851253	0.519241
1598	-4.841311	-0.839765	0.551445
1599	6.080177	0.751491	0.332099
1600	8.803628	0.851083	0.519304
1601	4.841313	0.839749	0.551451
1602	3.722483	0.902482	0.694616
1603	-1.463096	0.942875	0.772338
1604	-2.355273	0.874966	0.651214
1605	-6.155119	0.867400	0.601350
1606	-8.748096	0.810918	0.414999
1607	-4.833563	0.767213	0.371332
1608	-0.000000	-10.000000	0.125490
1609	1.223479	-10.000000	0.174379
1610	-1.223479	-10.000000	0.174379
1611	0.000000	-8.842232	0.960855
1612	1.221295	-8.268282	0.961291
1613	-1.221295	-8.268282	0.961291
1614	0.000003	-0.919692	0.741356
1615	1.250545	-0.897564	0.701385
1616	-1.250539	-0.897565	0.701384
1617	-0.006556	-0.647291	0.199305
1618	1.190704	-0.631229	0.188876
1619	-1.198450	-0.631221	0.188897
1620	7.344503	-0.000488	-0.021625
1621	6.168012	-0.037244	-0.017511
1622	6.166173	0.036910	-0.017600
1623	-0.001930	0.369693	0.040748
1624	1.195900	0.405831	0.053512
1625	-1.194480	0.405862	0.053298
1626	0.000424	0.695633	0.255145
1627	1.288804	0.704963	0.271507
1628	-1.288549	0.704922	0.271540
1629	-0.000000	2.032773	0.960465
1630	1.216352	2.610563	0.961278
1631	-1.216352	2.610563	0.961278
1632	7.489655	10.000000	0.449794
1633	6.211511	10.000000	0.395144
1634	6.210330	10.000000	0.504651
1635	10.000000	-8.446627	0.415935
1636	10.000000	-7.682150	0.347485
1637	10.000000	-7.657657	0.452487
1638	-10.000000	-4.931492	0.075684
1639	-10.000000	-5.404063	0.118152
1640	-10.000000	-4.263409	0.111219
1641	10.000000	4.930841	0.075666
1642	10.000000	5.403941	0.118147
1643	10.000000	4.262927	0.111203
1644	-10.000000	8.446627	0.415935
1645	-10.000000	7.682150	0.347485
1646	-10.000000	7.657657	0.452487
1653	7.487944	-5.156194	-0.000000
1654	6.211777	-5.743604	0.000000
1655	6.208509	-4.561452	-0.000000
1656	7.322464	0.040215	0.086809
1657	6.083615	-0.057996	0.074318
1658	6.024986	0.040184	-0.082632
1659	0.000000	8.793365	0.000000
1660	1.221038	8.166732	-0.000000
1661	-1.221038	8.166732	-0.000000
1662	6.210330	-10.000000	0.504651
1663	6.211511	-10.000000	0.395144
1664	7.489655	-10.000000	0.449794
1665	-1.224636	-10.000000	0.722431
1666	1.224636	-10.000000	0.722431
1667	-0.000000	-10.000000	0.763526
1668	-6.211511	-10.000000	0.395144
1669	-6.210330	-10.000000	0.504651
1670	-7.489655	-10.000000	0.449794
1671	6.208487	-4.886636	0.961308
1672	6.211603	-5.997484	0.961308
1673	7.487714	-5.445344	0.961287
1674	-1.216352	-2.610563	0.961278
1675	1.216352	-2.610563	0.961278
1676	0.000000	-2.032773	0.960465
1677	-6.211603	-5.997484	0.961308
1678	-6.208487	-4.886636	0.961308
1679	-7.487714	-5.445344	0.961287
1680	6.033734	-0.531848	0.107823
1681	6.094082	-0.578026	0.135629
1682	7.200491	-0.570375	0.115250
1683	-1.191080	-0.405874	0.053569
1684	1.189012	-0.405863	0.053535
1685	0.001091	-0.369640	0.040669
1686	-6.044738	-0.578068	0.135278
1687	-6.002182	-0.530493	0.106562
1688	-7.008633	-0.561933	0.114281
1689	-1.248544	-0.178649	-0.004040
1690	1.248469	-0.178658	-0.004075
1691	-0.000038	-0.216649	0.001809
1692	-6.166299	0.036938	-0.017650
1693	-6.168197	-0.037246	-0.017534
1694	-7.344794	-0.000485	-0.021650
1695	1.244648	0.178629	-0.004135
1696	-1.246231	0.178693	-0.004355
1697	-0.000917	0.216625	0.001810
1698	6.049800	0.577277	0.136128
1699	6.010600	0.529998	0.106946
1700	7.020222	0.558778	0.119750
1701	-1.190554	0.631439	0.188643
1702	1.198346	0.631422	0.188682
1703	0.006440	0.647540	0.199058
1704	-6.090121	0.531445	0.107838
1705	-6.105954	0.576819	0.136223
1706	-7.408699	0.570421	0.124488
1707	6.211603	5.997484	0.961308
1708	6.208487	4.886636	0.961308
1709	7.487714	5.445344	0.961287
1710	-1.221295	8.268282	0.961291
1711	1.221295	8.268282	0.961291
1712	-0.000000	8.842232	0.960855
1713	-6.208487	4.886636	0.961308
1714	-6.211603	5.997484	0.961308
1715	-7.487714	5.445344	0.961287
1716	-1.223479	10.000000	0.174379
1717	1.223479	10.000000	0.174379
1718	0.000000	10.000000	0.125490
1719	-6.210330	10.000000	0.504651
1720	-6.211511	10.000000	0.395144
1721	-7.489655	10.000000	0.449794
1722	1.224636	10.000000	0.722431
1723	-1.224636	10.000000	0.722431
1724	-0.000000	10.000000	0.763526
1725	10.000000	-4.263662	0.111231
1726	10.000000	-5.404111	0.118156
1727	10.000000	-4.931840	0.075688
1734	10.000000	-2.003589	0.469168
1735	10.000000	-1.931220	0.362147
1736	10.000000	-1.585011	0.427782
1737	10.000000	-5.406574	0.675585
1738	10.000000	-4.343815	0.678410
1739	10.000000	-5.059600	0.751258
1740	-10.000000	-7.657657	0.452487
1741	-10.000000	-7.682152	0.347485
1742	-10.000000	-8.446627	0.415935
1743	-10.000000	-4.343815	0.678410
1744	-10.000000	-5.406574	0.675585
1745	-10.000000	-5.059600	0.751258
1746	-10.000000	-1.931208	0.362031
1747	-10.000000	-2.003583	0.469142
1748	-10.000000	-1.585007	0.427734
1749	-10.000000	-2.058877	0.139746
1755	10.000000	7.657657	0.452487
1756	10.000000	7.682152	0.347485
1757	10.000000	8.446627	0.415935
1758	10.000000	4.343815	0.678410
1759	10.000000	5.406574	0.675585
1760	10.000000	5.059600	0.751258
1761	10.000000	1.931206	0.362033
1762	10.000000	2.003582	0.469141
1763	10.000000	1.584994	0.427731
1764	10.000000	2.066591	0.140340
1770	-10.000000	4.263130	0.111213
1771	-10.000000	5.404001	0.118151
1772	-10.000000	4.931142	0.075669
1779	-10.000000	2.003591	0.469167
1780	-10.000000	1.931193	0.362138
1781	-10.000000	1.585073	0.427772
1782	-10.000000	5.406574	0.675585
1783	-10.000000	4.343815	0.678410
1784	-10.000000	5.059600	0.751258
1803	-1.221038	-8.166732	-0.000000
1804	1.221038	-8.166732	-0.000000
1805	-0.000000	-8.793365	0.000000
1806	-6.208475	-4.561479	-0.000000
1807	-6.211776	-5.743605	0.000000
1808	-7.487883	-5.156247	-0.000000
1809	1.216111	-2.138251	0.000000
1810	-1.216144	-2.138245	0.000000
1811	-0.000148	-1.516888	-0.000000
1812	-1.067580	-0.189314	-0.087675
1813	1.074808	-0.189529	-0.087858
1814	0.002229	-0.224674	0.081032
1815	-6.018717	0.041471	-0.081142
1816	-6.092988	-0.056909	0.072129
1817	-7.318701	0.010053	0.085176
1818	1.130097	0.190117	-0.088794
1819	-1.133183	0.190246	-0.088749
1820	-0.002144	0.224415	0.079771
1821	6.208947	4.561076	-0.000000
1822	6.211905	5.743497	0.000000
1823	7.488483	5.155607	-0.000000
1824	-1.216436	2.137963	0.000000
1825	1.216457	2.137957	0.000000
1826	-0.000016	1.515828	-0.000000
1827	-6.211906	5.743497	0.000000
1828	-6.208950	4.561079	-0.000000
1829	-7.488490	5.155606	-0.000000
1830	6.208228	-0.789259	0.411753
1831	6.224434	-0.827158	0.506383
1832	7.504532	-0.815125	0.458871
1833	-1.289949	-0.704791	0.271646
1834	1.289321	-0.704750	0.271698
1835	-0.000258	-0.695390	0.255394
1836	-6.224420	-0.827218	0.506359
1837	-6.208107	-0.789376	0.411690
1838	-7.504367	-0.815168	0.458857
1839	6.224423	0.827152	0.506387
1840	6.208037	0.789185	0.411799
1841	7.504382	0.814964	0.458951
1842	-1.250547	0.897563	0.701385
1843	1.250539	0.897565	0.701384
1844	-0.000003	0.919692	0.741356
1845	-6.208230	0.789100	0.411842
1846	-6.224454	0.827105	0.506405
1847	-7.504553	0.814983	0.458941
1848	0.000000	-10.000000	0.345020
1849	-1.126358	-10.000000	0.288474
1850	1.126358	-10.000000	0.288474
1851	-4.888431	-10.000000	0.131271
1852	-6.225455	-10.000000	0.075307
1853	-3.784680	-10.000000	0.073998
1854	4.888431	-10.000000	0.131271
1855	3.784680	-10.000000	0.073998
1856	6.225455	-10.000000	0.075307
1857	0.000000	-6.504148	0.961308
1858	-1.126245	-7.078729	0.961308
1859	1.126245	-7.078729	0.961308
1860	-4.861405	-8.774158	0.961151
1861	-6.210610	-9.340389	0.957630
1862	-3.774444	-9.382170	0.955130
1863	4.861405	-8.774158	0.961151
1864	3.774444	-9.382170	0.955130
1865	6.210610	-9.340389	0.957630
1866	-0.000001	-0.833924	0.552863
1867	-1.127379	-0.853211	0.604031
1868	1.127382	-0.853209	0.604031
1869	-5.386830	-0.948920	0.741944
1870	-6.953858	-1.076382	0.824462
1871	-4.398172	-0.971447	0.783157
1872	5.386830	-0.948915	0.741947
1873	4.398173	-0.971445	0.783158
1874	6.953854	-1.076381	0.824462
1875	-0.000095	-0.592405	0.152241
1876	-1.158383	-0.604395	0.164689
1877	1.159162	-0.604379	0.164672
1878	-4.801995	-0.646304	0.195523
1879	-6.305419	-0.664356	0.204651
1880	-3.716222	-0.656543	0.213163
1881	4.727078	-0.645945	0.195900
1882	3.669953	-0.656377	0.213316
1883	6.210433	-0.662675	0.205681
1884	2.331748	0.000000	-0.017231
1885	3.591373	0.032501	-0.016415
1886	3.591880	-0.032526	-0.016372
1887	7.448061	0.179480	-0.010204
1888	8.618619	0.322063	0.001953
1889	8.520944	0.162598	-0.019963
1890	7.459944	-0.183368	-0.009590
1891	8.520400	-0.169618	-0.019222
1892	8.628736	-0.336144	0.003792
1893	-0.000092	0.503922	0.096458
1894	-1.115747	0.473588	0.081438
1895	1.115951	0.473551	0.081544
1896	-4.528899	0.379093	0.044898
1897	-5.690253	0.360494	0.039011
1898	-3.696198	0.335382	0.030991
1899	4.551293	0.379322	0.045066
1900	3.760539	0.335313	0.031749
1901	5.775681	0.362339	0.039070
1902	0.000053	0.762363	0.367440
1903	-1.142520	0.741320	0.327129
1904	1.142724	0.741339	0.327114
1905	-4.981020	0.697355	0.252488
1906	-6.114015	0.690534	0.237767
1907	-3.813007	0.680922	0.239994
1908	4.980909	0.697529	0.252346
1909	3.810646	0.681164	0.239855
1910	6.119377	0.690700	0.237481
1911	-0.000000	4.375848	0.961308
1912	-1.125716	3.801268	0.961308
1913	1.125716	3.801268	0.961308
1914	-4.788438	2.124897	0.961185
1915	-6.075735	1.635568	0.960982
1916	-3.716176	1.506732	0.950988
1917	4.788438	2.124897	0.961185
1918	3.716176	1.506732	0.950988
1919	6.075735	1.635568	0.960982
1920	2.333689	10.000000	0.450000
1921	3.593976	10.000000	0.500631
1922	3.594143	10.000000	0.399351
1923	7.327170	10.000000	0.662397
1924	8.603210	10.000000	0.708898
1925	8.710536	10.000000	0.613428
1926	7.347401	10.000000	0.233862
1927	8.728707	10.000000	0.281949
1928	8.654145	10.000000	0.176548
1929	10.000000	-5.409328	0.357569
1930	10.000000	-6.109494	0.418051
1931	10.000000	-6.154489	0.323079
1932	10.000000	-8.382024	0.631176
1933	10.000000	-9.147715	0.701306
1934	10.000000	-9.201562	0.596815
1935	10.000000	-8.473052	0.209697
1936	10.000000	-9.246426	0.269784
1937	10.000000	-9.252770	0.165772
1938	-10.000000	-4.523300	0.241360
1939	-10.000000	-4.147665	0.188487
1940	-10.000000	-5.137876	0.206146
1941	-10.000000	-2.801244	0.067731
1942	-10.000000	-2.259817	0.032585
1943	-10.000000	-3.346112	0.034945
1944	-10.000000	-7.350187	0.094090
1945	-10.000000	-6.925166	0.042685
1946	-10.000000	-8.148672	0.052061
1947	10.000000	4.523296	0.241360
1948	10.000000	4.147608	0.188484
1949	10.000000	5.137869	0.206146
1950	10.000000	2.808779	0.067758
1951	10.000000	2.300188	0.032364
1952	10.000000	3.347626	0.034836
1953	10.000000	7.350161	0.094088
1954	10.000000	6.924880	0.042679
1955	10.000000	8.148618	0.052059
1956	-10.000000	5.409328	0.357569
1957	-10.000000	6.109494	0.418051
1958	-10.000000	6.154489	0.323079
1959	-10.000000	8.382024	0.631176
1960	-10.000000	9.147715	0.701306
1961	-10.000000	9.201562	0.596815
1962	-10.000000	8.473051	0.209697
1963	-10.000000	9.246426	0.269784
1964	-10.000000	9.252770	0.165772
1983	2.333723	-5.150052	-0.000000
1984	3.593858	-4.604115	0.000000
1985	3.594273	-5.696383	-0.000000
1986	7.299290	-2.840042	-0.000029
1987	8.558911	-2.332380	0.000543
1988	8.696649	-3.406645	-0.000009
1989	7.344627	-7.511309	-0.000000
1990	8.729894	-6.988578	0.000000
1991	8.636586	-8.173459	-0.000000
1992	2.145136	-0.063714	-0.076763
1993	3.360469	0.108156	0.055165
1994	3.379112	-0.130493	0.069946
1995	7.131477	0.169681	-0.025360
1996	8.799877	0.335185	-0.041988
1997	8.543903	0.122819	0.077683
1998	7.373276	-0.180770	0.070504
1999	8.812459	-0.156441	0.011122
2000	8.833035	-0.370338	-0.040687
2001	0.000000	6.281967	0.000000
2002	-1.126229	6.893611	-0.000000
2003	1.126229	6.893611	-0.000000
2004	-4.858321	8.721302	0.000000
2005	-6.202208	9.360217	0.000000
2006	-3.770519	9.405390	-0.000000
2007	4.858321	8.721302	0.000000
2008	3.770519	9.405390	-0.000000
2009	6.202208	9.360217	0.000000
2010	8.654145	-10.000000	0.176548
2011	8.728707	-10.000000	0.281949
2012	7.347401	-10.000000	0.233862
2013	8.710536	-10.000000	0.613428
2014	8.603210	-10.000000	0.708898
2015	7.327170	-10.000000	0.662397
2016	3.594143	-10.000000	0.399351
2017	3.593976	-10.000000	0.500631
2018	2.333689	-10.000000	0.450000
2019	6.210658	-10.000000	0.808307
2020	3.780527	-10.000000	0.805146
2021	4.907281	-10.000000	0.758499
2022	-3.780527	-10.000000	0.805146
2023	-6.210658	-10.000000	0.808307
2024	-4.907281	-10.000000	0.758499
2025	1.126285	-10.000000	0.611415
2026	-1.126285	-10.000000	0.611415
2027	0.000000	-10.000000	0.554971
2028	-8.603210	-10.000000	0.708898
2029	-8.710536	-10.000000	0.613428
2030	-7.327170	-10.000000	0.662397
2031	-8.728707	-10.000000	0.281949
2032	-8.654145	-10.000000	0.176548
2033	-7.347401	-10.000000	0.233862
2034	-3.593976	-10.000000	0.500631
2035	-3.594143	-10.000000	0.399351
2036	-2.333689	-10.000000	0.450000
2037	8.636245	-8.258017	0.962114
2038	8.728342	-7.159010	0.959995
2039	7.343366	-7.651788	0.961303
2040	8.693295	-3.807017	0.960767
2041	8.547558	-2.808481	0.963705
2042	7.295804	-3.271767	0.961269
2043	3.594243	-5.953570	0.961308
2044	3.593868	-4.926736	0.961308
2045	2.333719	-5.440024	0.961308
2046	6.075734	-1.635568	0.960982
2047	3.716176	-1.506732	0.950988
2048	4.788438	-2.124897	0.961185
2049	-3.716176	-1.506732	0.950988
2050	-6.075734	-1.635568	0.960982
2051	-4.788438	-2.124897	0.961185
2052	1.125716	-3.801268	0.961308
2053	-1.125716	-3.801268	0.961308
2054	0.000000	-4.375848	0.961308
2055	-8.547558	-2.808481	0.963705
2056	-8.693295	-3.807017	0.960767
2057	-7.295804	-3.271767	0.961269
2058	-8.728342	-7.159010	0.959995
2059	-8.636245	-8.258017	0.962114
2060	-7.343366	-7.651788	0.961303
2061	-3.593868	-4.926736	0.961308
2062	-3.594243	-5.953570	0.961308
2063	-2.333719	-5.440024	0.961308
2064	8.776539	-0.735890	0.203634
2065	8.305042	-0.671756	0.152290
2066	7.491546	-0.649124	0.169354
2067	7.922216	-0.575249	0.087124
2068	8.388336	-0.625843	0.084426
2069	6.586462	-0.455353	0.067696
2070	3.605995	-0.573408	0.138620
2071	3.563999	-0.530004	0.111150
2072	2.325717	-0.553406	0.125546
2073	6.190964	-0.389813	0.043963
2074	3.970706	-0.338114	0.033801
2075	4.433024	-0.380615	0.046204
2076	-4.007602	-0.338416	0.034662
2077	-6.528319	-0.410721	0.047921
2078	-4.372727	-0.379868	0.046942
2079	1.115130	-0.473551	0.081605
2080	-1.115443	-0.473539	0.081635
2081	0.000034	-0.503878	0.096561
2082	-8.093016	-0.597002	0.067485
2083	-8.510542	-0.681892	0.099512
2084	-6.789560	-0.473577	0.070219
2085	-8.211280	-0.666983	0.141096
2086	-8.723996	-0.733616	0.201198
2087	-7.530735	-0.650252	0.166262
2088	-3.560731	-0.529930	0.111158
2089	-3.601652	-0.573433	0.138573
2090	-2.324929	-0.553400	0.125554
2091	6.652160	-0.313926	0.022504
2092	3.970912	-0.259259	0.013585
2093	5.160906	-0.225888	0.006316
2094	-3.974271	-0.259091	0.014129
2095	-6.655273	-0.313130	0.022906
2096	-5.156246	-0.225517	0.006755
2097	1.131098	-0.103218	-0.013002
2098	-1.131101	-0.103214	-0.012988
2099	-0.000003	-0.067137	-0.015704
2100	-8.633226	-0.338602	0.004566
2101	-8.522832	-0.170603	-0.019182
2102	-7.463519	-0.184089	-0.009325
2103	-8.521563	0.162924	-0.019878
2104	-8.618279	0.322876	0.003048
2105	-7.449216	0.179665	-0.009753
2106	-3.591902	-0.032518	-0.016409
2107	-3.591416	0.032518	-0.016522
2108	-2.331774	0.000007	-0.017282
2109	-6.661585	0.312233	0.023930
2110	-3.967217	0.259600	0.011874
2111	-5.164885	0.226062	0.005492
2112	3.946713	0.258640	0.012535
2113	6.606405	0.306477	0.020784
2114	5.136733	0.224386	0.005403
2115	-1.130467	0.103232	-0.013142
2116	1.130242	0.103215	-0.013051
2117	-0.000051	0.067148	-0.015758
2118	8.026472	0.523833	0.079596
2119	8.331791	0.635231	0.111445
2120	7.018120	0.477172	0.074159
2121	8.252259	0.656634	0.151641
2122	8.796494	0.733773	0.206454
2123	7.559141	0.646260	0.171573
2124	3.562324	0.529986	0.110897
2125	3.602300	0.573450	0.138440
2126	2.325128	0.553468	0.125419
2127	6.297961	0.662525	0.206429
2128	3.714282	0.656594	0.213222
2129	4.790822	0.646184	0.195997
2130	-3.667563	0.656420	0.213320
2131	-6.187797	0.661379	0.207341
2132	-4.704151	0.645789	0.196248
2133	1.158256	0.604552	0.164509
2134	-1.158937	0.604550	0.164468
2135	0.000140	0.592558	0.152058
2136	-8.728434	0.735156	0.212138
2137	-8.306684	0.681215	0.162446
2138	-7.460529	0.647264	0.175966
2139	-8.068204	0.524952	0.094131
2141	-6.926194	0.459326	0.067557
2142	-3.607456	0.573425	0.138445
2143	-3.566187	0.530054	0.110884
2144	-2.326005	0.553496	0.125365
2145	8.547558	2.808481	0.963705
2146	8.693295	3.807017	0.960767
2147	7.295804	3.271767	0.961269
2148	8.728342	7.159010	0.959995
2149	8.636245	8.258017	0.962114
2150	7.343366	7.651788	0.961303
2151	3.593868	4.926736	0.961308
2152	3.594243	5.953570	0.961308
2153	2.333719	5.440024	0.961308
2154	6.210610	9.340389	0.957630
2155	3.774444	9.382170	0.955130
2156	4.861405	8.774158	0.961151
2157	-3.774444	9.382170	0.955130
2158	-6.210610	9.340389	0.957630
2159	-4.861405	8.774158	0.961151
2160	1.126245	7.078729	0.961308
2161	-1.126245	7.078729	0.961308
2162	-0.000000	6.504148	0.961308
2163	-8.636245	8.258017	0.962114
2164	-8.728342	7.159010	0.959995
2165	-7.343366	7.651788	0.961303
2166	-8.693295	3.807017	0.960767
2167	-8.547558	2.808481	0.963705
2168	-7.295804	3.271767	0.961269
2169	-3.594243	5.953570	0.961308
2170	-3.593868	4.926736	0.961308
2171	-2.333719	5.440024	0.961308
2172	6.225455	10.000000	0.075307
2173	3.784680	10.000000	0.073998
2174	4.888431	10.000000	0.131271
2175	-3.784680	10.000000	0.073998
2176	-6.225455	10.000000	0.075307
2177	-4.888431	10.000000	0.131271
2178	1.126358	10.000000	0.288474
2179	-1.126358	10.000000	0.288474
2180	-0.000000	10.000000	0.345020
2181	-8.654145	10.000000	0.176548
2182	-8.728707	10.000000	0.281949
2183	-7.347401	10.000000	0.233862
2184	-8.710536	10.000000	0.613428
2185	-8.603210	10.000000	0.708898
2186	-7.327170	10.000000	0.662397
2187	-3.594143	10.000000	0.399351
2188	-3.593976	10.000000	0.500631
2189	-2.333689	10.000000	0.450000
2190	-6.210658	10.000000	0.808307
2191	-3.780527	10.000000	0.805146
2192	-4.907281	10.000000	0.758499
2193	3.780527	10.000000	0.805146
2194	6.210658	10.000000	0.808307
2195	4.907281	10.000000	0.758499
2196	-1.126285	10.000000	0.611415
2197	1.126285	10.000000	0.611415
2198	-0.000000	10.000000	0.554971
2199	10.000000	-8.148683	0.052061
2200	10.000000	-6.925222	0.042685
2201	10.000000	-7.350208	0.094090
2202	10.000000	-3.361319	0.034915
2203	10.000000	-2.339346	0.032314
2204	10.000000	-2.819881	0.067913
2205	10.000000	-5.137597	0.206143
2206	10.000000	-4.146922	0.188482
2207	10.000000	-4.522869	0.241348
2222	10.000000	-1.463060	0.108616
2223	10.000000	-2.940965	0.222148
2225	10.000000	-3.351109	0.261598
2226	10.000000	-1.119294	0.202338
2227	10.000000	-1.191705	0.291203
2228	10.000000	-1.498471	0.230376
2229	10.000000	-1.289991	0.633104
2230	10.000000	-1.478316	0.750719
2231	10.000000	-1.788537	0.654903
2232	10.000000	-2.680226	0.346203
2233	10.000000	-2.869316	0.439678
2234	10.000000	-3.206700	0.379070
2235	10.000000	-2.705729	0.825090
2236	10.000000	-3.665887	0.826355
2237	10.000000	-3.002166	0.752721
2238	10.000000	-6.952909	0.824426
2239	10.000000	-8.064236	0.820866
2240	10.000000	-7.256733	0.744959
2241	10.000000	-4.060613	0.532640
2242	10.000000	-5.020636	0.526665
2243	10.000000	-4.392399	0.460014
2244	-10.000000	-9.252770	0.165772
2245	-10.000000	-9.246426	0.269784
2246	-10.000000	-8.473051	0.209697
2247	-10.000000	-9.201562	0.596815
2248	-10.000000	-9.147715	0.701306
2249	-10.000000	-8.382024	0.631176
2250	-10.000000	-6.154510	0.323081
2251	-10.000000	-6.109499	0.418051
2252	-10.000000	-5.409357	0.357572
2253	-10.000000	-8.064236	0.820866
2254	-10.000000	-6.952909	0.824426
2255	-10.000000	-7.256733	0.744959
2256	-10.000000	-3.665887	0.826355
2257	-10.000000	-2.705729	0.825090
2258	-10.000000	-3.002166	0.752721
2259	-10.000000	-5.020638	0.526665
2260	-10.000000	-4.060614	0.532641
2261	-10.000000	-4.392411	0.460016
2262	-10.000000	-1.478314	0.750719
2263	-10.000000	-1.289971	0.633101
2264	-10.000000	-1.788537	0.654902
2265	-10.000000	-1.194176	0.290728
2266	-10.000000	-1.114375	0.205691
2267	-10.000000	-1.497285	0.229902
2268	-10.000000	-2.869273	0.439672
2269	-10.000000	-2.680187	0.346175
2270	-10.000000	-3.206697	0.379081
2271	-10.000000	-0.896297	0.146497
2276	-10.000000	-1.701940	0.086772
2277	-10.000000	-2.942452	0.222184
2279	-10.000000	-3.351977	0.261655
2289	10.000000	9.252770	0.165772
2290	10.000000	9.246426	0.269784
2291	10.000000	8.473051	0.209697
2292	10.000000	9.201562	0.596815
2293	10.000000	9.147715	0.701306
2294	10.000000	8.382024	0.631176
2295	10.000000	6.154510	0.323081
2296	10.000000	6.109499	0.418051
2297	10.000000	5.409357	0.357572
2298	10.000000	8.064236	0.820866
2299	10.000000	6.952909	0.824426
2300	10.000000	7.256733	0.744959
2301	10.000000	3.665887	0.826355
2302	10.000000	2.705729	0.825090
2303	10.000000	3.002166	0.752721
2304	10.000000	5.020638	0.526665
2305	10.000000	4.060614	0.532641
2306	10.000000	4.392411	0.460016
2307	10.000000	1.478313	0.750719
2308	10.000000	1.289960	0.633101
2309	10.000000	1.788536	0.654902
2310	10.000000	1.191873	0.290318
2311	10.000000	1.109793	0.201617
2312	10.000000	1.495819	0.229595
2313	10.000000	2.869272	0.439672
2314	10.000000	2.680181	0.346174
2315	10.000000	3.206695	0.379081
2316	10.000000	0.911779	0.114080
2321	10.000000	1.748275	0.088893
2322	10.000000	2.942434	0.222181
2324	10.000000	3.351964	0.261654
2334	-10.000000	8.148630	0.052059
2335	-10.000000	6.924936	0.042678
2336	-10.000000	7.350182	0.094089
2337	-10.000000	3.348941	0.034831
2338	-10.000000	2.301971	0.032320
2339	-10.000000	2.810590	0.067739
2340	-10.000000	5.137590	0.206143
2341	-10.000000	4.146884	0.188479
2342	-10.000000	4.522866	0.241347
2357	-10.000000	1.451738	0.109478
2358	-10.000000	2.940927	0.222143
2360	-10.000000	3.351103	0.261597
2361	-10.000000	1.112609	0.204883
2362	-10.000000	1.193760	0.291039
2363	-10.000000	1.497497	0.230082
2364	-10.000000	1.290055	0.633104
2365	-10.000000	1.478327	0.750719
2366	-10.000000	1.788543	0.654903
2367	-10.000000	2.680222	0.346202
2368	-10.000000	2.869316	0.439678
2369	-10.000000	3.206700	0.379069
2370	-10.000000	2.705729	0.825090
2371	-10.000000	3.665887	0.826355
2372	-10.000000	3.002166	0.752721
2373	-10.000000	6.952909	0.824426
2374	-10.000000	8.064236	0.820866
2375	-10.000000	7.256733	0.744959
2376	-10.000000	4.060613	0.532640
2377	-10.000000	5.020636	0.526665
2378	-10.000000	4.392399	0.460014
2433	6.202206	-9.360217	0.000000
2434	3.770519	-9.405390	-0.000000
2435	4.858320	-8.721302	0.000000
2436	-3.770519	-9.405390	-0.000000
2437	-6.202206	-9.360217	0.000000
2438	-4.858320	-8.721302	0.000000
2439	1.126229	-6.893611	-0.000000
2440	-1.126229	-6.893611	-0.000000
2441	0.000000	-6.281967	0.000000
2442	-8.636586	-8.173460	-0.000000
2443	-8.729893	-6.988581	0.000000
2444	-7.344627	-7.511309	-0.000000
2445	-8.695351	-3.408634	-0.000009
2446	-8.555668	-2.337172	0.000557
2447	-7.297979	-2.840897	-0.000029
2448	-3.594272	-5.696383	-0.000000
2449	-3.593858	-4.604115	0.000000
2450	-2.333723	-5.150052	-0.000000
2451	-6.058150	-1.082848	-0.000012
2452	-3.687932	-0.940935	0.000000
2453	-4.785426	-1.616162	-0.000005
2454	3.689151	-0.941148	0.000000
2455	6.060101	-1.080638	-0.000011
2456	4.786810	-1.615868	-0.000005
2457	-1.125703	-3.406988	0.000000
2458	1.125703	-3.406988	0.000000
2459	0.000000	-4.018171	0.000000
2460	6.586635	-0.332179	0.134383
2461	3.433130	-0.227071	-0.105509
2462	4.542858	-0.254366	0.058323
2463	-3.442743	-0.229996	-0.098227
2464	-6.589928	-0.366596	0.119495
2465	-4.511475	-0.226656	0.070538
2466	0.977045	-0.117108	-0.084875
2467	-0.970668	-0.117229	-0.086237
2468	0.005092	-0.081295	0.098442
2469	-8.846247	-0.375081	-0.039599
2470	-8.820806	-0.159438	0.013158
2471	-7.380007	-0.178737	0.072966
2472	-8.536319	0.154161	0.083335
2473	-8.776452	0.337598	-0.039807
2474	-7.119334	0.176024	-0.024053
2475	-3.355774	-0.144511	0.080622
2476	-3.390715	0.136633	0.073820
2477	-2.164955	0.066930	-0.074587
2478	-6.200470	0.265125	-0.169819
2479	-3.742146	0.212803	-0.105278
2480	-4.700107	0.216619	0.084572
2481	3.685844	0.212769	-0.101502
2482	6.200622	0.331006	-0.084673
2483	4.651470	0.209403	0.088898
2484	-0.986496	0.117231	-0.084428
2485	0.981223	0.117394	-0.085476
2486	-0.004690	0.082259	0.100759
2487	8.636643	8.173394	-0.000000
2488	8.730087	6.988269	0.000000
2489	7.344674	7.511275	-0.000000
2490	8.699699	3.398993	-0.000007
2491	8.566281	2.316103	0.000481
2492	7.303337	2.835738	-0.000026
2493	3.594286	5.696374	-0.000000
2494	3.593915	4.604077	0.000000
2495	2.333731	5.150047	-0.000000
2496	6.067233	1.067666	-0.000004
2497	3.693292	0.937164	0.000000
2498	4.793033	1.612980	-0.000004
2499	-3.694592	0.936777	0.000000
2500	-6.066372	1.068753	-0.000004
2501	-4.792705	1.613110	-0.000004
2502	1.125763	3.406958	0.000000
2503	-1.125762	3.406958	0.000000
2504	0.000000	4.018164	0.000000
2505	-8.566201	2.316335	0.000480
2506	-8.699687	3.399046	-0.000007
2507	-7.303290	2.835840	-0.000026
2508	-8.730093	6.988265	0.000000
2509	-8.636643	8.173394	-0.000000
2510	-7.344673	7.511275	-0.000000
2511	-3.593915	4.604078	0.000000
2512	-3.594286	5.696374	-0.000000
2513	-2.333731	5.150048	-0.000000
2514	8.987481	-1.054997	0.787951
2515	8.884609	-0.916154	0.642445
2516	7.599280	-0.916103	0.664715
2517	8.681753	-0.780250	0.331437
2518	8.425466	-0.754564	0.277099
2519	7.305116	-0.742896	0.298249
2520	3.590639	-0.818516	0.502953
2521	3.593331	-0.784426	0.414076
2522	2.330508	-0.800422	0.457311
2523	6.124933	-0.691143	0.236555
2524	3.810074	-0.680992	0.239804
2525	4.986602	-0.697595	0.252002
2526	-3.816656	-0.681253	0.239544
2527	-6.116488	-0.691845	0.236445
2528	-4.980287	-0.697985	0.251847
2529	1.142634	-0.741228	0.327196
2530	-1.142834	-0.741254	0.327175
2531	-0.000046	-0.762303	0.367477
2532	-8.398508	-0.753587	0.278831
2533	-8.661241	-0.779204	0.332619
2534	-7.297591	-0.743077	0.298380
2535	-8.884632	-0.916111	0.642461
2536	-8.987484	-1.054989	0.787954
2537	-7.599310	-0.916110	0.664712
2538	-3.593376	-0.784470	0.414051
2539	-3.590651	-0.818537	0.502945
2540	-2.330528	-0.800438	0.457304
2541	8.407364	0.751781	0.279289
2542	8.668973	0.778179	0.332862
2543	7.299411	0.742058	0.298995
2544	8.884634	0.916075	0.642472
2545	8.987481	1.054985	0.787953
2546	7.599316	0.916095	0.664718
2547	3.593329	0.784448	0.414063
2548	3.590644	0.818530	0.502948
2549	2.330519	0.800447	0.457300
2550	6.953857	1.076382	0.824462
2551	4.398172	0.971447	0.783157
2552	5.386832	0.948919	0.741945
2553	-4.398172	0.971444	0.783158
2554	-6.953852	1.076381	0.824462
2555	-5.386827	0.948914	0.741947
2556	1.127379	0.853213	0.604030
2557	-1.127382	0.853210	0.604031
2558	0.000001	0.833928	0.552861
2559	-8.987474	1.055008	0.787948
2560	-8.884529	0.916200	0.642429
2561	-7.599247	0.916104	0.664715
2562	-8.672130	0.779769	0.332460
2563	-8.400427	0.753235	0.279440
2564	-7.296774	0.742134	0.299180
2565	-3.590635	0.818508	0.502956
2566	-3.593297	0.784411	0.414084
2567	-2.330498	0.800430	0.457307
