1	10.000000	-15.000000	0.000000
2	-10.000000	-15.000000	0.000000
3	10.000000	15.000000	0.000000
4	-10.000000	15.000000	0.000000
5	10.000000	-10.051943	0.000000
6	-10.000000	-10.051943	0.000000
7	10.000000	10.051940	0.000000
8	-10.000000	10.051940	0.000000
9	10.000000	-9.913339	0.773011
10	-10.000000	-9.913339	0.773011
11	10.000000	-0.929678	0.410735
14	-10.000000	0.922139	0.426435
15	10.000000	9.913339	0.773011
16	-10.000000	9.913339	0.773011
17	10.000000	-2.355923	0.900000
18	-10.000000	-2.355916	0.900000
19	10.000000	2.355890	0.900000
20	-10.000000	2.355947	0.900000
22	-10.000000	1.416620	0.063686
27	10.000000	-1.513615	0.031899
28	-10.000000	-1.571363	0.038566
29	0.000000	-10.000000	0.449978
30	0.000000	-5.440090	0.969239
31	0.000424	-0.498122	0.186267
32	-0.000039	0.000104	0.027761
33	-0.000331	0.498898	0.185216
34	0.000000	5.440090	0.969239
35	-0.000000	10.000000	0.449978
36	10.000000	-4.223374	0.343721
37	-10.000000	-4.223526	0.343736
38	10.000000	4.223527	0.343736
39	-10.000000	4.223368	0.343720
42	0.000001	-5.150192	0.000000
43	-0.000852	-0.068126	0.121834
44	0.000000	5.150177	0.000000
45	-0.000050	-0.779946	0.470442
46	0.000039	0.780192	0.470261
47	0.000000	0.000000	0.000000
48	0.000000	-10.055893	0.000000
49	-0.000000	-9.867106	0.900000
50	-0.027243	-0.617006	0.287740
51	-0.000850	0.269570	0.072066
52	0.018164	0.618034	0.286587
53	0.000000	9.867106	0.900000
54	0.000000	10.055893	0.000000
55	10.000000	-10.000000	0.437857
56	-10.000000	-10.000000	0.437857
59	10.000000	10.000000	0.437857
60	-10.000000	10.000000	0.437857
61	10.000000	-5.611254	0.900000
62	-10.000000	-5.611254	0.900000
67	10.000000	5.611254	0.900000
68	-10.000000	5.611254	0.900000
69	10.000000	-5.329288	0.000000
70	-10.000000	-5.334937	0.000000
71	10.000000	5.314646	0.000000
72	-10.000000	5.314609	0.000000
73	-0.026918	0.292651	0.000000
78	-0.016239	-0.269578	0.074006
79	0.021574	-0.307099	0.000000
80	9.189855	-0.012100	-0.042993
81	-9.191327	-0.013701	-0.042888
82	0.000019	-1.039932	0.746143
83	-0.000013	1.039940	0.746132
84	10.000000	0.969927	0.559217
85	-10.000000	0.973177	0.558475
86	10.000000	-0.975188	0.555715
87	-10.000000	-0.973813	0.561190
88	4.297662	-10.000000	0.261552
89	4.287179	-10.000000	0.633926
90	-4.287179	-10.000000	0.633926
91	-4.297662	-10.000000	0.261552
92	4.289684	-7.390850	0.969238
93	4.254434	-3.504050	0.969237
94	-4.254434	-3.504050	0.969237
95	-4.289684	-7.390850	0.969238
96	4.248698	-0.556421	0.224970
97	3.948785	-0.422892	0.140961
98	-3.924809	-0.423533	0.139592
99	-4.257591	-0.558570	0.223582
100	4.630116	-0.133254	0.037737
101	-4.638650	-0.133393	0.038156
102	-4.596052	0.131730	0.037376
103	4.600154	0.131549	0.037603
104	3.959895	0.422344	0.139717
105	4.270974	0.557392	0.225936
106	-4.275616	0.557058	0.226137
107	-4.013720	0.423236	0.139291
108	4.254434	3.504050	0.969237
109	4.289684	7.390850	0.969238
110	-4.289684	7.390850	0.969238
111	-4.254434	3.504050	0.969237
112	4.297662	10.000000	0.261552
113	-4.297662	10.000000	0.261552
114	-4.287179	10.000000	0.633926
115	4.287179	10.000000	0.633926
116	10.000000	-6.855581	0.211415
118	10.000000	-2.927235	0.143989
119	10.000000	-2.195721	0.226873
120	10.000000	-2.967110	0.601166
121	10.000000	-6.710499	0.581683
122	-10.000000	-6.855605	0.211414
123	-10.000000	-6.710501	0.581683
124	-10.000000	-2.967068	0.601159
125	-10.000000	-2.191990	0.225999
127	-10.000000	-2.912219	0.143418
128	10.000000	6.855582	0.211411
129	10.000000	6.710501	0.581683
130	10.000000	2.967063	0.601159
131	10.000000	2.194977	0.226787
133	10.000000	2.925708	0.143941
134	-10.000000	6.855546	0.211411
136	-10.000000	2.925957	0.143950
137	-10.000000	2.195935	0.226988
138	-10.000000	2.967117	0.601166
139	-10.000000	6.710499	0.581683
148	4.289745	-7.235149	0.000000
149	-4.289734	-7.235153	0.000000
150	-4.255646	-3.086986	0.000005
151	4.256425	-3.086726	0.000005
152	3.792701	-0.169317	0.087931
153	-3.799055	-0.160516	0.083686
154	-3.845447	0.171868	0.097173
155	3.841383	0.172128	0.091246
156	4.289841	7.235106	0.000000
157	4.259359	3.084943	0.000004
158	-4.259269	3.084997	0.000004
159	-4.289842	7.235106	0.000000
160	4.566161	-0.909248	0.612560
161	4.352114	-0.698767	0.358484
162	-4.348382	-0.699825	0.357627
163	-4.566061	-0.909454	0.612429
164	4.350554	0.698514	0.358692
165	4.566457	0.909195	0.612599
166	-4.566416	0.909080	0.612670
167	-4.347608	0.697944	0.359280
168	5.224186	-10.055170	0.000000
169	5.213817	-9.873898	0.900000
170	5.439882	-0.640298	0.284821
171	5.789681	0.333654	0.091542
172	5.483717	0.640321	0.286439
173	5.213817	9.873898	0.900000
174	5.224211	10.055170	0.000000
175	10.000000	-10.000000	0.221048
176	-10.000000	-10.000000	0.221048
179	10.000000	10.000000	0.221047
180	-10.000000	10.000000	0.221047
181	10.000000	-7.844544	0.899992
182	-10.000000	-7.844544	0.899992
184	-9.471871	-0.904642	0.256930
186	-9.175200	0.961335	0.135490
187	10.000000	3.647965	0.900000
188	-10.000000	3.647970	0.900000
189	10.000000	-7.772963	0.000000
190	-10.000000	-7.773920	0.000000
191	10.000000	7.769843	0.000000
192	-10.000000	7.769832	0.000000
193	5.094327	0.513735	0.000000
196	10.000000	-0.487291	0.000000
197	-10.000000	-0.502014	0.000000
198	5.827995	-0.342724	0.093252
199	5.196287	-0.554994	0.000000
200	9.391742	-0.515480	-0.011840
201	-9.396517	-0.526794	-0.010859
202	5.480413	-1.249307	0.853947
203	5.480437	1.249309	0.853951
204	10.000000	0.916549	0.427720
206	10.000000	-1.329960	0.849999
207	-10.000000	-1.330102	0.850247
208	6.948221	-10.000000	0.161668
209	6.865121	-10.000000	0.712436
210	-6.865121	-10.000000	0.712436
211	-6.948221	-10.000000	0.161668
212	6.886635	-8.547047	0.968656
213	6.700373	-2.501621	0.968264
214	-6.700373	-2.501621	0.968264
215	-6.886635	-8.547047	0.968656
216	7.070371	-0.647817	0.248238
217	6.679446	-0.460825	0.123338
218	-6.355578	-0.440679	0.122367
219	-7.048241	-0.651262	0.246197
220	7.641069	-0.370005	0.067468
221	-7.678837	-0.376850	0.067807
222	-7.606593	0.346874	0.073253
223	7.616001	0.350825	0.068518
224	5.987445	0.396647	0.116364
225	7.128609	0.644571	0.252434
226	-7.053011	0.636906	0.256486
227	-5.813169	0.389134	0.117072
228	6.700374	2.501621	0.968264
229	6.886635	8.547047	0.968656
230	-6.886635	8.547047	0.968656
231	-6.700372	2.501621	0.968264
232	6.948221	10.000000	0.161668
233	-6.948221	10.000000	0.161668
234	-6.865121	10.000000	0.712436
235	6.865121	10.000000	0.712436
236	10.000000	-8.410927	0.128470
238	10.000000	-2.186639	0.063537
239	10.000000	-1.353358	0.170487
240	10.000000	-2.308433	0.747293
241	10.000000	-8.213200	0.724786
242	-10.000000	-8.410913	0.128470
243	-10.000000	-8.213200	0.724786
244	-10.000000	-2.308411	0.747291
245	-10.000000	-1.331117	0.184479
247	-10.000000	-2.042981	0.064147
248	10.000000	8.410856	0.128463
249	10.000000	8.213200	0.724786
250	10.000000	2.308394	0.747290
251	10.000000	1.321699	0.171813
253	10.000000	2.177398	0.067224
254	-10.000000	8.410867	0.128464
256	-10.000000	2.182813	0.067696
257	-10.000000	1.330019	0.174308
258	-10.000000	2.308459	0.747294
259	-10.000000	8.213200	0.724786
268	6.877148	-8.507467	0.000000
269	-6.877122	-8.507478	0.000000
270	-6.713758	-1.994551	0.001747
271	6.719823	-1.990431	0.001697
272	6.840041	-0.367658	-0.069396
273	-6.872532	-0.366685	-0.043997
274	-6.647469	0.237597	0.079166
275	6.667730	0.237372	0.076792
276	6.877315	8.507384	0.000000
277	6.731855	1.973676	0.001573
278	-6.732498	1.974333	0.001579
279	-6.877317	8.507383	0.000000
280	7.770233	-1.163657	0.778820
281	6.569275	-0.703232	0.318659
282	-6.563576	-0.705583	0.318137
283	-7.770366	-1.163696	0.778807
284	6.566855	0.699792	0.320479
285	7.770281	1.163523	0.778906
286	-7.770113	1.163543	0.778889
287	-6.554411	0.698328	0.322798
288	-5.224185	-10.055170	0.000000
289	-5.213817	-9.873898	0.900000
290	-5.519195	-0.645518	0.284634
291	-5.824967	0.337734	0.093742
292	-5.455557	0.637585	0.287635
293	-5.213817	9.873898	0.900000
294	-5.224212	10.055170	0.000000
295	10.000000	-10.000000	0.615567
296	-10.000000	-10.000000	0.615567
299	10.000000	10.000000	0.615567
300	-10.000000	10.000000	0.615567
301	10.000000	-3.647968	0.900000
302	-10.000000	-3.647967	0.900000
303	9.323476	-0.966271	0.182346
305	9.519267	0.929922	0.204623
307	10.000000	7.844544	0.899992
308	-10.000000	7.844544	0.899992
309	10.000000	-3.132826	0.000000
310	-10.000000	-3.155663	0.000000
311	10.000000	3.085705	0.000000
312	-10.000000	3.085510	0.000000
313	-5.188564	0.517112	0.000000
318	-5.773383	-0.338211	0.090021
319	-5.183580	-0.562021	0.000000
320	9.390103	0.476757	-0.013940
321	-9.390241	0.477574	-0.012905
322	-5.480430	-1.249315	0.853939
323	-5.480415	1.249304	0.853956
324	10.000000	1.329534	0.849996
325	-10.000000	1.330135	0.849973
328	1.932208	-10.000000	0.363522
329	1.931652	-10.000000	0.536020
330	-1.931652	-10.000000	0.536020
331	-1.932208	-10.000000	0.363522
332	1.932114	-6.320780	0.969239
333	1.929954	-4.560419	0.969239
334	-1.929954	-4.560419	0.969239
335	-1.932114	-6.320780	0.969239
336	1.984601	-0.523659	0.205892
337	1.872190	-0.467447	0.167832
338	-1.869914	-0.467651	0.167953
339	-1.981788	-0.524152	0.205681
340	1.962315	-0.053852	0.029960
341	-1.962752	-0.053748	0.030080
342	-1.959342	0.054026	0.029510
343	1.959104	0.053898	0.029706
344	1.871033	0.467970	0.166790
345	1.988041	0.524520	0.205058
346	-1.994407	0.524491	0.204856
347	-1.877502	0.468036	0.166514
348	1.929954	4.560419	0.969239
349	1.932114	6.320780	0.969239
350	-1.932114	6.320780	0.969239
351	-1.929954	4.560419	0.969239
352	1.932208	10.000000	0.363522
353	-1.932208	10.000000	0.363522
354	-1.931652	10.000000	0.536020
355	1.931652	10.000000	0.536020
356	10.000000	-5.445006	0.284274
358	10.000000	-3.805879	0.228613
359	10.000000	-3.061084	0.308434
360	10.000000	-3.665248	0.465469
361	10.000000	-5.334095	0.449640
362	-10.000000	-5.445174	0.284280
363	-10.000000	-5.334117	0.449643
364	-10.000000	-3.665218	0.465471
365	-10.000000	-3.061015	0.308375
367	-10.000000	-3.805874	0.228588
368	10.000000	5.445168	0.284279
369	10.000000	5.334117	0.449643
370	10.000000	3.665219	0.465472
371	10.000000	3.061220	0.308413
373	10.000000	3.806344	0.228613
374	-10.000000	5.444990	0.284272
376	-10.000000	3.805664	0.228596
377	-10.000000	3.061013	0.308421
378	-10.000000	3.665243	0.465468
379	-10.000000	5.334094	0.449640
388	1.932180	-6.088059	0.000000
389	-1.932176	-6.088060	0.000000
390	-1.930081	-4.214236	0.000000
391	1.930119	-4.214222	0.000000
392	1.621291	-0.090376	0.105085
393	-1.646660	-0.103100	0.096874
394	-1.641150	0.088493	0.110660
395	1.648474	0.107133	0.100921
396	1.932227	6.088038	0.000000
397	1.930356	4.214063	0.000000
398	-1.930347	4.214067	0.000000
399	-1.932227	6.088038	0.000000
400	1.935684	-0.832206	0.534813
401	1.959163	-0.735650	0.414466
402	-1.959412	-0.735961	0.414200
403	-1.935703	-0.832341	0.534722
404	1.958827	0.736065	0.414090
405	1.935698	0.832412	0.534676
406	-1.935677	0.832344	0.534720
407	-1.958532	0.735937	0.414202
408	0.000000	-10.000000	0.234964
409	-2.499442	-10.000000	0.143051
410	2.499442	-10.000000	0.143051
411	-0.000000	-7.663034	0.969232
412	-2.459133	-8.795273	0.967821
413	2.459133	-8.795273	0.967821
414	0.000049	-0.908709	0.627827
415	-3.130343	-0.989037	0.702446
416	3.130433	-0.988985	0.702484
417	-0.002068	-0.556883	0.232540
418	-2.430689	-0.588100	0.257370
419	2.392154	-0.587445	0.258161
420	4.917702	-0.000273	0.026815
421	7.427431	0.102337	0.017671
422	7.435435	-0.107868	0.016819
423	-0.000718	0.407598	0.131256
424	-2.202597	0.346261	0.101637
425	2.261786	0.346250	0.102622
426	-0.000191	0.676605	0.348059
427	-2.507453	0.647694	0.314050
428	2.508404	0.647942	0.313948
429	-0.000000	3.218206	0.969226
430	-2.393157	2.092455	0.966423
431	2.393156	2.092455	0.966423
432	4.881811	10.000000	0.449539
433	7.403857	10.000000	0.552613
434	7.429560	10.000000	0.341594
435	10.000000	-6.931082	0.390213
436	10.000000	-8.418133	0.523538
437	10.000000	-8.483023	0.315337
438	-10.000000	-4.869662	0.158844
439	-10.000000	-3.956546	0.072055
440	-10.000000	-6.244725	0.085874
441	10.000000	4.870104	0.158850
442	10.000000	3.965876	0.072070
443	10.000000	6.244365	0.085852
444	-10.000000	6.931082	0.390212
445	-10.000000	8.418133	0.523538
446	-10.000000	8.483022	0.315337
453	4.882458	-5.155071	0.000000
454	7.396483	-4.016145	0.000004
455	7.429166	-6.356329	0.000000
456	4.587689	0.078488	0.103027
457	7.222532	-0.026552	-0.036445
458	7.177565	-0.023319	-0.090288
459	0.000000	7.524416	0.000000
460	-2.454906	8.773797	0.000000
461	2.454906	8.773797	0.000000
462	7.429560	-10.000000	0.341594
463	7.403857	-10.000000	0.552613
464	4.881811	-10.000000	0.449539
465	2.552082	-10.000000	0.732381
466	-2.552082	-10.000000	0.732381
467	0.000000	-10.000000	0.660806
468	-7.403857	-10.000000	0.552613
469	-7.429560	-10.000000	0.341594
470	-4.881811	-10.000000	0.449539
471	7.426015	-6.565339	0.969191
472	7.390783	-4.379452	0.969215
473	4.881517	-5.444078	0.969239
474	2.393156	-2.092455	0.966423
475	-2.393156	-2.092455	0.966423
476	0.000000	-3.218206	0.969226
477	-7.390783	-4.379452	0.969215
478	-7.426015	-6.565339	0.969191
479	-4.881517	-5.444078	0.969239
480	7.023080	-0.583115	0.196389
481	6.576314	-0.490765	0.149570
482	4.743125	-0.504857	0.184925
483	2.328857	-0.346563	0.103848
484	-2.203565	-0.345952	0.104283
485	-0.002199	-0.407133	0.132799
486	-6.773733	-0.524324	0.150055
487	-6.901307	-0.584014	0.191722
488	-4.733307	-0.506478	0.183068
489	2.689561	-0.208215	0.056361
490	-2.673172	-0.207400	0.056822
491	0.001067	-0.134499	0.039645
492	-7.439492	-0.108650	0.017503
493	-7.428662	0.101973	0.019687
494	-4.918238	-0.000183	0.027016
495	-2.703503	0.209548	0.054376
496	2.673162	0.208159	0.055332
497	-0.003454	0.134942	0.038492
498	6.851022	0.497449	0.151628
499	6.976208	0.573578	0.200406
500	4.751961	0.503750	0.185644
501	2.422961	0.588308	0.257373
502	-2.365835	0.588319	0.257199
503	0.002876	0.557772	0.231297
504	-7.162441	0.577464	0.207551
505	-6.871217	0.494952	0.156500
506	-4.790823	0.503785	0.185281
507	7.390783	4.379452	0.969215
508	7.426015	6.565339	0.969191
509	4.881517	5.444078	0.969239
510	2.459133	8.795273	0.967821
511	-2.459133	8.795273	0.967821
512	0.000000	7.663034	0.969232
513	-7.426015	6.565339	0.969191
514	-7.390783	4.379452	0.969215
515	-4.881517	5.444078	0.969239
516	2.499442	10.000000	0.143051
517	-2.499442	10.000000	0.143051
518	-0.000000	10.000000	0.234964
519	-7.429560	10.000000	0.341594
520	-7.403857	10.000000	0.552613
521	-4.881811	10.000000	0.449539
522	-2.552082	10.000000	0.732381
523	2.552082	10.000000	0.732381
524	-0.000000	10.000000	0.660806
525	10.000000	-6.245529	0.085882
526	10.000000	-3.973763	0.072218
527	10.000000	-4.870546	0.158884
531	10.000000	-1.892943	0.093051
534	10.000000	-1.563777	0.340905
535	10.000000	-1.707286	0.556989
536	10.000000	-2.404601	0.416625
537	10.000000	-4.090113	0.753515
538	10.000000	-6.190828	0.749339
539	10.000000	-4.770000	0.605883
540	-10.000000	-8.483026	0.315337
541	-10.000000	-8.418134	0.523538
542	-10.000000	-6.931101	0.390214
543	-10.000000	-6.190828	0.749339
544	-10.000000	-4.090110	0.753515
545	-10.000000	-4.769999	0.605883
546	-10.000000	-1.707370	0.556994
547	-10.000000	-1.567043	0.341428
548	-10.000000	-2.404485	0.416527
549	-10.000000	-1.392427	0.121996
555	10.000000	8.483025	0.315337
556	10.000000	8.418134	0.523538
557	10.000000	6.931100	0.390214
558	10.000000	6.190828	0.749339
559	10.000000	4.090109	0.753515
560	10.000000	4.769999	0.605883
561	10.000000	1.706960	0.556936
562	10.000000	1.562434	0.340610
563	10.000000	2.404383	0.416538
564	10.000000	1.520529	0.123060
570	-10.000000	6.244504	0.085855
571	-10.000000	3.966766	0.072074
572	-10.000000	4.869984	0.158857
576	-10.000000	1.891716	0.098781
579	-10.000000	1.564562	0.341105
580	-10.000000	1.707405	0.556996
581	-10.000000	2.404625	0.416616
582	-10.000000	4.090114	0.753515
583	-10.000000	6.190828	0.749339
584	-10.000000	4.770000	0.605883
603	2.454896	-8.773799	0.000000
604	-2.454896	-8.773799	0.000000
605	0.000000	-7.524417	0.000000
606	-7.428947	-6.356540	0.000000
607	-7.395097	-4.017594	0.000004
608	-4.882335	-5.155150	0.000000
609	-2.380295	-1.564215	-0.000000
610	2.382700	-1.564131	-0.000000
611	0.000071	-2.783366	-0.000000
612	2.226184	-0.212415	0.089769
613	-2.201937	-0.208073	0.093968
614	0.003885	-0.154505	0.098852
615	-7.168572	-0.050027	-0.097300
616	-7.218571	-0.007141	-0.049285
617	-4.551863	-0.024231	0.107135
618	-2.312232	0.222150	0.084706
619	2.277663	0.223532	0.086646
620	-0.001825	0.155857	0.099267
621	7.429928	6.355396	0.000000
622	7.400098	4.011012	0.000003
623	4.883023	5.154638	0.000000
624	2.386047	1.560308	-0.000000
625	-2.387918	1.559719	-0.000000
626	-0.000010	2.782711	-0.000000
627	-7.400112	4.011068	0.000003
628	-7.429931	6.355397	0.000000
629	-4.883020	5.154645	0.000000
630	7.638972	-0.909422	0.564264
631	7.371938	-0.783312	0.398030
632	4.902510	-0.796042	0.472026
633	2.515667	-0.647126	0.314425
634	-2.513195	-0.647911	0.313766
635	0.000100	-0.675971	0.348713
636	-7.338932	-0.783820	0.398451
637	-7.638489	-0.909709	0.564182
638	-4.901673	-0.796678	0.471596
639	7.361472	0.779728	0.400256
640	7.639796	0.908220	0.564992
641	4.901942	0.795750	0.472264
642	3.130560	0.989014	0.702465
643	-3.130600	0.988981	0.702488
644	-0.000031	0.908802	0.627768
645	-7.639124	0.908205	0.565078
646	-7.356119	0.779099	0.401420
647	-4.901855	0.795400	0.472542
648	7.717834	-10.054049	0.000000
649	7.710086	-9.886725	0.900000
650	7.488795	-0.729271	0.299727
651	8.223407	0.596945	0.139120
652	7.569203	0.728045	0.305425
653	7.710086	9.886725	0.900000
654	7.717892	10.054048	0.000000
655	10.000000	-10.000000	0.105880
656	-10.000000	-10.000000	0.105880
659	10.000000	10.000000	0.105880
660	-10.000000	10.000000	0.105879
661	10.000000	-8.935356	0.899722
662	-10.000000	-8.935356	0.899722
665	9.171777	0.972047	0.120606
667	10.000000	2.896139	0.900000
668	-10.000000	2.896156	0.900000
669	10.000000	-8.970535	0.000000
670	-10.000000	-8.970827	0.000000
671	10.000000	8.969437	0.000000
672	-10.000000	8.969430	0.000000
673	7.619759	0.861400	0.000000
676	10.000000	-0.973425	0.000000
677	-10.000000	-1.006735	0.000000
678	8.337644	-0.655123	0.135189
679	7.659088	-0.918752	0.000000
680	9.448172	-0.863849	0.043375
681	-9.458556	-0.887132	0.046281
682	7.901614	-1.648991	0.900000
683	7.901622	1.648990	0.900000
686	10.000000	-1.780584	0.900000
687	-10.000000	-1.780585	0.900000
688	8.379274	-10.000000	0.094311
689	8.263222	-10.000000	0.752071
690	-8.263222	-10.000000	0.752071
691	-8.379275	-10.000000	0.094311
692	8.338923	-9.182968	0.968975
693	8.123889	-2.212140	0.981660
694	-8.123892	-2.212140	0.981660
695	-8.338923	-9.182968	0.968975
696	8.209001	-0.765506	0.296797
697	8.153613	-0.612645	0.144865
698	-8.569400	-0.772663	0.141881
699	-8.321444	-0.776577	0.304023
700	8.807933	-0.696488	0.118293
701	-8.856628	-0.728721	0.116567
702	-8.807420	0.657849	0.129250
703	8.807962	0.661544	0.119714
704	8.066246	0.573291	0.148948
705	8.290888	0.762061	0.303226
706	-8.185775	0.753829	0.305053
707	-8.177092	0.578353	0.156249
708	8.123894	2.212139	0.981660
709	8.338923	9.182968	0.968975
710	-8.338923	9.182968	0.968975
711	-8.123883	2.212141	0.981660
712	8.379274	10.000000	0.094311
713	-8.379273	10.000000	0.094311
714	-8.263222	10.000000	0.752071
715	8.263222	10.000000	0.752071
716	10.000000	-9.218696	0.073880
719	10.000000	-1.031389	0.120211
720	10.000000	-2.145048	0.827544
721	10.000000	-9.022898	0.784546
722	-10.000000	-9.218696	0.073882
723	-10.000000	-9.022898	0.784546
724	-10.000000	-2.145028	0.827544
728	10.000000	9.218601	0.073871
729	10.000000	9.022898	0.784546
730	10.000000	2.145006	0.827543
734	-10.000000	9.218607	0.073871
737	-10.000000	0.977192	0.144373
738	-10.000000	2.145081	0.827545
739	-10.000000	9.022898	0.784546
748	8.317373	-9.227434	0.000000
749	-8.317333	-9.227450	0.000000
750	-8.151138	-1.629900	-0.013592
751	8.157259	-1.612042	-0.012984
752	8.521471	-0.746894	0.168518
753	-8.527500	-0.772841	0.163957
754	-8.316113	0.674614	-0.033036
755	8.355427	0.685661	-0.011941
756	8.317589	9.227317	0.000000
757	8.169943	1.570624	-0.013431
758	-8.166992	1.567469	-0.013648
759	-8.317592	9.227316	0.000000
760	8.898243	-1.576353	0.905865
761	7.712099	-0.742781	0.318558
762	-7.743226	-0.747893	0.320344
763	-8.898269	-1.576344	0.905868
764	7.730855	0.737501	0.322315
765	8.898235	1.576296	0.905863
766	-8.898189	1.576337	0.905860
767	-7.714397	0.736032	0.325894
768	-2.626242	-10.055723	0.000000
769	-2.621615	-9.868525	0.900000
770	-2.824327	-0.619133	0.285045
771	-2.810327	0.275543	0.074615
772	-2.743428	0.618685	0.285252
773	-2.621615	9.868525	0.900000
774	-2.626249	10.055723	0.000000
775	10.000000	-10.000000	0.535561
776	-10.000000	-10.000000	0.535561
779	10.000000	10.000000	0.535561
780	-10.000000	10.000000	0.535561
781	10.000000	-4.573165	0.900000
782	-10.000000	-4.573165	0.900000
786	-9.557657	0.945285	0.208915
787	10.000000	6.716070	0.899997
788	-10.000000	6.716070	0.899997
789	10.000000	-4.183087	0.000000
790	-10.000000	-4.194875	0.000000
791	10.000000	4.155683	0.000000
792	-10.000000	4.155539	0.000000
793	-2.617090	0.345376	0.000000
796	10.000000	0.429864	0.000000
797	-10.000000	0.432979	0.000000
798	-2.859465	-0.275525	0.078476
799	-2.563458	-0.364266	0.000000
800	9.390396	0.193579	-0.046579
801	-9.392629	0.193073	-0.046504
802	-2.807051	-1.083067	0.772416
803	-2.807092	1.083058	0.772430
804	10.000000	1.079231	0.698980
805	-10.000000	1.080748	0.698690
806	10.000000	-0.941092	0.462650
807	-10.000000	-0.929892	0.455025
808	3.079398	-10.000000	0.313112
809	3.076288	-10.000000	0.585345
810	-3.076288	-10.000000	0.585345
811	-3.079398	-10.000000	0.313112
812	3.077918	-6.842011	0.969239
813	3.067788	-4.042233	0.969239
814	-3.067788	-4.042233	0.969239
815	-3.077918	-6.842011	0.969239
816	3.086655	-0.538396	0.217375
817	2.934438	-0.446247	0.154576
818	-2.926709	-0.446514	0.154404
819	-3.089321	-0.539464	0.216684
820	3.196167	-0.088172	0.032977
821	-3.198549	-0.088045	0.033275
822	-3.183638	0.088094	0.032368
823	3.184108	0.087870	0.032742
824	2.936661	0.446320	0.153467
825	3.098646	0.539248	0.217005
826	-3.113260	0.539144	0.216790
827	-2.959369	0.446557	0.153046
828	3.067788	4.042233	0.969239
829	3.077918	6.842011	0.969239
830	-3.077918	6.842011	0.969239
831	-3.067788	4.042233	0.969239
832	3.079398	10.000000	0.313112
833	-3.079398	10.000000	0.313112
834	-3.076288	10.000000	0.585345
835	3.076288	10.000000	0.585345
836	10.000000	-6.128184	0.248723
838	10.000000	-3.376004	0.184404
839	10.000000	-2.612441	0.268506
840	10.000000	-3.323270	0.531881
841	10.000000	-5.996647	0.513155
842	-10.000000	-6.128283	0.248724
843	-10.000000	-5.996654	0.513156
844	-10.000000	-3.323220	0.531876
845	-10.000000	-2.611584	0.268184
847	-10.000000	-3.373032	0.184231
848	10.000000	6.128270	0.248722
849	10.000000	5.996654	0.513156
850	10.000000	3.323218	0.531876
851	10.000000	2.612437	0.268397
853	10.000000	3.375970	0.184362
854	-10.000000	6.128159	0.248720
856	-10.000000	3.375352	0.184357
857	-10.000000	2.612344	0.268476
858	-10.000000	3.323268	0.531880
859	-10.000000	5.996647	0.513155
868	3.078104	-6.644973	0.000000
869	-3.078097	-6.644976	0.000000
870	-3.068139	-3.662183	-0.000000
871	3.068327	-3.662116	-0.000000
872	2.657925	-0.124893	-0.111517
873	-2.658297	-0.128898	-0.119015
874	-2.688852	0.111467	-0.103978
875	2.689915	0.125132	-0.115451
876	3.078173	6.644943	0.000000
877	3.069255	3.661568	-0.000000
878	-3.069226	3.661585	-0.000000
879	-3.078173	6.644943	0.000000
880	3.146742	-0.866052	0.571799
881	3.132235	-0.714790	0.385615
882	-3.131919	-0.715405	0.385074
883	-3.146676	-0.866230	0.571685
884	3.131217	0.715048	0.385357
885	3.146824	0.866141	0.571744
886	-3.146837	0.866044	0.571802
887	-3.130403	0.714782	0.385613
888	-2.266611	-10.000000	0.241321
889	-1.282624	-10.000000	0.092066
890	3.528017	-10.000000	0.192552
891	-2.259682	-7.598274	0.969235
892	-1.272812	-9.354384	0.955874
893	3.501315	-8.156613	0.969175
894	-2.411163	-0.908667	0.623758
895	-1.763610	-1.010863	0.725290
896	4.008436	-0.954937	0.664790
897	-2.188823	-0.556672	0.230730
898	-1.285891	-0.600769	0.275009
899	3.376438	-0.570423	0.243387
900	4.832507	0.068349	0.029716
901	8.435602	0.067324	-0.001051
902	6.196882	-0.124844	0.030538
903	-2.126840	0.411214	0.133184
904	-1.195348	0.306818	0.085322
905	3.262717	0.383644	0.120409
906	-2.379637	0.681371	0.350418
907	-1.282266	0.630956	0.302218
908	3.627764	0.667444	0.330355
909	-2.241315	3.285979	0.969231
910	-1.248867	1.518554	0.934049
911	3.441166	2.738630	0.969142
912	4.736648	10.000000	0.548663
913	8.716611	10.000000	0.498922
914	5.992833	10.000000	0.296238
915	10.000000	-6.856932	0.487562
916	10.000000	-9.213377	0.484848
917	10.000000	-7.703659	0.257902
918	-10.000000	-3.846712	0.147459
919	-10.000000	-4.604683	0.037105
920	-10.000000	-6.622073	0.141458
921	10.000000	3.850003	0.147538
922	10.000000	4.604193	0.036996
923	10.000000	6.621976	0.141450
924	-10.000000	6.856932	0.487562
925	-10.000000	9.213377	0.484848
926	-10.000000	7.703653	0.257901
933	4.731439	-4.064373	-0.000000
934	8.719399	-4.629908	0.000001
935	5.989044	-6.853824	-0.000000
936	4.391689	0.112702	-0.112783
937	8.754103	0.183022	-0.096872
938	5.692143	-0.232431	-0.087944
939	-2.259224	7.455665	-0.000000
940	-1.270110	9.425428	-0.000000
941	3.499048	8.064300	-0.000000
942	8.731928	-10.000000	0.391827
943	5.969814	-10.000000	0.598850
944	4.743512	-10.000000	0.349630
945	1.279198	-10.000000	0.762186
946	-3.541107	-10.000000	0.696671
947	2.268027	-10.000000	0.654430
948	-8.716611	-10.000000	0.498922
949	-5.992833	-10.000000	0.296238
950	-4.736648	-10.000000	0.548663
951	8.730320	-6.059503	0.965892
952	5.945843	-3.880904	0.969241
953	4.743238	-6.469861	0.969239
954	1.248865	-1.518553	0.934049
955	-3.441166	-2.738630	0.969142
956	2.241315	-3.285979	0.969231
957	-8.713920	-4.956942	0.966286
958	-5.987297	-7.032543	0.969240
959	-4.730136	-4.420455	0.969239
960	8.114975	-0.697972	0.206295
961	5.418976	-0.446999	0.144246
962	4.782000	-0.537608	0.207052
963	1.205525	-0.306631	0.087275
964	-3.208835	-0.383588	0.122026
965	2.100168	-0.410872	0.134749
966	-8.146260	-0.715469	0.198080
967	-6.078478	-0.572893	0.209532
968	-4.461434	-0.465904	0.160449
969	1.389743	-0.238318	0.064301
970	-3.831032	-0.174381	0.048149
971	2.402495	-0.132734	0.039546
972	-8.441636	-0.079901	-0.000998
973	-6.178301	0.121503	0.031870
974	-4.844013	-0.069130	0.030006
975	-1.387765	0.238811	0.062236
976	3.801178	0.173604	0.047097
977	-2.393180	0.133057	0.038374
978	7.706391	0.627655	0.180652
979	6.145228	0.568671	0.215695
980	4.509604	0.463512	0.162037
981	1.280559	0.601398	0.274278
982	-3.356088	0.571182	0.243342
983	2.190956	0.556918	0.230320
984	-8.536945	0.768706	0.238913
985	-5.556904	0.447520	0.146952
986	-4.823781	0.536962	0.208390
987	8.713920	4.956942	0.966286
988	5.987297	7.032543	0.969240
989	4.730136	4.420455	0.969239
990	1.272812	9.354384	0.955874
991	-3.501315	8.156613	0.969175
992	2.259682	7.598274	0.969235
993	-8.730320	6.059503	0.965892
994	-5.945843	3.880904	0.969241
995	-4.743238	6.469861	0.969239
996	1.282624	10.000000	0.092066
997	-3.528018	10.000000	0.192552
998	2.266611	10.000000	0.241321
999	-8.731928	10.000000	0.391827
1000	-5.969814	10.000000	0.598850
1001	-4.743512	10.000000	0.349630
1002	-1.279198	10.000000	0.762186
1003	3.541107	10.000000	0.696671
1004	-2.268027	10.000000	0.654430
1005	10.000000	-5.791900	0.040277
1006	10.000000	-3.412820	0.106901
1007	10.000000	-5.899080	0.178901
1012	10.000000	-2.164566	0.149377
1014	10.000000	-1.254840	0.419210
1015	10.000000	-2.258838	0.582927
1016	10.000000	-2.276895	0.318808
1017	10.000000	-4.806031	0.826334
1018	10.000000	-6.482279	0.668919
1019	10.000000	-3.819005	0.607919
1020	-10.000000	-9.238242	0.378630
1021	-10.000000	-7.593916	0.556477
1022	-10.000000	-6.941151	0.295958
1023	-10.000000	-5.880261	0.825591
1024	-10.000000	-3.467091	0.679863
1025	-10.000000	-5.756281	0.597596
1026	-10.000000	-1.293742	0.535854
1027	-10.000000	-1.874293	0.278427
1028	-10.000000	-2.617739	0.512955
1029	-10.000000	-1.093855	0.050088
1035	10.000000	9.238242	0.378630
1036	10.000000	7.593916	0.556477
1037	10.000000	6.941147	0.295957
1038	10.000000	5.880261	0.825591
1039	10.000000	3.467089	0.679863
1040	10.000000	5.756281	0.597596
1041	10.000000	1.291907	0.535513
1042	10.000000	1.872069	0.278639
1043	10.000000	2.617713	0.512954
1044	10.000000	1.414094	0.060318
1050	-10.000000	5.787635	0.040234
1051	-10.000000	3.409153	0.106769
1052	-10.000000	5.898916	0.178891
1057	-10.000000	2.165217	0.150218
1059	-10.000000	1.254501	0.419926
1060	-10.000000	2.258877	0.582927
1061	-10.000000	2.276909	0.318791
1062	-10.000000	4.806031	0.826334
1063	-10.000000	6.482279	0.668919
1064	-10.000000	3.819006	0.607919
1083	1.270108	-9.425429	-0.000000
1084	-3.499011	-8.064310	-0.000000
1085	2.259200	-7.455671	-0.000000
1086	-8.733564	-5.818244	-0.000000
1087	-5.948882	-3.487442	0.000008
1088	-4.744191	-6.249057	-0.000000
1089	-1.213666	-0.918269	0.000000
1090	3.440639	-2.266572	0.000001
1091	-2.241120	-2.855400	-0.000000
1092	1.191945	-0.186201	-0.134759
1093	-3.099655	-0.195582	-0.098886
1094	1.932349	-0.151119	0.097798
1095	-8.424785	-0.024047	0.073877
1096	-5.553280	0.142337	0.089627
1097	-4.356617	-0.040528	-0.106859
1098	-1.263543	0.196151	-0.144575
1099	3.159967	0.188699	-0.104486
1100	-1.986299	0.154441	0.098176
1101	8.735384	5.813295	-0.000000
1102	5.953771	3.483534	0.000007
1103	4.744467	6.248879	-0.000000
1104	1.215478	0.910794	0.000000
1105	-3.445015	2.263907	0.000001
1106	2.242966	2.854415	-0.000000
1107	-8.722062	4.621629	0.000001
1108	-5.989345	6.853607	-0.000000
1109	-4.732777	4.063426	-0.000000
1110	8.857758	-0.924960	0.541262
1111	5.958072	-0.731797	0.373836
1112	4.826466	-0.853547	0.545021
1113	1.281803	-0.630030	0.303193
1114	-3.623375	-0.668305	0.329589
1115	2.381707	-0.681038	0.350777
1116	-8.727494	-0.861140	0.446686
1117	-6.254259	-0.908537	0.591328
1118	-4.757037	-0.743430	0.405561
1119	8.737522	0.856397	0.446571
1120	6.254877	0.907805	0.591796
1121	4.757318	0.742150	0.406575
1122	1.763772	1.010873	0.725281
1123	-4.008664	0.954879	0.664831
1124	2.411361	0.908671	0.623756
1125	-8.857076	0.922581	0.542851
1126	-5.949383	0.729349	0.376039
1127	-4.826543	0.853185	0.545271
1128	2.626242	-10.055723	0.000000
1129	2.621615	-9.868525	0.900000
1130	2.755431	-0.617986	0.285916
1131	2.798733	0.274100	0.075826
1132	2.787594	0.618909	0.285394
1133	2.621615	9.868525	0.900000
1134	2.626249	10.055723	0.000000
1135	10.000000	-10.000000	0.330973
1136	-10.000000	-10.000000	0.330973
1139	10.000000	10.000000	0.330973
1140	-10.000000	10.000000	0.330973
1141	10.000000	-6.716070	0.899997
1142	-10.000000	-6.716070	0.899997
1143	9.665239	-0.981989	0.212631
1147	10.000000	4.573164	0.900000
1148	-10.000000	4.573165	0.900000
1149	10.000000	-6.538086	0.000000
1150	-10.000000	-6.540546	0.000000
1151	10.000000	6.530924	0.000000
1152	-10.000000	6.530906	0.000000
1153	2.560920	0.344404	0.000000
1156	10.000000	-0.029736	0.000000
1157	-10.000000	-0.034879	0.000000
1158	2.844479	-0.275151	0.077233
1159	2.603745	-0.363802	0.000000
1160	9.387036	-0.225794	-0.045073
1161	-9.389376	-0.230565	-0.044954
1162	2.807067	-1.083057	0.772430
1163	2.807086	1.083065	0.772420
1164	10.000000	0.931044	0.470703
1165	-10.000000	0.935888	0.469690
1166	10.000000	-1.080753	0.698174
1167	-10.000000	-1.080958	0.699899
1168	5.582922	-10.000000	0.211004
1169	5.553078	-10.000000	0.677511
1170	-5.553078	-10.000000	0.677511
1171	-5.582922	-10.000000	0.211004
1172	5.554272	-7.958215	0.969228
1173	5.459166	-2.972709	0.969253
1174	-5.459166	-2.972709	0.969253
1175	-5.554272	-7.958215	0.969228
1176	5.607099	-0.580631	0.230955
1177	4.820886	-0.400460	0.128126
1178	-5.118002	-0.411156	0.126134
1179	-5.573926	-0.584165	0.229211
1180	6.201526	-0.211487	0.046034
1181	-6.220715	-0.213073	0.046272
1182	-6.148868	0.203861	0.047319
1183	6.159965	0.204642	0.046214
1184	5.218655	0.405417	0.129647
1185	5.603768	0.581075	0.234233
1186	-5.546621	0.579392	0.236225
1187	-5.015064	0.401620	0.126755
1188	5.459166	2.972709	0.969253
1189	5.554272	7.958215	0.969228
1190	-5.554272	7.958215	0.969228
1191	-5.459166	2.972709	0.969253
1192	5.582922	10.000000	0.211004
1193	-5.582922	10.000000	0.211004
1194	-5.553078	10.000000	0.677511
1195	5.553078	10.000000	0.677511
1196	10.000000	-7.620555	0.172251
1198	10.000000	-2.547715	0.104511
1199	10.000000	-1.777595	0.189475
1200	10.000000	-2.615250	0.672672
1201	10.000000	-7.454376	0.653198
1202	-10.000000	-7.620544	0.172250
1203	-10.000000	-7.454376	0.653198
1204	-10.000000	-2.615222	0.672667
1205	-10.000000	-1.765505	0.188967
1207	-10.000000	-2.498707	0.103476
1208	10.000000	7.620507	0.172245
1209	10.000000	7.454376	0.653198
1210	10.000000	2.615210	0.672666
1211	10.000000	1.774126	0.190448
1213	10.000000	2.544431	0.104921
1214	-10.000000	7.620509	0.172246
1216	-10.000000	2.546233	0.104998
1217	-10.000000	1.777860	0.191152
1218	-10.000000	2.615267	0.672672
1219	-10.000000	7.454376	0.653198
1228	5.552337	-7.853060	0.000000
1229	-5.552319	-7.853067	0.000000
1230	-5.463381	-2.514400	-0.000116
1231	5.465887	-2.513378	-0.000114
1232	5.241602	-0.064331	-0.009015
1233	-5.269032	-0.034137	-0.003427
1234	-5.104881	0.197652	-0.101911
1235	5.109387	0.209723	-0.101277
1236	5.552464	7.853001	0.000000
1237	5.473189	2.507814	-0.000102
1238	-5.473070	2.508027	-0.000103
1239	-5.552465	7.853001	0.000000
1240	6.215145	-0.984381	0.670740
1241	5.488925	-0.691467	0.334832
1242	-5.472169	-0.692980	0.333816
1243	-6.215249	-0.984553	0.670625
1244	5.485540	0.690120	0.335785
1245	6.215509	0.984223	0.670862
1246	-6.215267	0.984143	0.670915
1247	-5.477114	0.689026	0.337017
1248	-7.717829	-10.054049	0.000000
1249	-7.710086	-9.886725	0.900000
1250	-7.675346	-0.745594	0.307827
1252	-7.505720	0.723053	0.307119
1253	-7.710086	9.886725	0.900000
1254	-7.717892	10.054048	0.000000
1255	10.000000	-10.000000	0.694867
1256	-10.000000	-10.000000	0.694867
1259	10.000000	10.000000	0.694867
1260	-10.000000	10.000000	0.694867
1261	10.000000	-2.896148	0.900000
1262	-10.000000	-2.896144	0.900000
1263	9.134297	-1.015418	0.105694
1264	-9.453638	-1.077563	0.117779
1267	10.000000	8.935356	0.899722
1268	-10.000000	8.935356	0.899722
1269	10.000000	-2.226040	0.000000
1270	-10.000000	-2.266326	0.000000
1271	10.000000	2.152121	0.000000
1272	-10.000000	2.152102	0.000000
1273	-7.560641	0.846277	0.000000
1276	10.000000	0.907256	0.000000
1277	-10.000000	0.912255	0.000000
1278	-8.276235	-0.648465	0.115546
1279	-7.679571	-0.944331	0.000000
1280	9.442787	0.807801	0.045153
1281	-9.440879	0.807756	0.048622
1282	-7.901634	-1.648995	0.900000
1283	-7.901598	1.648992	0.900000
1284	10.000000	1.780441	0.900000
1285	-10.000000	1.780659	0.900000
1288	0.886294	-10.000000	0.410199
1289	0.886396	-10.000000	0.489676
1290	-0.886396	-10.000000	0.489676
1291	-0.886294	-10.000000	0.410199
1292	0.886427	-5.844271	0.969239
1293	0.886208	-5.036112	0.969239
1294	-0.886208	-5.036112	0.969239
1295	-0.886427	-5.844271	0.969239
1296	0.915740	-0.508403	0.197353
1297	0.881703	-0.484616	0.179534
1298	-0.880238	-0.484745	0.179559
1299	-0.913906	-0.508602	0.197306
1300	0.892482	-0.024453	0.028339
1301	-0.892526	-0.024408	0.028359
1302	-0.892143	0.024660	0.028127
1303	0.891915	0.024613	0.028175
1304	0.880064	0.485404	0.178424
1305	0.916525	0.509281	0.196296
1306	-0.918599	0.509275	0.196193
1307	-0.882326	0.485426	0.178313
1308	0.886208	5.036112	0.969239
1309	0.886427	5.844271	0.969239
1310	-0.886427	5.844271	0.969239
1311	-0.886208	5.036112	0.969239
1312	0.886294	10.000000	0.410199
1313	-0.886294	10.000000	0.410199
1314	-0.886396	10.000000	0.489676
1315	0.886396	10.000000	0.489676
1316	10.000000	-4.809495	0.316723
1318	10.000000	-4.089716	0.284112
1319	10.000000	-3.621383	0.333305
1320	10.000000	-3.974068	0.402559
1321	10.000000	-4.739411	0.392776
1322	-10.000000	-4.809687	0.316734
1323	-10.000000	-4.739473	0.392784
1324	-10.000000	-3.974106	0.402571
1325	-10.000000	-3.621518	0.333319
1327	-10.000000	-4.090051	0.284126
1328	10.000000	4.809686	0.316733
1329	10.000000	4.739472	0.392784
1330	10.000000	3.974108	0.402571
1331	10.000000	3.621551	0.333323
1333	10.000000	4.090094	0.284128
1334	-10.000000	4.809486	0.316721
1336	-10.000000	4.089678	0.284107
1337	-10.000000	3.621360	0.333301
1338	-10.000000	3.974063	0.402559
1339	-10.000000	4.739410	0.392776
1348	0.886437	-5.580358	0.000000
1349	-0.886434	-5.580359	0.000000
1350	-0.886273	-4.720442	-0.000000
1351	0.886280	-4.720440	-0.000000
1352	0.692773	-0.143545	-0.065612
1353	-0.714090	-0.145693	-0.054545
1354	-0.687693	0.131714	-0.060064
1355	0.684757	0.138533	-0.045470
1356	0.886462	5.580343	0.000000
1357	0.886322	4.720393	-0.000000
1358	-0.886319	4.720394	-0.000000
1359	-0.886461	5.580343	0.000000
1360	0.878165	-0.803420	0.500224
1361	0.896888	-0.758438	0.443676
1362	-0.897098	-0.758555	0.443585
1363	-0.878234	-0.803495	0.500170
1364	0.896902	0.758803	0.443380
1365	0.878207	0.803682	0.500041
1366	-0.878154	0.803645	0.500065
1367	-0.896743	0.758751	0.443419
1368	2.266611	-10.000000	0.241321
1369	-3.528017	-10.000000	0.192552
1370	1.282624	-10.000000	0.092066
1371	2.259682	-7.598274	0.969235
1372	-3.501315	-8.156613	0.969175
1373	1.272812	-9.354384	0.955874
1374	2.411268	-0.908580	0.623812
1375	-4.008336	-0.955043	0.664718
1376	1.763729	-1.010844	0.725306
1377	2.181856	-0.556046	0.231173
1378	-3.404818	-0.571923	0.242259
1379	1.246029	-0.600469	0.275408
1380	4.842016	-0.069166	0.029694
1381	6.179047	0.121653	0.030960
1382	8.438645	-0.078693	-0.001448
1383	2.118783	0.410943	0.133665
1384	-3.191383	0.384105	0.119381
1385	1.204738	0.306668	0.085872
1386	2.380612	0.681580	0.350245
1387	-3.624868	0.666950	0.330760
1388	1.288248	0.630983	0.302275
1389	2.241315	3.285979	0.969231
1390	-3.441166	2.738630	0.969142
1391	1.248864	1.518554	0.934049
1392	4.743512	10.000000	0.349630
1393	5.969814	10.000000	0.598850
1394	8.731928	10.000000	0.391827
1395	10.000000	-6.941114	0.295956
1396	10.000000	-7.593915	0.556477
1397	10.000000	-9.238241	0.378630
1398	-10.000000	-5.899014	0.178892
1399	-10.000000	-3.395444	0.106534
1400	-10.000000	-5.789911	0.040289
1401	10.000000	5.898995	0.178888
1402	10.000000	3.408469	0.106762
1403	10.000000	5.787419	0.040234
1404	-10.000000	6.941109	0.295956
1405	-10.000000	7.593915	0.556477
1406	-10.000000	9.238241	0.378630
1413	4.744231	-6.249034	-0.000000
1414	5.950102	-3.486720	0.000008
1415	8.734057	-5.817108	-0.000000
1416	4.376598	-0.047521	-0.095684
1417	5.538293	0.140546	0.087666
1418	8.444448	-0.005830	0.089438
1419	2.259224	7.455665	-0.000000
1420	-3.499048	8.064300	-0.000000
1421	1.270110	9.425428	-0.000000
1422	5.992833	-10.000000	0.296238
1423	8.716611	-10.000000	0.498922
1424	4.736648	-10.000000	0.548663
1425	3.541107	-10.000000	0.696671
1426	-1.279198	-10.000000	0.762186
1427	-2.268027	-10.000000	0.654430
1428	-5.969814	-10.000000	0.598850
1429	-8.731928	-10.000000	0.391827
1430	-4.743512	-10.000000	0.349630
1431	5.987297	-7.032543	0.969240
1432	8.713920	-4.956942	0.966286
1433	4.730136	-4.420455	0.969239
1434	3.441166	-2.738630	0.969142
1435	-1.248860	-1.518554	0.934049
1436	-2.241315	-3.285979	0.969231
1437	-5.945843	-3.880904	0.969241
1438	-8.730320	-6.059503	0.965892
1439	-4.743238	-6.469861	0.969239
1440	6.166751	-0.570538	0.211701
1441	7.797296	-0.643768	0.181949
1442	4.505726	-0.465072	0.161953
1443	3.141297	-0.383385	0.120872
1444	-1.392767	-0.306910	0.088305
1445	-2.105382	-0.410757	0.135430
1446	-5.321513	-0.448569	0.143245
1447	-7.771637	-0.678394	0.196638
1448	-4.787437	-0.539630	0.205008
1449	3.836418	-0.174978	0.047687
1450	-1.385959	-0.238022	0.064817
1451	-2.402088	-0.132482	0.039914
1452	-6.201858	-0.125318	0.030872
1453	-8.437641	0.066906	0.000236
1454	-4.832375	0.068484	0.029749
1455	-3.813822	0.174634	0.046412
1456	1.369558	0.238231	0.062987
1457	2.386919	0.132604	0.038965
1458	5.411610	0.441480	0.147209
1459	7.894667	0.655794	0.206302
1460	4.787081	0.537521	0.208425
1461	3.398720	0.571384	0.243337
1462	-1.240606	0.601433	0.274140
1463	-2.185447	0.556868	0.230088
1464	-6.154906	0.566368	0.217781
1465	-8.152115	0.614729	0.193804
1466	-4.582900	0.465031	0.161672
1467	5.945843	3.880904	0.969241
1468	8.730320	6.059503	0.965892
1469	4.743238	6.469861	0.969239
1470	3.501315	8.156613	0.969175
1471	-1.272812	9.354384	0.955874
1472	-2.259682	7.598274	0.969235
1473	-5.987297	7.032543	0.969240
1474	-8.713920	4.956942	0.966286
1475	-4.730136	4.420455	0.969239
1476	3.528018	10.000000	0.192552
1477	-1.282624	10.000000	0.092066
1478	-2.266611	10.000000	0.241321
1479	-5.992833	10.000000	0.296238
1480	-8.716611	10.000000	0.498922
1481	-4.736648	10.000000	0.548663
1482	-3.541107	10.000000	0.696671
1483	1.279198	10.000000	0.762186
1484	2.268027	10.000000	0.654430
1485	10.000000	-6.622212	0.141464
1486	10.000000	-4.615304	0.037078
1487	10.000000	-3.851195	0.147610
1493	10.000000	-2.635703	0.192376
1494	10.000000	-1.873589	0.278846
1495	10.000000	-1.293598	0.535270
1496	10.000000	-2.617826	0.512982
1497	10.000000	-3.467105	0.679865
1498	10.000000	-5.880261	0.825591
1499	10.000000	-5.756279	0.597596
1500	-10.000000	-7.703670	0.257902
1501	-10.000000	-9.213378	0.484848
1502	-10.000000	-6.856939	0.487563
1503	-10.000000	-6.482279	0.668919
1504	-10.000000	-4.806030	0.826334
1505	-10.000000	-3.818989	0.607918
1506	-10.000000	-2.258797	0.582908
1507	-10.000000	-1.256651	0.420862
1508	-10.000000	-2.276636	0.318494
1511	-10.000000	-2.627083	0.191560
1515	10.000000	7.703665	0.257901
1516	10.000000	9.213378	0.484848
1517	10.000000	6.856939	0.487563
1518	10.000000	6.482279	0.668919
1519	10.000000	4.806030	0.826334
1520	10.000000	3.818988	0.607918
1521	10.000000	2.258735	0.582903
1522	10.000000	1.251956	0.419695
1523	10.000000	2.276472	0.318628
1526	10.000000	2.635631	0.192330
1530	-10.000000	6.621995	0.141453
1531	-10.000000	4.604640	0.036996
1532	-10.000000	3.849899	0.147545
1538	-10.000000	2.635430	0.192366
1539	-10.000000	1.873871	0.279039
1540	-10.000000	1.293372	0.535509
1541	-10.000000	2.617837	0.512980
1542	-10.000000	3.467108	0.679865
1543	-10.000000	5.880261	0.825591
1544	-10.000000	5.756279	0.597596
1563	3.499014	-8.064310	-0.000000
1564	-1.270108	-9.425429	-0.000000
1565	-2.259199	-7.455672	-0.000000
1566	-5.988985	-6.853860	-0.000000
1567	-8.718274	-4.632673	0.000001
1568	-4.731096	-4.064553	-0.000000
1569	-3.439396	-2.266755	0.000001
1570	1.223169	-0.918348	0.000000
1571	2.241448	-2.855340	-0.000000
1572	3.145647	-0.174687	-0.099137
1573	-1.149747	-0.195547	-0.136194
1574	-1.918208	-0.151056	0.094959
1575	-5.663472	-0.208973	-0.105710
1576	-8.766263	0.177764	-0.122010
1577	-4.389736	0.133753	-0.099177
1578	-3.168102	0.189653	-0.104621
1579	1.208008	0.196170	-0.143753
1580	1.980809	0.153594	0.095637
1581	5.989343	6.853606	-0.000000
1582	8.722051	4.621641	0.000001
1583	4.732796	4.063400	-0.000000
1584	3.445449	2.263828	0.000001
1585	-1.227667	0.910335	0.000000
1586	-2.242867	2.854439	-0.000000
1587	-5.953742	3.483609	0.000007
1588	-8.735388	5.813292	-0.000000
1589	-4.744467	6.248880	-0.000000
1590	6.254333	-0.908180	0.591545
1591	8.743853	-0.862891	0.443189
1592	4.758883	-0.742530	0.406243
1593	3.630560	-0.667268	0.330410
1594	-1.297919	-0.630379	0.302722
1595	-2.380378	-0.681611	0.350263
1596	-5.947876	-0.733120	0.372974
1597	-8.854936	-0.924073	0.542515
1598	-4.826244	-0.853927	0.544779
1599	5.953698	0.730259	0.374980
1600	8.857913	0.921596	0.543067
1601	4.826564	0.853393	0.545132
1602	4.008662	0.954942	0.664791
1603	-1.763857	1.010861	0.725291
1604	-2.411408	0.908621	0.623785
1605	-6.254603	0.907634	0.591917
1606	-8.737897	0.857801	0.447045
1607	-4.756411	0.741650	0.407058
1608	0.000000	-10.000000	0.141520
1609	1.206868	-10.000000	0.184778
1610	-1.206868	-10.000000	0.184778
1611	-0.000000	-8.815174	0.967597
1612	1.196317	-8.238927	0.969116
1613	-1.196317	-8.238927	0.969116
1614	0.000060	-0.973781	0.694143
1615	1.386903	-0.943553	0.663622
1616	-1.386782	-0.943586	0.663600
1617	-0.016233	-0.587483	0.259555
1618	1.142201	-0.570152	0.247912
1619	-1.159541	-0.570399	0.247684
1620	7.396972	-0.002066	0.012660
1621	6.203349	-0.041602	0.023334
1622	6.198537	0.039893	0.023515
1623	0.012719	0.343417	0.100303
1624	1.118210	0.377427	0.116214
1625	-1.101615	0.377532	0.115880
1626	0.000754	0.646692	0.315691
1627	1.286427	0.660261	0.330891
1628	-1.286315	0.660168	0.330916
1629	-0.000000	2.060234	0.965488
1630	1.177040	2.642616	0.969001
1631	-1.177040	2.642616	0.969001
1632	7.462505	10.000000	0.448217
1633	6.164038	10.000000	0.396601
1634	6.157192	10.000000	0.501285
1635	10.000000	-8.459215	0.418701
1636	10.000000	-7.706324	0.353930
1637	10.000000	-7.669917	0.455181
1638	-10.000000	-5.071630	0.077328
1639	-10.000000	-5.524955	0.123108
1640	-10.000000	-4.422119	0.112783
1641	10.000000	5.072580	0.077300
1642	10.000000	5.525101	0.123100
1643	10.000000	4.424658	0.112808
1644	-10.000000	8.459215	0.418701
1645	-10.000000	7.706323	0.353930
1646	-10.000000	7.669917	0.455181
1653	7.462097	-5.177489	-0.000000
1654	6.164981	-5.738256	0.000000
1655	6.154370	-4.587140	-0.000000
1656	7.247604	0.135356	0.066859
1657	5.899594	-0.104425	0.091750
1658	5.858790	0.070915	-0.094500
1659	0.000000	8.794872	-0.000000
1660	1.195329	8.151585	0.000000
1661	-1.195329	8.151585	0.000000
1662	6.157192	-10.000000	0.501285
1663	6.164038	-10.000000	0.396601
1664	7.462505	-10.000000	0.448217
1665	-1.214520	-10.000000	0.704320
1666	1.214520	-10.000000	0.704320
1667	0.000000	-10.000000	0.733855
1668	-6.164038	-10.000000	0.396601
1669	-6.157192	-10.000000	0.501285
1670	-7.462505	-10.000000	0.448217
1671	6.152193	-4.911507	0.969239
1672	6.163117	-5.990189	0.969239
1673	7.458776	-5.464670	0.969169
1674	-1.177040	-2.642616	0.969001
1675	1.177040	-2.642616	0.969001
1676	0.000000	-2.060234	0.965488
1677	-6.163117	-5.990189	0.969239
1678	-6.152193	-4.911507	0.969239
1679	-7.458776	-5.464670	0.969169
1680	5.760032	-0.492925	0.166522
1681	5.896949	-0.532618	0.190314
1682	6.770534	-0.535977	0.173060
1683	-1.102766	-0.377028	0.117906
1684	1.087201	-0.376907	0.117429
1685	0.015205	-0.342610	0.101930
1686	-5.923733	-0.534823	0.185255
1687	-5.660550	-0.492872	0.162812
1688	-6.744421	-0.536018	0.164339
1689	-1.285119	-0.170095	0.046921
1690	1.290868	-0.170356	0.046646
1691	0.004243	-0.205158	0.054784
1692	-6.199178	0.039820	0.024217
1693	-6.205217	-0.041747	0.023843
1694	-7.399043	-0.002400	0.013885
1695	1.279841	0.170610	0.045604
1696	-1.294327	0.171038	0.045090
1697	-0.008714	0.205608	0.053177
1698	5.896050	0.529678	0.192911
1699	5.778726	0.486783	0.167585
1700	6.751751	0.524155	0.173977
1701	-1.135346	0.571046	0.246616
1702	1.161452	0.571048	0.246759
1703	0.019444	0.588417	0.258279
1704	-6.019336	0.495606	0.171505
1705	-5.990187	0.529481	0.194628
1706	-7.445278	0.570206	0.190008
1707	6.163117	5.990189	0.969239
1708	6.152193	4.911507	0.969239
1709	7.458776	5.464670	0.969169
1710	-1.196317	8.238927	0.969116
1711	1.196317	8.238927	0.969116
1712	0.000000	8.815174	0.967597
1713	-6.152193	4.911507	0.969239
1714	-6.163117	5.990189	0.969239
1715	-7.458776	5.464670	0.969169
1716	-1.206868	10.000000	0.184778
1717	1.206868	10.000000	0.184778
1718	0.000000	10.000000	0.141520
1719	-6.157192	10.000000	0.501285
1720	-6.164038	10.000000	0.396601
1721	-7.462505	10.000000	0.448217
1722	1.214520	10.000000	0.704320
1723	-1.214520	10.000000	0.704320
1724	-0.000000	10.000000	0.733855
1725	10.000000	-4.427008	0.112888
1726	10.000000	-5.525961	0.123135
1727	10.000000	-5.075922	0.077368
1734	10.000000	-2.058492	0.481581
1735	10.000000	-1.951029	0.377620
1736	10.000000	-1.614661	0.445796
1737	10.000000	-5.452154	0.676586
1738	10.000000	-4.428731	0.680200
1739	10.000000	-5.121337	0.752287
1740	-10.000000	-7.669921	0.455181
1741	-10.000000	-7.706334	0.353931
1742	-10.000000	-8.459217	0.418701
1743	-10.000000	-4.428727	0.680200
1744	-10.000000	-5.452153	0.676586
1745	-10.000000	-5.121336	0.752287
1746	-10.000000	-1.951569	0.377468
1747	-10.000000	-2.058555	0.481525
1748	-10.000000	-1.615534	0.445911
1749	-10.000000	-2.125409	0.147413
1755	10.000000	7.669921	0.455181
1756	10.000000	7.706333	0.353931
1757	10.000000	8.459217	0.418701
1758	10.000000	4.428726	0.680200
1759	10.000000	5.452153	0.676586
1760	10.000000	5.121336	0.752287
1761	10.000000	1.950609	0.377430
1762	10.000000	2.058297	0.481503
1763	10.000000	1.614090	0.445662
1764	10.000000	2.163388	0.150023
1770	-10.000000	4.424915	0.112818
1771	-10.000000	5.525185	0.123106
1772	-10.000000	5.072955	0.077306
1779	-10.000000	2.058599	0.481582
1780	-10.000000	1.951310	0.377635
1781	-10.000000	1.615017	0.445842
1782	-10.000000	5.452154	0.676586
1783	-10.000000	4.428731	0.680200
1784	-10.000000	5.121337	0.752287
1803	-1.195323	-8.151586	0.000000
1804	1.195323	-8.151586	0.000000
1805	0.000000	-8.794872	-0.000000
1806	-6.153893	-4.587493	-0.000000
1807	-6.164808	-5.738388	0.000000
1808	-7.461536	-5.178096	-0.000000
1809	1.175963	-2.164640	0.000000
1810	-1.175450	-2.164663	0.000000
1811	0.000885	-1.529408	-0.000000
1812	-1.028451	-0.191739	-0.104690
1813	1.057230	-0.193261	-0.104891
1814	0.008552	-0.224912	0.083981
1815	-5.813838	0.048806	-0.095392
1816	-5.913088	-0.086027	0.080447
1817	-7.248718	0.099910	0.081879
1818	1.068709	0.191528	-0.106107
1819	-1.078165	0.191759	-0.105912
1820	-0.012790	0.223808	0.079672
1821	6.155982	4.585607	-0.000000
1822	6.165674	5.737626	0.000000
1823	7.463767	5.175165	-0.000000
1824	-1.177426	2.163002	0.000000
1825	1.177140	2.163104	0.000000
1826	-0.001031	1.526165	-0.000000
1827	-6.165674	5.737633	0.000000
1828	-6.155976	4.585633	-0.000000
1829	-7.463770	5.175181	-0.000000
1830	6.177167	-0.781858	0.434243
1831	6.250558	-0.840982	0.510170
1832	7.531863	-0.837670	0.472075
1833	-1.289087	-0.659781	0.331287
1834	1.290245	-0.659435	0.331604
1835	-0.002334	-0.645782	0.316564
1836	-6.249421	-0.841640	0.509807
1837	-6.171638	-0.782900	0.433716
1838	-7.525950	-0.838213	0.472115
1839	6.250610	0.840254	0.510680
1840	6.175000	0.780680	0.435157
1841	7.530887	0.835377	0.473495
1842	-1.386990	0.943608	0.663585
1843	1.386917	0.943628	0.663573
1844	-0.000045	0.973824	0.694111
1845	-6.174269	0.780062	0.435753
1846	-6.250458	0.839903	0.510953
1847	-7.530293	0.835145	0.473882
1848	0.000000	-10.000000	0.348471
1849	-1.081893	-10.000000	0.293437
1850	1.081893	-10.000000	0.293437
1851	-4.869196	-10.000000	0.148839
1852	-6.241268	-10.000000	0.091950
1853	-3.820627	-10.000000	0.091850
1854	4.869196	-10.000000	0.148839
1855	3.820627	-10.000000	0.091850
1856	6.241268	-10.000000	0.091950
1857	0.000000	-6.473414	0.969239
1858	-1.080710	-7.041750	0.969239
1859	1.080710	-7.041750	0.969239
1860	-4.803051	-8.718159	0.968464
1861	-6.196603	-9.286143	0.960708
1862	-3.792493	-9.337007	0.957188
1863	4.803051	-8.718159	0.968464
1864	3.792493	-9.337007	0.957188
1865	6.196603	-9.286143	0.960708
1866	-0.000003	-0.839334	0.545811
1867	-1.104618	-0.873037	0.586058
1868	1.104670	-0.872985	0.586090
1869	-5.753747	-1.046042	0.728511
1870	-7.065604	-1.254495	0.829783
1871	-4.753600	-1.079483	0.766266
1872	5.753722	-1.045960	0.728576
1873	4.753598	-1.079447	0.766299
1874	7.065558	-1.254477	0.829792
1875	0.001039	-0.525790	0.207371
1876	-1.054453	-0.539259	0.221487
1877	1.056769	-0.539002	0.221592
1878	-4.842616	-0.593918	0.247615
1879	-6.280755	-0.639443	0.259714
1880	-3.950487	-0.605408	0.268025
1881	4.782598	-0.590302	0.249035
1882	3.893086	-0.603481	0.269437
1883	6.212802	-0.632857	0.260190
1884	2.279674	0.000017	0.028047
1885	3.547267	0.030836	0.028572
1886	3.549966	-0.031008	0.028625
1887	7.509428	0.216852	0.033935
1888	8.621294	0.407547	0.047329
1889	8.557907	0.221233	0.009909
1890	7.526185	-0.227222	0.032563
1891	8.559735	-0.237720	0.009328
1892	8.631489	-0.433469	0.046420
1893	-0.001697	0.462119	0.162955
1894	-1.036716	0.437413	0.147870
1895	1.030599	0.437357	0.148094
1896	-4.157908	0.358206	0.107198
1897	-5.625340	0.358533	0.105271
1898	-3.451128	0.316558	0.089676
1899	4.359328	0.357237	0.109032
1900	3.393933	0.314853	0.090834
1901	5.548173	0.347561	0.101474
1902	0.000170	0.725759	0.403668
1903	-1.124014	0.700421	0.373909
1904	1.124421	0.700498	0.373836
1905	-4.763988	0.658844	0.313464
1906	-5.898327	0.659916	0.302013
1907	-3.771609	0.634910	0.298863
1908	4.767747	0.659832	0.312545
1909	3.764675	0.635566	0.298529
1910	5.902267	0.661541	0.300253
1911	0.000000	4.407176	0.969239
1912	-1.077034	3.839601	0.969239
1913	1.077034	3.839601	0.969239
1914	-4.664767	2.218100	0.968452
1915	-6.029422	1.793736	0.964473
1916	-3.705242	1.590726	0.946047
1917	4.664767	2.218100	0.968452
1918	3.705243	1.590727	0.946047
1919	6.029427	1.793737	0.964473
1920	2.265819	10.000000	0.449892
1921	3.513021	10.000000	0.497801
1922	3.514459	10.000000	0.401636
1923	7.219390	10.000000	0.644464
1924	8.502228	10.000000	0.677391
1925	8.652783	10.000000	0.597558
1926	7.283914	10.000000	0.242316
1927	8.708245	10.000000	0.284378
1928	8.632652	10.000000	0.185310
1929	10.000000	-5.469267	0.365496
1930	10.000000	-6.146721	0.423058
1931	10.000000	-6.198231	0.332237
1932	10.000000	-8.338586	0.626169
1933	10.000000	-9.076492	0.686655
1934	10.000000	-9.168635	0.588101
1935	10.000000	-8.479540	0.217130
1936	10.000000	-9.253936	0.272508
1937	10.000000	-9.248541	0.169675
1938	-10.000000	-4.630500	0.249524
1939	-10.000000	-4.291447	0.193428
1940	-10.000000	-5.233482	0.214942
1941	-10.000000	-2.940266	0.067871
1942	-10.000000	-2.373192	0.033467
1943	-10.000000	-3.480111	0.034710
1944	-10.000000	-7.390425	0.101719
1945	-10.000000	-7.009466	0.045923
1946	-10.000000	-8.182594	0.056355
1947	10.000000	4.630542	0.249525
1948	10.000000	4.291982	0.193446
1949	10.000000	5.233508	0.214941
1950	10.000000	2.980841	0.068200
1951	10.000000	2.448564	0.033558
1952	10.000000	3.495965	0.034515
1953	10.000000	7.390203	0.101706
1954	10.000000	7.008018	0.045895
1955	10.000000	8.182061	0.056339
1956	-10.000000	5.469265	0.365495
1957	-10.000000	6.146720	0.423057
1958	-10.000000	6.198229	0.332237
1959	-10.000000	8.338586	0.626169
1960	-10.000000	9.076492	0.686655
1961	-10.000000	9.168635	0.588101
1962	-10.000000	8.479532	0.217129
1963	-10.000000	9.253934	0.272508
1964	-10.000000	9.248530	0.169672
1983	2.266572	-5.150855	-0.000000
1984	3.512886	-4.628763	0.000000
1985	3.515581	-5.675809	-0.000000
1986	7.181483	-2.933124	-0.000159
1987	8.485056	-2.475300	0.001637
1988	8.652830	-3.498911	-0.000066
1989	7.262951	-7.490800	-0.000000
1990	8.701341	-7.020218	0.000000
1991	8.582126	-8.183692	-0.000000
1992	2.019242	-0.010620	-0.100625
1993	3.199382	0.139366	0.047761
1994	3.209576	-0.171249	0.033190
1995	6.966778	0.185112	-0.091194
1996	8.631724	0.401374	-0.125947
1997	8.418153	0.186846	0.079569
1998	7.153563	-0.232068	0.073854
1999	8.703972	-0.191834	-0.015529
2000	8.643656	-0.487132	-0.126996
2001	0.000000	6.250365	-0.000000
2002	-1.080645	6.857328	-0.000000
2003	1.080646	6.857328	-0.000000
2004	-4.795322	8.691649	-0.000000
2005	-6.182251	9.348378	-0.000000
2006	-3.783826	9.405996	0.000000
2007	4.795322	8.691649	-0.000000
2008	3.783826	9.405996	0.000000
2009	6.182251	9.348378	-0.000000
2010	8.632651	-10.000000	0.185310
2011	8.708245	-10.000000	0.284378
2012	7.283914	-10.000000	0.242316
2013	8.652783	-10.000000	0.597558
2014	8.502228	-10.000000	0.677391
2015	7.219390	-10.000000	0.644464
2016	3.514459	-10.000000	0.401636
2017	3.513021	-10.000000	0.497801
2018	2.265819	-10.000000	0.449892
2019	6.225817	-10.000000	0.773810
2020	3.808008	-10.000000	0.765113
2021	4.939607	-10.000000	0.727763
2022	-3.808008	-10.000000	0.765113
2023	-6.225817	-10.000000	0.773810
2024	-4.939607	-10.000000	0.727763
2025	1.081898	-10.000000	0.605131
2026	-1.081898	-10.000000	0.605131
2027	0.000000	-10.000000	0.551115
2028	-8.502228	-10.000000	0.677391
2029	-8.652783	-10.000000	0.597558
2030	-7.219390	-10.000000	0.644464
2031	-8.708245	-10.000000	0.284378
2032	-8.632651	-10.000000	0.185310
2033	-7.283914	-10.000000	0.242316
2034	-3.513021	-10.000000	0.497801
2035	-3.514459	-10.000000	0.401636
2036	-2.265819	-10.000000	0.449892
2037	8.584652	-8.241801	0.969337
2038	8.698489	-7.173951	0.966742
2039	7.261614	-7.617843	0.969218
2040	8.641339	-3.911896	0.968030
2041	8.458826	-2.979676	0.971873
2042	7.168841	-3.371490	0.969158
2043	3.515129	-5.933264	0.969239
2044	3.512423	-4.949980	0.969239
2045	2.266367	-5.440531	0.969239
2046	6.029425	-1.793737	0.964473
2047	3.705240	-1.590726	0.946047
2048	4.664767	-2.218100	0.968452
2049	-3.705240	-1.590727	0.946047
2050	-6.029427	-1.793738	0.964473
2051	-4.664767	-2.218100	0.968452
2052	1.077034	-3.839601	0.969239
2053	-1.077034	-3.839601	0.969239
2054	0.000000	-4.407176	0.969239
2055	-8.458826	-2.979676	0.971873
2056	-8.641339	-3.911896	0.968030
2057	-7.168841	-3.371490	0.969158
2058	-8.698489	-7.173951	0.966742
2059	-8.584652	-8.241801	0.969337
2060	-7.261614	-7.617843	0.969218
2061	-3.512423	-4.949980	0.969239
2062	-3.515129	-5.933264	0.969239
2063	-2.266367	-5.440531	0.969239
2064	8.969988	-0.833776	0.292374
2065	8.450585	-0.756391	0.235290
2066	7.422558	-0.647752	0.229732
2067	7.896283	-0.643698	0.173568
2068	8.392645	-0.721190	0.170745
2069	6.527598	-0.464387	0.134065
2070	3.553785	-0.516505	0.198423
2071	3.430124	-0.483196	0.176458
2072	2.286792	-0.498685	0.188520
2073	5.626074	-0.348605	0.100943
2074	3.443842	-0.317717	0.092645
2075	4.714603	-0.363865	0.111674
2076	-4.118343	-0.327220	0.096244
2077	-6.561403	-0.440507	0.112165
2078	-4.171314	-0.359714	0.110714
2079	1.029198	-0.436909	0.149292
2080	-1.027596	-0.436910	0.149640
2081	0.001267	-0.461467	0.164295
2082	-8.322777	-0.704620	0.158018
2083	-8.717958	-0.799706	0.191995
2084	-6.894382	-0.520180	0.141132
2085	-8.160199	-0.728253	0.233095
2086	-8.873878	-0.822375	0.298968
2087	-7.265630	-0.645029	0.227069
2088	-3.418024	-0.484026	0.175965
2089	-3.551026	-0.517620	0.197629
2090	-2.282963	-0.499179	0.188401
2091	6.861692	-0.364315	0.085730
2092	4.223434	-0.256116	0.070198
2093	5.347415	-0.239161	0.060570
2094	-4.189397	-0.254031	0.069986
2095	-6.860990	-0.360530	0.082237
2096	-5.319419	-0.236819	0.060204
2097	1.116358	-0.097130	0.034138
2098	-1.116017	-0.097038	0.034277
2099	0.000131	-0.062449	0.030539
2100	-8.641306	-0.440494	0.045867
2101	-8.565081	-0.240928	0.009294
2102	-7.534543	-0.229169	0.032897
2103	-8.559819	0.220901	0.012444
2104	-8.620121	0.405942	0.052597
2105	-7.508362	0.215801	0.037155
2106	-3.550497	-0.030866	0.028754
2107	-3.547404	0.031003	0.028469
2108	-2.279830	0.000137	0.028021
2109	-6.853717	0.346587	0.090650
2110	-4.238407	0.257692	0.068385
2111	-5.291435	0.234265	0.060266
2112	4.192524	0.254475	0.068890
2113	6.817166	0.345577	0.085354
2114	5.279246	0.232806	0.059844
2115	-1.114073	0.097442	0.033277
2116	1.111396	0.097304	0.033508
2117	-0.000564	0.062697	0.030011
2118	8.090831	0.577389	0.160007
2119	8.446305	0.737641	0.194952
2120	7.206247	0.507526	0.143016
2121	8.345160	0.730550	0.234052
2122	8.947801	0.816137	0.293637
2123	7.383337	0.637126	0.233250
2124	3.426949	0.483262	0.175871
2125	3.556881	0.516800	0.198177
2126	2.285658	0.499313	0.187681
2127	6.288698	0.632649	0.263294
2128	3.923589	0.604272	0.269910
2129	4.813519	0.591535	0.250827
2130	-3.849433	0.603756	0.270398
2131	-6.210927	0.627072	0.265529
2132	-4.700055	0.590387	0.251913
2133	1.055524	0.539909	0.220500
2134	-1.058833	0.539894	0.220370
2135	-0.001190	0.526622	0.206193
2136	-8.940723	0.818559	0.303120
2137	-8.406742	0.738364	0.253194
2138	-7.368457	0.630014	0.239606
2139	-8.019863	0.561812	0.173397
2141	-6.527911	0.447471	0.134557
2142	-3.574291	0.516690	0.197873
2143	-3.447113	0.483305	0.175390
2144	-2.292938	0.499320	0.187407
2145	8.458826	2.979676	0.971873
2146	8.641339	3.911896	0.968030
2147	7.168841	3.371489	0.969158
2148	8.698489	7.173951	0.966742
2149	8.584652	8.241801	0.969337
2150	7.261614	7.617843	0.969218
2151	3.512423	4.949980	0.969239
2152	3.515129	5.933264	0.969239
2153	2.266367	5.440531	0.969239
2154	6.196603	9.286143	0.960708
2155	3.792493	9.337007	0.957188
2156	4.803051	8.718159	0.968464
2157	-3.792493	9.337007	0.957188
2158	-6.196603	9.286143	0.960708
2159	-4.803051	8.718159	0.968464
2160	1.080710	7.041750	0.969239
2161	-1.080710	7.041750	0.969239
2162	0.000000	6.473414	0.969239
2163	-8.584652	8.241801	0.969337
2164	-8.698489	7.173951	0.966742
2165	-7.261614	7.617843	0.969218
2166	-8.641339	3.911896	0.968030
2167	-8.458824	2.979677	0.971873
2168	-7.168841	3.371490	0.969158
2169	-3.515129	5.933264	0.969239
2170	-3.512423	4.949980	0.969239
2171	-2.266367	5.440531	0.969239
2172	6.241273	10.000000	0.091950
2173	3.820630	10.000000	0.091850
2174	4.869197	10.000000	0.148839
2175	-3.820630	10.000000	0.091850
2176	-6.241273	10.000000	0.091950
2177	-4.869197	10.000000	0.148839
2178	1.081893	10.000000	0.293437
2179	-1.081893	10.000000	0.293437
2180	-0.000000	10.000000	0.348471
2181	-8.632653	10.000000	0.185310
2182	-8.708245	10.000000	0.284378
2183	-7.283914	10.000000	0.242316
2184	-8.652783	10.000000	0.597558
2185	-8.502228	10.000000	0.677391
2186	-7.219390	10.000000	0.644464
2187	-3.514459	10.000000	0.401636
2188	-3.513021	10.000000	0.497801
2189	-2.265819	10.000000	0.449892
2190	-6.225817	10.000000	0.773810
2191	-3.808008	10.000000	0.765113
2192	-4.939607	10.000000	0.727763
2193	3.808008	10.000000	0.765113
2194	6.225817	10.000000	0.773810
2195	4.939607	10.000000	0.727763
2196	-1.081898	10.000000	0.605131
2197	1.081898	10.000000	0.605131
2198	-0.000000	10.000000	0.551115
2199	10.000000	-8.182586	0.056352
2200	10.000000	-7.009675	0.045918
2201	10.000000	-7.390537	0.101720
2202	10.000000	-3.522391	0.034650
2203	10.000000	-2.512504	0.032313
2204	10.000000	-2.994641	0.068299
2205	10.000000	-5.233363	0.214949
2206	10.000000	-4.291888	0.193467
2207	10.000000	-4.630212	0.249522
2222	10.000000	-1.540350	0.116429
2223	10.000000	-3.064445	0.233104
2225	10.000000	-3.470399	0.272135
2226	10.000000	-1.126982	0.236162
2227	10.000000	-1.232237	0.316134
2228	10.000000	-1.493649	0.246241
2229	10.000000	-1.406369	0.660752
2230	10.000000	-1.668244	0.762814
2231	10.000000	-1.915183	0.661597
2232	10.000000	-2.734221	0.358644
2233	10.000000	-2.966569	0.448177
2234	10.000000	-3.296995	0.388282
2235	10.000000	-2.891475	0.824068
2236	10.000000	-3.796895	0.826140
2237	10.000000	-3.137555	0.751804
2238	10.000000	-6.985130	0.823800
2239	10.000000	-8.077474	0.818265
2240	10.000000	-7.248485	0.742799
2241	10.000000	-4.165787	0.536423
2242	10.000000	-5.083358	0.529593
2243	10.000000	-4.484179	0.465107
2244	-10.000000	-9.248538	0.169675
2245	-10.000000	-9.253936	0.272508
2246	-10.000000	-8.479540	0.217130
2247	-10.000000	-9.168635	0.588101
2248	-10.000000	-9.076492	0.686655
2249	-10.000000	-8.338586	0.626169
2250	-10.000000	-6.198293	0.332241
2251	-10.000000	-6.146744	0.423060
2252	-10.000000	-5.469340	0.365502
2253	-10.000000	-8.077474	0.818265
2254	-10.000000	-6.985130	0.823800
2255	-10.000000	-7.248485	0.742799
2256	-10.000000	-3.796894	0.826140
2257	-10.000000	-2.891469	0.824068
2258	-10.000000	-3.137547	0.751803
2259	-10.000000	-5.083365	0.529594
2260	-10.000000	-4.165780	0.536424
2261	-10.000000	-4.484197	0.465111
2262	-10.000000	-1.668181	0.762827
2263	-10.000000	-1.406253	0.660878
2264	-10.000000	-1.915142	0.661590
2265	-10.000000	-1.230797	0.323428
2266	-10.000000	-1.092602	0.264565
2267	-10.000000	-1.496626	0.248970
2268	-10.000000	-2.966447	0.448154
2269	-10.000000	-2.733998	0.358546
2270	-10.000000	-3.296931	0.388276
2271	-10.000000	-0.899474	0.203323
2276	-10.000000	-1.758266	0.093238
2277	-10.000000	-3.063156	0.232909
2279	-10.000000	-3.470575	0.272121
2289	10.000000	9.248527	0.169672
2290	10.000000	9.253934	0.272508
2291	10.000000	8.479532	0.217129
2292	10.000000	9.168635	0.588101
2293	10.000000	9.076492	0.686655
2294	10.000000	8.338586	0.626169
2295	10.000000	6.198291	0.332240
2296	10.000000	6.146744	0.423060
2297	10.000000	5.469339	0.365501
2298	10.000000	8.077474	0.818265
2299	10.000000	6.985130	0.823800
2300	10.000000	7.248485	0.742799
2301	10.000000	3.796893	0.826140
2302	10.000000	2.891466	0.824068
2303	10.000000	3.137545	0.751803
2304	10.000000	5.083365	0.529594
2305	10.000000	4.165780	0.536424
2306	10.000000	4.484197	0.465111
2307	10.000000	1.668079	0.762815
2308	10.000000	1.405745	0.660801
2309	10.000000	1.915044	0.661581
2310	10.000000	1.226879	0.316819
2311	10.000000	1.093941	0.240123
2312	10.000000	1.487369	0.246190
2313	10.000000	2.966448	0.448157
2314	10.000000	2.734059	0.358578
2315	10.000000	3.296953	0.388280
2316	10.000000	0.964830	0.138989
2321	10.000000	1.888224	0.098015
2322	10.000000	3.064892	0.233074
2324	10.000000	3.470869	0.272148
2334	-10.000000	8.182084	0.056339
2335	-10.000000	7.008098	0.045895
2336	-10.000000	7.390245	0.101708
2337	-10.000000	3.496485	0.034508
2338	-10.000000	2.447663	0.033742
2339	-10.000000	2.982912	0.068210
2340	-10.000000	5.233249	0.214940
2341	-10.000000	4.291517	0.193444
2342	-10.000000	4.630140	0.249515
2357	-10.000000	1.526292	0.124882
2358	-10.000000	3.064174	0.233070
2360	-10.000000	3.470301	0.272124
2361	-10.000000	1.101977	0.242309
2362	-10.000000	1.231558	0.317766
2363	-10.000000	1.492125	0.247345
2364	-10.000000	1.406411	0.660795
2365	-10.000000	1.668316	0.762818
2366	-10.000000	1.915240	0.661599
2367	-10.000000	2.734169	0.358629
2368	-10.000000	2.966557	0.448174
2369	-10.000000	3.296971	0.388278
2370	-10.000000	2.891484	0.824069
2371	-10.000000	3.796897	0.826140
2372	-10.000000	3.137561	0.751804
2373	-10.000000	6.985130	0.823800
2374	-10.000000	8.077474	0.818265
2375	-10.000000	7.248485	0.742799
2376	-10.000000	4.165786	0.536423
2377	-10.000000	5.083358	0.529593
2378	-10.000000	4.484178	0.465107
2433	6.182180	-9.348395	-0.000000
2434	3.783810	-9.405998	0.000000
2435	4.795273	-8.691662	-0.000000
2436	-3.783810	-9.405999	0.000000
2437	-6.182173	-9.348396	-0.000000
2438	-4.795269	-8.691663	-0.000000
2439	1.080632	-6.857332	-0.000000
2440	-1.080631	-6.857332	-0.000000
2441	0.000000	-6.250370	-0.000000
2442	-8.582040	-8.183802	-0.000000
2443	-8.701128	-7.020618	0.000000
2444	-7.262872	-7.490857	-0.000000
2445	-8.650283	-3.504881	-0.000071
2446	-8.479376	-2.486585	0.001725
2447	-7.178189	-2.935954	-0.000165
2448	-3.515556	-5.675822	-0.000000
2449	-3.512810	-4.628803	0.000000
2450	-2.266558	-5.150862	-0.000000
2451	-5.983187	-1.215756	-0.000188
2452	-3.635177	-0.998939	-0.000001
2453	-4.654755	-1.698483	-0.000005
2454	3.643921	-0.998162	-0.000001
2455	5.987869	-1.211521	-0.000177
2456	4.658142	-1.697700	-0.000005
2457	-1.077030	-3.446720	0.000000
2458	1.077108	-3.446705	0.000000
2459	0.000011	-4.051216	-0.000000
2460	6.349936	-0.392703	0.058637
2461	3.569069	-0.236905	-0.113279
2462	4.470537	-0.273512	0.073021
2463	-3.520736	-0.238726	-0.093344
2464	-6.400045	-0.456593	0.131475
2465	-4.519328	-0.221620	0.106845
2466	0.904708	-0.116118	-0.097258
2467	-0.899182	-0.116152	-0.099939
2468	0.006528	-0.075890	0.112379
2469	-8.683406	-0.499572	-0.122684
2470	-8.720138	-0.208156	-0.003047
2471	-7.161590	-0.213624	0.117589
2472	-8.395540	0.214972	0.087642
2473	-8.641745	0.380013	-0.138916
2474	-6.954863	0.214616	-0.077964
2475	-3.181941	-0.140633	0.035735
2476	-3.235835	0.181738	0.050464
2477	-2.044859	0.046102	-0.091989
2478	-6.087537	0.348129	-0.184161
2479	-3.767019	0.195009	-0.121101
2480	-4.610940	0.216704	0.082799
2481	3.665906	0.192479	-0.110718
2482	6.075360	0.402572	-0.130566
2483	4.556303	0.208666	0.092943
2484	-0.918600	0.116207	-0.094493
2485	0.911008	0.115809	-0.097464
2486	-0.016476	0.077372	0.118364
2487	8.582463	8.183139	-0.000000
2488	8.701996	7.018639	0.000000
2489	7.263301	7.490479	-0.000000
2490	8.658004	3.482756	-0.000055
2491	8.494485	2.447472	0.001475
2492	7.188869	2.923148	-0.000138
2493	3.515755	5.675701	-0.000000
2494	3.513302	4.628487	0.000000
2495	2.266684	5.150785	-0.000000
2496	5.989644	1.186001	-0.000139
2497	3.639364	0.987413	-0.000000
2498	4.668111	1.689454	-0.000006
2499	-3.653231	0.986488	-0.000000
2500	-5.991130	1.188039	-0.000139
2501	-4.667435	1.690066	-0.000006
2502	1.077432	3.446396	0.000000
2503	-1.077407	3.446403	0.000000
2504	0.000004	4.051101	-0.000000
2505	-8.494394	2.446575	0.001475
2506	-8.658043	3.482591	-0.000055
2507	-7.189011	2.923318	-0.000138
2508	-8.701998	7.018633	0.000000
2509	-8.582465	8.183135	-0.000000
2510	-7.263304	7.490478	-0.000000
2511	-3.513296	4.628494	0.000000
2512	-3.515754	5.675703	-0.000000
2513	-2.266683	5.150786	-0.000000
2514	9.038380	-1.253250	0.814493
2515	8.962511	-1.038018	0.670588
2516	7.753555	-1.012319	0.670427
2517	8.535286	-0.821958	0.380960
2518	8.057048	-0.781699	0.342811
2519	7.037397	-0.738460	0.348812
2520	3.524838	-0.814981	0.506900
2521	3.524597	-0.761581	0.439825
2522	2.263513	-0.783346	0.472458
2523	5.892299	-0.663300	0.298507
2524	3.768477	-0.635197	0.298251
2525	4.769510	-0.660331	0.311913
2526	-3.763374	-0.636693	0.297366
2527	-5.897137	-0.666015	0.297879
2528	-4.765424	-0.662063	0.310926
2529	1.124716	-0.699934	0.374413
2530	-1.125034	-0.700159	0.374205
2531	-0.000231	-0.725358	0.404042
2532	-8.013070	-0.780796	0.345704
2533	-8.381928	-0.813272	0.385333
2534	-7.003593	-0.739344	0.348340
2535	-8.962335	-1.037716	0.670964
2536	-9.038401	-1.253181	0.814557
2537	-7.753790	-1.012431	0.670380
2538	-3.524471	-0.762088	0.439423
2539	-3.524775	-0.815309	0.506670
2540	-2.263617	-0.783593	0.472269
2541	8.032635	0.773024	0.346162
2542	8.477719	0.810733	0.385118
2543	7.022394	0.734255	0.350960
2544	8.962657	1.036815	0.671248
2545	9.038322	1.252961	0.814582
2546	7.753965	1.011840	0.670737
2547	3.524028	0.761689	0.439736
2548	3.524704	0.815061	0.506847
2549	2.263384	0.783623	0.472244
2550	7.065605	1.254453	0.829813
2551	4.753690	1.079439	0.766312
2552	5.753879	1.045908	0.728627
2553	-4.753665	1.079418	0.766331
2554	-7.065540	1.254450	0.829812
2555	-5.753793	1.045866	0.728658
2556	1.104673	0.873138	0.585995
2557	-1.104701	0.873110	0.586011
2558	0.000005	0.839506	0.545701
2559	-9.038202	1.253157	0.814509
2560	-8.962134	1.037373	0.671012
2561	-7.753491	1.011885	0.670723
2562	-8.478692	0.812263	0.387427
2563	-8.032216	0.773567	0.349535
2564	-7.013669	0.733160	0.353073
2565	-3.524669	0.814895	0.506964
2566	-3.523790	0.761445	0.439943
2567	-2.263279	0.783509	0.472330
