1	10.000000	-15.000000	0.000000
2	-10.000000	-15.000000	0.000000
3	10.000000	15.000000	0.000000
4	-10.000000	15.000000	0.000000
5	10.000000	-10.058722	0.000000
6	-10.000000	-10.058719	0.000000
7	10.000000	10.058719	0.000000
8	-10.000000	10.058718	0.000000
9	10.000000	-9.836307	0.646238
10	-10.000000	-9.836312	0.646239
11	10.000000	-0.826949	0.872176
12	-10.000000	-0.828239	0.874083
13	10.000000	0.836106	0.881455
14	-10.000000	0.820633	0.869400
15	10.000000	9.836306	0.646239
16	-10.000000	9.836312	0.646239
17	10.000000	-5.530650	0.900000
18	-10.000000	-5.527231	0.900000
19	10.000000	5.531910	0.900000
20	-10.000000	5.526575	0.900000
21	10.000000	3.502318	0.000033
22	-10.000000	3.502314	0.000032
23	10.000000	0.382274	0.796419
24	-10.000000	0.466417	0.799835
25	10.000000	-3.502459	0.000031
26	-10.000000	-3.502583	0.000031
27	10.000000	-0.509000	0.806939
28	-10.000000	-0.383564	0.791158
29	-0.000019	-10.000000	0.434474
30	-0.001092	-8.782659	0.919778
31	-0.000600	-0.367743	0.812675
33	0.090491	0.360785	0.812393
34	-0.001518	8.782659	0.919778
35	-0.000024	10.000000	0.434474
36	10.000000	-5.408972	0.487810
37	-10.000000	-5.401426	0.487321
38	10.000000	5.385305	0.488442
39	-10.000000	5.404652	0.487165
40	-10.000000	0.044426	0.371324
41	10.000000	0.017730	0.373983
42	-0.000020	-6.107665	0.000000
43	0.000028	-0.000050	-0.000001
44	-0.000004	6.107607	0.000000
45	-0.000976	-4.194183	0.924779
46	-0.001736	4.194268	0.924779
47	0.000000	0.000000	0.000000
48	-0.000029	-10.057545	0.000000
49	-0.000816	-9.754069	0.900000
50	0.001146	-0.706439	0.842437
51	0.147186	0.063257	0.798460
52	0.004075	0.707176	0.842589
53	-0.001132	9.754068	0.900000
54	0.000017	10.057545	0.000000
55	10.000000	-10.000000	0.331592
56	-10.000000	-10.000000	0.331583
57	10.000000	2.080059	0.348476
58	-10.000000	2.103487	0.345482
59	10.000000	10.000000	0.331558
60	-10.000000	10.000000	0.331568
61	10.000000	-7.707345	0.899994
62	-10.000000	-7.705673	0.899994
63	9.170003	-0.681390	0.850072
64	-9.109417	-0.691318	0.853024
65	9.115792	0.682367	0.853764
67	10.000000	7.707799	0.899994
68	-10.000000	7.705393	0.899994
69	10.000000	-6.880047	0.000000
70	-10.000000	-6.879833	0.000000
71	10.000000	6.879403	0.000000
72	-10.000000	6.879564	0.000000
73	-0.000042	3.162739	0.000000
74	10.000000	-2.148972	0.339126
75	-10.000000	-2.129456	0.339977
76	10.000000	0.000630	0.000000
77	-10.000000	0.000353	0.000000
78	0.011923	-0.082596	0.799154
79	0.000076	-3.162969	0.000000
82	-0.001317	-6.357929	0.900000
83	-0.002001	6.357971	0.900000
84	10.000000	3.138261	0.899998
85	-10.000000	3.128618	0.899998
86	10.000000	-3.134434	0.899998
87	-10.000000	-3.130540	0.899998
88	3.910098	-10.000000	0.264236
89	4.048906	-10.000000	0.581364
90	-4.049103	-10.000000	0.581362
91	-3.910093	-10.000000	0.264236
92	4.658254	-9.115856	0.918934
93	4.018425	-7.793915	0.916550
94	-4.020569	-7.793069	0.916551
95	-4.659821	-9.115504	0.918940
96	3.439770	-0.521494	0.825488
97	3.694190	-0.300171	0.808556
98	-3.864086	-0.291920	0.807723
99	-3.362088	-0.518066	0.824889
100	5.405743	-0.060749	0.798466
102	-5.247273	0.035709	0.797693
104	3.905827	0.279532	0.807362
105	3.479984	0.517163	0.824980
106	-3.305517	0.516118	0.824860
107	-3.782214	0.291166	0.807808
108	4.017941	7.794102	0.916550
109	4.657938	9.115927	0.918933
110	-4.660115	9.115438	0.918941
111	-4.020992	7.792912	0.916551
112	3.910066	10.000000	0.264236
113	-3.910075	10.000000	0.264235
114	-4.049153	10.000000	0.581362
115	4.048909	10.000000	0.581363
116	10.000000	-7.529437	0.262470
117	10.000000	-4.689675	0.248585
118	10.000000	-2.714948	0.540605
119	10.000000	-3.379582	0.708345
120	10.000000	-5.909715	0.720522
121	10.000000	-7.978775	0.569562
122	-10.000000	-7.527309	0.262332
123	-10.000000	-7.978908	0.569489
124	-10.000000	-5.905993	0.720298
125	-10.000000	-3.372554	0.707417
126	-10.000000	-2.619791	0.547996
127	-10.000000	-4.670690	0.249912
128	10.000000	7.518374	0.262681
129	10.000000	7.975099	0.569349
130	10.000000	5.908963	0.720346
131	10.000000	3.370996	0.709544
132	10.000000	2.594479	0.553463
133	10.000000	4.650151	0.251672
134	-10.000000	7.524473	0.262366
135	-10.000000	4.664073	0.250190
136	-10.000000	2.648047	0.546557
137	-10.000000	3.428424	0.705992
138	-10.000000	5.910388	0.720360
139	-10.000000	7.978423	0.569422
140	-10.000000	-1.042622	0.183524
141	-10.000000	1.056561	0.186437
144	10.000000	-1.045768	0.184222
145	10.000000	1.049833	0.187861
148	3.833608	-7.756831	0.000000
149	-3.833666	-7.756812	0.000000
150	-4.101516	-4.964374	0.000001
151	4.101533	-4.964410	0.000001
152	4.190095	-1.239215	0.000000
153	-4.189998	-1.239216	0.000000
154	-4.189958	1.239107	0.000000
155	4.189934	1.239122	0.000000
156	3.833706	7.756766	0.000000
157	4.101458	4.964240	0.000001
158	-4.101489	4.964244	0.000001
159	-3.833690	7.756769	0.000000
160	4.051637	-5.024587	0.924770
161	3.720941	-2.713135	0.924105
162	-3.721697	-2.711253	0.924097
163	-4.053371	-5.022836	0.924770
164	3.719628	2.714334	0.924108
165	4.050822	5.025179	0.924770
166	-4.053921	5.022466	0.924770
167	-3.722651	2.710717	0.924096
168	5.142523	-10.058133	0.000000
169	4.981779	-9.770344	0.900000
170	5.058765	-0.734123	0.845418
171	5.385796	0.111525	0.799988
172	5.059827	0.737864	0.845396
173	4.981570	9.770341	0.900000
174	5.142614	10.058132	0.000000
175	10.000000	-10.000000	0.168252
176	-10.000000	-10.000000	0.168242
177	10.000000	2.906011	0.172525
178	-10.000000	2.915706	0.171004
179	10.000000	10.000000	0.168234
180	-10.000000	10.000000	0.168235
181	10.000000	-8.927863	0.881531
182	-10.000000	-8.927176	0.881591
185	9.115509	0.416864	0.810657
186	-9.143331	0.498786	0.815012
187	10.000000	6.538298	0.899982
188	-10.000000	6.534399	0.899982
189	10.000000	-8.577394	0.000000
190	-10.000000	-8.577280	0.000000
191	10.000000	8.577039	0.000000
192	-10.000000	8.577142	0.000000
193	5.423998	3.273779	0.000000
194	10.000000	-2.937166	0.167809
195	-10.000000	-2.931159	0.168680
196	10.000000	-1.900346	0.000000
197	-10.000000	-1.900584	0.000000
198	5.501141	-0.172983	0.801945
199	5.424243	-3.274008	0.000000
202	5.315063	-6.115414	0.900000
203	5.314485	6.115954	0.900000
204	10.000000	1.909047	0.900000
205	-10.000000	1.896076	0.899999
206	10.000000	-4.392702	0.900000
207	-10.000000	-4.388693	0.900000
208	6.586051	-10.000000	0.153250
209	6.691287	-10.000000	0.665028
210	-6.691643	-10.000000	0.665028
211	-6.586026	-10.000000	0.153249
212	6.762608	-9.430753	0.908914
213	6.555279	-6.845250	0.911731
214	-6.556778	-6.843404	0.911731
215	-6.763460	-9.430520	0.908924
216	5.788638	-0.645478	0.837049
217	5.965146	-0.297358	0.808866
218	-6.274943	-0.275159	0.806410
219	-5.743133	-0.642422	0.835988
220	7.640264	-0.226916	0.804060
221	-7.989816	-0.154804	0.795058
222	-7.660507	0.187258	0.799587
223	7.789533	0.135289	0.799511
224	6.371706	0.260290	0.806780
225	5.810464	0.646124	0.836950
226	-5.678944	0.640538	0.835862
227	-6.329101	0.295157	0.807623
228	6.554838	6.845734	0.911731
229	6.762424	9.430803	0.908912
230	-6.763613	9.430477	0.908926
231	-6.557087	6.843068	0.911731
232	6.586001	10.000000	0.153248
233	-6.585996	10.000000	0.153248
234	-6.691738	10.000000	0.665026
235	6.691286	10.000000	0.665025
236	10.000000	-8.721904	0.140133
237	10.000000	-4.234717	0.126443
238	10.000000	-1.577350	0.607422
239	10.000000	-2.295234	0.812177
240	10.000000	-5.805982	0.823261
241	10.000000	-8.990355	0.638815
242	-10.000000	-8.721109	0.140090
243	-10.000000	-8.990294	0.638854
244	-10.000000	-5.801177	0.823165
245	-10.000000	-2.289951	0.811574
246	-10.000000	-1.319386	0.639930
247	-10.000000	-4.225787	0.127406
248	10.000000	8.717280	0.140254
249	10.000000	8.989351	0.638684
250	10.000000	5.807240	0.823196
251	10.000000	2.307630	0.813345
252	10.000000	1.304283	0.647034
253	10.000000	4.209637	0.128779
254	-10.000000	8.719687	0.140121
255	-10.000000	4.217299	0.127892
256	-10.000000	1.355296	0.645234
257	-10.000000	2.313426	0.811153
258	-10.000000	5.802847	0.823222
259	-10.000000	8.990098	0.638807
260	-10.000000	-2.122288	0.101467
261	-10.000000	2.119514	0.103717
264	10.000000	-2.121610	0.101488
265	10.000000	2.116134	0.104592
268	6.488013	-8.856404	0.000000
269	-6.488074	-8.856378	0.000000
270	-6.853707	-4.351438	0.000006
271	6.853804	-4.351488	0.000006
272	6.777906	-2.212544	0.000001
273	-6.777815	-2.212570	0.000001
274	-6.777654	2.212456	0.000001
275	6.777580	2.212490	0.000001
276	6.488162	8.856326	0.000000
277	6.853588	4.351212	0.000006
278	-6.853642	4.351228	0.000006
279	-6.488122	8.856338	0.000000
280	6.833818	-5.280966	0.924002
281	6.349682	-1.749330	0.915002
282	-6.348250	-1.746890	0.914828
283	-6.835034	-5.278213	0.924003
284	6.348157	1.752637	0.915113
285	6.833192	5.281888	0.924000
286	-6.835373	5.277670	0.924004
287	-6.349780	1.745079	0.914793
288	-5.142572	-10.058132	0.000000
289	-4.982806	-9.770356	0.900000
290	-5.056382	-0.732927	0.844742
291	-5.245107	0.138918	0.800009
292	-5.053696	0.731106	0.844644
293	-4.982997	9.770358	0.900000
294	-5.142581	10.058131	0.000000
295	10.000000	-10.000000	0.482259
296	-10.000000	-10.000000	0.482262
297	10.000000	1.125144	0.545702
298	-10.000000	1.172237	0.542721
299	10.000000	10.000000	0.482244
300	-10.000000	10.000000	0.482255
301	10.000000	-6.537500	0.899982
302	-10.000000	-6.534864	0.899982
304	-9.127662	-0.426413	0.806203
307	10.000000	8.928042	0.881512
308	-10.000000	8.927062	0.881600
309	10.000000	-5.120319	0.000000
310	-10.000000	-5.120167	0.000000
311	10.000000	5.119700	0.000000
312	-10.000000	5.119824	0.000000
313	-5.424075	3.273774	0.000000
314	10.000000	-1.203429	0.540669
315	-10.000000	-1.154836	0.536320
316	10.000000	1.901136	0.000000
317	-10.000000	1.900949	0.000000
318	-5.140885	-0.125564	0.799897
319	-5.424118	-3.274012	0.000000
320	9.544601	-0.059678	0.766848
322	-5.316924	-6.113529	0.900000
323	-5.317365	6.113189	0.900000
324	10.000000	4.394868	0.900000
325	-10.000000	4.387683	0.900000
326	10.000000	-1.902472	0.899999
327	-10.000000	-1.900243	0.900000
328	1.716064	-10.000000	0.360312
329	1.752806	-10.000000	0.502917
330	-1.752891	-10.000000	0.502917
331	-1.716079	-10.000000	0.360312
332	2.165707	-8.950755	0.919484
333	1.863741	-8.430932	0.919119
334	-1.866011	-8.430648	0.919120
335	-2.167750	-8.950527	0.919487
336	1.553272	-0.428594	0.817429
337	1.601382	-0.327426	0.809990
338	-1.670488	-0.324669	0.809693
339	-1.505066	-0.426574	0.817155
342	-1.831480	-0.012717	0.797849
344	1.735821	0.315980	0.809432
345	1.620488	0.422092	0.817022
346	-1.440180	0.422414	0.817040
347	-1.551193	0.317910	0.809515
348	1.863281	8.430990	0.919119
349	2.165303	8.950799	0.919484
350	-2.168140	8.950483	0.919487
351	-1.866455	8.430594	0.919120
352	1.716055	10.000000	0.360312
353	-1.716078	10.000000	0.360312
354	-1.752905	10.000000	0.502917
355	1.752798	10.000000	0.502917
356	10.000000	-6.439115	0.376804
357	10.000000	-5.054798	0.369190
358	10.000000	-4.042540	0.496512
359	10.000000	-4.397385	0.598476
360	10.000000	-5.733964	0.605654
361	10.000000	-6.751187	0.511783
362	-10.000000	-6.434756	0.376529
363	-10.000000	-6.750343	0.511457
364	-10.000000	-5.731901	0.605152
365	-10.000000	-4.388844	0.597681
366	-10.000000	-4.011143	0.497346
367	-10.000000	-5.037315	0.369611
368	10.000000	6.420952	0.377178
369	10.000000	6.741260	0.511648
370	10.000000	5.725415	0.605540
371	10.000000	4.376743	0.599390
372	10.000000	3.989047	0.500148
373	10.000000	5.016775	0.371297
374	-10.000000	6.432319	0.376535
375	-10.000000	5.035696	0.369591
376	-10.000000	4.024691	0.496494
377	-10.000000	4.409667	0.596999
378	-10.000000	5.737421	0.605097
379	-10.000000	6.750151	0.511402
380	-10.000000	-0.333792	0.275913
381	-10.000000	0.372893	0.275686
383	-10.000000	0.086731	0.447718
384	10.000000	-0.346937	0.277621
385	10.000000	0.358487	0.277598
387	10.000000	0.046848	0.451121
388	1.681163	-6.806580	0.000000
389	-1.681209	-6.806571	0.000000
390	-1.770859	-5.548507	0.000000
391	1.770829	-5.548518	0.000000
392	1.898565	-0.514352	-0.000000
393	-1.898485	-0.514352	-0.000000
394	-1.898503	0.514245	-0.000000
395	1.898527	0.514248	-0.000000
396	1.681206	6.806525	0.000000
397	1.770834	5.548426	0.000000
398	-1.770848	5.548426	0.000000
399	-1.681206	6.806525	0.000000
400	1.738621	-4.641358	0.924781
401	1.624126	-3.571644	0.924744
402	-1.625907	-3.570850	0.924743
403	-1.740514	-4.640579	0.924781
404	1.623169	3.572058	0.924744
405	1.737813	4.641667	0.924781
406	-1.741180	4.640433	0.924781
407	-1.626717	3.570731	0.924743
408	0.000003	-10.000000	0.244151
409	-2.335338	-10.000000	0.141490
410	2.335339	-10.000000	0.141491
411	-0.001099	-9.314787	0.914910
412	-2.222364	-9.592328	0.907156
413	2.220556	-9.592387	0.907154
414	-0.001038	-5.405445	0.924759
415	-2.520915	-5.855051	0.922944
416	2.518730	-5.856034	0.922942
417	0.032509	-0.515919	0.824664
418	-1.996761	-0.612819	0.833506
419	2.032647	-0.614045	0.833748
420	5.752724	-0.012412	0.797951
421	8.095121	0.025696	0.794576
422	7.944534	-0.105171	0.796565
423	0.101069	0.226390	0.804258
424	-2.260436	0.162104	0.801386
425	2.452154	0.153079	0.801211
426	-0.001649	2.603236	0.923947
427	-2.192356	1.650919	0.912582
428	2.191321	1.653408	0.912660
429	-0.001858	7.877852	0.915423
430	-2.284199	7.127847	0.909658
431	2.280460	7.128781	0.909658
432	4.555707	10.000000	0.420694
433	7.154493	10.000000	0.484296
434	7.135942	10.000000	0.306625
435	10.000000	-7.763014	0.410430
436	10.000000	-8.938550	0.463065
437	10.000000	-8.834445	0.296609
438	-10.000000	-6.101318	0.246126
439	-10.000000	-5.710405	0.119905
440	-10.000000	-7.259352	0.124718
441	10.000000	6.086500	0.247008
442	10.000000	5.698850	0.120603
443	10.000000	7.251712	0.125080
444	-10.000000	7.761012	0.410204
445	-10.000000	8.938092	0.462969
446	-10.000000	8.833052	0.296505
447	-10.000000	-0.813149	0.332776
448	-10.000000	-1.106080	0.412306
449	-10.000000	-1.755515	0.243984
450	10.000000	-0.832069	0.334908
451	10.000000	-1.134102	0.415186
452	10.000000	-1.762772	0.244437
453	4.563866	-6.347060	0.000000
454	7.279929	-5.801819	0.000001
455	7.141867	-7.392047	0.000000
456	4.937218	-0.000018	0.000000
457	7.481035	0.802141	0.000000
458	7.481157	-0.801927	0.000000
459	0.000006	7.909352	0.000000
460	-2.258067	8.978545	0.000000
461	2.258094	8.978545	0.000000
462	7.135987	-10.000000	0.306631
463	7.154461	-10.000000	0.484304
464	4.555716	-10.000000	0.420695
465	2.498917	-10.000000	0.698969
466	-2.499600	-10.000000	0.698968
467	-0.000132	-10.000000	0.613669
468	-7.154550	-10.000000	0.484301
469	-7.135999	-10.000000	0.306628
470	-4.555762	-10.000000	0.420694
471	7.744216	-8.569473	0.922575
472	7.432702	-7.651565	0.919853
473	5.103211	-8.449083	0.921009
474	2.281077	-7.128619	0.909658
475	-2.283648	-7.127962	0.909658
476	-0.001312	-7.877846	0.915423
477	-7.433770	-7.650112	0.919852
478	-7.745022	-8.568628	0.922579
479	-5.104862	-8.448381	0.921010
480	6.624520	-0.565808	0.830228
481	6.989448	-0.449114	0.820364
482	4.275198	-0.422062	0.817352
483	2.201147	-0.176866	0.801811
484	-2.356606	-0.168366	0.801359
485	-0.104747	-0.238709	0.804533
486	-6.921580	-0.438488	0.818051
487	-6.484327	-0.557921	0.828393
488	-4.223748	-0.414918	0.816337
489	3.566557	-0.083906	0.799573
490	-3.983627	-0.062615	0.798722
491	-0.433825	-0.031281	0.798366
492	-8.115412	-0.035674	0.791209
493	-7.938944	0.087318	0.793714
494	-5.854157	-0.011967	0.797196
495	-3.340963	0.059601	0.797720
496	3.996502	0.042805	0.798172
497	0.724161	0.011339	0.797864
498	6.927779	0.427670	0.819041
499	6.591489	0.559121	0.829883
500	4.318946	0.409552	0.816264
501	2.071701	0.613487	0.833665
502	-1.950117	0.611527	0.833521
503	0.085311	0.513044	0.824552
504	-6.474953	0.563545	0.828814
505	-6.953843	0.462235	0.820047
506	-4.161074	0.414636	0.816426
507	7.432440	7.651909	0.919853
508	7.744037	8.569661	0.922575
509	5.102863	8.449230	0.921009
510	2.220203	9.592398	0.907153
511	-2.222707	9.592316	0.907157
512	-0.001522	9.314787	0.914910
513	-7.745169	8.568476	0.922580
514	-7.433976	7.649848	0.919852
515	-5.105176	8.448250	0.921011
516	2.335339	10.000000	0.141490
517	-2.335322	10.000000	0.141490
518	0.000000	10.000000	0.244151
519	-7.135977	10.000000	0.306624
520	-7.154581	10.000000	0.484297
521	-4.555764	10.000000	0.420692
522	-2.499738	10.000000	0.698968
523	2.498813	10.000000	0.698969
524	-0.000172	10.000000	0.613669
525	10.000000	-7.262625	0.124698
526	10.000000	-5.717816	0.119555
527	10.000000	-6.109562	0.246007
528	10.000000	-3.368126	0.276160
529	10.000000	-2.451214	0.437654
530	10.000000	-3.708557	0.388600
531	10.000000	-1.474155	0.723752
532	10.000000	-1.891505	0.762133
533	10.000000	-3.009301	0.628666
534	10.000000	-3.452218	0.802230
535	10.000000	-4.637680	0.804091
536	10.000000	-4.659204	0.701274
537	10.000000	-7.043178	0.783500
538	10.000000	-8.151949	0.741980
539	10.000000	-7.016063	0.650289
540	-10.000000	-8.834251	0.296522
541	-10.000000	-8.938754	0.463022
542	-10.000000	-7.762704	0.410244
543	-10.000000	-8.151063	0.741995
544	-10.000000	-7.040563	0.783452
545	-10.000000	-7.015087	0.650156
546	-10.000000	-4.630959	0.803839
547	-10.000000	-3.445103	0.801723
548	-10.000000	-4.654563	0.700653
549	-10.000000	-1.874154	0.762406
550	-10.000000	-1.391339	0.730414
551	-10.000000	-2.977272	0.629260
552	-10.000000	-2.376461	0.446329
553	-10.000000	-3.341696	0.279337
554	-10.000000	-3.663669	0.392153
555	10.000000	8.830482	0.296587
556	10.000000	8.936128	0.462937
557	10.000000	7.755433	0.410349
558	10.000000	8.151063	0.741836
559	10.000000	7.042957	0.783387
560	10.000000	7.012707	0.650055
561	10.000000	4.641247	0.804016
562	10.000000	3.461156	0.802264
563	10.000000	4.657466	0.701250
564	10.000000	1.863765	0.767883
565	10.000000	1.365402	0.739897
566	10.000000	2.962100	0.633210
567	10.000000	2.349403	0.451779
568	10.000000	3.313668	0.282799
569	10.000000	3.638338	0.395425
570	-10.000000	7.256371	0.124796
571	-10.000000	5.705406	0.120072
572	-10.000000	6.096751	0.246240
573	-10.000000	3.330587	0.280531
574	-10.000000	2.378604	0.448280
575	-10.000000	3.664014	0.392196
576	-10.000000	1.547149	0.719125
577	-10.000000	2.113314	0.747863
578	-10.000000	3.037695	0.625601
579	-10.000000	3.455462	0.802052
580	-10.000000	4.635737	0.804002
581	-10.000000	4.669780	0.700692
582	-10.000000	7.041546	0.783473
583	-10.000000	8.151219	0.741970
584	-10.000000	7.016244	0.650130
585	-10.000000	-0.775350	0.077210
586	-10.000000	0.787764	0.077866
587	-10.000000	0.008808	0.159975
588	-10.000000	1.731354	0.252502
589	-10.000000	1.005779	0.439067
590	-10.000000	0.830043	0.341847
591	-10.000000	0.060970	0.699843
594	10.000000	-0.773643	0.077464
595	10.000000	0.788301	0.078350
596	10.000000	0.006107	0.160845
597	10.000000	1.716532	0.254782
598	10.000000	0.967433	0.442632
599	10.000000	0.806029	0.344545
600	10.000000	-0.038511	0.704424
603	2.258006	-8.978567	0.000000
604	-2.258068	-8.978562	0.000000
605	-0.000028	-7.909380	0.000000
606	-7.141913	-7.391979	0.000000
607	-7.279926	-5.801731	0.000001
608	-4.563902	-6.347026	0.000000
609	-2.514953	-3.907278	0.000000
610	2.515054	-3.907298	0.000000
611	0.000006	-4.601997	0.000000
612	2.422650	-2.249582	0.000000
613	-2.422526	-2.249575	0.000000
614	0.000060	-1.375532	-0.000000
615	-7.481116	-0.802001	0.000000
616	-7.481051	0.802061	0.000000
617	-4.937183	-0.000037	0.000000
618	-2.422521	2.249405	0.000000
619	2.422458	2.249410	0.000000
620	-0.000010	1.375398	-0.000000
621	7.141962	7.391835	0.000000
622	7.279907	5.801517	0.000001
623	4.563908	6.346932	0.000000
624	2.514888	3.907105	0.000000
625	-2.514947	3.907105	0.000000
626	-0.000017	4.601873	0.000000
627	-7.279922	5.801555	0.000001
628	-7.141947	7.391869	0.000000
629	-4.563912	6.346939	0.000000
630	7.186824	-4.178019	0.924662
631	7.013823	-2.934412	0.924280
632	4.452808	-3.895078	0.924760
633	2.192392	-1.652205	0.912630
634	-2.191545	-1.651131	0.912586
635	-0.000563	-2.602985	0.923946
636	-7.014017	-2.931144	0.924267
637	-7.187651	-4.174745	0.924662
638	-4.454227	-3.892948	0.924760
639	7.012620	2.936783	0.924286
640	7.186023	4.179523	0.924662
641	4.451800	3.896022	0.924760
642	2.517988	5.856323	0.922941
643	-2.521539	5.854868	0.922944
644	-0.001765	5.405492	0.924759
645	-7.188070	4.173960	0.924662
646	-7.014815	2.929937	0.924267
647	-4.454864	3.892433	0.924760
648	7.620826	-10.058572	0.000000
649	7.483766	-9.791212	0.900000
650	7.537868	-0.771730	0.849604
651	8.144855	0.219271	0.802626
652	7.537621	0.777864	0.851219
653	7.483659	9.791210	0.900000
654	7.620904	10.058571	0.000000
655	10.000000	-10.000000	0.081944
656	-10.000000	-10.000000	0.081939
657	10.000000	3.245834	0.088097
658	-10.000000	3.250502	0.087347
659	10.000000	10.000000	0.081940
660	-10.000000	10.000000	0.081937
661	10.000000	-9.443855	0.793532
662	-10.000000	-9.443573	0.793609
667	10.000000	6.015689	0.899974
668	-10.000000	6.011066	0.899974
669	10.000000	-9.351362	0.000000
670	-10.000000	-9.351307	0.000000
671	10.000000	9.351185	0.000000
672	-10.000000	9.351239	0.000000
673	7.845727	3.385839	0.000000
674	10.000000	-3.261116	0.085820
675	-10.000000	-3.259003	0.086269
676	10.000000	-2.746507	0.000000
677	-10.000000	-2.746698	0.000000
678	7.699942	-0.298483	0.808751
679	7.845926	-3.386043	0.000000
682	7.762191	-5.847522	0.900000
683	7.761822	5.848380	0.900000
684	10.000000	1.347453	0.899842
685	-10.000000	1.332568	0.898511
686	10.000000	-4.985761	0.900000
687	-10.000000	-4.982002	0.900000
688	8.230438	-10.000000	0.083193
689	8.156201	-10.000000	0.702139
690	-8.156527	-10.000000	0.702143
691	-8.230426	-10.000000	0.083192
692	8.129618	-9.585012	0.892008
693	8.120886	-6.239231	0.908450
694	-8.121761	-6.236669	0.908450
695	-8.130048	-9.584861	0.892020
696	7.451096	-0.726438	0.844890
697	7.796488	-0.368042	0.814430
698	-7.757645	-0.285759	0.805507
699	-7.432337	-0.724818	0.843837
700	8.887228	-0.340936	0.800875
701	-8.878851	-0.245770	0.791770
702	-8.071692	0.275365	0.803241
704	7.926360	0.274520	0.807997
705	7.463487	0.730898	0.846290
706	-7.391499	0.721225	0.842984
707	-7.882853	0.327076	0.808659
708	8.120553	6.240001	0.908452
709	8.129516	9.585046	0.892006
710	-8.130123	9.584834	0.892022
711	-8.121961	6.236201	0.908450
712	8.230428	10.000000	0.083191
713	-8.230415	10.000000	0.083191
714	-8.156588	10.000000	0.702144
715	8.156128	10.000000	0.702139
716	10.000000	-9.375262	0.073703
717	10.000000	-3.914492	0.064802
718	10.000000	-0.997339	0.674964
719	10.000000	-1.590719	0.858532
720	10.000000	-5.662374	0.866170
721	10.000000	-9.235695	0.717258
722	-10.000000	-9.374960	0.073691
724	-10.000000	-5.658132	0.866122
725	-10.000000	-1.591060	0.858521
726	-10.000000	-0.898895	0.668142
727	-10.000000	-3.911286	0.065243
728	10.000000	9.373356	0.073779
730	10.000000	5.663697	0.866145
731	10.000000	1.617662	0.860700
732	10.000000	0.887593	0.675326
733	10.000000	3.900956	0.066142
734	-10.000000	9.374359	0.073713
735	-10.000000	3.904967	0.065654
736	-10.000000	0.946710	0.675374
737	-10.000000	1.586464	0.857645
738	-10.000000	5.658537	0.866152
739	-10.000000	9.235340	0.717307
740	-10.000000	-2.787523	0.056754
741	-10.000000	2.783359	0.057753
744	10.000000	-2.786932	0.056653
745	10.000000	2.781211	0.058238
748	8.095336	-9.447402	0.000000
749	-8.095382	-9.447380	0.000000
750	-8.367965	-3.976427	-0.000011
751	8.368058	-3.976436	-0.000011
752	8.278241	-2.810545	0.000006
753	-8.278168	-2.810608	0.000006
754	-8.278013	2.810459	0.000006
755	8.277943	2.810494	0.000006
756	8.095465	9.447337	0.000000
757	8.367842	3.976156	-0.000011
758	-8.367894	3.976173	-0.000011
759	-8.095423	9.447351	0.000000
760	8.368023	-5.392762	0.918166
761	7.981892	-1.268213	0.896059
762	-7.979854	-1.266707	0.895536
763	-8.368728	-5.389607	0.918175
764	7.980859	1.273831	0.896990
765	8.367626	5.393861	0.918159
766	-8.368915	5.389003	0.918177
767	-7.981392	1.262972	0.895332
768	-2.591635	-10.057710	0.000000
769	-2.581790	-9.757991	0.900000
770	-2.540604	-0.712524	0.843042
771	-2.410407	0.069919	0.799131
772	-2.537499	0.712124	0.843102
773	-2.582055	9.757992	0.900000
774	-2.591620	10.057710	0.000000
775	10.000000	-10.000000	0.410322
776	-10.000000	-10.000000	0.410318
777	10.000000	1.595517	0.445169
778	-10.000000	1.628975	0.441834
779	10.000000	10.000000	0.410291
780	-10.000000	10.000000	0.410304
781	10.000000	-7.102782	0.899988
782	-10.000000	-7.100613	0.899988
783	9.203663	-0.551305	0.823693
784	-9.059310	-0.557846	0.828711
787	10.000000	8.330809	0.900000
788	-10.000000	8.329146	0.900000
789	10.000000	-5.995071	0.000000
790	-10.000000	-5.994856	0.000000
791	10.000000	5.994384	0.000000
792	-10.000000	5.994539	0.000000
793	-2.779788	3.192529	0.000000
794	10.000000	-1.678567	0.435684
795	-10.000000	-1.647850	0.434950
796	10.000000	0.975918	0.000000
797	-10.000000	0.975670	0.000000
799	-2.779763	-3.192760	0.000000
801	-9.547160	0.057646	0.764708
802	-2.707187	-6.293925	0.900000
803	-2.707786	6.293764	0.900000
804	10.000000	3.772692	0.900000
805	-10.000000	3.764365	0.900000
806	10.000000	-2.505894	0.899997
807	-10.000000	-2.502579	0.899997
808	2.762169	-10.000000	0.314331
809	2.844087	-10.000000	0.541568
810	-2.844219	-10.000000	0.541567
811	-2.762175	-10.000000	0.314331
812	3.428306	-9.024872	0.919411
813	2.912584	-8.149108	0.918119
814	-2.914839	-8.148587	0.918119
815	-3.430157	-9.024558	0.919415
816	2.464411	-0.471431	0.821049
817	2.604937	-0.311095	0.809061
818	-2.719252	-0.306010	0.808544
819	-2.395547	-0.468558	0.820618
820	3.757549	-0.025577	0.798149
822	-2.886199	0.009503	0.797946
824	2.771433	0.295769	0.808239
825	2.517305	0.465713	0.820574
826	-2.337629	0.465642	0.820560
827	-2.604317	0.300956	0.808454
828	2.912108	8.149218	0.918119
829	3.427937	9.024935	0.919411
830	-3.430507	9.024498	0.919416
831	-2.915282	8.148489	0.918120
832	2.762151	10.000000	0.314331
833	-2.762166	10.000000	0.314330
834	-2.844247	10.000000	0.541566
835	2.844082	10.000000	0.541567
836	10.000000	-6.974067	0.320293
837	10.000000	-4.876039	0.309157
838	10.000000	-3.369199	0.513878
839	10.000000	-3.890917	0.653775
840	10.000000	-5.850812	0.663906
841	10.000000	-7.386384	0.536638
842	-10.000000	-6.970975	0.320093
843	-10.000000	-7.386347	0.536455
844	-10.000000	-5.848341	0.663557
845	-10.000000	-3.883469	0.652861
846	-10.000000	-3.312990	0.516974
847	-10.000000	-4.856121	0.310139
848	10.000000	6.959471	0.320574
849	10.000000	7.380201	0.536425
850	10.000000	5.847125	0.663712
851	10.000000	3.876481	0.654824
852	10.000000	3.289172	0.520909
853	10.000000	4.835159	0.311922
854	-10.000000	6.967959	0.320120
855	-10.000000	4.851868	0.310261
856	-10.000000	3.334124	0.515589
857	-10.000000	3.918917	0.651763
858	-10.000000	5.853661	0.663574
859	-10.000000	7.385831	0.536393
860	-10.000000	-0.640977	0.229747
861	-10.000000	0.666336	0.231460
863	-10.000000	-0.131570	0.504497
864	10.000000	-0.648587	0.230968
865	10.000000	0.656237	0.233111
867	10.000000	-0.182224	0.508783
868	2.704644	-7.258788	0.000000
869	-2.704696	-7.258774	0.000000
870	-2.878646	-5.254898	-0.000000
871	2.878632	-5.254920	-0.000000
872	3.013974	-0.849130	0.000000
873	-3.013883	-0.849130	0.000000
874	-3.013885	0.849020	0.000000
875	3.013887	0.849028	0.000000
876	2.704711	7.258730	0.000000
877	2.878609	5.254796	-0.000000
878	-2.878630	5.254797	-0.000000
879	-2.704705	7.258731	0.000000
880	2.833709	-4.848542	0.924781
881	2.618116	-3.162486	0.924622
882	-2.619544	-3.161167	0.924620
883	-2.835545	-4.847294	0.924781
884	2.616998	3.163205	0.924622
885	2.832885	4.848987	0.924781
886	-2.836161	4.847031	0.924781
887	-2.620398	3.160881	0.924620
888	-2.026758	-10.000000	0.249564
889	-1.257034	-10.000000	0.080757
890	3.220267	-10.000000	0.198622
891	-2.531852	-9.262400	0.916264
893	3.692707	-9.384796	0.914156
894	-2.139697	-5.300809	0.924763
895	-1.354672	-6.145665	0.915992
896	3.419009	-5.482876	0.924631
897	-1.700800	-0.515640	0.824640
898	-1.123429	-0.659464	0.837926
899	2.778974	-0.567784	0.829549
901	8.714940	-0.013016	0.788896
903	-1.910834	0.244185	0.805166
904	-1.230604	0.103603	0.799530
905	3.264326	0.214107	0.803820
906	-1.905710	2.632027	0.923990
907	-1.181984	1.164923	0.887686
908	3.036528	2.168498	0.921656
909	-2.057306	7.854573	0.915718
910	-1.235577	6.758144	0.905186
911	3.204766	7.470807	0.913374
912	4.435625	10.000000	0.503808
913	8.565646	10.000000	0.413125
914	5.601611	10.000000	0.284640
915	10.000000	-7.873381	0.488306
916	10.000000	-9.450963	0.401807
917	10.000000	-8.200600	0.277683
918	-10.000000	-5.378610	0.245344
919	-10.000000	-6.272388	0.059005
920	-10.000000	-7.400339	0.192133
921	10.000000	5.360908	0.246612
922	10.000000	6.266160	0.059319
923	10.000000	7.391564	0.192529
924	-10.000000	7.872473	0.488102
925	-10.000000	9.450638	0.401741
926	-10.000000	8.197815	0.277561
927	-10.000000	-0.429891	0.417726
928	-10.000000	-1.581038	0.378332
929	-10.000000	-1.443279	0.209945
930	10.000000	-0.462759	0.421106
931	10.000000	-1.602692	0.379586
932	10.000000	-1.447939	0.210588
933	4.487696	-5.627072	-0.000000
934	8.661822	-6.318363	0.000000
935	5.553730	-7.592777	-0.000000
936	4.737012	0.646347	-0.000000
937	8.808660	0.448482	-0.000000
938	5.955710	-1.062420	0.000000
939	-1.968033	7.868827	-0.000000
940	-1.215211	9.531728	-0.000000
941	3.131811	8.390037	-0.000000
942	8.572111	-10.000000	0.325155
943	5.683832	-10.000000	0.540828
944	4.372304	-10.000000	0.338953
945	1.250142	-10.000000	0.751131
946	-3.443512	-10.000000	0.648096
947	2.145918	-10.000000	0.605711
948	-8.565677	-10.000000	0.413137
949	-5.601656	-10.000000	0.284641
950	-4.435720	-10.000000	0.503808
951	8.914818	-8.174979	0.921715
952	5.824021	-7.715644	0.917907
953	5.129747	-8.793330	0.921255
954	1.232312	-6.758601	0.905185
955	-3.207719	-7.469822	0.913374
956	2.054306	-7.855092	0.915718
957	-8.823671	-7.636619	0.920442
958	-6.367139	-8.882805	0.921119
959	-4.685532	-8.114199	0.919191
960	8.115599	-0.625005	0.837080
961	5.421861	-0.366456	0.813454
962	3.980134	-0.473976	0.821497
963	1.343730	-0.121586	0.799745
964	-3.201971	-0.228344	0.804125
965	1.856189	-0.255691	0.805614
966	-8.114306	-0.548066	0.828540
967	-4.948556	-0.529034	0.825790
968	-4.228866	-0.355355	0.811919
970	-5.174120	-0.051135	0.797998
971	3.157341	-0.047562	0.798464
972	-8.716482	0.007306	0.785459
976	5.130856	0.029037	0.798299
977	-2.601340	0.025362	0.797853
978	8.114349	0.538038	0.830869
979	5.062545	0.528957	0.826185
980	4.289658	0.346323	0.811675
981	1.165799	0.660333	0.838096
982	-2.664710	0.563798	0.829121
983	1.818956	0.513869	0.824642
984	-8.110281	0.640472	0.836858
985	-5.463816	0.364026	0.812511
986	-3.840007	0.467409	0.820683
987	8.823041	7.638640	0.920447
988	6.365721	8.883488	0.921113
989	4.683251	8.115183	0.919190
991	-3.694731	9.384577	0.914162
992	2.529486	9.262610	0.916260
993	-8.915326	8.173556	0.921714
994	-5.825981	7.714234	0.917907
995	-5.131574	8.792693	0.921259
996	1.257040	10.000000	0.080757
997	-3.220238	10.000000	0.198621
998	2.026747	10.000000	0.249564
999	-8.572119	10.000000	0.325142
1000	-5.684019	10.000000	0.540824
1001	-4.372307	10.000000	0.338951
1002	-1.251669	10.000000	0.751131
1003	3.443117	10.000000	0.648097
1004	-2.146211	10.000000	0.605710
1005	10.000000	-7.095198	0.060408
1006	10.000000	-5.192964	0.182645
1007	10.000000	-6.827477	0.251911
1008	10.000000	-2.745774	0.302897
1009	10.000000	-2.594423	0.488972
1010	10.000000	-4.197186	0.317364
1011	10.000000	-0.720548	0.831806
1012	10.000000	-2.688958	0.725575
1013	10.000000	-2.844280	0.587310
1014	10.000000	-3.319317	0.851675
1015	10.000000	-5.298040	0.759903
1016	10.000000	-4.026478	0.701489
1017	10.000000	-7.462568	0.836346
1018	10.000000	-8.090583	0.655411
1019	10.000000	-6.481174	0.684918
1020	-10.000000	-9.429838	0.316857
1021	-10.000000	-8.448486	0.519055
1022	-10.000000	-7.647030	0.335074
1023	-10.000000	-8.059055	0.825579
1024	-10.000000	-6.504413	0.744797
1025	-10.000000	-7.514083	0.613018
1026	-10.000000	-3.912722	0.851650
1027	-10.000000	-3.472116	0.752786
1028	-10.000000	-5.283595	0.706707
1029	-10.000000	-0.838819	0.836286
1030	-10.000000	-2.041520	0.634615
1031	-10.000000	-3.191967	0.666888
1032	-10.000000	-2.254194	0.392738
1033	-10.000000	-3.990379	0.260914
1034	-10.000000	-3.151629	0.467915
1035	10.000000	9.428138	0.316851
1036	10.000000	8.445015	0.518937
1037	10.000000	7.638646	0.335317
1038	10.000000	8.060383	0.825499
1039	10.000000	6.507067	0.744753
1040	10.000000	7.510588	0.612881
1041	10.000000	3.923895	0.851818
1042	10.000000	3.481429	0.753893
1043	10.000000	5.286766	0.706953
1044	10.000000	0.826499	0.844463
1045	10.000000	2.015628	0.641755
1046	10.000000	3.183248	0.670024
1047	10.000000	2.216892	0.399248
1048	10.000000	3.966715	0.263347
1049	10.000000	3.126033	0.472159
1050	-10.000000	7.090475	0.060521
1051	-10.000000	5.174372	0.183610
1052	-10.000000	6.819252	0.251900
1053	-10.000000	2.706588	0.308162
1054	-10.000000	2.504554	0.499969
1055	-10.000000	4.163123	0.319842
1056	-10.000000	0.802450	0.823942
1057	-10.000000	2.791203	0.720001
1058	-10.000000	2.825107	0.587798
1059	-10.000000	3.315335	0.851642
1060	-10.000000	5.297982	0.759762
1061	-10.000000	4.049841	0.700376
1062	-10.000000	7.460684	0.836341
1063	-10.000000	8.090238	0.655346
1064	-10.000000	6.481717	0.684754
1065	-10.000000	-0.441888	0.036350
1066	-10.000000	0.991071	0.126898
1067	-10.000000	-0.555081	0.166692
1068	-10.000000	1.943210	0.296250
1069	-10.000000	0.416303	0.538278
1070	-10.000000	0.992980	0.258471
1074	10.000000	-0.440162	0.036485
1075	10.000000	0.988930	0.127790
1076	10.000000	-0.557618	0.167455
1077	10.000000	1.923814	0.298941
1078	10.000000	0.359397	0.542046
1079	10.000000	0.979198	0.260523
1083	1.215175	-9.531738	-0.000000
1084	-3.131772	-8.390066	-0.000000
1085	1.967976	-7.868865	-0.000000
1086	-8.619168	-7.156670	-0.000000
1087	-5.786492	-5.344069	0.000001
1088	-4.330131	-7.071253	-0.000000
1089	-1.351704	-3.504346	-0.000000
1090	3.435621	-4.390521	-0.000001
1091	-2.156321	-4.699719	0.000000
1092	1.297087	-2.709536	-0.000000
1093	-3.394777	-1.767008	-0.000000
1094	2.178106	-1.341724	-0.000000
1095	-8.808694	-0.448033	-0.000000
1096	-5.955568	1.062387	0.000000
1097	-4.737031	-0.646411	-0.000000
1098	-1.297009	2.709333	-0.000000
1099	3.394693	1.766878	-0.000000
1100	-2.178005	1.341591	-0.000000
1101	8.619197	7.156417	-0.000000
1102	5.786447	5.343907	0.000001
1103	4.330160	7.071184	-0.000000
1104	1.351687	3.504146	-0.000000
1105	-3.435533	4.390342	-0.000001
1106	2.156275	4.699598	0.000000
1107	-8.661838	6.318009	0.000000
1108	-5.553822	7.592672	-0.000000
1109	-4.487702	5.626925	-0.000000
1110	8.591174	-3.671940	0.922804
1111	5.417897	-2.820905	0.924226
1112	4.402408	-4.486283	0.924778
1113	1.184050	-1.165293	0.887710
1114	-3.037968	-2.165719	0.921624
1115	1.903698	-2.633170	0.923994
1116	-8.535579	-3.036917	0.922767
1117	-5.706306	-4.633565	0.924769
1118	-4.211584	-3.290855	0.924653
1119	8.534774	3.043675	0.922779
1120	5.704126	4.637076	0.924770
1121	4.209240	3.294040	0.924656
1122	1.351511	6.146327	0.915989
1123	-3.421525	5.481194	0.924631
1124	2.136933	5.302010	0.924763
1125	-8.591790	3.666973	0.922804
1126	-5.419266	2.817372	0.924213
1127	-4.404548	4.483827	0.924778
1128	2.591580	-10.057710	0.000000
1129	2.580392	-9.757983	0.900000
1130	2.542938	-0.713373	0.843258
1132	2.545178	0.715381	0.843361
1133	2.580115	9.757981	0.900000
1134	2.591655	10.057710	0.000000
1135	10.000000	-10.000000	0.249763
1136	-10.000000	-10.000000	0.249751
1137	10.000000	2.514139	0.258354
1138	-10.000000	2.529910	0.256049
1139	10.000000	10.000000	0.249734
1140	-10.000000	10.000000	0.249739
1141	10.000000	-8.330501	0.900000
1142	-10.000000	-8.329337	0.900000
1145	9.053099	0.546951	0.832470
1146	-9.148853	0.633510	0.837725
1147	10.000000	7.103399	0.899988
1148	-10.000000	7.100240	0.899988
1149	10.000000	-7.748439	0.000000
1150	-10.000000	-7.748267	0.000000
1151	10.000000	7.747918	0.000000
1152	-10.000000	7.748060	0.000000
1153	2.779705	3.192532	0.000000
1154	10.000000	-2.563294	0.251112
1155	-10.000000	-2.551712	0.252232
1156	10.000000	-0.974782	0.000000
1157	-10.000000	-0.975052	0.000000
1158	2.595987	-0.091671	0.798631
1159	2.779908	-3.192765	0.000000
1162	2.704755	-6.294890	0.900000
1163	2.704077	6.295164	0.900000
1164	10.000000	2.510938	0.899997
1165	-10.000000	2.499763	0.899997
1166	10.000000	-3.769810	0.900000
1167	-10.000000	-3.765723	0.900000
1168	5.172858	-10.000000	0.210471
1169	5.347660	-10.000000	0.622508
1170	-5.347940	-10.000000	0.622506
1171	-5.172842	-10.000000	0.210470
1172	5.773663	-9.247139	0.916501
1173	5.213652	-7.361047	0.914422
1174	-5.215558	-7.359766	0.914422
1175	-5.774882	-9.246815	0.916508
1176	4.518883	-0.578969	0.830781
1177	4.817177	-0.294779	0.808452
1178	-5.047979	-0.281552	0.807072
1179	-4.450257	-0.575422	0.829982
1180	6.637496	-0.128523	0.799957
1181	-6.832792	-0.076132	0.796822
1182	-6.500524	0.097209	0.797830
1183	6.744989	0.054261	0.798143
1184	5.101966	0.267189	0.806817
1185	4.549088	0.576737	0.830333
1186	-4.386462	0.573921	0.829941
1187	-5.026924	0.288828	0.807524
1188	5.213176	7.361351	0.914422
1189	5.773411	9.247206	0.916500
1190	-5.775107	9.246754	0.916510
1191	-5.215938	7.359531	0.914422
1192	5.172810	10.000000	0.210470
1193	-5.172814	10.000000	0.210469
1194	-5.348017	10.000000	0.622504
1195	5.347670	10.000000	0.622506
1196	10.000000	-8.110116	0.202703
1197	10.000000	-4.482972	0.187625
1198	10.000000	-2.105665	0.574178
1199	10.000000	-2.866655	0.761203
1200	10.000000	-5.895302	0.774131
1201	10.000000	-8.515540	0.607009
1202	-10.000000	-8.108726	0.202617
1203	-10.000000	-8.515595	0.607006
1204	-10.000000	-5.890630	0.773984
1205	-10.000000	-2.859377	0.760381
1206	-10.000000	-1.952723	0.588833
1207	-10.000000	-4.468110	0.188940
1208	10.000000	8.102401	0.202863
1209	10.000000	8.513507	0.606830
1210	10.000000	5.896027	0.774011
1211	10.000000	2.864658	0.762435
1212	10.000000	1.930097	0.595571
1213	10.000000	4.448963	0.190569
1214	-10.000000	8.106497	0.202651
1215	-10.000000	4.459853	0.189356
1216	-10.000000	1.972785	0.591523
1217	-10.000000	2.910869	0.759389
1218	-10.000000	5.893675	0.774055
1219	-10.000000	8.515257	0.606945
1220	-10.000000	-1.538171	0.142512
1221	-10.000000	1.541947	0.145756
1223	-10.000000	-0.269643	0.591247
1224	10.000000	-1.538644	0.142818
1225	10.000000	1.537214	0.146941
1227	10.000000	-0.339661	0.597688
1228	5.084231	-8.291432	0.000000
1229	-5.084294	-8.291409	0.000000
1230	-5.429774	-4.669864	-0.000003
1231	5.429832	-4.669914	-0.000003
1232	5.433498	-1.691476	0.000000
1233	-5.433401	-1.691484	0.000000
1234	-5.433298	1.691376	0.000000
1235	5.433246	1.691401	0.000000
1236	5.084361	8.291359	0.000000
1237	5.429685	4.669689	-0.000003
1238	-5.429728	4.669698	-0.000003
1239	-5.084333	8.291366	0.000000
1240	5.388252	-5.165998	0.924731
1241	4.951956	-2.237363	0.922060
1242	-4.951694	-2.235008	0.922021
1243	-5.389797	-5.163733	0.924732
1244	4.950458	2.239345	0.922078
1245	5.387495	5.166750	0.924731
1246	-5.390257	5.163269	0.924732
1247	-4.952879	2.234047	0.922013
1248	-7.620860	-10.058571	0.000000
1249	-7.484290	-9.791224	0.900000
1250	-7.535831	-0.771189	0.848803
1252	-7.534383	0.767087	0.848042
1253	-7.484388	9.791225	0.900000
1254	-7.620878	10.058570	0.000000
1255	10.000000	-10.000000	0.561482
1256	-10.000000	-10.000000	0.561489
1257	10.000000	0.657759	0.661309
1258	-10.000000	0.726582	0.659825
1259	10.000000	10.000000	0.561488
1260	-10.000000	10.000000	0.561491
1261	10.000000	-6.014680	0.899974
1262	-10.000000	-6.011624	0.899974
1267	10.000000	9.443928	0.793510
1268	-10.000000	9.443524	0.793621
1269	10.000000	-4.281049	0.000000
1270	-10.000000	-4.281024	0.000000
1271	10.000000	4.280620	0.000000
1272	-10.000000	4.280688	0.000000
1273	-7.845782	3.385833	0.000000
1274	10.000000	-0.749748	0.664383
1275	-10.000000	-0.667861	0.654067
1276	10.000000	2.746830	0.000000
1277	-10.000000	2.746728	0.000000
1278	-7.591056	-0.224099	0.801602
1279	-7.845845	-3.386086	0.000000
1282	-7.763200	-5.844802	0.900000
1283	-7.763436	5.844304	0.900000
1284	10.000000	4.987399	0.900000
1285	-10.000000	4.981207	0.900000
1286	10.000000	-1.339135	0.898896
1287	-10.000000	-1.338582	0.899165
1288	0.781800	-10.000000	0.401080
1289	0.792389	-10.000000	0.466395
1290	-0.792445	-10.000000	0.466394
1291	-0.781825	-10.000000	0.401080
1292	0.985526	-8.872070	0.919638
1293	0.873186	-8.641939	0.919611
1294	-0.875412	-8.641822	0.919611
1295	-0.987667	-8.871955	0.919639
1296	0.714918	-0.393650	0.814635
1297	0.720160	-0.347331	0.811261
1298	-0.750929	-0.346214	0.811131
1299	-0.691910	-0.392642	0.814506
1304	0.829457	0.338583	0.810873
1305	0.795372	0.386803	0.814297
1306	-0.615285	0.387094	0.814313
1307	-0.644185	0.339106	0.810895
1308	0.872745	8.641962	0.919611
1309	0.985106	8.872092	0.919638
1310	-0.988080	8.871933	0.919639
1311	-0.875847	8.641800	0.919612
1312	0.781794	10.000000	0.401080
1313	-0.781828	10.000000	0.401079
1314	-0.792452	10.000000	0.466394
1315	0.792382	10.000000	0.466395
1316	10.000000	-5.919289	0.432500
1317	10.000000	-5.232153	0.428683
1318	10.000000	-4.724805	0.488036
1319	10.000000	-4.902923	0.543085
1320	10.000000	-5.580336	0.546797
1321	10.000000	-6.087727	0.495626
1322	-10.000000	-5.913371	0.432131
1323	-10.000000	-6.084752	0.495161
1324	-10.000000	-5.576671	0.546206
1325	-10.000000	-4.894246	0.542448
1326	-10.000000	-4.708565	0.487856
1327	-10.000000	-5.219404	0.428552
1328	10.000000	5.897876	0.432993
1329	10.000000	6.072251	0.495725
1330	10.000000	5.564897	0.546941
1331	10.000000	4.879100	0.543862
1332	10.000000	4.689079	0.489728
1333	10.000000	5.200369	0.430011
1334	-10.000000	5.912768	0.432085
1335	-10.000000	5.220378	0.428432
1336	-10.000000	4.715944	0.487457
1337	-10.000000	4.904294	0.542087
1338	-10.000000	5.581486	0.546080
1339	-10.000000	6.085632	0.495093
1340	-10.000000	-0.099267	0.312878
1341	-10.000000	0.154171	0.312300
1344	10.000000	-0.117414	0.314971
1345	10.000000	0.135644	0.314432
1348	0.767292	-6.415374	0.000000
1349	-0.767335	-6.415369	0.000000
1350	-0.798217	-5.839550	-0.000000
1351	0.798180	-5.839555	-0.000000
1352	0.871697	-0.230375	0.000000
1353	-0.871629	-0.230375	0.000000
1354	-0.871643	0.230272	0.000000
1355	0.871685	0.230273	0.000000
1356	0.767319	6.415319	0.000000
1357	0.798195	5.839484	-0.000000
1358	-0.798205	5.839484	-0.000000
1359	-0.767323	6.415319	0.000000
1360	0.781924	-4.415502	0.924780
1361	0.740072	-3.923140	0.924772
1362	-0.741991	-3.922789	0.924772
1363	-0.783855	-4.415146	0.924780
1364	0.739235	3.923355	0.924772
1365	0.781143	4.415688	0.924780
1366	-0.784567	4.415118	0.924780
1367	-0.742770	3.922788	0.924772
1368	2.026764	-10.000000	0.249565
1369	-3.220256	-10.000000	0.198621
1370	1.257002	-10.000000	0.080757
1371	2.529874	-9.262575	0.916260
1372	-3.694411	-9.384612	0.914161
1374	2.137714	-5.301710	0.924763
1375	-3.420948	-5.481475	0.924631
1376	1.352229	-6.146170	0.915990
1377	1.768565	-0.517283	0.824906
1378	-2.720453	-0.565655	0.829147
1379	1.138266	-0.660008	0.838032
1381	7.086770	0.006044	0.797091
1382	8.660036	-0.078756	0.790198
1383	2.090679	0.239109	0.804987
1384	-3.110939	0.225202	0.804153
1385	1.479704	0.097612	0.799476
1386	1.902488	2.633870	0.923997
1387	-3.039021	2.165285	0.921619
1388	1.184069	1.166343	0.887783
1389	2.053768	7.855190	0.915718
1390	-3.208206	7.469677	0.913375
1391	1.231656	6.758717	0.905186
1392	4.372279	10.000000	0.338952
1393	5.683857	10.000000	0.540825
1394	8.572084	10.000000	0.325140
1395	10.000000	-7.648173	0.335260
1396	10.000000	-8.448230	0.519111
1397	10.000000	-9.429841	0.316903
1398	-10.000000	-6.822958	0.251829
1399	-10.000000	-5.180823	0.183371
1400	-10.000000	-7.092612	0.060461
1401	10.000000	6.811103	0.252408
1402	10.000000	5.164450	0.184546
1403	10.000000	7.087534	0.060694
1404	-10.000000	7.644715	0.335069
1405	-10.000000	8.447773	0.518990
1406	-10.000000	9.429305	0.316832
1407	-10.000000	-0.976496	0.253362
1409	-10.000000	-1.975829	0.288476
1410	10.000000	-0.985720	0.254601
1412	10.000000	-1.987611	0.288538
1413	4.330082	-7.071280	-0.000000
1414	5.786506	-5.344126	0.000001
1415	8.619141	-7.156792	-0.000000
1416	4.737099	-0.646400	-0.000000
1417	5.955545	1.062424	0.000000
1418	8.808707	-0.447876	-0.000000
1419	1.968046	7.868826	-0.000000
1420	-3.131788	8.390039	-0.000000
1421	1.215242	9.531728	-0.000000
1422	5.601655	-10.000000	0.284642
1423	8.565631	-10.000000	0.413142
1424	4.435620	-10.000000	0.503809
1425	3.443144	-10.000000	0.648098
1426	-1.251424	-10.000000	0.751131
1427	-2.146161	-10.000000	0.605710
1428	-5.683974	-10.000000	0.540826
1429	-8.572131	-10.000000	0.325149
1430	-4.372318	-10.000000	0.338952
1431	6.365967	-8.883370	0.921114
1432	8.823168	-7.638236	0.920446
1433	4.683658	-8.115009	0.919190
1434	3.205324	-7.470622	0.913374
1435	-1.234962	-6.758201	0.905185
1436	-2.056802	-7.854653	0.915718
1437	-5.825662	-7.714453	0.917907
1438	-8.915247	-8.173768	0.921714
1439	-5.131285	-8.792794	0.921259
1440	5.048205	-0.534526	0.826886
1441	8.262921	-0.549948	0.830007
1442	4.192142	-0.363653	0.812945
1443	2.972538	-0.236512	0.804750
1444	-1.336288	-0.114636	0.799500
1445	-2.057698	-0.251593	0.805277
1446	-5.489106	-0.354975	0.811831
1447	-7.914361	-0.613542	0.834577
1448	-3.898079	-0.468769	0.820671
1449	4.740787	-0.084496	0.798813
1450	-2.496301	-0.075078	0.798174
1451	-3.715605	-0.025668	0.797971
1452	-7.125652	-0.024635	0.795230
1453	-8.667891	0.070034	0.787114
1455	-4.559742	0.059196	0.798344
1456	2.700107	0.057341	0.799077
1457	3.862525	0.004186	0.798085
1458	5.513483	0.343108	0.811737
1459	8.032237	0.619175	0.838258
1460	4.015080	0.466158	0.820705
1461	2.821821	0.565756	0.829280
1462	-1.093246	0.659035	0.838000
1463	-1.646770	0.513097	0.824589
1464	-4.896175	0.528954	0.825844
1465	-8.246568	0.593754	0.831895
1466	-4.158646	0.355675	0.812053
1467	5.823634	7.715916	0.917907
1468	8.914716	8.175271	0.921715
1469	5.129430	8.793441	0.921255
1470	3.692369	9.384833	0.914155
1472	-2.532227	9.262366	0.916265
1473	-6.367356	8.882701	0.921120
1474	-8.823767	7.636334	0.920442
1475	-4.685894	8.114048	0.919191
1476	3.220243	10.000000	0.198621
1477	-1.257010	10.000000	0.080757
1478	-2.026749	10.000000	0.249564
1479	-5.601632	10.000000	0.284639
1480	-8.565687	10.000000	0.413129
1481	-4.435744	10.000000	0.503807
1482	-3.443596	10.000000	0.648096
1483	1.249895	10.000000	0.751131
1484	2.145898	10.000000	0.605711
1485	10.000000	-7.403302	0.192191
1486	10.000000	-6.276093	0.058874
1487	10.000000	-5.391880	0.244780
1488	10.000000	-4.014444	0.258573
1489	10.000000	-2.290408	0.389405
1490	10.000000	-3.218683	0.462596
1491	10.000000	-2.159777	0.625658
1492	10.000000	-0.859951	0.834499
1493	10.000000	-3.205141	0.667550
1494	10.000000	-3.478630	0.753565
1495	10.000000	-3.919040	0.851827
1496	10.000000	-5.287798	0.707104
1497	10.000000	-6.507586	0.744907
1498	10.000000	-8.060458	0.825572
1499	10.000000	-7.514338	0.613116
1500	-10.000000	-8.199797	0.277558
1501	-10.000000	-9.451046	0.401777
1502	-10.000000	-7.873529	0.488165
1503	-10.000000	-8.090284	0.655397
1504	-10.000000	-7.460466	0.836330
1505	-10.000000	-6.479048	0.684741
1506	-10.000000	-5.292531	0.759645
1507	-10.000000	-3.313000	0.851434
1508	-10.000000	-4.021151	0.700649
1509	-10.000000	-2.677994	0.724925
1510	-10.000000	-0.693334	0.836042
1511	-10.000000	-2.778136	0.590846
1512	-10.000000	-2.495570	0.498775
1513	-10.000000	-2.722640	0.305587
1514	-10.000000	-4.167837	0.319604
1515	10.000000	8.193596	0.277740
1516	10.000000	9.449609	0.401726
1517	10.000000	7.867829	0.488131
1518	10.000000	8.088506	0.655213
1519	10.000000	7.462691	0.836286
1520	10.000000	6.478809	0.684706
1521	10.000000	5.299404	0.759771
1522	10.000000	3.327159	0.851706
1523	10.000000	4.022752	0.701826
1524	10.000000	2.671421	0.728542
1525	10.000000	0.679877	0.848184
1526	10.000000	2.756694	0.595616
1527	10.000000	2.470942	0.504148
1528	10.000000	2.687142	0.310819
1529	10.000000	4.144154	0.322062
1530	-10.000000	7.397216	0.192198
1531	-10.000000	6.269596	0.059089
1532	-10.000000	5.373141	0.245515
1533	-10.000000	3.981992	0.261472
1534	-10.000000	2.243534	0.396007
1535	-10.000000	3.161696	0.467492
1536	-10.000000	2.107401	0.630700
1537	-10.000000	1.366884	0.798084
1538	-10.000000	3.253609	0.663874
1539	-10.000000	3.500092	0.752777
1540	-10.000000	3.914824	0.851796
1541	-10.000000	5.291804	0.706790
1542	-10.000000	6.506652	0.744834
1543	-10.000000	8.059126	0.825576
1544	-10.000000	7.514195	0.612965
1545	-10.000000	-0.978121	0.125360
1546	-10.000000	0.451425	0.036505
1547	-10.000000	0.573147	0.167702
1548	-10.000000	1.440877	0.216322
1549	-10.000000	1.533624	0.390042
1554	10.000000	-0.977922	0.125771
1555	10.000000	0.452826	0.036696
1556	10.000000	0.569013	0.168800
1557	10.000000	1.430393	0.218156
1558	10.000000	1.503930	0.393342
1563	3.131710	-8.390077	-0.000000
1564	-1.215236	-9.531736	-0.000000
1565	-1.968033	-7.868857	-0.000000
1566	-5.553785	-7.592740	-0.000000
1567	-8.661830	-6.318226	0.000000
1568	-4.487711	-5.627035	-0.000000
1569	-3.435565	-4.390491	-0.000001
1570	1.351846	-3.504354	-0.000000
1571	2.156335	-4.699738	0.000000
1572	3.394893	-1.767014	-0.000000
1573	-1.296960	-2.709532	-0.000000
1574	-2.177992	-1.341720	-0.000000
1575	-5.955638	-1.062444	0.000000
1576	-8.808666	0.448327	-0.000000
1577	-4.737008	0.646327	-0.000000
1578	-3.394740	1.766868	-0.000000
1579	1.296936	2.709335	-0.000000
1580	2.177983	1.341596	-0.000000
1581	5.553838	7.592659	-0.000000
1582	8.661833	6.317925	0.000000
1583	4.487685	5.626919	-0.000000
1584	3.435488	4.390340	-0.000001
1585	-1.351758	3.504146	-0.000000
1586	-2.156307	4.699598	0.000000
1587	-5.786472	5.343921	0.000001
1588	-8.619189	7.156496	-0.000000
1589	-4.330154	7.071190	-0.000000
1590	5.704959	-4.636111	0.924769
1591	8.535555	-3.040625	0.922768
1592	4.210402	-3.292944	0.924655
1593	3.037891	-2.167254	0.921645
1594	-1.182206	-1.164763	0.887654
1595	-1.904719	-2.632184	0.923990
1596	-5.418350	-2.818258	0.924214
1597	-8.591445	-3.668117	0.922806
1598	-4.403982	-4.484277	0.924778
1599	5.416551	2.822662	0.924230
1600	8.590561	3.674302	0.922809
1601	4.401517	4.487051	0.924778
1602	3.418240	5.483309	0.924630
1603	-1.355339	6.145591	0.915992
1604	-2.140338	5.300634	0.924763
1605	-5.706780	4.633005	0.924769
1606	-8.536104	3.035389	0.922765
1607	-4.212357	3.290304	0.924652
1608	-0.000001	-10.000000	0.139804
1609	1.096562	-10.000000	0.191993
1610	-1.096555	-10.000000	0.191992
1611	-0.000974	-9.584757	0.907085
1612	1.306974	-9.444099	0.911818
1613	-1.309041	-9.444036	0.911820
1614	-0.001167	-5.942911	0.922599
1615	1.179879	-5.664494	0.924498
1616	-1.182041	-5.664017	0.924498
1617	0.017623	-0.610334	0.833280
1618	0.956918	-0.563204	0.828956
1619	-0.902367	-0.562494	0.828833
1620	7.802401	-0.039574	0.795867
1621	6.853546	-0.071433	0.797983
1623	0.115060	0.142132	0.800750
1624	1.196023	0.187710	0.802521
1625	-0.993405	0.191051	0.802610
1626	-0.000460	1.638245	0.912255
1627	1.024209	2.127798	0.921382
1628	-1.026723	2.126721	0.921370
1629	-0.001973	7.169563	0.909391
1630	1.080473	7.533050	0.912841
1631	-1.084285	7.532666	0.912841
1632	7.214071	10.000000	0.393986
1633	5.836645	10.000000	0.367006
1634	5.860856	10.000000	0.454053
1635	10.000000	-8.889389	0.378544
1636	10.000000	-8.288688	0.355236
1637	10.000000	-8.372006	0.435571
1638	-10.000000	-6.486855	0.121005
1639	-10.000000	-6.664772	0.185412
1640	-10.000000	-5.918962	0.182429
1641	10.000000	6.477273	0.121513
1642	10.000000	6.653473	0.186005
1643	10.000000	5.905136	0.183276
1644	-10.000000	8.888523	0.378429
1645	-10.000000	8.286864	0.355075
1646	-10.000000	8.371012	0.435413
1647	-10.000000	-1.443217	0.327312
1648	-10.000000	-1.243104	0.288700
1649	-10.000000	-0.899845	0.383820
1650	10.000000	-1.458800	0.328677
1651	10.000000	-1.255024	0.290093
1652	10.000000	-0.924315	0.386727
1653	7.278767	-6.598107	-0.000000
1654	5.842030	-6.847514	0.000000
1655	5.924288	-6.083708	-0.000000
1656	7.577760	0.000132	-0.000000
1657	6.240794	-0.364078	-0.000000
1658	6.240737	0.364135	-0.000000
1659	0.000012	8.994880	-0.000000
1660	1.059355	8.443065	0.000000
1661	-1.059336	8.443065	0.000000
1662	5.860851	-10.000000	0.454056
1663	5.836669	-10.000000	0.367009
1664	7.214080	-10.000000	0.393994
1665	-1.186465	-10.000000	0.658071
1666	1.186036	-10.000000	0.658072
1667	-0.000366	-10.000000	0.700854
1668	-5.836698	-10.000000	0.367007
1669	-5.860921	-10.000000	0.454054
1670	-7.214124	-10.000000	0.393990
1671	6.280986	-8.088434	0.920586
1672	6.499125	-8.484028	0.922045
1673	7.689517	-8.099462	0.922155
1674	-1.083724	-7.532710	0.912841
1675	1.081060	-7.532982	0.912840
1676	-0.001361	-7.169546	0.909391
1677	-6.500359	-8.483215	0.922046
1678	-6.282387	-8.087404	0.920586
1679	-7.690419	-8.098296	0.922155
1680	5.638192	-0.431900	0.818481
1681	5.465055	-0.487093	0.822930
1682	6.938463	-0.515841	0.826021
1683	-1.170555	-0.201671	0.802717
1684	0.949610	-0.204448	0.802890
1685	-0.074766	-0.157509	0.800872
1686	-5.351776	-0.478891	0.821481
1687	-5.568496	-0.421309	0.816799
1688	-6.771559	-0.504406	0.823683
1689	-2.200707	-0.041900	0.797731
1690	1.539337	-0.051456	0.797780
1691	-0.169154	-0.056461	0.799202
1692	-6.804944	0.048804	0.796184
1694	-7.796121	0.024632	0.793178
1695	2.389704	0.022711	0.798479
1696	-1.164165	0.030456	0.798683
1697	0.371650	0.037250	0.797533
1698	5.457364	0.476383	0.821882
1699	5.636994	0.414632	0.817026
1700	6.856953	0.502048	0.825203
1701	-0.852124	0.560611	0.828809
1702	1.004484	0.561307	0.828855
1703	0.059612	0.609395	0.833296
1704	-5.536909	0.428560	0.817405
1705	-5.308360	0.482025	0.821776
1706	-6.787612	0.519891	0.825037
1707	6.498860	8.484202	0.922044
1708	6.280672	8.088661	0.920587
1709	7.689310	8.099728	0.922155
1710	-1.309435	9.444024	0.911821
1711	1.306574	9.444111	0.911818
1712	-0.001349	9.584757	0.907085
1713	-6.282654	8.087214	0.920586
1714	-6.500590	8.483065	0.922047
1715	-7.690589	8.098085	0.922155
1716	-1.096548	10.000000	0.191992
1717	1.096556	10.000000	0.191992
1718	0.000009	10.000000	0.139804
1719	-5.860935	10.000000	0.454052
1720	-5.836689	10.000000	0.367005
1721	-7.214124	10.000000	0.393986
1722	1.185976	10.000000	0.658071
1723	-1.186545	10.000000	0.658071
1724	-0.000497	10.000000	0.700854
1725	10.000000	-5.927602	0.182134
1726	10.000000	-6.670176	0.185362
1727	10.000000	-6.492134	0.120867
1728	10.000000	-3.069260	0.409094
1729	10.000000	-3.542773	0.332483
1730	10.000000	-2.910929	0.355593
1731	10.000000	-2.475607	0.695374
1732	10.000000	-2.274986	0.664532
1733	10.000000	-1.683644	0.743023
1734	10.000000	-4.690185	0.753166
1735	10.000000	-4.083350	0.751280
1736	10.000000	-4.041558	0.801880
1737	10.000000	-7.608086	0.690416
1738	10.000000	-7.078016	0.718448
1739	10.000000	-7.614056	0.765853
1740	-10.000000	-8.372162	0.435466
1741	-10.000000	-8.288458	0.355104
1742	-10.000000	-8.889464	0.378469
1743	-10.000000	-7.076144	0.718377
1744	-10.000000	-7.607172	0.690379
1745	-10.000000	-7.612416	0.765837
1746	-10.000000	-4.076960	0.750677
1747	-10.000000	-4.684078	0.752753
1748	-10.000000	-4.034351	0.801508
1749	-10.000000	-2.220671	0.667298
1750	-10.000000	-2.454064	0.695515
1751	-10.000000	-1.656286	0.744214
1752	-10.000000	-3.504039	0.336387
1753	-10.000000	-3.007106	0.415365
1754	-10.000000	-2.866802	0.360802
1755	10.000000	8.367483	0.435442
1756	10.000000	8.282842	0.355188
1757	10.000000	8.886170	0.378457
1758	10.000000	7.076615	0.718267
1759	10.000000	7.606182	0.690218
1760	10.000000	7.613402	0.765722
1761	10.000000	4.086475	0.751288
1762	10.000000	4.692457	0.753063
1763	10.000000	4.047319	0.801835
1764	10.000000	2.205816	0.672682
1765	10.000000	2.447607	0.699854
1766	10.000000	1.659887	0.749259
1767	10.000000	3.477608	0.339708
1768	10.000000	2.980609	0.419641
1769	10.000000	2.836616	0.365331
1770	-10.000000	5.913820	0.182585
1771	-10.000000	6.660693	0.185516
1772	-10.000000	6.482965	0.121118
1773	-10.000000	3.007091	0.416136
1774	-10.000000	3.498076	0.337046
1775	-10.000000	2.859286	0.362333
1776	-10.000000	2.549612	0.689226
1777	-10.000000	2.312047	0.661453
1778	-10.000000	1.762746	0.737093
1779	-10.000000	4.693398	0.752930
1780	-10.000000	4.092880	0.750875
1781	-10.000000	4.041499	0.801763
1782	-10.000000	7.607647	0.690350
1783	-10.000000	7.077408	0.718379
1784	-10.000000	7.612922	0.765834
1785	-10.000000	0.348864	0.117098
1786	-10.000000	-0.333348	0.116667
1787	-10.000000	0.006916	0.074433
1788	-10.000000	0.847389	0.408497
1789	-10.000000	1.225600	0.301160
1790	-10.000000	1.395634	0.342609
1791	-10.000000	0.058410	0.585435
1794	10.000000	0.348369	0.117767
1795	10.000000	-0.333142	0.117184
1796	10.000000	0.008356	0.074784
1797	10.000000	0.813749	0.411715
1798	10.000000	1.206314	0.303709
1799	10.000000	1.370958	0.345621
1800	10.000000	-0.010693	0.589682
1803	-1.059355	-8.443087	0.000000
1804	1.059295	-8.443090	0.000000
1805	-0.000031	-8.994895	-0.000000
1806	-5.924308	-6.083651	-0.000000
1807	-5.842073	-6.847464	0.000000
1808	-7.278794	-6.598022	-0.000000
1809	1.182878	-4.234023	-0.000000
1810	-1.182826	-4.234013	-0.000000
1811	0.000050	-3.842217	0.000000
1812	-1.156911	-1.799334	0.000000
1813	1.157037	-1.799338	0.000000
1814	0.000064	-2.249024	-0.000000
1815	-6.240730	0.364092	-0.000000
1816	-6.240754	-0.364116	-0.000000
1817	-7.577747	0.000046	-0.000000
1818	1.156913	1.799186	0.000000
1819	-1.156954	1.799184	0.000000
1820	-0.000029	2.248850	-0.000000
1821	5.924304	6.083510	-0.000000
1822	5.842102	6.847351	0.000000
1823	7.278813	6.597837	-0.000000
1824	-1.182841	4.233868	-0.000000
1825	1.182796	4.233868	-0.000000
1826	-0.000029	3.842042	0.000000
1827	-5.842098	6.847368	0.000000
1828	-5.924314	6.083527	-0.000000
1829	-7.278813	6.597876	-0.000000
1830	5.711610	-3.431726	0.924678
1831	5.811660	-4.047606	0.924760
1832	7.163496	-3.560230	0.924610
1833	-1.025689	-2.126647	0.921368
1834	1.025375	-2.127181	0.921375
1835	0.000355	-1.637794	0.912237
1836	-5.812814	-4.044877	0.924759
1837	-5.712502	-3.428953	0.924675
1838	-7.164078	-3.556867	0.924608
1839	5.810705	4.048823	0.924760
1840	5.710478	3.433216	0.924679
1841	7.162528	3.562137	0.924611
1842	-1.182727	5.663943	0.924498
1843	1.179128	5.664657	0.924497
1844	-0.001886	5.942949	0.922598
1845	-5.713185	3.428177	0.924675
1846	-5.813356	4.044214	0.924759
1847	-7.164632	3.555901	0.924608
1848	-0.000006	-10.000000	0.348762
1849	-0.954485	-10.000000	0.299342
1850	0.954484	-10.000000	0.299343
1851	-4.557051	-10.000000	0.146214
1852	-6.088924	-10.000000	0.082331
1853	-3.732197	-10.000000	0.081349
1854	4.557062	-10.000000	0.146214
1855	3.732173	-10.000000	0.081349
1856	6.088915	-10.000000	0.082332
1857	-0.001088	-9.038171	0.918781
1858	-1.240529	-9.158205	0.917592
1859	1.238384	-9.158312	0.917590
1860	-4.590434	-9.545760	0.909660
1863	4.589105	-9.545879	0.909655
1866	-0.000975	-4.781407	0.924782
1867	-0.997207	-5.069027	0.924780
1868	0.995234	-5.069458	0.924780
1869	-4.827128	-5.617423	0.923539
1870	-6.308566	-5.727540	0.918696
1871	-3.955254	-5.993780	0.916956
1872	4.825340	-5.619333	0.923536
1873	3.953163	-5.995261	0.916950
1874	6.307088	-5.729915	0.918688
1875	0.024732	-0.431396	0.817537
1876	-0.795918	-0.471142	0.820792
1877	0.860140	-0.472063	0.820927
1878	-3.927717	-0.622273	0.834367
1879	-5.453128	-0.688487	0.840458
1880	-3.345379	-0.668513	0.838772
1881	3.966513	-0.624571	0.834944
1882	3.360178	-0.669983	0.839168
1883	5.468875	-0.690404	0.841304
1887	8.126812	0.092995	0.795719
1888	9.241132	0.190451	0.788508
1889	8.939573	0.068042	0.786335
1890	7.956416	-0.172921	0.798869
1891	8.844168	-0.157255	0.789163
1892	9.193288	-0.268606	0.790857
1893	0.097479	0.300659	0.808394
1894	-0.834734	0.269501	0.806547
1895	1.029974	0.267891	0.806484
1896	-4.419804	0.212644	0.803395
1897	-5.957006	0.215735	0.803107
1898	-3.653386	0.137192	0.800332
1899	4.548208	0.192745	0.802943
1900	3.825652	0.120138	0.800154
1901	6.077668	0.183869	0.802690
1902	-0.001821	3.505225	0.924738
1903	-0.896802	3.079924	0.924595
1904	0.893223	3.080717	0.924596
1905	-4.323418	1.688648	0.913488
1906	-5.801187	1.215394	0.891017
1907	-3.524263	1.181898	0.888877
1908	4.322080	1.693647	0.913655
1909	3.525758	1.186215	0.889159
1910	5.801607	1.222799	0.891719
1911	-0.001661	8.428249	0.918826
1912	-0.994050	8.171503	0.917520
1913	0.990564	8.171755	0.917520
1914	-4.492041	7.011254	0.910294
1915	-5.979197	6.473058	0.906081
1916	-3.663136	6.657627	0.905538
1917	4.488893	7.013088	0.910294
1918	3.659680	6.659329	0.905538
1919	5.976610	6.475846	0.906081
1920	2.039040	10.000000	0.431514
1921	3.227772	10.000000	0.466878
1922	3.198790	10.000000	0.388091
1923	6.971243	10.000000	0.574911
1924	8.320422	10.000000	0.593339
1925	8.482785	10.000000	0.502218
1926	6.923811	10.000000	0.225480
1927	8.508938	10.000000	0.240302
1928	8.385072	10.000000	0.161688
1929	10.000000	-6.597179	0.443731
1930	10.000000	-7.252961	0.462482
1931	10.000000	-7.115264	0.390454
1932	10.000000	-8.976759	0.550031
1933	10.000000	-9.445834	0.586534
1934	10.000000	-9.464340	0.489842
1935	10.000000	-8.775298	0.217253
1936	10.000000	-9.403044	0.234197
1937	10.000000	-9.373552	0.153765
1938	-10.000000	-5.738396	0.369608
1939	-10.000000	-5.561252	0.307409
1940	-10.000000	-6.270969	0.310817
1941	-10.000000	-4.949782	0.121681
1942	-10.000000	-4.658553	0.060608
1943	-10.000000	-5.453656	0.058969
1944	-10.000000	-8.009644	0.131012
1945	-10.000000	-7.893766	0.063284
1946	-10.000000	-8.659004	0.067511
1947	10.000000	5.721086	0.370711
1948	10.000000	5.543249	0.308653
1949	10.000000	6.256179	0.311628
1950	10.000000	4.936121	0.122640
1951	10.000000	4.649773	0.061199
1952	10.000000	5.446223	0.059393
1953	10.000000	8.003926	0.131263
1954	10.000000	7.889829	0.063456
1955	10.000000	8.656210	0.067638
1956	-10.000000	6.593683	0.443343
1957	-10.000000	7.251151	0.462183
1958	-10.000000	7.111477	0.390176
1959	-10.000000	8.976510	0.549975
1960	-10.000000	9.445681	0.586530
1961	-10.000000	9.464160	0.489801
1962	-10.000000	8.773383	0.217186
1963	-10.000000	9.402276	0.234141
1964	-10.000000	9.372605	0.153739
1965	-10.000000	-0.249107	0.366871
1967	-10.000000	-0.573560	0.312756
1968	-10.000000	-0.604734	0.487060
1969	-10.000000	-0.629492	0.580501
1970	-10.000000	-1.077318	0.478092
1971	-10.000000	-1.985915	0.168460
1972	-10.000000	-2.318833	0.205202
1973	-10.000000	-2.596812	0.127928
1974	10.000000	-0.274645	0.369503
1976	10.000000	-0.590615	0.314828
1977	10.000000	-0.648526	0.491913
1978	10.000000	-0.693120	0.587868
1979	10.000000	-1.115018	0.482068
1980	10.000000	-1.988080	0.168556
1981	10.000000	-2.324349	0.204884
1982	10.000000	-2.598389	0.127646
1983	2.029958	-6.173632	-0.000000
1984	3.242742	-5.903099	0.000000
1985	3.170701	-6.594650	-0.000000
1986	7.142039	-5.041474	-0.000003
1987	8.548299	-4.696318	0.000005
1988	8.638890	-5.487366	-0.000001
1989	6.877705	-8.151684	-0.000000
1990	8.512474	-7.971930	0.000000
1991	8.342699	-8.740876	-0.000000
1992	2.254257	-0.000049	0.000000
1993	3.514330	0.294571	-0.000000
1994	3.514361	-0.294655	-0.000000
1995	7.205973	1.549244	0.000000
1996	8.536232	2.110461	0.000001
1997	8.714399	1.315923	0.000000
1998	7.206212	-1.549153	0.000000
1999	8.714545	-1.315469	0.000000
2000	8.536470	-2.110255	0.000001
2001	0.000000	6.894105	-0.000000
2002	-0.926934	7.370701	-0.000000
2003	0.926940	7.370701	-0.000000
2004	-4.440657	8.931546	-0.000000
2005	-5.925508	9.489621	-0.000000
2006	-3.614431	9.517277	0.000000
2007	4.440691	8.931542	-0.000000
2008	3.614465	9.517276	0.000000
2009	5.925548	9.489617	-0.000000
2010	8.385125	-10.000000	0.161694
2011	8.508992	-10.000000	0.240313
2012	6.923874	-10.000000	0.225484
2013	8.482720	-10.000000	0.502232
2014	8.320335	-10.000000	0.593347
2015	6.971188	-10.000000	0.574917
2016	3.198802	-10.000000	0.388091
2017	3.227777	-10.000000	0.466878
2018	2.039048	-10.000000	0.431514
2019	6.074620	-10.000000	0.766448
2020	3.700822	-10.000000	0.753904
2021	4.839123	-10.000000	0.694037
2022	-3.701883	-10.000000	0.753906
2023	-6.075336	-10.000000	0.766451
2024	-4.839654	-10.000000	0.694036
2025	0.996176	-10.000000	0.562877
2026	-0.996330	-10.000000	0.562876
2027	-0.000048	-10.000000	0.517570
2028	-8.320499	-10.000000	0.593348
2029	-8.482802	-10.000000	0.502230
2030	-6.971365	-10.000000	0.574915
2031	-8.508987	-10.000000	0.240308
2032	-8.385101	-10.000000	0.161691
2033	-6.923859	-10.000000	0.225482
2034	-3.227842	-10.000000	0.466877
2035	-3.198829	-10.000000	0.388090
2036	-2.039088	-10.000000	0.431514
2037	8.653684	-9.207069	0.905538
2038	8.879719	-8.715978	0.919279
2039	7.499754	-9.026980	0.918419
2040	8.645956	-7.134559	0.918066
2041	8.408453	-6.669351	0.914294
2042	7.042063	-7.235313	0.916366
2043	3.789770	-8.737974	0.920647
2044	3.557555	-8.438883	0.919943
2045	2.375642	-8.692382	0.920011
2046	5.977134	-6.475321	0.906080
2047	3.660307	-6.659021	0.905538
2048	4.489455	-7.012770	0.910294
2049	-3.662622	-6.657837	0.905538
2050	-5.978828	-6.473405	0.906081
2051	-4.491596	-7.011487	0.910294
2052	0.991073	-8.171716	0.917520
2053	-0.993553	-8.171535	0.917520
2054	-0.001188	-8.428248	0.918826
2055	-8.409196	-6.667041	0.914293
2056	-8.646568	-7.132570	0.918063
2057	-7.043343	-7.233628	0.916365
2058	-8.880116	-8.715177	0.919291
2059	-8.654086	-9.206638	0.905562
2060	-7.500545	-9.026458	0.918430
2061	-3.559567	-8.438360	0.919944
2062	-3.791625	-8.737529	0.920649
2063	-2.377732	-8.692079	0.920013
2064	7.700103	-0.697774	0.843052
2065	7.980745	-0.670351	0.841369
2066	6.226309	-0.606559	0.833610
2067	8.202041	-0.454937	0.820762
2069	6.648347	-0.372646	0.814330
2070	2.934555	-0.422416	0.817132
2071	3.008313	-0.368251	0.813048
2072	1.875221	-0.379539	0.813699
2073	5.905926	-0.241761	0.805406
2074	3.708870	-0.157835	0.801279
2075	4.211658	-0.224182	0.804362
2076	-3.636649	-0.135678	0.800238
2077	-5.804158	-0.196967	0.802376
2078	-4.413857	-0.207919	0.803152
2079	0.845213	-0.280313	0.806924
2080	-0.995683	-0.278652	0.806771
2081	-0.045830	-0.310045	0.808715
2082	-7.968112	-0.353619	0.810204
2083	-8.102875	-0.445469	0.818145
2084	-6.723510	-0.356506	0.811650
2085	-7.886225	-0.665273	0.839901
2086	-7.654285	-0.695032	0.841878
2087	-6.141637	-0.601790	0.832244
2088	-3.023807	-0.363029	0.812421
2089	-2.888632	-0.418162	0.816552
2090	-1.870070	-0.376670	0.813346
2092	5.086371	-0.135656	0.800340
2093	5.942476	-0.141265	0.800544
2094	-5.050762	-0.098320	0.798999
2095	-7.162588	-0.164536	0.799745
2096	-6.243312	-0.103241	0.798828
2099	1.233747	-0.024231	0.797977
2100	-9.293816	-0.172722	0.781524
2101	-8.960884	-0.065785	0.781733
2102	-8.153237	-0.099772	0.791899
2103	-8.857168	0.149676	0.786710
2104	-9.192090	0.268365	0.789829
2105	-7.953944	0.149771	0.795778
2106	-4.237074	0.000788	0.797704
2109	-6.845187	0.180797	0.800266
2110	-4.766054	0.102434	0.799264
2111	-5.855460	0.114158	0.798781
2112	5.012687	0.076477	0.799106
2113	6.923758	0.136356	0.800068
2114	6.120685	0.078924	0.798838
2116	2.295832	-0.005154	0.798162
2117	-0.076061	-0.003028	0.798072
2118	7.968561	0.340499	0.813488
2119	8.091942	0.433310	0.821083
2120	6.730470	0.342680	0.812375
2121	7.954445	0.670172	0.843194
2122	7.703028	0.700480	0.844745
2123	6.230917	0.604458	0.833463
2124	3.105494	0.355653	0.812193
2125	2.997606	0.413460	0.816429
2126	1.965109	0.370319	0.813149
2127	5.488748	0.692945	0.841295
2128	3.385056	0.671247	0.839098
2129	3.999941	0.624474	0.834707
2130	-3.310370	0.667334	0.838767
2131	-5.412076	0.686346	0.840305
2132	-3.872450	0.620659	0.834319
2133	0.917837	0.467705	0.820684
2134	-0.738583	0.467566	0.820677
2135	0.090416	0.426416	0.817322
2136	-7.596991	0.692492	0.840766
2137	-7.862894	0.668165	0.839114
2138	-6.076913	0.601472	0.832183
2139	-8.174954	0.493913	0.822274
2140	-8.035777	0.397768	0.814248
2141	-6.753545	0.380049	0.813489
2142	-2.820670	0.414993	0.816492
2143	-2.936270	0.359339	0.812354
2144	-1.785179	0.371554	0.813207
2145	8.408213	6.669994	0.914296
2146	8.645784	7.135079	0.918067
2147	7.041723	7.235731	0.916366
2148	8.879627	8.716167	0.919276
2149	8.653590	9.207169	0.905532
2150	7.499581	9.027094	0.918417
2151	3.557140	8.438991	0.919943
2152	3.789393	8.738064	0.920646
2153	2.375223	8.692442	0.920011
2156	4.588837	9.545903	0.909655
2159	-4.590681	9.545737	0.909661
2160	1.237966	9.158333	0.917590
2161	-1.240939	9.158184	0.917592
2162	-0.001510	9.038171	0.918781
2163	-8.654155	9.206562	0.905566
2164	-8.880185	8.715037	0.919293
2165	-7.500687	9.026363	0.918432
2166	-8.646690	7.132215	0.918062
2167	-8.409351	6.666626	0.914293
2168	-7.043595	7.233322	0.916365
2169	-3.791978	8.737444	0.920649
2170	-3.559956	8.438262	0.919944
2171	-2.378135	8.692021	0.920013
2172	6.088944	10.000000	0.082331
2173	3.732215	10.000000	0.081349
2174	4.557043	10.000000	0.146213
2175	-3.732186	10.000000	0.081349
2176	-6.088919	10.000000	0.082331
2177	-4.557029	10.000000	0.146213
2178	0.954476	10.000000	0.299342
2179	-0.954484	10.000000	0.299342
2180	-0.000009	10.000000	0.348762
2181	-8.385073	10.000000	0.161688
2182	-8.508962	10.000000	0.240302
2183	-6.923826	10.000000	0.225479
2184	-8.482845	10.000000	0.502223
2185	-8.320574	10.000000	0.593345
2186	-6.971432	10.000000	0.574912
2187	-3.198827	10.000000	0.388090
2188	-3.227853	10.000000	0.466877
2189	-2.039092	10.000000	0.431513
2190	-6.075471	10.000000	0.766451
2191	-3.702085	10.000000	0.753907
2192	-4.839773	10.000000	0.694035
2193	3.700616	10.000000	0.753903
2194	6.074477	10.000000	0.766448
2195	4.839066	10.000000	0.694036
2196	-0.996356	10.000000	0.562876
2197	0.996159	10.000000	0.562877
2198	-0.000061	10.000000	0.517570
2199	10.000000	-8.659804	0.067519
2200	10.000000	-7.895327	0.063273
2201	10.000000	-8.011407	0.131043
2202	10.000000	-5.458152	0.058723
2203	10.000000	-4.662950	0.060234
2204	10.000000	-4.958693	0.121026
2205	10.000000	-6.277573	0.310915
2206	10.000000	-5.573412	0.307167
2207	10.000000	-5.747759	0.369720
2208	10.000000	-3.567574	0.141277
2209	10.000000	-3.173194	0.220590
2210	10.000000	-3.810849	0.199590
2211	10.000000	-1.829047	0.480099
2212	10.000000	-1.384413	0.575441
2213	10.000000	-2.002507	0.521902
2214	10.000000	-4.372126	0.375376
2215	10.000000	-3.872909	0.443487
2216	10.000000	-4.546916	0.432265
2217	10.000000	-1.127323	0.697063
2218	10.000000	-0.674806	0.795497
2219	10.000000	-1.532723	0.671391
2220	10.000000	-1.471383	0.813949
2221	10.000000	-1.662192	0.828589
2222	10.000000	-2.216228	0.778505
2223	10.000000	-3.532933	0.562033
2224	10.000000	-3.713205	0.607921
2225	10.000000	-4.219944	0.547850
2226	10.000000	-2.157199	0.854883
2227	10.000000	-2.730676	0.852592
2228	10.000000	-2.872393	0.805246
2229	10.000000	-4.518986	0.853231
2230	10.000000	-5.106217	0.856889
2231	10.000000	-5.232053	0.810068
2232	10.000000	-4.553554	0.649502
2233	10.000000	-5.205844	0.652775
2234	10.000000	-5.069863	0.597938
2235	10.000000	-6.285750	0.852802
2236	10.000000	-6.874678	0.844208
2237	10.000000	-6.445769	0.801137
2238	10.000000	-8.656093	0.798077
2240	10.000000	-8.633523	0.702679
2241	10.000000	-6.386271	0.622515
2242	10.000000	-6.896690	0.580891
2243	10.000000	-6.247885	0.559097
2244	-10.000000	-9.373292	0.153729
2245	-10.000000	-9.402912	0.234149
2246	-10.000000	-8.774773	0.217177
2247	-10.000000	-9.464433	0.489839
2248	-10.000000	-9.445823	0.586562
2249	-10.000000	-8.976908	0.550031
2250	-10.000000	-7.113655	0.390193
2251	-10.000000	-7.252462	0.462233
2252	-10.000000	-6.594945	0.443378
2253	-10.000000	-9.235377	0.717331
2254	-10.000000	-8.655316	0.798125
2255	-10.000000	-8.633133	0.702716
2256	-10.000000	-6.871796	0.844173
2257	-10.000000	-6.282082	0.852754
2258	-10.000000	-6.442019	0.801059
2259	-10.000000	-6.896216	0.580659
2260	-10.000000	-6.385026	0.622227
2261	-10.000000	-6.246525	0.558685
2262	-10.000000	-5.101091	0.856809
2263	-10.000000	-4.513138	0.853110
2264	-10.000000	-5.226188	0.809908
2265	-10.000000	-2.725242	0.852287
2266	-10.000000	-2.154139	0.854554
2267	-10.000000	-2.866084	0.804620
2268	-10.000000	-5.202750	0.652197
2269	-10.000000	-4.549097	0.648690
2270	-10.000000	-5.065765	0.597222
2271	-10.000000	-1.656785	0.828582
2272	-10.000000	-1.454537	0.814757
2273	-10.000000	-2.205714	0.778060
2274	-10.000000	-0.590010	0.802915
2275	-10.000000	-0.540221	0.771851
2276	-10.000000	-1.322889	0.690383
2277	-10.000000	-3.696028	0.607442
2278	-10.000000	-3.496924	0.562912
2279	-10.000000	-4.201501	0.547559
2280	-10.000000	-1.310513	0.576243
2281	-10.000000	-1.775565	0.483302
2282	-10.000000	-1.870442	0.537572
2283	-10.000000	-3.159237	0.222451
2284	-10.000000	-3.559951	0.142367
2285	-10.000000	-3.795140	0.201448
2286	-10.000000	-3.831020	0.445805
2287	-10.000000	-4.342779	0.376948
2288	-10.000000	-4.522705	0.432903
2289	10.000000	9.371400	0.153805
2290	10.000000	9.401046	0.234189
2291	10.000000	8.770776	0.217307
2292	10.000000	9.463359	0.489751
2293	10.000000	9.445239	0.586450
2294	10.000000	8.975099	0.549890
2295	10.000000	7.103290	0.390514
2296	10.000000	7.243935	0.462369
2297	10.000000	6.583077	0.443804
2298	10.000000	9.235444	0.717172
2299	10.000000	8.655896	0.797987
2300	10.000000	8.632579	0.702537
2301	10.000000	6.875105	0.844159
2302	10.000000	6.286586	0.852765
2303	10.000000	6.446198	0.801047
2304	10.000000	6.890464	0.580660
2305	10.000000	6.380824	0.622291
2306	10.000000	6.237978	0.558961
2307	10.000000	5.108217	0.856857
2308	10.000000	4.522074	0.853204
2309	10.000000	5.234189	0.809990
2310	10.000000	2.743904	0.852699
2311	10.000000	2.179550	0.855249
2312	10.000000	2.885061	0.805500
2313	10.000000	5.200143	0.652705
2314	10.000000	4.544530	0.649779
2315	10.000000	5.056565	0.598144
2316	10.000000	1.663707	0.832727
2317	10.000000	1.441738	0.821142
2318	10.000000	2.200895	0.781960
2319	10.000000	0.578921	0.812411
2320	10.000000	0.534271	0.778690
2321	10.000000	1.300875	0.698887
2322	10.000000	3.681559	0.610190
2323	10.000000	3.476812	0.566324
2324	10.000000	4.183375	0.549876
2325	10.000000	1.292312	0.583604
2326	10.000000	1.747066	0.490372
2327	10.000000	1.849261	0.543900
2328	10.000000	3.130882	0.226154
2329	10.000000	3.540320	0.144582
2330	10.000000	3.772396	0.203820
2331	10.000000	3.806759	0.448928
2332	10.000000	4.319536	0.379349
2333	10.000000	4.500654	0.435114
2334	-10.000000	8.657915	0.067543
2335	-10.000000	7.892178	0.063327
2336	-10.000000	8.007471	0.131064
2337	-10.000000	5.450003	0.059095
2338	-10.000000	4.653730	0.060818
2339	-10.000000	4.943308	0.121946
2340	-10.000000	6.267377	0.310877
2341	-10.000000	5.557272	0.307497
2342	-10.000000	5.736111	0.369619
2343	-10.000000	3.548692	0.143421
2344	-10.000000	3.144312	0.224246
2345	-10.000000	3.784316	0.202285
2346	-10.000000	1.782410	0.487043
2347	-10.000000	1.339152	0.581133
2348	-10.000000	1.886722	0.540548
2349	-10.000000	4.342210	0.376888
2350	-10.000000	3.838017	0.445309
2351	-10.000000	4.526312	0.432614
2352	-10.000000	0.617669	0.781573
2353	-10.000000	0.661676	0.820163
2354	-10.000000	1.353909	0.697761
2355	-10.000000	1.625030	0.804914
2356	-10.000000	1.690465	0.826449
2357	-10.000000	2.303014	0.774101
2358	-10.000000	3.528178	0.561016
2359	-10.000000	3.732892	0.605679
2360	-10.000000	4.220194	0.546643
2361	-10.000000	2.153183	0.854633
2362	-10.000000	2.726813	0.852524
2363	-10.000000	2.881192	0.804857
2364	-10.000000	4.514686	0.853200
2365	-10.000000	5.102060	0.856862
2366	-10.000000	5.229201	0.810004
2367	-10.000000	4.568450	0.648392
2368	-10.000000	5.213019	0.652158
2369	-10.000000	5.076798	0.597010
2370	-10.000000	6.282604	0.852784
2371	-10.000000	6.872188	0.844196
2372	-10.000000	6.443483	0.801102
2373	-10.000000	8.655305	0.798110
2375	-10.000000	8.633078	0.702676
2376	-10.000000	6.387633	0.622202
2377	-10.000000	6.896867	0.580610
2378	-10.000000	6.248518	0.558628
2379	-10.000000	-2.100310	0.045610
2380	-10.000000	-1.307788	0.039349
2381	-10.000000	-1.498773	0.086117
2382	-10.000000	1.314864	0.039849
2383	-10.000000	2.102068	0.046441
2384	-10.000000	1.505742	0.087620
2385	-10.000000	-0.228816	0.210087
2386	-10.000000	0.252022	0.210266
2387	-10.000000	0.016392	0.255098
2388	-10.000000	2.585409	0.130475
2389	-10.000000	2.298034	0.209920
2390	-10.000000	1.975190	0.173052
2391	-10.000000	1.029934	0.493676
2392	-10.000000	0.655777	0.590273
2394	-10.000000	0.614892	0.315685
2395	-10.000000	0.480224	0.426741
2396	-10.000000	0.325838	0.365827
2397	-10.000000	0.265512	0.716448
2401	-10.000000	-0.161130	0.721269
2406	10.000000	-2.098863	0.045635
2407	10.000000	-1.306069	0.039436
2408	10.000000	-1.497276	0.086282
2409	10.000000	1.315494	0.040115
2410	10.000000	2.101499	0.046802
2411	10.000000	1.504632	0.088278
2412	10.000000	-0.235280	0.211253
2413	10.000000	0.244843	0.211585
2414	10.000000	0.005028	0.256694
2415	10.000000	2.579127	0.131641
2416	10.000000	2.286183	0.211845
2417	10.000000	1.967144	0.174588
2418	10.000000	0.985483	0.497204
2419	10.000000	0.592590	0.593611
2421	10.000000	0.594904	0.318009
2422	10.000000	0.443889	0.429849
2423	10.000000	0.299239	0.368518
2424	10.000000	0.170597	0.718586
2428	10.000000	-0.265975	0.730947
2433	5.925414	-9.489648	-0.000000
2434	3.614359	-9.517292	0.000000
2435	4.440563	-8.931582	-0.000000
2436	-3.614420	-9.517287	0.000000
2437	-5.925472	-9.489637	-0.000000
2438	-4.440627	-8.931570	-0.000000
2439	0.926897	-7.370739	-0.000000
2440	-0.926948	-7.370735	-0.000000
2441	-0.000023	-6.894147	-0.000000
2442	-8.342743	-8.740822	-0.000000
2443	-8.512512	-7.971840	0.000000
2444	-6.877762	-8.151637	-0.000000
2445	-8.638867	-5.487241	-0.000001
2446	-8.548238	-4.696240	0.000005
2447	-7.141991	-5.041397	-0.000003
2448	-3.170745	-6.594631	-0.000000
2449	-3.242774	-5.903077	0.000000
2450	-2.029998	-6.173620	-0.000000
2451	-6.314333	-3.762335	-0.000003
2452	-3.955085	-3.597480	-0.000000
2453	-4.831152	-4.086789	0.000002
2454	3.955223	-3.597500	-0.000000
2455	6.314458	-3.762355	-0.000003
2456	4.831256	-4.086825	0.000002
2457	-1.007305	-5.031764	-0.000000
2458	1.007290	-5.031771	-0.000000
2459	-0.000015	-5.400977	0.000000
2460	6.181321	-2.781214	-0.000002
2461	3.826981	-2.738117	0.000001
2462	4.715122	-2.244387	-0.000001
2463	-3.826862	-2.738110	0.000001
2464	-6.181219	-2.781225	-0.000002
2465	-4.715010	-2.244384	-0.000001
2466	1.043879	-0.958314	0.000000
2467	-1.043775	-0.958312	0.000000
2468	0.000044	-0.599951	-0.000000
2469	-8.536421	-2.110355	0.000001
2470	-8.714513	-1.315604	0.000000
2471	-7.206144	-1.549204	0.000000
2472	-8.714425	1.315794	0.000000
2473	-8.536280	2.110376	0.000001
2474	-7.206018	1.549184	0.000000
2475	-3.514301	-0.294660	-0.000000
2476	-3.514301	0.294563	-0.000000
2477	-2.254206	-0.000051	0.000000
2478	-6.181091	2.781038	-0.000002
2479	-3.826814	2.737914	0.000001
2480	-4.714913	2.244228	-0.000001
2481	3.826736	2.737922	0.000001
2482	6.181009	2.781053	-0.000002
2483	4.714842	2.244243	-0.000001
2484	-1.043812	0.958194	0.000000
2485	1.043813	0.958196	0.000000
2486	0.000011	0.599842	-0.000000
2487	8.342812	8.740708	-0.000000
2488	8.512563	7.971652	0.000000
2489	6.877835	8.151541	-0.000000
2490	8.638840	5.486922	-0.000001
2491	8.548173	4.695933	0.000005
2492	7.141926	5.041171	-0.000003
2493	3.170752	6.594568	-0.000000
2494	3.242760	5.902994	0.000000
2495	2.029987	6.173557	-0.000000
2496	6.314192	3.762110	-0.000003
2497	3.954983	3.597276	-0.000000
2498	4.831038	4.086601	0.000002
2499	-3.955053	3.597275	-0.000000
2500	-6.314258	3.762113	-0.000003
2501	-4.831096	4.086604	0.000002
2502	1.007275	5.031664	-0.000000
2503	-1.007299	5.031664	-0.000000
2504	-0.000008	5.400894	0.000000
2505	-8.548206	4.695981	0.000005
2506	-8.638858	5.486994	-0.000001
2507	-7.141960	5.041200	-0.000003
2508	-8.512543	7.971715	0.000000
2509	-8.342781	8.740747	-0.000000
2510	-6.877806	8.151564	-0.000000
2511	-3.242770	5.902996	0.000000
2512	-3.170753	6.594570	-0.000000
2513	-2.029994	6.173558	-0.000000
2514	8.522322	-4.868946	0.922439
2515	8.587127	-4.288985	0.922791
2516	7.081900	-4.759572	0.924672
2517	8.419372	-2.417937	0.921861
2518	8.240331	-1.822484	0.916499
2519	6.742690	-2.325119	0.922514
2520	3.167290	-4.309060	0.924777
2521	3.078354	-3.728072	0.924753
2522	1.973441	-4.112435	0.924775
2523	5.802693	-1.219151	0.891522
2524	3.526273	-1.184056	0.889096
2525	4.323480	-1.691508	0.913610
2526	-3.524220	-1.182627	0.888912
2527	-5.800409	-1.217306	0.891152
2528	-4.322305	-1.689567	0.913516
2529	0.894269	-3.080358	0.924595
2530	-0.895852	-3.079903	0.924595
2531	-0.000921	-3.505086	0.924738
2532	-8.239259	-1.819925	0.916315
2533	-8.418981	-2.414634	0.921827
2534	-6.742233	-2.322164	0.922458
2535	-8.587559	-4.285264	0.922791
2536	-8.522884	-4.865468	0.922441
2537	-7.082918	-4.756518	0.924672
2538	-3.079985	-3.726581	0.924753
2539	-3.169025	-4.307597	0.924777
2540	-1.975293	-4.111512	0.924775
2541	8.239089	1.827273	0.916722
2542	8.418350	2.421813	0.921905
2543	6.741227	2.327981	0.922545
2544	8.586627	4.290801	0.922793
2545	8.521893	4.870347	0.922439
2546	7.081209	4.760748	0.924672
2547	3.077357	3.728752	0.924754
2548	3.166394	4.309642	0.924777
2549	1.972570	4.112836	0.924775
2550	6.306505	5.730635	0.918682
2551	3.952481	5.995678	0.916947
2552	4.824631	5.619907	0.923534
2553	-3.955789	5.993505	0.916957
2554	-6.308930	5.727094	0.918697
2555	-4.827613	5.617051	0.923539
2556	0.994470	5.069634	0.924780
2557	-0.997897	5.068967	0.924780
2558	-0.001708	4.781470	0.924782
2559	-8.523084	4.864745	0.922441
2560	-8.587807	4.284373	0.922791
2561	-7.083272	4.755869	0.924672
2562	-8.419815	2.412544	0.921828
2563	-8.240531	1.817070	0.916303
2564	-6.743407	2.320659	0.922455
2565	-3.169663	4.307275	0.924777
2566	-3.080706	3.726246	0.924753
2567	-1.975997	4.111338	0.924775
