1	10.000000	-15.000000	0.000000
2	-10.000000	-15.000000	0.000000
3	10.000000	15.000000	0.000000
4	-10.000000	15.000000	0.000000
5	10.000000	-10.057050	0.000000
6	-10.000000	-10.057048	0.000000
7	10.000000	10.057049	0.000000
8	-10.000000	10.057047	0.000000
9	10.000000	-9.846805	0.668643
10	-10.000000	-9.846809	0.668643
11	10.000000	-0.789299	0.873835
12	-10.000000	-0.787570	0.874536
13	10.000000	0.795944	0.883914
14	-10.000000	0.783396	0.872309
15	10.000000	9.846804	0.668643
16	-10.000000	9.846809	0.668642
17	10.000000	-5.588051	0.900000
18	-10.000000	-5.584549	0.900000
19	10.000000	5.589070	0.900000
20	-10.000000	5.583932	0.900000
21	10.000000	3.508555	0.000028
22	-10.000000	3.508544	0.000028
23	10.000000	0.383711	0.791231
24	-10.000000	0.459174	0.793541
25	10.000000	-3.508757	0.000027
26	-10.000000	-3.508803	0.000027
27	10.000000	-0.506661	0.801604
28	-10.000000	-0.389394	0.783963
29	-0.000013	-10.000000	0.437428
30	-0.001010	-8.895384	0.917983
31	0.006822	-0.358817	0.802576
33	0.082419	0.352482	0.802170
34	-0.001400	8.895383	0.917983
35	-0.000016	10.000000	0.437428
36	10.000000	-5.376573	0.488608
37	-10.000000	-5.373078	0.487910
38	10.000000	5.355218	0.489109
39	-10.000000	5.372226	0.487977
40	-10.000000	0.042681	0.364221
41	10.000000	0.019168	0.366699
42	-0.000019	-6.019933	0.000000
43	0.000027	-0.000043	-0.000000
44	-0.000004	6.019885	0.000000
45	-0.000980	-4.304137	0.922098
46	-0.001657	4.304193	0.922098
47	0.000000	0.000000	0.000000
48	-0.000023	-10.054084	0.000000
49	-0.000782	-9.775206	0.900000
50	0.001041	-0.692214	0.838272
51	0.145440	0.059500	0.785167
52	0.003061	0.692748	0.838388
53	-0.001081	9.775206	0.900000
54	0.000012	10.054083	0.000000
55	10.000000	-10.000000	0.343700
56	-10.000000	-10.000000	0.343691
57	10.000000	2.045126	0.345180
58	-10.000000	2.067523	0.341995
59	10.000000	10.000000	0.343668
60	-10.000000	10.000000	0.343675
61	10.000000	-7.745796	0.899992
62	-10.000000	-7.744171	0.899992
63	9.176745	-0.666374	0.849788
64	-9.114314	-0.675237	0.852449
65	9.118894	0.663609	0.857189
67	10.000000	7.746176	0.899992
68	-10.000000	7.743889	0.899992
69	10.000000	-6.869511	0.000000
70	-10.000000	-6.869298	0.000000
71	10.000000	6.868897	0.000000
72	-10.000000	6.869037	0.000000
73	-0.000032	3.078305	0.000000
74	10.000000	-2.111610	0.335884
75	-10.000000	-2.093807	0.336885
76	10.000000	0.000578	0.000000
77	-10.000000	0.000322	0.000000
78	0.024602	-0.078582	0.785933
79	0.000066	-3.078527	0.000000
82	-0.001307	-6.526961	0.900000
83	-0.001934	6.526976	0.900000
84	10.000000	3.178868	0.899998
85	-10.000000	3.169895	0.899998
86	10.000000	-3.175928	0.899998
87	-10.000000	-3.171061	0.899998
88	3.921492	-10.000000	0.264070
89	4.046676	-10.000000	0.589525
90	-4.046835	-10.000000	0.589523
91	-3.921487	-10.000000	0.264070
92	4.749187	-9.176734	0.917477
93	4.051431	-7.931713	0.914999
94	-4.053483	-7.930920	0.914999
95	-4.750606	-9.176413	0.917481
96	3.427801	-0.510082	0.818253
97	3.691772	-0.290798	0.797469
98	-3.838022	-0.283607	0.796571
99	-3.337447	-0.506897	0.817604
100	5.458278	-0.058522	0.785323
102	-5.302937	0.033173	0.784518
104	3.883350	0.271509	0.795956
105	3.461385	0.506153	0.817637
106	-3.304687	0.504779	0.817507
107	-3.759424	0.280733	0.796503
108	4.050996	7.931875	0.914999
109	4.748909	9.176796	0.917476
110	-4.750873	9.176352	0.917482
111	-4.053883	7.930769	0.914999
112	3.921466	10.000000	0.264069
113	-3.921470	10.000000	0.264069
114	-4.046876	10.000000	0.589522
115	4.046676	10.000000	0.589524
116	10.000000	-7.507481	0.263113
117	10.000000	-4.640997	0.249099
118	10.000000	-2.674024	0.540607
119	10.000000	-3.366086	0.709780
120	10.000000	-5.931134	0.720614
121	10.000000	-7.982747	0.570375
122	-10.000000	-7.506491	0.262928
123	-10.000000	-7.983603	0.570326
124	-10.000000	-5.927854	0.720434
125	-10.000000	-3.362533	0.708473
126	-10.000000	-2.587302	0.547243
127	-10.000000	-4.624230	0.250152
128	10.000000	7.497749	0.263288
129	10.000000	7.979572	0.570186
130	10.000000	5.930427	0.720442
131	10.000000	3.358875	0.710826
132	10.000000	2.559473	0.552980
133	10.000000	4.603882	0.251969
134	-10.000000	7.503349	0.262986
135	-10.000000	4.616620	0.250594
136	-10.000000	2.605285	0.546693
137	-10.000000	3.408318	0.707555
138	-10.000000	5.930608	0.720457
139	-10.000000	7.982754	0.570255
140	-10.000000	-1.029656	0.179557
141	-10.000000	1.042350	0.182256
144	10.000000	-1.032088	0.180040
145	10.000000	1.036838	0.183608
148	3.825081	-7.706363	0.000000
149	-3.825131	-7.706346	0.000000
150	-4.086083	-4.874005	0.000001
151	4.086079	-4.874043	0.000001
152	4.230182	-1.199803	0.000000
153	-4.230080	-1.199794	0.000000
154	-4.230049	1.199696	0.000000
155	4.230033	1.199708	0.000000
156	3.825167	7.706309	0.000000
157	4.086029	4.873888	0.000001
158	-4.086053	4.873889	0.000001
159	-3.825157	7.706310	0.000000
160	4.026450	-5.165064	0.922083
161	3.725903	-2.771380	0.921778
162	-3.727247	-2.769337	0.921774
163	-4.028212	-5.163368	0.922083
164	3.724880	2.772311	0.921780
165	4.025793	5.165553	0.922083
166	-4.028710	5.163010	0.922083
167	-3.727872	2.768864	0.921773
168	5.144267	-10.055047	0.000000
169	5.024625	-9.789594	0.900000
170	5.066714	-0.715169	0.841348
171	5.396771	0.110103	0.787147
172	5.067440	0.717972	0.841205
173	5.024433	9.789592	0.900000
174	5.144346	10.055046	0.000000
175	10.000000	-10.000000	0.171003
176	-10.000000	-10.000000	0.170993
177	10.000000	2.875035	0.171034
178	-10.000000	2.884092	0.169529
179	10.000000	10.000000	0.170988
180	-10.000000	10.000000	0.170986
181	10.000000	-8.953903	0.888026
182	-10.000000	-8.953240	0.888075
185	9.126345	0.416145	0.805417
186	-9.143854	0.487020	0.810090
187	10.000000	6.589768	0.899978
188	-10.000000	6.586036	0.899978
189	10.000000	-8.567945	0.000000
190	-10.000000	-8.567841	0.000000
191	10.000000	8.567616	0.000000
192	-10.000000	8.567705	0.000000
193	5.430747	3.217338	0.000000
194	10.000000	-2.905256	0.166440
195	-10.000000	-2.899198	0.167346
196	10.000000	-1.909125	0.000000
197	-10.000000	-1.909310	0.000000
198	5.536530	-0.169340	0.789738
199	5.430965	-3.217586	0.000000
202	5.314153	-6.253573	0.900000
203	5.313653	6.254020	0.900000
204	10.000000	1.913934	0.899996
205	-10.000000	1.902526	0.899996
206	10.000000	-4.450447	0.900000
207	-10.000000	-4.446057	0.900000
208	6.595709	-10.000000	0.150697
209	6.699030	-10.000000	0.677829
210	-6.699339	-10.000000	0.677828
211	-6.595683	-10.000000	0.150696
212	6.826459	-9.462174	0.908760
213	6.572253	-6.965987	0.910555
214	-6.573741	-6.964198	0.910555
215	-6.827239	-9.461956	0.908769
216	5.767067	-0.628440	0.831753
217	5.972016	-0.289666	0.798212
218	-6.274872	-0.270930	0.795725
219	-5.713734	-0.624755	0.830536
220	7.663230	-0.223465	0.793002
221	-8.018797	-0.157649	0.783384
222	-7.699971	0.182343	0.787987
223	7.821224	0.135965	0.787265
224	6.374763	0.255268	0.795651
225	5.786333	0.628604	0.831452
226	-5.669903	0.623352	0.830396
227	-6.317775	0.284598	0.796892
228	6.571874	6.966395	0.910556
229	6.826301	9.462217	0.908758
230	-6.827382	9.461915	0.908771
231	-6.574033	6.963867	0.910555
232	6.595669	10.000000	0.150696
233	-6.595657	10.000000	0.150695
234	-6.699425	10.000000	0.677826
235	6.699026	10.000000	0.677826
236	10.000000	-8.711142	0.141106
237	10.000000	-4.201314	0.126572
238	10.000000	-1.547922	0.605126
239	10.000000	-2.292322	0.813417
240	10.000000	-5.858892	0.823210
241	10.000000	-9.006308	0.645895
242	-10.000000	-8.710758	0.141044
243	-10.000000	-9.006472	0.645941
244	-10.000000	-5.853887	0.823134
245	-10.000000	-2.284794	0.812525
246	-10.000000	-1.303026	0.636693
247	-10.000000	-4.192671	0.127434
248	10.000000	8.707123	0.141207
249	10.000000	9.005456	0.645783
250	10.000000	5.859876	0.823147
251	10.000000	2.303800	0.814394
252	10.000000	1.285138	0.644297
253	10.000000	4.177331	0.128793
254	-10.000000	8.709299	0.141081
255	-10.000000	4.184401	0.127946
256	-10.000000	1.330762	0.641520
257	-10.000000	2.306468	0.812510
258	-10.000000	5.855115	0.823162
259	-10.000000	9.006210	0.645894
260	-10.000000	-2.110500	0.099679
261	-10.000000	2.107360	0.101788
264	10.000000	-2.110023	0.099601
265	10.000000	2.104499	0.102630
268	6.479465	-8.831336	0.000000
269	-6.479518	-8.831313	0.000000
270	-6.848230	-4.296158	0.000004
271	6.848305	-4.296230	0.000004
272	6.800368	-2.180240	0.000001
273	-6.800272	-2.180234	0.000001
274	-6.800129	2.180124	0.000001
275	6.800066	2.180155	0.000001
276	6.479598	8.831268	0.000000
277	6.848118	4.295952	0.000004
278	-6.848163	4.295961	0.000004
279	-6.479567	8.831277	0.000000
280	6.809899	-5.403199	0.921814
281	6.358379	-1.768415	0.915270
282	-6.357794	-1.765075	0.915109
283	-6.811212	-5.400453	0.921814
284	6.357299	1.770915	0.915337
285	6.809406	5.403952	0.921814
286	-6.811514	5.399925	0.921814
287	-6.358480	1.763946	0.915100
288	-5.144307	-10.055046	0.000000
289	-5.025602	-9.789605	0.900000
290	-5.064743	-0.712863	0.840529
291	-5.258653	0.133568	0.787468
292	-5.062825	0.711903	0.840489
293	-5.025786	9.789606	0.900000
294	-5.144320	10.055046	0.000000
295	10.000000	-10.000000	0.506303
296	-10.000000	-10.000000	0.506304
297	10.000000	1.106680	0.540562
298	-10.000000	1.151252	0.536733
299	10.000000	10.000000	0.506285
300	-10.000000	10.000000	0.506295
301	10.000000	-6.589108	0.899978
302	-10.000000	-6.586497	0.899978
304	-9.138523	-0.428663	0.800185
307	10.000000	8.954054	0.888013
308	-10.000000	8.953125	0.888082
309	10.000000	-5.117915	0.000000
310	-10.000000	-5.117724	0.000000
311	10.000000	5.117290	0.000000
312	-10.000000	5.117396	0.000000
313	-5.430809	3.217331	0.000000
314	10.000000	-1.181491	0.535168
315	-10.000000	-1.137908	0.530876
316	10.000000	1.909821	0.000000
317	-10.000000	1.909637	0.000000
318	-5.156778	-0.124613	0.787251
319	-5.430853	-3.217556	0.000000
320	9.555471	-0.057851	0.750480
322	-5.316038	-6.251712	0.900000
323	-5.316457	6.251368	0.900000
324	10.000000	4.452144	0.900000
325	-10.000000	4.445256	0.900000
326	10.000000	-1.908903	0.899996
327	-10.000000	-1.904745	0.899996
328	1.721227	-10.000000	0.361857
329	1.753420	-10.000000	0.507845
330	-1.753483	-10.000000	0.507844
331	-1.721237	-10.000000	0.361857
332	2.224561	-9.041298	0.917756
333	1.890507	-8.560272	0.917385
334	-1.892637	-8.560013	0.917386
335	-2.226435	-9.041092	0.917758
336	1.552820	-0.419072	0.808450
337	1.603192	-0.318301	0.799208
338	-1.651050	-0.315893	0.798879
339	-1.491457	-0.417326	0.808152
342	-1.862079	-0.012872	0.784491
344	1.719590	0.307821	0.798462
345	1.607862	0.413288	0.807926
346	-1.443286	0.413353	0.807942
347	-1.548418	0.309148	0.798556
348	1.890085	8.560322	0.917385
349	2.224197	9.041337	0.917756
350	-2.226793	9.041051	0.917758
351	-1.893050	8.559962	0.917386
352	1.721220	10.000000	0.361857
353	-1.721235	10.000000	0.361857
354	-1.753493	10.000000	0.507844
355	1.753413	10.000000	0.507845
356	10.000000	-6.408159	0.377283
357	10.000000	-5.009999	0.369917
358	10.000000	-4.000765	0.497451
359	10.000000	-4.371139	0.599734
360	10.000000	-5.722792	0.606183
361	10.000000	-6.735474	0.511953
362	-10.000000	-6.406161	0.376902
363	-10.000000	-6.736502	0.511618
364	-10.000000	-5.723072	0.605659
365	-10.000000	-4.367814	0.598608
366	-10.000000	-3.976167	0.497685
367	-10.000000	-4.996480	0.370000
368	10.000000	6.391897	0.377586
369	10.000000	6.726715	0.511809
370	10.000000	5.715294	0.606040
371	10.000000	4.353033	0.600471
372	10.000000	3.951325	0.500728
373	10.000000	4.974897	0.371799
374	-10.000000	6.402369	0.376989
375	-10.000000	4.991928	0.370260
376	-10.000000	3.981339	0.497551
377	-10.000000	4.379908	0.598348
378	-10.000000	5.725200	0.605658
379	-10.000000	6.734873	0.511592
380	-10.000000	-0.328293	0.270156
381	-10.000000	0.365049	0.269772
383	-10.000000	0.084412	0.439728
384	10.000000	-0.339464	0.271620
385	10.000000	0.352805	0.271561
387	10.000000	0.048637	0.443013
388	1.674755	-6.734463	0.000000
389	-1.674796	-6.734455	0.000000
390	-1.762632	-5.452984	0.000000
391	1.762596	-5.452995	0.000000
392	1.927751	-0.491259	-0.000000
393	-1.927671	-0.491256	-0.000000
394	-1.927690	0.491164	-0.000000
395	1.927717	0.491166	-0.000000
396	1.674794	6.734418	0.000000
397	1.762608	5.452916	0.000000
398	-1.762620	5.452915	0.000000
399	-1.674796	6.734418	0.000000
400	1.729684	-4.769759	0.922099
401	1.623414	-3.659280	0.922087
402	-1.625409	-3.658496	0.922087
403	-1.731558	-4.769015	0.922099
404	1.622604	3.659605	0.922087
405	1.729002	4.770011	0.922099
406	-1.732160	4.768865	0.922099
407	-1.626111	3.658358	0.922087
408	0.000003	-10.000000	0.242945
409	-2.338187	-10.000000	0.137515
410	2.338191	-10.000000	0.137515
411	-0.001017	-9.376606	0.913595
412	-2.265174	-9.626060	0.906623
413	2.263488	-9.626114	0.906620
414	-0.000988	-5.561951	0.922095
415	-2.504768	-6.019469	0.921511
416	2.502670	-6.020408	0.921509
417	0.039191	-0.506101	0.817365
418	-1.979431	-0.600807	0.827931
419	2.027711	-0.602172	0.828210
420	5.803020	-0.011213	0.784718
421	8.126156	0.027145	0.781662
422	7.976699	-0.102616	0.783951
423	0.097457	0.219005	0.792006
424	-2.259635	0.155310	0.788571
425	2.451333	0.147979	0.788343
426	-0.001739	2.655812	0.921707
427	-2.199334	1.670278	0.913561
428	2.198007	1.672671	0.913626
429	-0.001772	8.034458	0.913986
430	-2.295139	7.292171	0.908729
431	2.291532	7.293053	0.908729
432	4.566222	10.000000	0.424773
433	7.171967	10.000000	0.493195
434	7.152242	10.000000	0.309873
435	10.000000	-7.752301	0.411190
436	10.000000	-8.945911	0.468084
437	10.000000	-8.833489	0.299068
438	-10.000000	-6.063155	0.246582
439	-10.000000	-5.676232	0.120313
440	-10.000000	-7.233084	0.125190
441	10.000000	6.048451	0.247502
442	10.000000	5.665164	0.121024
443	10.000000	7.225753	0.125557
444	-10.000000	7.750941	0.410970
445	-10.000000	8.945722	0.467997
446	-10.000000	8.832470	0.298962
447	-10.000000	-0.798853	0.326699
448	-10.000000	-1.087855	0.406234
449	-10.000000	-1.728665	0.240281
450	10.000000	-0.815601	0.328471
451	10.000000	-1.113199	0.408718
452	10.000000	-1.735258	0.240481
453	4.547109	-6.273302	0.000000
454	7.263780	-5.747409	0.000001
455	7.128434	-7.347785	0.000000
456	4.996429	-0.000022	-0.000000
457	7.522749	0.793548	0.000000
458	7.522861	-0.793376	0.000000
459	0.000003	7.860460	0.000000
460	-2.255862	8.952722	0.000000
461	2.255881	8.952722	0.000000
462	7.152282	-10.000000	0.309879
463	7.171946	-10.000000	0.493201
464	4.566231	-10.000000	0.424774
465	2.490764	-10.000000	0.711982
466	-2.491381	-10.000000	0.711981
467	-0.000108	-10.000000	0.622077
468	-7.172017	-10.000000	0.493198
469	-7.152293	-10.000000	0.309876
470	-4.566266	-10.000000	0.424773
471	7.805550	-8.626755	0.920751
472	7.467876	-7.742570	0.917922
473	5.172462	-8.546435	0.919096
474	2.292093	-7.292920	0.908729
475	-2.294617	-7.292290	0.908729
476	-0.001263	-8.034458	0.913986
477	-7.468883	-7.741192	0.917921
478	-7.806277	-8.625964	0.920754
479	-5.173983	-8.545788	0.919097
480	6.578685	-0.548624	0.823691
481	6.973976	-0.437315	0.812398
482	4.254061	-0.410592	0.808254
483	2.216859	-0.170444	0.789218
484	-2.351707	-0.162951	0.788709
485	-0.091288	-0.230898	0.792484
486	-6.886782	-0.427726	0.809828
487	-6.424280	-0.540707	0.821554
488	-4.185639	-0.404135	0.807144
489	3.658586	-0.081040	0.786353
490	-4.060516	-0.061680	0.785482
491	-0.450810	-0.030225	0.784956
492	-8.148216	-0.039129	0.778515
493	-7.974343	0.082943	0.781145
494	-5.910140	-0.013705	0.784080
495	-3.432938	0.056596	0.784527
496	4.076805	0.042010	0.784878
497	0.748481	0.010520	0.784479
498	6.894876	0.415991	0.810385
499	6.550414	0.542262	0.823057
500	4.289319	0.399122	0.806918
501	2.057567	0.601508	0.828075
502	-1.949898	0.599605	0.827901
503	0.077558	0.503508	0.817184
504	-6.457320	0.545913	0.822127
505	-6.914554	0.445069	0.811855
506	-4.145258	0.402835	0.807145
507	7.467650	7.742863	0.917922
508	7.805399	8.626917	0.920751
509	5.172155	8.546562	0.919096
510	2.263164	9.626124	0.906620
511	-2.265493	9.626049	0.906623
512	-0.001405	9.376606	0.913595
513	-7.806411	8.625817	0.920754
514	-7.469076	7.740936	0.917920
515	-5.174273	8.545665	0.919097
516	2.338191	10.000000	0.137515
517	-2.338175	10.000000	0.137514
518	0.000002	10.000000	0.242945
519	-7.152271	10.000000	0.309872
520	-7.172040	10.000000	0.493194
521	-4.566266	10.000000	0.424772
522	-2.491505	10.000000	0.711981
523	2.490668	10.000000	0.711982
524	-0.000142	10.000000	0.622077
525	10.000000	-7.235538	0.125221
526	10.000000	-5.682751	0.120062
527	10.000000	-6.069422	0.246616
528	10.000000	-3.320502	0.275528
529	10.000000	-2.409256	0.435950
530	10.000000	-3.659445	0.388814
531	10.000000	-1.450266	0.723638
532	10.000000	-1.871711	0.763582
533	10.000000	-2.975495	0.629879
534	10.000000	-3.472521	0.803101
535	10.000000	-4.678079	0.804550
536	10.000000	-4.662496	0.702256
537	10.000000	-7.080409	0.783033
538	10.000000	-8.175647	0.742907
539	10.000000	-7.024019	0.649957
540	-10.000000	-8.833728	0.298973
541	-10.000000	-8.946462	0.468047
542	-10.000000	-7.753042	0.410996
543	-10.000000	-8.175088	0.742944
544	-10.000000	-7.078043	0.783014
545	-10.000000	-7.023986	0.649869
546	-10.000000	-4.670400	0.804316
547	-10.000000	-3.463318	0.802550
548	-10.000000	-4.658959	0.701594
549	-10.000000	-1.860091	0.762944
550	-10.000000	-1.379431	0.729337
551	-10.000000	-2.952621	0.629621
552	-10.000000	-2.339272	0.444373
553	-10.000000	-3.295741	0.278512
554	-10.000000	-3.619336	0.391858
555	10.000000	8.830110	0.299045
556	10.000000	8.943865	0.467972
557	10.000000	7.745713	0.411110
558	10.000000	8.174861	0.742782
559	10.000000	7.080164	0.782931
560	10.000000	7.021068	0.649742
561	10.000000	4.681061	0.804471
562	10.000000	3.480381	0.803113
563	10.000000	4.661107	0.702196
564	10.000000	1.845097	0.768848
565	10.000000	1.350166	0.739304
566	10.000000	2.934073	0.633938
567	10.000000	2.311086	0.449899
568	10.000000	3.268158	0.281948
569	10.000000	3.592822	0.395273
570	-10.000000	7.229962	0.125288
571	-10.000000	5.671092	0.120524
572	-10.000000	6.057802	0.246783
573	-10.000000	3.284241	0.279730
574	-10.000000	2.339414	0.446197
575	-10.000000	3.616032	0.392351
576	-10.000000	1.517304	0.718495
577	-10.000000	2.076930	0.750141
578	-10.000000	2.995945	0.627259
579	-10.000000	3.472668	0.802888
580	-10.000000	4.674281	0.804432
581	-10.000000	4.669673	0.701680
582	-10.000000	7.078628	0.783009
583	-10.000000	8.175047	0.742908
584	-10.000000	7.024153	0.649821
585	-10.000000	-0.773953	0.075134
586	-10.000000	0.785274	0.075738
587	-10.000000	0.007929	0.155898
588	-10.000000	1.704234	0.248372
589	-10.000000	0.987320	0.432076
590	-10.000000	0.813771	0.335336
591	-10.000000	0.055740	0.685839
594	10.000000	-0.771973	0.075305
595	10.000000	0.786329	0.076168
596	10.000000	0.006249	0.156631
597	10.000000	1.690850	0.250654
598	10.000000	0.952254	0.435863
599	10.000000	0.792452	0.338032
600	10.000000	-0.036509	0.689916
603	2.255808	-8.952740	0.000000
604	-2.255858	-8.952736	0.000000
605	-0.000023	-7.860482	0.000000
606	-7.128480	-7.347721	0.000000
607	-7.263789	-5.747317	0.000001
608	-4.547148	-6.273270	0.000000
609	-2.513595	-3.810611	0.000000
610	2.513653	-3.810636	0.000000
611	-0.000008	-4.494733	0.000000
612	2.434293	-2.176769	0.000000
613	-2.434160	-2.176752	0.000000
614	0.000064	-1.317073	-0.000000
615	-7.522816	-0.793429	0.000000
616	-7.522760	0.793479	0.000000
617	-4.996391	-0.000033	-0.000000
618	-2.434161	2.176596	0.000000
619	2.434115	2.176601	0.000000
620	-0.000004	1.316952	-0.000000
621	7.128525	7.347594	0.000000
622	7.263773	5.747126	0.000001
623	4.547155	6.273190	0.000000
624	2.513525	3.810453	0.000000
625	-2.513570	3.810452	0.000000
626	-0.000013	4.494623	0.000000
627	-7.263786	5.747154	0.000001
628	-7.128515	7.347620	0.000000
629	-4.547160	6.273194	0.000000
630	7.168779	-4.278789	0.922034
631	7.011435	-2.997618	0.921844
632	4.442839	-3.997187	0.922092
633	2.198784	-1.671785	0.913606
634	-2.198952	-1.670477	0.913566
635	-0.000887	-2.655653	0.921707
636	-7.012064	-2.993877	0.921837
637	-7.169809	-4.275367	0.922034
638	-4.444462	-3.995034	0.922092
639	7.010522	2.999458	0.921847
640	7.168162	4.279985	0.922035
641	4.442036	3.997947	0.922092
642	2.502040	6.020646	0.921509
643	-2.505343	6.019283	0.921511
644	-0.001621	5.561979	0.922095
645	-7.170101	4.274671	0.922034
646	-7.012477	2.992976	0.921837
647	-4.444983	3.994553	0.922091
648	7.621360	-10.056038	0.000000
649	7.509021	-9.807647	0.900000
650	7.544461	-0.745662	0.845870
651	8.166064	0.219525	0.791603
652	7.544209	0.750247	0.847404
653	7.508924	9.807645	0.900000
654	7.621429	10.056037	0.000000
655	10.000000	-10.000000	0.082259
656	-10.000000	-10.000000	0.082253
657	10.000000	3.229399	0.087393
658	-10.000000	3.233717	0.086663
659	10.000000	10.000000	0.082257
660	-10.000000	10.000000	0.082252
661	10.000000	-9.462738	0.809039
662	-10.000000	-9.462464	0.809110
667	10.000000	6.071249	0.899970
668	-10.000000	6.066808	0.899970
669	10.000000	-9.345390	0.000000
670	-10.000000	-9.345341	0.000000
671	10.000000	9.345227	0.000000
672	-10.000000	9.345274	0.000000
673	7.851142	3.358977	0.000000
674	10.000000	-3.244369	0.085187
675	-10.000000	-3.241936	0.085646
676	10.000000	-2.755119	0.000000
677	-10.000000	-2.755240	0.000000
678	7.728589	-0.295112	0.798984
679	7.851322	-3.359220	0.000000
682	7.761116	-5.950007	0.900000
683	7.760808	5.950712	0.900000
684	10.000000	1.330091	0.899901
685	-10.000000	1.317313	0.899531
686	10.000000	-5.044677	0.900000
687	-10.000000	-5.040717	0.900000
688	8.225122	-10.000000	0.080445
689	8.166687	-10.000000	0.718814
690	-8.166989	-10.000000	0.718817
691	-8.225106	-10.000000	0.080444
692	8.162381	-9.606992	0.893853
693	8.126177	-6.335534	0.907735
694	-8.127081	-6.332995	0.907734
695	-8.162785	-9.606849	0.893865
696	7.433935	-0.702616	0.840483
697	7.803679	-0.361937	0.806002
698	-7.760594	-0.285405	0.795973
699	-7.411353	-0.699389	0.839192
700	8.901658	-0.338093	0.791570
701	-8.890001	-0.249868	0.781560
702	-8.094555	0.269215	0.792979
704	7.934382	0.272323	0.797712
705	7.444815	0.705786	0.841847
706	-7.382479	0.697452	0.838567
707	-7.886285	0.318108	0.799329
708	8.125900	6.336172	0.907736
709	8.162293	9.607020	0.893851
710	-8.162857	9.606823	0.893867
711	-8.127260	6.332535	0.907734
712	8.225116	10.000000	0.080444
713	-8.225098	10.000000	0.080444
714	-8.167047	10.000000	0.718816
715	8.166628	10.000000	0.718813
716	10.000000	-9.365897	0.074306
717	10.000000	-3.898856	0.064720
718	10.000000	-0.980643	0.670360
719	10.000000	-1.578279	0.859801
720	10.000000	-5.722214	0.866144
721	10.000000	-9.250381	0.728889
722	-10.000000	-9.365758	0.074284
724	-10.000000	-5.717814	0.866104
725	-10.000000	-1.574025	0.859385
726	-10.000000	-0.887538	0.663673
727	-10.000000	-3.895466	0.065133
728	10.000000	9.364234	0.074370
730	10.000000	5.723264	0.866119
731	10.000000	1.607028	0.861555
732	10.000000	0.873474	0.671560
733	10.000000	3.885733	0.066006
734	-10.000000	9.365143	0.074308
735	-10.000000	3.889446	0.065536
736	-10.000000	0.928622	0.669933
737	-10.000000	1.573826	0.859186
738	-10.000000	5.718062	0.866120
739	-10.000000	9.250092	0.728938
740	-10.000000	-2.781849	0.055973
741	-10.000000	2.777680	0.056909
744	10.000000	-2.781582	0.055835
745	10.000000	2.775795	0.057378
748	8.088634	-9.435146	0.000000
749	-8.088674	-9.435126	0.000000
750	-8.370180	-3.950417	-0.000009
751	8.370263	-3.950472	-0.000009
752	8.287751	-2.793434	0.000006
753	-8.287677	-2.793445	0.000006
754	-8.287538	2.793299	0.000006
755	8.287474	2.793334	0.000006
756	8.088751	9.435088	0.000000
757	8.370065	3.950165	-0.000009
758	-8.370110	3.950175	-0.000009
759	-8.088716	9.435098	0.000000
760	8.357458	-5.487605	0.918063
761	7.988639	-1.261563	0.897965
762	-7.987279	-1.258338	0.897314
763	-8.358252	-5.484408	0.918073
764	7.988077	1.265788	0.898664
765	8.357150	5.488499	0.918058
766	-8.358412	5.483825	0.918074
767	-7.988058	1.256284	0.897311
768	-2.593171	-10.054338	0.000000
769	-2.613229	-9.778707	0.900000
770	-2.546047	-0.696780	0.838876
771	-2.402743	0.065355	0.785786
772	-2.543917	0.696584	0.838922
773	-2.613482	9.778708	0.900000
774	-2.593163	10.054337	0.000000
775	10.000000	-10.000000	0.428140
776	-10.000000	-10.000000	0.428136
777	10.000000	1.568011	0.440870
778	-10.000000	1.600135	0.437050
779	10.000000	10.000000	0.428111
780	-10.000000	10.000000	0.428122
781	10.000000	-7.148229	0.899985
782	-10.000000	-7.146102	0.899985
783	9.214425	-0.545083	0.820000
784	-9.049979	-0.549869	0.825579
787	10.000000	8.362916	0.900000
788	-10.000000	8.361339	0.900000
789	10.000000	-5.987772	0.000000
790	-10.000000	-5.987541	0.000000
791	10.000000	5.987101	0.000000
792	-10.000000	5.987235	0.000000
793	-2.784296	3.115504	0.000000
794	10.000000	-1.648039	0.431267
795	-10.000000	-1.620516	0.430730
796	10.000000	0.981569	0.000000
797	-10.000000	0.981330	0.000000
799	-2.784281	-3.115722	0.000000
801	-9.558635	0.051730	0.748911
802	-2.706729	-6.455041	0.900000
803	-2.707291	6.454866	0.900000
804	10.000000	3.824247	0.900000
805	-10.000000	3.816354	0.900000
806	10.000000	-2.531776	0.899997
807	-10.000000	-2.527058	0.899997
808	2.770658	-10.000000	0.315074
809	2.843400	-10.000000	0.547952
810	-2.843502	-10.000000	0.547951
811	-2.770661	-10.000000	0.315074
812	3.510114	-9.101160	0.917778
813	2.945440	-8.284694	0.916454
814	-2.947575	-8.284213	0.916454
815	-3.511801	-9.100874	0.917781
816	2.458787	-0.461202	0.812883
817	2.602413	-0.301738	0.798054
818	-2.692751	-0.297273	0.797485
819	-2.376961	-0.458656	0.812417
820	3.793892	-0.024353	0.784798
822	-2.920176	0.008325	0.784574
824	2.749798	0.287578	0.796989
825	2.502169	0.456103	0.812298
826	-2.338940	0.455700	0.812275
827	-2.591353	0.291475	0.797244
828	2.945006	8.284789	0.916454
829	3.509786	9.101214	0.917777
830	-3.512121	9.100819	0.917781
831	-2.947990	8.284120	0.916454
832	2.770643	10.000000	0.315074
833	-2.770652	10.000000	0.315073
834	-2.843523	10.000000	0.547951
835	2.843395	10.000000	0.547952
836	10.000000	-6.946802	0.320789
837	10.000000	-4.827785	0.309791
838	10.000000	-3.326318	0.514510
839	10.000000	-3.870308	0.655178
840	10.000000	-5.854790	0.664203
841	10.000000	-7.380614	0.536779
842	-10.000000	-6.945386	0.320516
843	-10.000000	-7.381764	0.536616
844	-10.000000	-5.853606	0.663883
845	-10.000000	-3.867713	0.653891
846	-10.000000	-3.277980	0.516852
847	-10.000000	-4.811091	0.310442
848	10.000000	6.933845	0.321019
849	10.000000	7.375217	0.536581
850	10.000000	5.851570	0.664003
851	10.000000	3.858174	0.656051
852	10.000000	3.251387	0.521064
853	10.000000	4.789710	0.312319
854	-10.000000	6.941684	0.320589
855	-10.000000	4.804876	0.310802
856	-10.000000	3.288824	0.516458
857	-10.000000	3.892876	0.653279
858	-10.000000	5.856396	0.663890
859	-10.000000	7.380493	0.536556
860	-10.000000	-0.631110	0.224790
861	-10.000000	0.654704	0.226298
863	-10.000000	-0.132311	0.495491
864	10.000000	-0.637371	0.225765
865	10.000000	0.646286	0.227860
867	10.000000	-0.178639	0.499472
868	2.696710	-7.196941	0.000000
869	-2.696755	-7.196929	0.000000
870	-2.865638	-5.159214	-0.000000
871	2.865611	-5.159235	-0.000000
872	3.052394	-0.815819	0.000000
873	-3.052301	-0.815813	0.000000
874	-3.052307	0.815717	0.000000
875	3.052314	0.815722	0.000000
876	2.696770	7.196893	0.000000
877	2.865604	5.159126	-0.000000
878	-2.865621	5.159126	-0.000000
879	-2.696768	7.196893	0.000000
880	2.816602	-4.985030	0.922100
881	2.619817	-3.236286	0.922037
882	-2.621633	-3.234932	0.922036
883	-2.818434	-4.983831	0.922100
884	2.618907	3.236850	0.922037
885	2.815924	4.985398	0.922100
886	-2.818991	4.983575	0.922100
887	-2.622312	3.234647	0.922036
888	-2.032819	-10.000000	0.248622
889	-1.256431	-10.000000	0.076384
890	3.228178	-10.000000	0.196491
891	-2.595065	-9.323914	0.914915
893	3.767067	-9.431506	0.913120
894	-2.122860	-5.453130	0.922088
895	-1.349982	-6.315632	0.916350
896	3.394469	-5.637251	0.922155
897	-1.685741	-0.505529	0.817333
898	-1.114795	-0.646658	0.833112
899	2.770700	-0.556285	0.823184
901	8.738699	-0.011260	0.776051
903	-1.901109	0.235727	0.793153
904	-1.235676	0.098704	0.786306
905	3.252088	0.207609	0.791574
906	-1.909997	2.686244	0.921726
907	-1.186022	1.166855	0.890383
908	3.044214	2.206293	0.920311
909	-2.076224	8.006328	0.914255
910	-1.238639	6.928210	0.904663
911	3.226037	7.623973	0.912110
912	4.441437	10.000000	0.509970
913	8.582442	10.000000	0.423321
914	5.616596	10.000000	0.285808
915	10.000000	-7.869395	0.489121
916	10.000000	-9.457928	0.410077
917	10.000000	-8.189895	0.278789
918	-10.000000	-5.335138	0.245761
919	-10.000000	-6.249012	0.059288
920	-10.000000	-7.375285	0.192684
921	10.000000	5.317551	0.247083
922	10.000000	6.243075	0.059605
923	10.000000	7.366797	0.193088
924	-10.000000	7.868986	0.488934
925	-10.000000	9.457754	0.410016
926	-10.000000	8.187708	0.278658
927	-10.000000	-0.423920	0.410316
928	-10.000000	-1.554095	0.373700
929	-10.000000	-1.423127	0.206063
930	10.000000	-0.453498	0.413344
931	10.000000	-1.573588	0.374649
932	10.000000	-1.427159	0.206462
933	4.469622	-5.543933	-0.000000
934	8.651877	-6.285077	0.000000
935	5.541402	-7.543128	-0.000000
936	4.790477	0.626811	-0.000000
937	8.833541	0.447907	-0.000000
938	6.002780	-1.039692	0.000000
939	-1.963935	7.819337	-0.000000
940	-1.214847	9.517470	-0.000000
941	3.126891	8.352030	-0.000000
942	8.586152	-10.000000	0.331677
943	5.692439	-10.000000	0.549090
944	4.384615	-10.000000	0.340877
945	1.261085	-10.000000	0.765801
946	-3.429720	-10.000000	0.658392
947	2.139247	-10.000000	0.614009
948	-8.582473	-10.000000	0.423332
949	-5.616633	-10.000000	0.285808
950	-4.441512	-10.000000	0.509970
951	8.944796	-8.226004	0.920202
952	5.862771	-7.832351	0.916185
953	5.218037	-8.870698	0.919454
954	1.235441	-6.928666	0.904663
955	-3.228868	-7.623059	0.912110
956	2.073350	-8.006818	0.914255
957	-8.846033	-7.700458	0.918760
958	-6.452758	-8.942790	0.919474
959	-4.733871	-8.232937	0.917399
960	8.044789	-0.601057	0.831519
961	5.409978	-0.355826	0.803606
962	3.962474	-0.462443	0.813355
963	1.363613	-0.116659	0.786713
964	-3.186689	-0.221536	0.792118
965	1.862400	-0.247329	0.793814
966	-8.092523	-0.535236	0.823128
967	-4.909661	-0.515755	0.818626
968	-4.191568	-0.345481	0.801727
970	-5.251783	-0.051723	0.784904
971	3.222525	-0.045868	0.785140
972	-8.741592	0.002820	0.772516
976	5.200823	0.029258	0.785017
977	-2.658411	0.023802	0.784522
978	8.092559	0.523358	0.825383
979	5.034645	0.515850	0.818932
980	4.259468	0.336814	0.801266
981	1.158272	0.647454	0.833264
982	-2.664687	0.552356	0.822661
983	1.806479	0.503978	0.817283
984	-8.090499	0.616332	0.832599
985	-5.430108	0.350771	0.802420
986	-3.833452	0.455834	0.812392
987	8.845454	7.702350	0.918765
988	6.451492	8.943414	0.919469
989	4.731747	8.233839	0.917399
991	-3.768922	9.431306	0.913125
992	2.592901	9.324103	0.914911
993	-8.945258	8.224642	0.920200
994	-5.864633	7.831018	0.916184
995	-5.219697	8.870112	0.919457
996	1.256438	10.000000	0.076384
997	-3.228151	10.000000	0.196490
998	2.032812	10.000000	0.248622
999	-8.586157	10.000000	0.331663
1000	-5.692587	10.000000	0.549086
1001	-4.384614	10.000000	0.340875
1002	-1.262513	10.000000	0.765801
1003	3.429378	10.000000	0.658394
1004	-2.139486	10.000000	0.614008
1005	10.000000	-7.072646	0.060742
1006	10.000000	-5.149436	0.183212
1007	10.000000	-6.795399	0.252466
1008	10.000000	-2.702116	0.301129
1009	10.000000	-2.552196	0.488145
1010	10.000000	-4.146809	0.317741
1011	10.000000	-0.716189	0.831334
1012	10.000000	-2.669723	0.727079
1013	10.000000	-2.805905	0.588027
1014	10.000000	-3.353309	0.852139
1015	10.000000	-5.329104	0.760265
1016	10.000000	-4.020956	0.702756
1017	10.000000	-7.502708	0.836132
1018	10.000000	-8.104241	0.656282
1019	10.000000	-6.494633	0.684707
1020	-10.000000	-9.434259	0.322422
1021	-10.000000	-8.454523	0.521542
1022	-10.000000	-7.631607	0.335728
1023	-10.000000	-8.090238	0.825916
1024	-10.000000	-6.534872	0.744509
1025	-10.000000	-7.519805	0.613005
1026	-10.000000	-3.956838	0.851986
1027	-10.000000	-3.475198	0.753840
1028	-10.000000	-5.296617	0.707303
1029	-10.000000	-0.825612	0.837304
1030	-10.000000	-2.017221	0.633737
1031	-10.000000	-3.172817	0.667703
1032	-10.000000	-2.216940	0.390180
1033	-10.000000	-3.943082	0.260759
1034	-10.000000	-3.112415	0.467358
1035	10.000000	9.432640	0.322422
1036	10.000000	8.450984	0.521432
1037	10.000000	7.623289	0.335983
1038	10.000000	8.091381	0.825835
1039	10.000000	6.537197	0.744433
1040	10.000000	7.515911	0.612855
1041	10.000000	3.968522	0.852149
1042	10.000000	3.484231	0.755032
1043	10.000000	5.299279	0.707516
1044	10.000000	0.813313	0.843488
1045	10.000000	1.988772	0.641211
1046	10.000000	3.160996	0.671182
1047	10.000000	2.179416	0.396633
1048	10.000000	3.919740	0.263223
1049	10.000000	3.084835	0.471806
1050	-10.000000	7.068328	0.060835
1051	-10.000000	5.131869	0.184089
1052	-10.000000	6.788218	0.252412
1053	-10.000000	2.664231	0.306197
1054	-10.000000	2.464172	0.498910
1055	-10.000000	4.114058	0.320112
1056	-10.000000	0.785549	0.822228
1057	-10.000000	2.762315	0.721887
1058	-10.000000	2.780720	0.588948
1059	-10.000000	3.347835	0.852074
1060	-10.000000	5.327290	0.760113
1061	-10.000000	4.039464	0.701677
1062	-10.000000	7.500841	0.836127
1063	-10.000000	8.104127	0.656236
1064	-10.000000	6.494626	0.684559
1065	-10.000000	-0.443288	0.035276
1066	-10.000000	0.982812	0.123756
1067	-10.000000	-0.549158	0.162671
1068	-10.000000	1.910987	0.292344
1069	-10.000000	0.409541	0.529218
1070	-10.000000	0.975608	0.253164
1074	10.000000	-0.441367	0.035375
1075	10.000000	0.981470	0.124580
1076	10.000000	-0.550833	0.163256
1077	10.000000	1.892975	0.295115
1078	10.000000	0.357654	0.533177
1079	10.000000	0.963669	0.255164
1083	1.214815	-9.517477	-0.000000
1084	-3.126857	-8.352054	-0.000000
1085	1.963884	-7.819369	-0.000000
1086	-8.609584	-7.124947	-0.000000
1087	-5.768339	-5.270395	0.000001
1088	-4.317253	-7.008620	-0.000000
1089	-1.354126	-3.410625	0.000000
1090	3.426550	-4.295428	-0.000001
1091	-2.147594	-4.597114	0.000000
1092	1.300437	-2.627480	-0.000000
1093	-3.419635	-1.709071	-0.000000
1094	2.201042	-1.288602	-0.000000
1095	-8.833569	-0.447506	-0.000000
1096	-6.002645	1.039646	0.000000
1097	-4.790486	-0.626872	-0.000000
1098	-1.300355	2.627282	-0.000000
1099	3.419574	1.708953	-0.000000
1100	-2.200939	1.288479	-0.000000
1101	8.609611	7.124717	-0.000000
1102	5.768299	5.270252	0.000001
1103	4.317279	7.008563	-0.000000
1104	1.354100	3.410439	0.000000
1105	-3.426485	4.295258	-0.000001
1106	2.147546	4.597007	0.000000
1107	-8.651899	6.284731	0.000000
1108	-5.541490	7.543035	-0.000000
1109	-4.469640	5.543799	-0.000000
1110	8.581958	-3.745893	0.920735
1111	5.420047	-2.883132	0.921829
1112	4.383252	-4.609108	0.922098
1113	1.187253	-1.167470	0.890429
1114	-3.046168	-2.203595	0.920289
1115	1.907619	-2.687475	0.921729
1116	-8.531199	-3.093821	0.920752
1117	-5.681926	-4.756498	0.922086
1118	-4.210835	-3.370725	0.922047
1119	8.530313	3.100581	0.920758
1120	5.679796	4.759827	0.922086
1121	4.208368	3.373771	0.922049
1122	1.347011	6.316239	0.916347
1123	-3.396904	5.635631	0.922155
1124	2.120287	5.454234	0.922088
1125	-8.582603	3.740752	0.920735
1126	-5.421560	2.879473	0.921821
1127	-4.385421	4.606700	0.922098
1128	2.593126	-10.054338	0.000000
1129	2.611895	-9.778700	0.900000
1130	2.548113	-0.698131	0.839154
1132	2.549681	0.699600	0.839218
1133	2.611638	9.778698	0.900000
1134	2.593189	10.054337	0.000000
1135	10.000000	-10.000000	0.256864
1136	-10.000000	-10.000000	0.256852
1137	10.000000	2.477447	0.255985
1138	-10.000000	2.492350	0.253642
1139	10.000000	10.000000	0.256838
1140	-10.000000	10.000000	0.256840
1141	10.000000	-8.362658	0.900000
1142	-10.000000	-8.361533	0.900000
1145	9.043470	0.536365	0.830250
1146	-9.146826	0.612396	0.837028
1147	10.000000	7.148743	0.899985
1148	-10.000000	7.145730	0.899985
1149	10.000000	-7.737215	0.000000
1150	-10.000000	-7.737052	0.000000
1151	10.000000	7.736726	0.000000
1152	-10.000000	7.736849	0.000000
1153	2.784231	3.115508	0.000000
1154	10.000000	-2.524914	0.248870
1155	-10.000000	-2.513962	0.250073
1156	10.000000	-0.980533	0.000000
1157	-10.000000	-0.980768	0.000000
1158	2.613890	-0.087407	0.785528
1159	2.784408	-3.115744	0.000000
1162	2.704304	-6.455985	0.900000
1163	2.703698	6.456206	0.900000
1164	10.000000	2.535636	0.899997
1165	-10.000000	2.525501	0.899997
1166	10.000000	-3.822016	0.900000
1167	-10.000000	-3.817293	0.900000
1168	5.185646	-10.000000	0.209213
1169	5.346498	-10.000000	0.632783
1170	-5.346732	-10.000000	0.632781
1171	-5.185630	-10.000000	0.209212
1172	5.857674	-9.292703	0.915431
1173	5.240979	-7.494724	0.913034
1174	-5.242828	-7.493505	0.913034
1175	-5.858777	-9.292405	0.915437
1176	4.500883	-0.565536	0.824532
1177	4.819885	-0.285949	0.797459
1178	-5.031094	-0.274555	0.796010
1179	-4.421289	-0.561939	0.823656
1180	6.689278	-0.125704	0.787491
1181	-6.885994	-0.078145	0.784158
1182	-6.558748	0.093545	0.785139
1183	6.794865	0.055122	0.785185
1184	5.087399	0.260017	0.795417
1185	4.526840	0.563349	0.823956
1186	-4.381976	0.560378	0.823566
1187	-5.002475	0.277735	0.796332
1188	5.240559	7.494984	0.913034
1189	5.857456	9.292761	0.915430
1190	-5.858982	9.292348	0.915439
1191	-5.243190	7.493276	0.913034
1192	5.185607	10.000000	0.209212
1193	-5.185605	10.000000	0.209211
1194	-5.346798	10.000000	0.632780
1195	5.346503	10.000000	0.632781
1196	10.000000	-8.094227	0.203561
1197	10.000000	-4.438675	0.187974
1198	10.000000	-2.070026	0.573119
1199	10.000000	-2.860600	0.762563
1200	10.000000	-5.934179	0.774106
1201	10.000000	-8.527447	0.609821
1202	-10.000000	-8.093564	0.203446
1203	-10.000000	-8.527922	0.609836
1204	-10.000000	-5.929460	0.773995
1205	-10.000000	-2.854496	0.761399
1206	-10.000000	-1.925381	0.587289
1207	-10.000000	-4.424974	0.189100
1208	10.000000	8.087492	0.203696
1209	10.000000	8.525708	0.609667
1210	10.000000	5.934716	0.773990
1211	10.000000	2.858352	0.763660
1212	10.000000	1.900800	0.594252
1213	10.000000	4.406472	0.190745
1214	-10.000000	8.091220	0.203492
1215	-10.000000	4.416493	0.189601
1216	-10.000000	1.937432	0.590105
1217	-10.000000	2.898388	0.760879
1218	-10.000000	5.931587	0.774025
1219	-10.000000	8.527422	0.609772
1220	-10.000000	-1.524230	0.139622
1221	-10.000000	1.527184	0.142667
1223	-10.000000	-0.270560	0.581234
1224	10.000000	-1.524523	0.139764
1225	10.000000	1.523288	0.143800
1227	10.000000	-0.335427	0.587347
1228	5.075496	-8.253329	0.000000
1229	-5.075550	-8.253308	0.000000
1230	-5.416791	-4.592606	-0.000002
1231	5.416824	-4.592664	-0.000002
1232	5.467528	-1.651971	0.000000
1233	-5.467424	-1.651960	0.000000
1234	-5.467336	1.651859	0.000000
1235	5.467295	1.651881	0.000000
1236	5.075610	8.253266	0.000000
1237	5.416708	4.592449	-0.000002
1238	-5.416742	4.592453	-0.000002
1239	-5.075590	8.253271	0.000000
1240	5.359348	-5.302914	0.922168
1241	4.959675	-2.277684	0.920533
1242	-4.960182	-2.274908	0.920504
1243	-5.360962	-5.300690	0.922169
1244	4.958557	2.279201	0.920542
1245	5.358747	5.303531	0.922168
1246	-5.361376	5.300240	0.922169
1247	-4.960779	2.274183	0.920500
1248	-7.621388	-10.056036	0.000000
1249	-7.509517	-9.807656	0.900000
1250	-7.542914	-0.743175	0.844824
1252	-7.541737	0.741038	0.844289
1253	-7.509611	9.807657	0.900000
1254	-7.621408	10.056036	0.000000
1255	10.000000	-10.000000	0.590005
1256	-10.000000	-10.000000	0.590007
1257	10.000000	0.647710	0.655516
1258	-10.000000	0.711555	0.652944
1259	10.000000	10.000000	0.590004
1260	-10.000000	10.000000	0.590007
1261	10.000000	-6.070424	0.899970
1262	-10.000000	-6.067351	0.899970
1267	10.000000	9.462799	0.809022
1268	-10.000000	9.462415	0.809121
1269	10.000000	-4.283653	0.000000
1270	-10.000000	-4.283565	0.000000
1271	10.000000	4.283190	0.000000
1272	-10.000000	4.283245	0.000000
1273	-7.851187	3.358968	0.000000
1274	10.000000	-0.736203	0.658132
1275	-10.000000	-0.661329	0.647233
1276	10.000000	2.755361	0.000000
1277	-10.000000	2.755257	0.000000
1278	-7.613003	-0.225950	0.790950
1279	-7.851248	-3.359208	0.000000
1282	-7.762167	-5.947283	0.900000
1283	-7.762389	5.946791	0.900000
1284	10.000000	5.045979	0.900000
1285	-10.000000	5.040016	0.900000
1286	10.000000	-1.323634	0.899662
1287	-10.000000	-1.320567	0.899709
1288	0.783956	-10.000000	0.403361
1289	0.793150	-10.000000	0.470177
1290	-0.793190	-10.000000	0.470177
1291	-0.783973	-10.000000	0.403361
1292	1.014237	-8.975029	0.917859
1293	0.888296	-8.763063	0.917835
1294	-0.890367	-8.762958	0.917835
1295	-1.016211	-8.974925	0.917860
1296	0.718685	-0.384531	0.805002
1297	0.725544	-0.338364	0.800802
1298	-0.738623	-0.337397	0.800658
1299	-0.681941	-0.383670	0.804862
1304	0.818095	0.330397	0.800264
1305	0.784972	0.378396	0.804544
1306	-0.620752	0.378547	0.804561
1307	-0.648476	0.330713	0.800289
1308	0.887892	8.763082	0.917835
1309	1.013855	8.975048	0.917859
1310	-1.016590	8.974904	0.917860
1311	-0.890768	8.762937	0.917835
1312	0.783952	10.000000	0.403361
1313	-0.783975	10.000000	0.403361
1314	-0.793195	10.000000	0.470177
1315	0.793145	10.000000	0.470177
1316	10.000000	-5.886608	0.433093
1317	10.000000	-5.192719	0.429475
1318	10.000000	-4.686644	0.489014
1319	10.000000	-4.872711	0.544124
1320	10.000000	-5.557120	0.547508
1321	10.000000	-6.062931	0.496103
1322	-10.000000	-5.883868	0.432571
1323	-10.000000	-6.062785	0.495559
1324	-10.000000	-5.556808	0.546810
1325	-10.000000	-4.868854	0.543216
1326	-10.000000	-4.675848	0.488442
1327	-10.000000	-5.184238	0.429050
1328	10.000000	5.867316	0.433486
1329	10.000000	6.049126	0.496147
1330	10.000000	5.543389	0.547578
1331	10.000000	4.851360	0.544742
1332	10.000000	4.654024	0.490472
1333	10.000000	5.163681	0.430617
1334	-10.000000	5.880824	0.432665
1335	-10.000000	5.181516	0.429205
1336	-10.000000	4.677137	0.488474
1337	-10.000000	4.872605	0.543180
1338	-10.000000	5.557655	0.546824
1339	-10.000000	6.061143	0.495586
1340	-10.000000	-0.098188	0.306541
1341	-10.000000	0.150241	0.305885
1344	10.000000	-0.113849	0.308408
1345	10.000000	0.134262	0.307850
1348	0.763693	-6.334392	0.000000
1349	-0.763731	-6.334389	0.000000
1350	-0.794734	-5.747311	-0.000000
1351	0.794696	-5.747315	-0.000000
1352	0.886636	-0.219246	0.000000
1353	-0.886569	-0.219246	0.000000
1354	-0.886583	0.219158	0.000000
1355	0.886625	0.219158	0.000000
1356	0.763717	6.334347	0.000000
1357	0.794713	5.747256	-0.000000
1358	-0.794722	5.747255	-0.000000
1359	-0.763722	6.334347	0.000000
1360	0.778800	-4.534401	0.922099
1361	0.738807	-4.023028	0.922096
1362	-0.740812	-4.022691	0.922096
1363	-0.780716	-4.534060	0.922099
1364	0.738077	4.023193	0.922096
1365	0.778122	4.534547	0.922099
1366	-0.781356	4.534018	0.922099
1367	-0.741505	4.022665	0.922096
1368	2.032825	-10.000000	0.248622
1369	-3.228166	-10.000000	0.196491
1370	1.256409	-10.000000	0.076384
1371	2.593250	-9.324073	0.914912
1372	-3.768628	-9.431338	0.913124
1374	2.120939	-5.453986	0.922088
1375	-3.396374	-5.635907	0.922155
1376	1.347645	-6.316117	0.916348
1377	1.766629	-0.507034	0.817623
1378	-2.699448	-0.554167	0.822740
1379	1.138563	-0.647357	0.833243
1381	7.127966	0.007464	0.784045
1382	8.684063	-0.076527	0.777516
1383	2.075928	0.231838	0.792944
1384	-3.096567	0.216452	0.791987
1385	1.481669	0.093676	0.786230
1386	1.906658	2.688005	0.921730
1387	-3.046775	2.203217	0.920286
1388	1.187313	1.168215	0.890480
1389	2.072855	8.006900	0.914255
1390	-3.229331	7.622914	0.912110
1391	1.234842	6.928754	0.904663
1392	4.384594	10.000000	0.340876
1393	5.692456	10.000000	0.549088
1394	8.586125	10.000000	0.331663
1395	10.000000	-7.631614	0.335944
1396	10.000000	-8.453731	0.521585
1397	10.000000	-9.434071	0.322470
1398	-10.000000	-6.792455	0.252293
1399	-10.000000	-5.138734	0.183761
1400	-10.000000	-7.070532	0.060764
1401	10.000000	6.780757	0.252893
1402	10.000000	5.122844	0.184966
1403	10.000000	7.065678	0.060999
1404	-10.000000	7.628920	0.335744
1405	-10.000000	8.453623	0.521478
1406	-10.000000	9.433710	0.322400
1407	-10.000000	-0.960587	0.248378
1409	-10.000000	-1.943606	0.285014
1410	10.000000	-0.968485	0.249323
1412	10.000000	-1.954394	0.284849
1413	4.317207	-7.008645	-0.000000
1414	5.768337	-5.270456	0.000001
1415	8.609555	-7.125065	-0.000000
1416	4.790556	-0.626870	-0.000000
1417	6.002629	1.039676	0.000000
1418	8.833585	-0.447373	-0.000000
1419	1.963943	7.819337	-0.000000
1420	-3.126876	8.352031	-0.000000
1421	1.214868	9.517470	-0.000000
1422	5.616633	-10.000000	0.285810
1423	8.582435	-10.000000	0.423336
1424	4.441435	-10.000000	0.509971
1425	3.429406	-10.000000	0.658394
1426	-1.262285	-10.000000	0.765801
1427	-2.139445	-10.000000	0.614008
1428	-5.692552	-10.000000	0.549088
1429	-8.586170	-10.000000	0.331671
1430	-4.384626	-10.000000	0.340876
1431	6.451703	-8.943311	0.919470
1432	8.845562	-7.702007	0.918764
1433	4.732111	-8.233689	0.917399
1434	3.226542	-7.623817	0.912110
1435	-1.238063	-6.928279	0.904663
1436	-2.075749	-8.006407	0.914255
1437	-5.864332	-7.831229	0.916184
1438	-8.945186	-8.224850	0.920200
1439	-5.219433	-8.870206	0.919456
1440	5.021880	-0.520997	0.819823
1441	8.250762	-0.536942	0.824868
1442	4.175888	-0.352920	0.802849
1443	2.980183	-0.228564	0.792802
1444	-1.331958	-0.110374	0.786445
1445	-2.037831	-0.243799	0.793441
1446	-5.457892	-0.345659	0.801860
1447	-7.812747	-0.587674	0.828100
1448	-3.866669	-0.457722	0.812460
1449	4.822715	-0.082132	0.785745
1450	-2.489793	-0.072219	0.785015
1451	-3.786341	-0.025881	0.784671
1452	-7.170451	-0.027274	0.782378
1453	-8.694016	0.065176	0.774353
1455	-4.643403	0.056536	0.785132
1456	2.690340	0.054678	0.785694
1457	3.926157	0.004418	0.784726
1458	5.485852	0.333592	0.801409
1459	7.968379	0.594768	0.833099
1460	3.991449	0.455362	0.812395
1461	2.805240	0.554369	0.822844
1462	-1.095385	0.646221	0.833145
1463	-1.650571	0.503104	0.817213
1464	-4.887702	0.515206	0.818620
1465	-8.215150	0.570289	0.827162
1466	-4.135516	0.344161	0.801748
1467	5.862431	7.832584	0.916185
1468	8.944710	8.226253	0.920202
1469	5.217760	8.870794	0.919453
1470	3.766765	9.431538	0.913119
1472	-2.595409	9.323883	0.914916
1473	-6.452955	8.942692	0.919475
1474	-8.846122	7.700177	0.918760
1475	-4.734210	8.232793	0.917399
1476	3.228158	10.000000	0.196490
1477	-1.256414	10.000000	0.076384
1478	-2.032811	10.000000	0.248621
1479	-5.616611	10.000000	0.285807
1480	-8.582479	10.000000	0.423323
1481	-4.441530	10.000000	0.509969
1482	-3.429793	10.000000	0.658392
1483	1.260856	10.000000	0.765801
1484	2.139229	10.000000	0.614009
1485	10.000000	-7.377210	0.192798
1486	10.000000	-6.252258	0.059199
1487	10.000000	-5.346184	0.245419
1488	10.000000	-3.965168	0.258691
1489	10.000000	-2.250446	0.386813
1490	10.000000	-3.172919	0.462674
1491	10.000000	-2.125547	0.625637
1492	10.000000	-0.845956	0.836458
1493	10.000000	-3.179164	0.669010
1494	10.000000	-3.481703	0.754770
1495	10.000000	-3.964485	0.852163
1496	10.000000	-5.300169	0.707679
1497	10.000000	-6.537713	0.744577
1498	10.000000	-8.091470	0.825898
1499	10.000000	-7.519182	0.613067
1500	-10.000000	-8.189840	0.278643
1501	-10.000000	-9.458182	0.410050
1502	-10.000000	-7.870449	0.488991
1503	-10.000000	-8.104463	0.656297
1504	-10.000000	-7.500766	0.836129
1505	-10.000000	-6.493335	0.684578
1506	-10.000000	-5.323374	0.760042
1507	-10.000000	-3.344929	0.851880
1508	-10.000000	-4.017625	0.701748
1509	-10.000000	-2.664005	0.725767
1510	-10.000000	-0.687025	0.835656
1511	-10.000000	-2.749255	0.590661
1512	-10.000000	-2.459945	0.497461
1513	-10.000000	-2.680460	0.303792
1514	-10.000000	-4.120780	0.319594
1515	10.000000	8.183831	0.278832
1516	10.000000	9.456798	0.410005
1517	10.000000	7.864591	0.488962
1518	10.000000	8.102437	0.656109
1519	10.000000	7.502780	0.836078
1520	10.000000	6.492534	0.684506
1521	10.000000	5.330212	0.760133
1522	10.000000	3.360009	0.852159
1523	10.000000	4.017976	0.703012
1524	10.000000	2.654104	0.729787
1525	10.000000	0.670384	0.848397
1526	10.000000	2.724832	0.595749
1527	10.000000	2.433543	0.502998
1528	10.000000	2.645512	0.308916
1529	10.000000	4.096704	0.322146
1530	-10.000000	7.371938	0.192774
1531	-10.000000	6.246173	0.059389
1532	-10.000000	5.328685	0.246063
1533	-10.000000	3.933957	0.261454
1534	-10.000000	2.205451	0.393125
1535	-10.000000	3.116203	0.467610
1536	-10.000000	2.068316	0.630723
1537	-10.000000	1.327897	0.800193
1538	-10.000000	3.219933	0.665621
1539	-10.000000	3.498238	0.753999
1540	-10.000000	3.958985	0.852103
1541	-10.000000	5.302015	0.707368
1542	-10.000000	6.536242	0.744509
1543	-10.000000	8.090208	0.825906
1544	-10.000000	7.519284	0.612939
1545	-10.000000	-0.971049	0.122341
1546	-10.000000	0.452065	0.035419
1547	-10.000000	0.565648	0.163566
1548	-10.000000	1.419873	0.212106
1549	-10.000000	1.506146	0.384773
1554	10.000000	-0.970455	0.122609
1555	10.000000	0.453746	0.035581
1556	10.000000	0.562649	0.164566
1557	10.000000	1.410729	0.213899
1558	10.000000	1.478442	0.388325
1563	3.126805	-8.352063	-0.000000
1564	-1.214864	-9.517476	-0.000000
1565	-1.963931	-7.819362	-0.000000
1566	-5.541453	-7.543095	-0.000000
1567	-8.651891	-6.284936	0.000000
1568	-4.469648	-5.543896	-0.000000
1569	-3.426526	-4.295394	-0.000001
1570	1.354225	-3.410639	0.000000
1571	2.147582	-4.597132	0.000000
1572	3.419760	-1.709088	-0.000000
1573	-1.300308	-2.627469	-0.000000
1574	-2.200922	-1.288593	-0.000000
1575	-6.002705	-1.039700	0.000000
1576	-8.833544	0.447768	-0.000000
1577	-4.790468	0.626797	-0.000000
1578	-3.419608	1.708945	-0.000000
1579	1.300300	2.627285	-0.000000
1580	2.200928	1.288483	-0.000000
1581	5.541502	7.543026	-0.000000
1582	8.651895	6.284663	0.000000
1583	4.469626	5.543796	-0.000000
1584	3.426450	4.295259	-0.000001
1585	-1.354154	3.410437	0.000000
1586	-2.147571	4.597006	0.000000
1587	-5.768320	5.270261	0.000001
1588	-8.609605	7.124782	-0.000000
1589	-4.317277	7.008565	-0.000000
1590	5.680450	-4.759044	0.922086
1591	8.530906	-3.098226	0.920752
1592	4.209289	-3.372903	0.922048
1593	3.045251	-2.205349	0.920305
1594	-1.186326	-1.166766	0.890365
1595	-1.909269	-2.686422	0.921727
1596	-5.421030	-2.880189	0.921822
1597	-8.582420	-3.741627	0.920736
1598	-4.384927	-4.607129	0.922098
1599	5.419014	2.884500	0.921831
1600	8.581490	3.747735	0.920737
1601	4.382540	4.609735	0.922098
1602	3.393836	5.637609	0.922155
1603	-1.350596	6.315544	0.916350
1604	-2.123439	5.452955	0.922088
1605	-5.682327	4.755969	0.922086
1606	-8.531451	3.092784	0.920753
1607	-4.211406	3.370224	0.922047
1608	0.000000	-10.000000	0.135660
1609	1.099198	-10.000000	0.189436
1610	-1.099190	-10.000000	0.189436
1611	-0.000909	-9.620905	0.906490
1612	1.338299	-9.492445	0.910826
1613	-1.340212	-9.492388	0.910828
1614	-0.001103	-6.113251	0.921341
1615	1.170035	-5.828328	0.922097
1616	-1.172090	-5.827877	0.922097
1617	0.024116	-0.599060	0.827700
1618	0.958758	-0.552665	0.822539
1619	-0.890515	-0.551965	0.822402
1620	7.836698	-0.037568	0.782904
1621	6.897628	-0.069173	0.785088
1623	0.114138	0.136483	0.787722
1624	1.190105	0.181278	0.789883
1625	-0.989958	0.183887	0.789988
1626	-0.000678	1.657341	0.913320
1627	1.027271	2.163986	0.920154
1628	-1.030041	2.162949	0.920145
1629	-0.001905	7.339804	0.908484
1630	1.088564	7.696629	0.911627
1631	-1.092223	7.696271	0.911627
1632	7.231194	10.000000	0.400166
1633	5.851623	10.000000	0.370661
1634	5.873979	10.000000	0.460118
1635	10.000000	-8.892240	0.382238
1636	10.000000	-8.282823	0.356764
1637	10.000000	-8.371388	0.437591
1638	-10.000000	-6.455323	0.121446
1639	-10.000000	-6.631609	0.185896
1640	-10.000000	-5.880082	0.182898
1641	10.000000	6.446118	0.121964
1642	10.000000	6.620626	0.186506
1643	10.000000	5.866626	0.183772
1644	-10.000000	8.891700	0.382129
1645	-10.000000	8.281532	0.356604
1646	-10.000000	8.370838	0.437443
1647	-10.000000	-1.418430	0.322453
1648	-10.000000	-1.222004	0.283706
1649	-10.000000	-0.884861	0.377378
1650	10.000000	-1.432420	0.323473
1651	10.000000	-1.232520	0.284768
1652	10.000000	-0.906757	0.379888
1653	7.263075	-6.547353	-0.000000
1654	5.825866	-6.787647	0.000000
1655	5.905521	-6.015745	-0.000000
1656	7.622744	0.000110	-0.000000
1657	6.296384	-0.356854	-0.000000
1658	6.296333	0.356889	-0.000000
1659	0.000008	8.969273	-0.000000
1660	1.057858	8.405698	0.000000
1661	-1.057846	8.405698	0.000000
1662	5.873978	-10.000000	0.460121
1663	5.851644	-10.000000	0.370664
1664	7.231205	-10.000000	0.400173
1665	-1.180474	-10.000000	0.668673
1666	1.180104	-10.000000	0.668674
1667	-0.000331	-10.000000	0.714056
1668	-5.851668	-10.000000	0.370662
1669	-5.874033	-10.000000	0.460118
1670	-7.231242	-10.000000	0.400169
1671	6.335058	-8.185474	0.918622
1672	6.571625	-8.561154	0.920054
1673	7.737570	-8.172899	0.920072
1674	-1.091696	-7.696320	0.911627
1675	1.089106	-7.696577	0.911627
1676	-0.001335	-7.339800	0.908484
1677	-6.572747	-8.560401	0.920055
1678	-6.336360	-8.184512	0.918622
1679	-7.738399	-8.171801	0.920071
1680	5.605419	-0.419092	0.809649
1681	5.429876	-0.473462	0.815013
1682	6.885989	-0.499449	0.818744
1683	-1.157116	-0.194821	0.790293
1684	0.960985	-0.197214	0.790487
1685	-0.063274	-0.151623	0.788060
1686	-5.301601	-0.465781	0.813409
1687	-5.516541	-0.409277	0.807776
1688	-6.701644	-0.488145	0.815979
1689	-2.270722	-0.040503	0.784436
1690	1.591430	-0.049122	0.784484
1691	-0.169514	-0.053380	0.785830
1692	-6.852556	0.045541	0.783289
1694	-7.833209	0.020981	0.780390
1695	2.470078	0.021606	0.785027
1696	-1.190052	0.028268	0.785221
1697	0.391493	0.034345	0.784163
1698	5.421045	0.463566	0.813678
1699	5.596758	0.402832	0.807781
1700	6.806987	0.486190	0.817503
1701	-0.856734	0.550208	0.822319
1702	0.994191	0.550911	0.822380
1703	0.053180	0.598123	0.827665
1704	-5.508029	0.414349	0.808366
1705	-5.290700	0.467871	0.813677
1706	-6.759660	0.502008	0.817710
1707	6.571395	8.561305	0.920054
1708	6.334784	8.185669	0.918622
1709	7.737392	8.173127	0.920072
1710	-1.340576	9.492376	0.910828
1711	1.337933	9.492456	0.910826
1712	-0.001255	9.620905	0.906490
1713	-6.336609	8.184331	0.918622
1714	-6.572958	8.560259	0.920055
1715	-7.738555	8.171597	0.920071
1716	-1.099184	10.000000	0.189435
1717	1.099194	10.000000	0.189435
1718	0.000008	10.000000	0.135660
1719	-5.874042	10.000000	0.460116
1720	-5.851657	10.000000	0.370660
1721	-7.231238	10.000000	0.400165
1722	1.180050	10.000000	0.668674
1723	-1.180544	10.000000	0.668673
1724	-0.000451	10.000000	0.714056
1725	10.000000	-5.887236	0.182741
1726	10.000000	-6.635692	0.185939
1727	10.000000	-6.459668	0.121383
1728	10.000000	-3.022198	0.408553
1729	10.000000	-3.492939	0.332277
1730	10.000000	-2.864480	0.354415
1731	10.000000	-2.447293	0.696748
1732	10.000000	-2.242081	0.665438
1733	10.000000	-1.656407	0.744405
1734	10.000000	-4.712419	0.753895
1735	10.000000	-4.096077	0.752291
1736	10.000000	-4.072532	0.802574
1737	10.000000	-7.625288	0.690224
1738	10.000000	-7.100568	0.717949
1739	10.000000	-7.643269	0.765549
1740	-10.000000	-8.372179	0.437490
1741	-10.000000	-8.283303	0.356623
1742	-10.000000	-8.892713	0.382163
1743	-10.000000	-7.099230	0.717920
1744	-10.000000	-7.624951	0.690224
1745	-10.000000	-7.641959	0.765560
1746	-10.000000	-4.089303	0.751644
1747	-10.000000	-4.705931	0.753492
1748	-10.000000	-4.063825	0.802200
1749	-10.000000	-2.198714	0.667162
1750	-10.000000	-2.434186	0.695992
1751	-10.000000	-1.637715	0.744584
1752	-10.000000	-3.457372	0.335824
1753	-10.000000	-2.964783	0.414393
1754	-10.000000	-2.823313	0.359405
1755	10.000000	8.367513	0.437475
1756	10.000000	8.277792	0.356716
1757	10.000000	8.889511	0.382160
1758	10.000000	7.099309	0.717784
1759	10.000000	7.623612	0.690048
1760	10.000000	7.642669	0.765433
1761	10.000000	4.098866	0.752270
1762	10.000000	4.714376	0.753779
1763	10.000000	4.077483	0.802519
1764	10.000000	2.181751	0.672770
1765	10.000000	2.425501	0.700685
1766	10.000000	1.646234	0.749039
1767	10.000000	3.430643	0.339204
1768	10.000000	2.937205	0.418771
1769	10.000000	2.792885	0.363934
1770	-10.000000	5.874500	0.183123
1771	-10.000000	6.627180	0.186044
1772	-10.000000	6.451255	0.121591
1773	-10.000000	2.961992	0.415418
1774	-10.000000	3.449851	0.336683
1775	-10.000000	2.814777	0.360917
1776	-10.000000	2.510926	0.691171
1777	-10.000000	2.270514	0.662816
1778	-10.000000	1.726200	0.738451
1779	-10.000000	4.712900	0.753637
1780	-10.000000	4.101800	0.751866
1781	-10.000000	4.069950	0.802417
1782	-10.000000	7.624956	0.690175
1783	-10.000000	7.099813	0.717892
1784	-10.000000	7.642171	0.765538
1785	-10.000000	0.345806	0.113942
1786	-10.000000	-0.331773	0.113554
1787	-10.000000	0.006297	0.072294
1788	-10.000000	0.831601	0.401266
1789	-10.000000	1.203643	0.295645
1790	-10.000000	1.370585	0.337106
1791	-10.000000	0.054014	0.574456
1794	10.000000	0.346066	0.114522
1795	10.000000	-0.330950	0.113954
1796	10.000000	0.008195	0.072579
1797	10.000000	0.801269	0.404579
1798	10.000000	1.186452	0.298200
1799	10.000000	1.348116	0.340209
1800	10.000000	-0.009593	0.578404
1803	-1.057858	-8.405715	0.000000
1804	1.057809	-8.405718	0.000000
1805	-0.000025	-8.969285	-0.000000
1806	-5.905549	-6.015689	-0.000000
1807	-5.825910	-6.787601	0.000000
1808	-7.263108	-6.547270	-0.000000
1809	1.179703	-4.128480	-0.000000
1810	-1.179689	-4.128468	-0.000000
1811	0.000026	-3.739096	0.000000
1812	-1.165985	-1.730387	0.000000
1813	1.166121	-1.730395	0.000000
1814	0.000069	-2.169960	-0.000000
1815	-6.296320	0.356856	-0.000000
1816	-6.296341	-0.356880	-0.000000
1817	-7.622727	0.000040	-0.000000
1818	1.166003	1.730253	0.000000
1819	-1.166030	1.730251	0.000000
1820	-0.000021	2.169796	-0.000000
1821	5.905548	6.015566	-0.000000
1822	5.825937	6.787504	0.000000
1823	7.263126	6.547106	-0.000000
1824	-1.179685	4.128337	-0.000000
1825	1.179651	4.128338	-0.000000
1826	-0.000022	3.738934	0.000000
1827	-5.825936	6.787515	0.000000
1828	-5.905556	6.015577	-0.000000
1829	-7.263127	6.547136	-0.000000
1830	5.705486	-3.516135	0.922056
1831	5.795844	-4.152779	0.922091
1832	7.153298	-3.643870	0.922015
1833	-1.029334	-2.162944	0.920145
1834	1.028146	-2.163545	0.920151
1835	-0.000158	-1.657048	0.913310
1836	-5.797211	-4.149978	0.922091
1837	-5.706719	-3.513189	0.922054
1838	-7.154174	-3.640218	0.922014
1839	5.795099	4.153754	0.922091
1840	5.704609	3.517312	0.922056
1841	7.152557	3.645368	0.922016
1842	-1.172702	5.827795	0.922097
1843	1.169390	5.828459	0.922097
1844	-0.001740	6.113268	0.921341
1845	-5.707176	3.512519	0.922054
1846	-5.797625	4.149374	0.922091
1847	-7.154504	3.639425	0.922014
1848	-0.000003	-10.000000	0.349895
1849	-0.957563	-10.000000	0.299452
1850	0.957563	-10.000000	0.299452
1851	-4.563038	-10.000000	0.142751
1852	-6.083074	-10.000000	0.078707
1853	-3.729488	-10.000000	0.077219
1854	4.563051	-10.000000	0.142751
1855	3.729472	-10.000000	0.077219
1856	6.083072	-10.000000	0.078707
1857	-0.001004	-9.127263	0.917078
1858	-1.276591	-9.233746	0.916030
1859	1.274614	-9.233843	0.916029
1860	-4.655387	-9.578499	0.909061
1863	4.654162	-9.578609	0.909057
1866	-0.000947	-4.914576	0.922099
1867	-0.989905	-5.213497	0.922099
1868	0.988001	-5.213904	0.922099
1869	-4.802402	-5.765003	0.921643
1870	-6.294525	-5.857007	0.918971
1871	-3.943449	-6.149454	0.917249
1872	4.800605	-5.766859	0.921641
1873	3.941397	-6.150890	0.917244
1874	6.293000	-5.859352	0.918962
1875	0.031119	-0.422228	0.808614
1876	-0.785837	-0.461707	0.812635
1877	0.862846	-0.462514	0.812782
1878	-3.901683	-0.608167	0.828839
1879	-5.429967	-0.669513	0.835667
1880	-3.328837	-0.653641	0.833977
1881	3.951112	-0.610791	0.829488
1882	3.351577	-0.655610	0.834445
1883	5.451759	-0.672378	0.836665
1887	8.159840	0.094161	0.783099
1888	9.254141	0.192172	0.777599
1889	8.959883	0.069470	0.773595
1890	7.990547	-0.170171	0.786848
1891	8.865010	-0.154708	0.776614
1892	9.206284	-0.266239	0.779594
1893	0.090128	0.292596	0.797159
1894	-0.834352	0.261346	0.794849
1895	1.018287	0.260177	0.794778
1896	-4.411033	0.204022	0.791272
1897	-5.961910	0.208141	0.791412
1898	-3.656995	0.130900	0.787469
1899	4.545094	0.187621	0.790645
1900	3.827861	0.116598	0.787164
1901	6.084435	0.181022	0.790642
1902	-0.001813	3.589487	0.922085
1903	-0.898080	3.149328	0.922026
1904	0.894431	3.150079	0.922027
1905	-4.333675	1.708305	0.914213
1906	-5.811718	1.213817	0.893439
1907	-3.533726	1.182853	0.891504
1908	4.332405	1.713031	0.914344
1909	3.534740	1.186919	0.891772
1910	5.812185	1.220572	0.894051
1911	-0.001557	8.562882	0.917116
1912	-1.005486	8.316489	0.915913
1913	1.002190	8.316720	0.915912
1914	-4.509381	7.158471	0.909287
1915	-5.987717	6.604298	0.905418
1916	-3.670859	6.814280	0.904985
1917	4.506350	7.160206	0.909287
1918	3.667510	6.815900	0.904985
1919	5.985210	6.606958	0.905418
1920	2.043210	10.000000	0.434740
1921	3.232745	10.000000	0.471400
1922	3.207156	10.000000	0.390689
1923	6.986955	10.000000	0.586113
1924	8.345274	10.000000	0.609629
1925	8.504260	10.000000	0.515855
1926	6.938592	10.000000	0.225749
1927	8.520862	10.000000	0.243149
1928	8.393358	10.000000	0.160960
1929	10.000000	-6.573073	0.444088
1930	10.000000	-7.238709	0.462788
1931	10.000000	-7.094013	0.390870
1932	10.000000	-8.989421	0.556291
1933	10.000000	-9.461806	0.599854
1934	10.000000	-9.475204	0.500904
1935	10.000000	-8.770551	0.218724
1936	10.000000	-9.405226	0.237335
1937	10.000000	-9.373326	0.155022
1938	-10.000000	-5.702632	0.370043
1939	-10.000000	-5.520509	0.307831
1940	-10.000000	-6.236754	0.311236
1941	-10.000000	-4.915378	0.121975
1942	-10.000000	-4.639439	0.060730
1943	-10.000000	-5.431526	0.059206
1944	-10.000000	-7.990759	0.131620
1945	-10.000000	-7.875409	0.063629
1946	-10.000000	-8.645563	0.067975
1947	10.000000	5.684557	0.371215
1948	10.000000	5.502166	0.309144
1949	10.000000	6.221775	0.312089
1950	10.000000	4.902360	0.122940
1951	10.000000	4.631167	0.061314
1952	10.000000	5.424484	0.059631
1953	10.000000	7.985296	0.131871
1954	10.000000	7.871649	0.063801
1955	10.000000	8.642903	0.068099
1956	-10.000000	6.570316	0.443701
1957	-10.000000	7.237542	0.462501
1958	-10.000000	7.091069	0.390586
1959	-10.000000	8.989385	0.556245
1960	-10.000000	9.461746	0.599853
1961	-10.000000	9.475146	0.500868
1962	-10.000000	8.769035	0.218649
1963	-10.000000	9.404650	0.237276
1964	-10.000000	9.372571	0.154990
1965	-10.000000	-0.245128	0.360020
1967	-10.000000	-0.563398	0.306690
1968	-10.000000	-0.598059	0.479241
1969	-10.000000	-0.625072	0.572232
1970	-10.000000	-1.062153	0.471762
1971	-10.000000	-1.963830	0.165759
1972	-10.000000	-2.288233	0.202747
1973	-10.000000	-2.575623	0.126354
1974	10.000000	-0.267631	0.362399
1976	10.000000	-0.578235	0.308457
1977	10.000000	-0.638100	0.483713
1978	10.000000	-0.683710	0.579422
1979	10.000000	-1.096246	0.475407
1980	10.000000	-1.965930	0.165687
1981	10.000000	-2.293574	0.202283
1982	10.000000	-2.577462	0.125990
1983	2.020855	-6.089372	-0.000000
1984	3.228443	-5.817272	0.000000
1985	3.158623	-6.520452	-0.000000
1986	7.128911	-4.985899	-0.000002
1987	8.543481	-4.667257	0.000004
1988	8.630194	-5.455314	-0.000001
1989	6.866845	-8.116285	-0.000000
1990	8.503861	-7.944705	0.000000
1991	8.334998	-8.720434	-0.000000
1992	2.291274	-0.000044	0.000000
1993	3.564550	0.283317	-0.000000
1994	3.564578	-0.283398	-0.000000
1995	7.239323	1.529776	0.000000
1996	8.552327	2.101455	0.000001
1997	8.736013	1.312691	0.000000
1998	7.239545	-1.529724	0.000000
1999	8.736149	-1.312305	0.000000
2000	8.552550	-2.101309	0.000001
2001	-0.000001	6.823208	-0.000000
2002	-0.924299	7.310253	-0.000000
2003	0.924301	7.310253	-0.000000
2004	-4.435315	8.905495	-0.000000
2005	-5.920970	9.475671	-0.000000
2006	-3.612614	9.502974	0.000000
2007	4.435339	8.905493	-0.000000
2008	3.612639	9.502973	0.000000
2009	5.921001	9.475669	-0.000000
2010	8.393407	-10.000000	0.160964
2011	8.520910	-10.000000	0.243159
2012	6.938646	-10.000000	0.225753
2013	8.504214	-10.000000	0.515868
2014	8.345209	-10.000000	0.609637
2015	6.986915	-10.000000	0.586118
2016	3.207166	-10.000000	0.390690
2017	3.232750	-10.000000	0.471400
2018	2.043215	-10.000000	0.434740
2019	6.098760	-10.000000	0.778214
2020	3.726904	-10.000000	0.768143
2021	4.823711	-10.000000	0.706202
2022	-3.727894	-10.000000	0.768145
2023	-6.099426	-10.000000	0.778215
2024	-4.824185	-10.000000	0.706200
2025	0.994362	-10.000000	0.569432
2026	-0.994482	-10.000000	0.569432
2027	-0.000035	-10.000000	0.522655
2028	-8.345337	-10.000000	0.609638
2029	-8.504277	-10.000000	0.515866
2030	-6.987056	-10.000000	0.586116
2031	-8.520907	-10.000000	0.243154
2032	-8.393383	-10.000000	0.160961
2033	-6.938632	-10.000000	0.225750
2034	-3.232798	-10.000000	0.471399
2035	-3.207186	-10.000000	0.390689
2036	-2.043244	-10.000000	0.434740
2037	8.691417	-9.237959	0.907601
2038	8.915987	-8.756267	0.919018
2039	7.568217	-9.070720	0.917525
2040	8.661855	-7.211275	0.916544
2041	8.418982	-6.757192	0.913086
2042	7.067256	-7.342583	0.914761
2043	3.864939	-8.832343	0.918835
2044	3.610067	-8.554441	0.918136
2045	2.424159	-8.801897	0.918215
2046	5.985660	-6.606519	0.905417
2047	3.668067	-6.815644	0.904985
2048	4.506846	-7.159937	0.909287
2049	-3.670371	-6.814495	0.904985
2050	-5.987368	-6.604644	0.905418
2051	-4.508957	-7.158703	0.909287
2052	1.002661	-8.316688	0.915912
2053	-1.005022	-8.316522	0.915913
2054	-0.001119	-8.562883	0.917116
2055	-8.419723	-6.754934	0.913084
2056	-8.662446	-7.209353	0.916541
2057	-7.068495	-7.340969	0.914761
2058	-8.916343	-8.755508	0.919026
2059	-8.691783	-9.237552	0.907623
2060	-7.568928	-9.070233	0.917534
2061	-3.611941	-8.553963	0.918136
2062	-3.866640	-8.831937	0.918836
2063	-2.426092	-8.801622	0.918216
2064	7.676708	-0.674261	0.838538
2065	7.947385	-0.646680	0.836717
2066	6.197552	-0.589612	0.827715
2067	8.212617	-0.447340	0.814183
2069	6.649669	-0.363593	0.805076
2070	2.925562	-0.412136	0.808036
2071	2.999375	-0.358193	0.802979
2072	1.873564	-0.370070	0.803813
2073	5.926102	-0.236185	0.794053
2074	3.729959	-0.152406	0.788670
2075	4.222870	-0.217000	0.792441
2076	-3.638132	-0.132073	0.787444
2077	-5.809060	-0.194634	0.790587
2078	-4.409006	-0.202826	0.791113
2079	0.853577	-0.271777	0.795416
2080	-0.978278	-0.270338	0.795246
2081	-0.034586	-0.301384	0.797642
2082	-7.986414	-0.351945	0.801887
2083	-8.084825	-0.438887	0.811421
2084	-6.709501	-0.349512	0.802234
2085	-7.846167	-0.640453	0.834833
2086	-7.627111	-0.670186	0.837072
2087	-6.104327	-0.584550	0.826154
2088	-2.995963	-0.353571	0.802290
2089	-2.864904	-0.408384	0.807405
2090	-1.852485	-0.367577	0.803426
2092	5.104915	-0.131377	0.787677
2093	6.007367	-0.138539	0.788084
2094	-5.057096	-0.097160	0.786135
2095	-7.178594	-0.165667	0.788135
2096	-6.292917	-0.104263	0.786275
2099	1.253352	-0.023485	0.784625
2100	-9.307124	-0.178088	0.769559
2101	-8.981625	-0.070362	0.768655
2102	-8.187175	-0.103064	0.779541
2103	-8.880847	0.144210	0.774171
2104	-9.207507	0.262602	0.778793
2105	-7.993133	0.145082	0.783642
2106	-4.285279	-0.000438	0.784432
2109	-6.873754	0.175550	0.788457
2110	-4.781373	0.097498	0.786228
2111	-5.924106	0.110619	0.786121
2112	5.026024	0.075180	0.785970
2113	6.947398	0.136163	0.787782
2114	6.173101	0.079165	0.785931
2116	2.331515	-0.004884	0.784747
2117	-0.079717	-0.003218	0.784637
2118	7.989234	0.336727	0.804436
2119	8.073390	0.424689	0.813797
2120	6.718245	0.334626	0.802425
2121	7.926045	0.645789	0.838888
2122	7.680683	0.675935	0.840371
2123	6.202986	0.587393	0.827332
2124	3.082422	0.346687	0.801907
2125	2.978070	0.404069	0.807170
2126	1.949252	0.361758	0.803104
2127	5.468315	0.674135	0.836497
2128	3.371092	0.656409	0.834317
2129	3.978586	0.610437	0.829167
2130	-3.307280	0.652752	0.833961
2131	-5.403126	0.668164	0.835549
2132	-3.866702	0.606763	0.828768
2133	0.907910	0.458646	0.812453
2134	-0.744555	0.458429	0.812440
2135	0.082480	0.417759	0.808304
2136	-7.584948	0.668985	0.836348
2137	-7.847735	0.644288	0.834815
2138	-6.065961	0.584294	0.826077
2139	-8.150086	0.476916	0.816028
2140	-8.030489	0.386078	0.806361
2141	-6.723951	0.366116	0.804029
2142	-2.816198	0.404910	0.807243
2143	-2.925404	0.349299	0.802100
2144	-1.784199	0.362502	0.803169
2145	8.418780	6.757730	0.913087
2146	8.661710	7.211714	0.916545
2147	7.066962	7.342938	0.914762
2148	8.915911	8.756428	0.919016
2149	8.691339	9.238044	0.907596
2150	7.568071	9.070819	0.917524
2151	3.609692	8.554534	0.918135
2152	3.864604	8.832421	0.918834
2153	2.423780	8.801949	0.918215
2156	4.653923	9.578630	0.909056
2159	-4.655616	9.578478	0.909062
2160	1.274235	9.233861	0.916029
2161	-1.276968	9.233727	0.916031
2162	-0.001390	9.127262	0.917078
2163	-8.691847	9.237477	0.907626
2164	-8.916407	8.755370	0.919028
2165	-7.569058	9.070142	0.917536
2166	-8.662560	7.209003	0.916540
2167	-8.419867	6.754523	0.913084
2168	-7.068734	7.340669	0.914760
2169	-3.866965	8.831859	0.918837
2170	-3.612301	8.553870	0.918136
2171	-2.426464	8.801568	0.918216
2172	6.083095	10.000000	0.078707
2173	3.729506	10.000000	0.077218
2174	4.563035	10.000000	0.142750
2175	-3.729482	10.000000	0.077218
2176	-6.083072	10.000000	0.078706
2177	-4.563020	10.000000	0.142750
2178	0.957557	10.000000	0.299452
2179	-0.957561	10.000000	0.299452
2180	-0.000006	10.000000	0.349895
2181	-8.393357	10.000000	0.160958
2182	-8.520882	10.000000	0.243148
2183	-6.938602	10.000000	0.225748
2184	-8.504311	10.000000	0.515859
2185	-8.345403	10.000000	0.609633
2186	-6.987113	10.000000	0.586112
2187	-3.207183	10.000000	0.390689
2188	-3.232805	10.000000	0.471398
2189	-2.043246	10.000000	0.434740
2190	-6.099554	10.000000	0.778215
2191	-3.728084	10.000000	0.768145
2192	-4.824293	10.000000	0.706200
2193	3.726716	10.000000	0.768142
2194	6.098634	10.000000	0.778213
2195	4.823658	10.000000	0.706202
2196	-0.994502	10.000000	0.569432
2197	0.994347	10.000000	0.569432
2198	-0.000045	10.000000	0.522655
2199	10.000000	-8.646074	0.067997
2200	10.000000	-7.876569	0.063640
2201	10.000000	-7.991898	0.131682
2202	10.000000	-5.435699	0.059009
2203	10.000000	-4.643761	0.060402
2204	10.000000	-4.923634	0.121432
2205	10.000000	-6.241077	0.311476
2206	10.000000	-5.529824	0.307824
2207	10.000000	-5.708810	0.370363
2208	10.000000	-3.535270	0.140829
2209	10.000000	-3.131542	0.219554
2210	10.000000	-3.767315	0.199425
2211	10.000000	-1.795771	0.476705
2212	10.000000	-1.358828	0.571367
2213	10.000000	-1.966502	0.519793
2214	10.000000	-4.323860	0.375990
2215	10.000000	-3.826627	0.444092
2216	10.000000	-4.502858	0.433087
2217	10.000000	-1.105229	0.694728
2218	10.000000	-0.673415	0.792134
2219	10.000000	-1.507799	0.669913
2220	10.000000	-1.458712	0.815385
2221	10.000000	-1.645571	0.830290
2222	10.000000	-2.203374	0.780032
2223	10.000000	-3.494638	0.563102
2224	10.000000	-3.681910	0.609262
2225	10.000000	-4.184561	0.549022
2226	10.000000	-2.162796	0.855612
2227	10.000000	-2.751259	0.853158
2228	10.000000	-2.881458	0.806255
2229	10.000000	-4.572858	0.853427
2230	10.000000	-5.164953	0.856954
2231	10.000000	-5.279886	0.810261
2232	10.000000	-4.540170	0.650683
2233	10.000000	-5.200777	0.653574
2234	10.000000	-5.050477	0.598912
2235	10.000000	-6.341187	0.852656
2236	10.000000	-6.923287	0.843961
2237	10.000000	-6.491188	0.800844
2238	10.000000	-8.681202	0.801850
2240	10.000000	-8.652323	0.706322
2241	10.000000	-6.384377	0.622541
2242	10.000000	-6.891587	0.580814
2243	10.000000	-6.233170	0.559378
2244	-10.000000	-9.373265	0.154978
2245	-10.000000	-9.405296	0.237282
2246	-10.000000	-8.770470	0.218634
2247	-10.000000	-9.475445	0.500905
2248	-10.000000	-9.461917	0.599884
2249	-10.000000	-8.989860	0.556299
2250	-10.000000	-7.094032	0.390567
2251	-10.000000	-7.239662	0.462530
2252	-10.000000	-6.573049	0.443676
2253	-10.000000	-9.250167	0.728961
2254	-10.000000	-8.680563	0.801904
2255	-10.000000	-8.652212	0.706373
2256	-10.000000	-6.920501	0.843939
2257	-10.000000	-6.337502	0.852619
2258	-10.000000	-6.487502	0.800793
2259	-10.000000	-6.892532	0.580609
2260	-10.000000	-6.384632	0.622283
2261	-10.000000	-6.234032	0.558952
2262	-10.000000	-5.159414	0.856885
2263	-10.000000	-4.566218	0.853313
2264	-10.000000	-5.273505	0.810125
2265	-10.000000	-2.742730	0.852808
2266	-10.000000	-2.155362	0.855175
2267	-10.000000	-2.872600	0.805512
2268	-10.000000	-5.199710	0.652962
2269	-10.000000	-4.538901	0.649709
2270	-10.000000	-5.049946	0.598058
2271	-10.000000	-1.639233	0.829609
2272	-10.000000	-1.445594	0.815143
2273	-10.000000	-2.195967	0.778931
2274	-10.000000	-0.592838	0.800810
2275	-10.000000	-0.546640	0.766499
2276	-10.000000	-1.305396	0.688728
2277	-10.000000	-3.671912	0.608194
2278	-10.000000	-3.466813	0.563244
2279	-10.000000	-4.172634	0.548235
2280	-10.000000	-1.289952	0.572301
2281	-10.000000	-1.746314	0.480010
2282	-10.000000	-1.841917	0.535077
2283	-10.000000	-3.118146	0.221361
2284	-10.000000	-3.527655	0.141867
2285	-10.000000	-3.752405	0.201131
2286	-10.000000	-3.790862	0.445807
2287	-10.000000	-4.299044	0.377102
2288	-10.000000	-4.483963	0.433263
2289	10.000000	9.371486	0.155055
2290	10.000000	9.403534	0.237326
2291	10.000000	8.766665	0.218767
2292	10.000000	9.474387	0.500824
2293	10.000000	9.461308	0.599781
2294	10.000000	8.988020	0.556169
2295	10.000000	7.083454	0.390904
2296	10.000000	7.230796	0.462673
2297	10.000000	6.560541	0.444122
2298	10.000000	9.250161	0.728817
2299	10.000000	8.681019	0.801774
2300	10.000000	8.651500	0.706201
2301	10.000000	6.923607	0.843916
2302	10.000000	6.341842	0.852620
2303	10.000000	6.491483	0.800759
2304	10.000000	6.886121	0.580593
2305	10.000000	6.379592	0.622320
2306	10.000000	6.224417	0.559222
2307	10.000000	5.166550	0.856922
2308	10.000000	4.575367	0.853397
2309	10.000000	5.281613	0.810183
2310	10.000000	2.762967	0.853243
2311	10.000000	2.184313	0.855857
2312	10.000000	2.892966	0.806442
2313	10.000000	5.195882	0.653466
2314	10.000000	4.532525	0.650867
2315	10.000000	5.038822	0.599029
2316	10.000000	1.644150	0.834247
2317	10.000000	1.418176	0.822605
2318	10.000000	2.186105	0.783303
2319	10.000000	0.578393	0.810755
2320	10.000000	0.536537	0.774463
2321	10.000000	1.282332	0.697479
2322	10.000000	3.654113	0.611229
2323	10.000000	3.443375	0.566971
2324	10.000000	4.151495	0.550772
2325	10.000000	1.269525	0.580052
2326	10.000000	1.716589	0.487184
2327	10.000000	1.818714	0.541632
2328	10.000000	3.090716	0.224963
2329	10.000000	3.508943	0.144016
2330	10.000000	3.730463	0.203477
2331	10.000000	3.764543	0.449140
2332	10.000000	4.274610	0.379649
2333	10.000000	4.460011	0.435645
2334	-10.000000	8.644444	0.068010
2335	-10.000000	7.873769	0.063679
2336	-10.000000	7.988502	0.131683
2337	-10.000000	5.427911	0.059350
2338	-10.000000	4.634793	0.060952
2339	-10.000000	4.908909	0.122286
2340	-10.000000	6.232052	0.311387
2341	-10.000000	5.514944	0.308078
2342	-10.000000	5.698243	0.370216
2343	-10.000000	3.516751	0.142887
2344	-10.000000	3.103423	0.223074
2345	-10.000000	3.741606	0.201999
2346	-10.000000	1.751184	0.483212
2347	-10.000000	1.314627	0.576414
2348	-10.000000	1.854228	0.537739
2349	-10.000000	4.294879	0.377450
2350	-10.000000	3.791626	0.445972
2351	-10.000000	4.482479	0.433438
2352	-10.000000	0.609199	0.775934
2353	-10.000000	0.648697	0.817600
2354	-10.000000	1.325054	0.695852
2355	-10.000000	1.591308	0.807422
2356	-10.000000	1.668757	0.828506
2357	-10.000000	2.279779	0.776041
2358	-10.000000	3.485278	0.562365
2359	-10.000000	3.696071	0.607229
2360	-10.000000	4.182009	0.547937
2361	-10.000000	2.157630	0.855411
2362	-10.000000	2.745922	0.853075
2363	-10.000000	2.886703	0.805880
2364	-10.000000	4.567595	0.853376
2365	-10.000000	5.160174	0.856916
2366	-10.000000	5.275835	0.810181
2367	-10.000000	4.551393	0.649620
2368	-10.000000	5.205674	0.652983
2369	-10.000000	5.055355	0.598030
2370	-10.000000	6.337826	0.852633
2371	-10.000000	6.920713	0.843946
2372	-10.000000	6.488497	0.800806
2373	-10.000000	8.680488	0.801885
2375	-10.000000	8.652036	0.706329
2376	-10.000000	6.385332	0.622254
2377	-10.000000	6.891919	0.580558
2378	-10.000000	6.233699	0.558936
2379	-10.000000	-2.100052	0.044693
2380	-10.000000	-1.309818	0.038334
2381	-10.000000	-1.493394	0.084160
2382	-10.000000	1.316296	0.038799
2383	-10.000000	2.101473	0.045470
2384	-10.000000	1.499580	0.085562
2385	-10.000000	-0.226055	0.205190
2386	-10.000000	0.247300	0.205295
2387	-10.000000	0.015219	0.249452
2388	-10.000000	2.564314	0.128742
2389	-10.000000	2.267572	0.207181
2390	-10.000000	1.952783	0.170088
2391	-10.000000	1.012747	0.486554
2392	-10.000000	0.646077	0.581585
2394	-10.000000	0.602368	0.309325
2395	-10.000000	0.470701	0.418984
2396	-10.000000	0.318563	0.358782
2397	-10.000000	0.260988	0.704313
2401	-10.000000	-0.167418	0.709015
2406	10.000000	-2.098784	0.044673
2407	10.000000	-1.308077	0.038379
2408	10.000000	-1.491878	0.084229
2409	10.000000	1.317213	0.039041
2410	10.000000	2.101171	0.045811
2411	10.000000	1.498989	0.086177
2412	10.000000	-0.231152	0.206163
2413	10.000000	0.241629	0.206474
2414	10.000000	0.005757	0.250859
2415	10.000000	2.558595	0.129882
2416	10.000000	2.256655	0.209102
2417	10.000000	1.945633	0.171591
2418	10.000000	0.971464	0.490553
2419	10.000000	0.587989	0.585523
2421	10.000000	0.584892	0.311599
2422	10.000000	0.438086	0.422133
2423	10.000000	0.295099	0.361383
2424	10.000000	0.173524	0.706728
2428	10.000000	-0.265252	0.718609
2433	5.920884	-9.475696	-0.000000
2434	3.612549	-9.502987	0.000000
2435	4.435229	-8.905527	-0.000000
2436	-3.612599	-9.502982	0.000000
2437	-5.920933	-9.475686	-0.000000
2438	-4.435282	-8.905516	-0.000000
2439	0.924265	-7.310284	-0.000000
2440	-0.924309	-7.310281	-0.000000
2441	-0.000020	-6.823242	-0.000000
2442	-8.335037	-8.720384	-0.000000
2443	-8.503897	-7.944620	0.000000
2444	-6.866897	-8.116243	-0.000000
2445	-8.630181	-5.455173	-0.000001
2446	-8.543432	-4.667147	0.000004
2447	-7.128882	-4.985810	-0.000002
2448	-3.158664	-6.520435	-0.000000
2449	-3.228479	-5.817251	0.000000
2450	-2.020894	-6.089362	-0.000000
2451	-6.318778	-3.706832	-0.000002
2452	-3.960224	-3.517752	-0.000000
2453	-4.827458	-4.007478	0.000001
2454	3.960326	-3.517789	-0.000000
2455	6.318881	-3.706883	-0.000002
2456	4.827528	-4.007528	0.000001
2457	-1.002600	-4.928247	-0.000000
2458	1.002569	-4.928254	-0.000000
2459	-0.000019	-5.301221	0.000000
2460	6.193048	-2.735661	-0.000002
2461	3.836011	-2.669197	0.000001
2462	4.735234	-2.188657	-0.000001
2463	-3.835890	-2.669171	0.000001
2464	-6.192943	-2.735637	-0.000002
2465	-4.735115	-2.188634	-0.000001
2466	1.057874	-0.915528	0.000000
2467	-1.057766	-0.915525	0.000000
2468	0.000044	-0.571415	-0.000000
2469	-8.552497	-2.101366	0.000001
2470	-8.736114	-1.312406	0.000000
2471	-7.239472	-1.529747	0.000000
2472	-8.736035	1.312572	0.000000
2473	-8.552370	2.101375	0.000001
2474	-7.239361	1.529723	0.000000
2475	-3.564516	-0.283398	-0.000000
2476	-3.564518	0.283313	-0.000000
2477	-2.291222	-0.000044	0.000000
2478	-6.192830	2.735461	-0.000002
2479	-3.835849	2.668988	0.000001
2480	-4.735032	2.188489	-0.000001
2481	3.835788	2.668996	0.000001
2482	6.192761	2.735477	-0.000002
2483	4.734976	2.188502	-0.000001
2484	-1.057803	0.915422	0.000000
2485	1.057811	0.915423	0.000000
2486	0.000013	0.571320	-0.000000
2487	8.335101	8.720282	-0.000000
2488	8.503944	7.944451	0.000000
2489	6.866963	8.116159	-0.000000
2490	8.630157	5.454882	-0.000001
2491	8.543371	4.666865	0.000004
2492	7.128822	4.985606	-0.000002
2493	3.158671	6.520382	-0.000000
2494	3.228468	5.817181	0.000000
2495	2.020885	6.089310	-0.000000
2496	6.318645	3.706625	-0.000002
2497	3.960122	3.517564	-0.000000
2498	4.827347	4.007308	0.000001
2499	-3.960178	3.517561	-0.000000
2500	-6.318699	3.706624	-0.000002
2501	-4.827394	4.007308	0.000001
2502	1.002568	4.928161	-0.000000
2503	-1.002586	4.928160	-0.000000
2504	-0.000007	5.301150	0.000000
2505	-8.543399	4.666902	0.000004
2506	-8.630172	5.454940	-0.000001
2507	-7.128850	4.985627	-0.000002
2508	-8.503928	7.944502	0.000000
2509	-8.335075	8.720314	-0.000000
2510	-6.866942	8.116177	-0.000000
2511	-3.228477	5.817181	0.000000
2512	-3.158674	6.520383	-0.000000
2513	-2.020891	6.089309	-0.000000
2514	8.508086	-4.960973	0.920624
2515	8.574167	-4.374483	0.920728
2516	7.058205	-4.873152	0.922088
2517	8.419137	-2.455562	0.920224
2518	8.244002	-1.838128	0.916308
2519	6.746798	-2.366239	0.920771
2520	3.155549	-4.425935	0.922098
2521	3.074189	-3.823204	0.922090
2522	1.968098	-4.220699	0.922097
2523	5.812945	-1.217825	0.893912
2524	3.535107	-1.185316	0.891727
2525	4.333431	-1.711416	0.914314
2526	-3.533983	-1.183324	0.891532
2527	-5.811564	-1.214915	0.893514
2528	-4.333227	-1.708951	0.914230
2529	0.895299	-3.149815	0.922027
2530	-0.897296	-3.149352	0.922026
2531	-0.001036	-3.589398	0.922085
2532	-8.243469	-1.834202	0.916139
2533	-8.419133	-2.451250	0.920202
2534	-6.746973	-2.362599	0.920729
2535	-8.574742	-4.370511	0.920728
2536	-8.508758	-4.957375	0.920624
2537	-7.059366	-4.870049	0.922088
2538	-3.076020	-3.821717	0.922090
2539	-3.157360	-4.424506	0.922098
2540	-1.970018	-4.219806	0.922097
2541	8.243047	1.841785	0.916437
2542	8.418366	2.458534	0.920247
2543	6.745695	2.368437	0.920787
2544	8.573784	4.375917	0.920730
2545	8.507755	4.962096	0.920624
2546	7.057669	4.874100	0.922088
2547	3.073371	3.823751	0.922090
2548	3.154815	4.426410	0.922098
2549	1.967361	4.221024	0.922097
2550	6.292528	5.859947	0.918958
2551	3.940818	6.151237	0.917241
2552	4.800028	5.767334	0.921641
2553	-3.943957	6.149176	0.917250
2554	-6.294871	5.856564	0.918972
2555	-4.802856	5.764635	0.921643
2556	0.987349	5.214046	0.922099
2557	-0.990518	5.213428	0.922099
2558	-0.001590	4.914617	0.922099
2559	-8.508906	4.956709	0.920624
2560	-8.574895	4.369752	0.920728
2561	-7.059650	4.869439	0.922088
2562	-8.419526	2.449973	0.920208
2563	-8.244095	1.832576	0.916167
2564	-6.747531	2.361577	0.920730
2565	-3.157929	4.424193	0.922098
2566	-3.076635	3.821391	0.922090
2567	-1.970651	4.219625	0.922097
