1	10.000000	-15.000000	0.000000
2	-10.000000	-15.000000	0.000000
3	10.000000	15.000000	0.000000
4	-10.000000	15.000000	0.000000
5	10.000000	-10.048835	0.000000
6	-10.000000	-10.048834	0.000000
7	10.000000	10.048834	0.000000
8	-10.000000	10.048833	0.000000
9	10.000000	-9.872466	0.724263
10	-10.000000	-9.872468	0.724262
11	10.000000	-0.713977	0.887428
12	-10.000000	-0.706898	0.882522
13	10.000000	0.716577	0.893708
14	-10.000000	0.704671	0.885948
15	10.000000	9.872465	0.724262
16	-10.000000	9.872467	0.724261
17	10.000000	-5.851565	0.900000
18	-10.000000	-5.848457	0.900000
19	10.000000	5.852189	0.900000
20	-10.000000	5.847856	0.900000
21	10.000000	3.491242	0.000018
22	-10.000000	3.491219	0.000018
23	10.000000	0.371210	0.781507
24	-10.000000	0.427667	0.774602
25	10.000000	-3.491566	0.000017
26	-10.000000	-3.491438	0.000017
27	10.000000	-0.484227	0.784783
28	-10.000000	-0.390860	0.766030
29	-0.000002	-10.000000	0.443988
30	-0.000690	-9.241392	0.912642
31	0.018792	-0.334381	0.770622
33	0.051918	0.330556	0.769897
34	-0.000954	9.241392	0.912642
35	-0.000003	10.000000	0.443988
36	10.000000	-5.271392	0.491721
37	-10.000000	-5.279409	0.490557
38	10.000000	5.257351	0.491833
39	-10.000000	5.273343	0.490822
40	-10.000000	0.037159	0.342579
41	10.000000	0.022593	0.344155
42	-0.000008	-5.738122	0.000000
43	0.000015	-0.000020	-0.000000
44	-0.000002	5.738102	0.000000
45	-0.000742	-4.635678	0.914651
46	-0.001264	4.635725	0.914651
47	0.000000	0.000000	0.000000
48	-0.000008	-10.044747	0.000000
49	-0.000554	-9.827176	0.900000
50	0.000592	-0.662606	0.836914
51	0.105080	0.049487	0.736535
52	0.001063	0.662673	0.836945
53	-0.000763	9.827176	0.900000
54	0.000002	10.044747	0.000000
55	10.000000	-10.000000	0.371694
56	-10.000000	-10.000000	0.371688
57	10.000000	1.902779	0.333449
58	-10.000000	1.919050	0.330539
59	10.000000	10.000000	0.371677
60	-10.000000	10.000000	0.371676
61	10.000000	-7.931523	0.899985
62	-10.000000	-7.930232	0.899985
63	9.192184	-0.614330	0.852249
64	-9.140383	-0.624082	0.854038
65	9.137424	0.604997	0.857061
66	-9.132121	0.624621	0.856983
67	10.000000	7.931769	0.899985
68	-10.000000	7.929987	0.899985
69	10.000000	-6.771120	0.000000
70	-10.000000	-6.770951	0.000000
71	10.000000	6.770674	0.000000
72	-10.000000	6.770731	0.000000
73	-0.000006	2.693559	0.000000
74	10.000000	-1.959546	0.324892
75	-10.000000	-1.944782	0.326669
76	10.000000	0.000403	0.000000
77	-10.000000	0.000211	0.000000
78	0.055211	-0.065858	0.737487
79	0.000036	-2.693724	0.000000
82	-0.001102	-7.158310	0.900000
83	-0.001606	7.158301	0.900000
84	10.000000	3.393917	0.899999
85	-10.000000	3.385423	0.899999
86	10.000000	-3.392458	0.899999
87	-10.000000	-3.386532	0.899999
88	3.946195	-10.000000	0.263613
89	4.030391	-10.000000	0.610023
90	-4.030447	-10.000000	0.610022
91	-3.946193	-10.000000	0.263613
92	5.092020	-9.372451	0.912632
93	4.222889	-8.400220	0.910762
94	-4.224473	-8.399654	0.910762
95	-5.092902	-9.372252	0.912634
96	3.463243	-0.481385	0.801100
97	3.678595	-0.260711	0.758978
98	-3.766902	-0.257069	0.757907
99	-3.362132	-0.479541	0.800509
100	5.620107	-0.049890	0.737145
102	-5.485309	0.026298	0.735885
104	3.809579	0.246663	0.756378
105	3.476256	0.479162	0.800373
106	-3.353441	0.477722	0.800175
107	-3.704533	0.250751	0.757081
108	4.222579	8.400325	0.910762
109	5.091856	9.372488	0.912631
110	-5.093072	9.372214	0.912634
111	-4.224784	8.399542	0.910762
112	3.946187	10.000000	0.263613
113	-3.946186	10.000000	0.263613
114	-4.030461	10.000000	0.610022
115	4.030388	10.000000	0.610023
116	10.000000	-7.416489	0.264427
117	10.000000	-4.449872	0.250457
118	10.000000	-2.538269	0.539638
119	10.000000	-3.316139	0.715114
120	10.000000	-6.017214	0.722071
121	10.000000	-7.985604	0.570945
122	-10.000000	-7.417689	0.264193
123	-10.000000	-7.987731	0.570962
124	-10.000000	-6.015365	0.722078
125	-10.000000	-3.325318	0.712356
126	-10.000000	-2.480884	0.543094
127	-10.000000	-4.439557	0.250712
128	10.000000	7.410921	0.264511
129	10.000000	7.983997	0.570835
130	10.000000	6.016870	0.721933
131	10.000000	3.314228	0.715561
132	10.000000	2.442087	0.550217
133	10.000000	4.421877	0.252518
134	-10.000000	7.414846	0.264257
135	-10.000000	4.430553	0.251409
136	-10.000000	2.472762	0.545307
137	-10.000000	3.325773	0.713173
138	-10.000000	6.016600	0.722015
139	-10.000000	7.986903	0.570891
140	-10.000000	-0.959331	0.166977
141	-10.000000	0.968888	0.168859
144	10.000000	-0.960520	0.166725
145	10.000000	0.966121	0.169837
148	3.825584	-7.536653	0.000000
149	-3.825606	-7.536645	0.000000
150	-4.003509	-4.521694	0.000000
151	4.003481	-4.521718	0.000000
152	4.400409	-1.032425	0.000000
153	-4.400333	-1.032406	0.000000
154	-4.400310	1.032344	0.000000
155	4.400311	1.032350	0.000000
156	3.825628	7.536628	0.000000
157	4.003487	4.521629	0.000000
158	-4.003497	4.521625	0.000000
159	-3.825629	7.536627	0.000000
160	3.929835	-5.653423	0.914586
161	3.766400	-2.959593	0.914631
162	-3.768341	-2.957745	0.914630
163	-3.931223	-5.652169	0.914585
164	3.765789	2.960184	0.914631
165	3.929440	5.653747	0.914586
166	-3.931634	5.651882	0.914585
167	-3.768980	2.957253	0.914630
168	5.161941	-10.045978	0.000000
169	5.162899	-9.836719	0.900000
170	5.106148	-0.676427	0.840367
171	5.442745	0.100895	0.740295
172	5.106481	0.677723	0.840272
173	5.162772	9.836718	0.900000
174	5.161979	10.045978	0.000000
175	10.000000	-10.000000	0.177919
176	-10.000000	-10.000000	0.177909
177	10.000000	2.721691	0.165894
178	-10.000000	2.727689	0.164793
179	10.000000	10.000000	0.177911
180	-10.000000	10.000000	0.177904
181	10.000000	-9.064638	0.898705
182	-10.000000	-9.064124	0.898721
185	9.145390	0.399615	0.791418
186	-9.126056	0.433603	0.788386
187	10.000000	6.834563	0.899968
188	-10.000000	6.831555	0.899968
189	10.000000	-8.501250	0.000000
190	-10.000000	-8.501185	0.000000
191	10.000000	8.501030	0.000000
192	-10.000000	8.501072	0.000000
193	5.443807	2.942191	0.000000
194	10.000000	-2.747319	0.162020
195	-10.000000	-2.740353	0.163071
196	10.000000	-1.914900	0.000000
197	-10.000000	-1.914965	0.000000
198	5.654046	-0.151784	0.745580
199	5.443935	-2.942430	0.000000
202	5.320770	-6.786213	0.900000
203	5.320405	6.786510	0.900000
204	10.000000	1.995319	0.899995
205	-10.000000	1.984297	0.899995
206	10.000000	-4.727689	0.900000
207	-10.000000	-4.723315	0.900000
208	6.611590	-10.000000	0.144692
209	6.710328	-10.000000	0.709420
210	-6.710476	-10.000000	0.709419
211	-6.611568	-10.000000	0.144691
212	7.058390	-9.564177	0.906620
213	6.684777	-7.414742	0.907474
214	-6.685996	-7.413325	0.907474
215	-7.058888	-9.564030	0.906625
216	5.770370	-0.591044	0.824458
217	5.973444	-0.259188	0.760696
218	-6.256300	-0.250552	0.758289
219	-5.699442	-0.587346	0.823144
220	7.744926	-0.205270	0.753117
221	-8.109320	-0.158295	0.741399
222	-7.819131	0.164155	0.745343
223	7.912792	0.131859	0.742238
224	6.352894	0.233421	0.756230
225	5.777508	0.591017	0.823888
226	-5.694783	0.585794	0.822832
227	-6.257537	0.248245	0.758340
228	6.684523	7.415013	0.907475
229	7.058298	9.564204	0.906619
230	-7.058983	9.564002	0.906626
231	-6.686242	7.413046	0.907473
232	6.611574	10.000000	0.144692
233	-6.611557	10.000000	0.144691
234	-6.710519	10.000000	0.709418
235	6.710322	10.000000	0.709419
236	10.000000	-8.656864	0.142835
237	10.000000	-4.032268	0.127326
238	10.000000	-1.447717	0.596228
239	10.000000	-2.299427	0.817455
240	10.000000	-6.086205	0.823455
241	10.000000	-9.052249	0.659063
242	-10.000000	-8.657201	0.142760
243	-10.000000	-9.052789	0.659118
244	-10.000000	-6.081110	0.823459
245	-10.000000	-2.282355	0.815283
246	-10.000000	-1.239717	0.626452
247	-10.000000	-4.024542	0.127898
248	10.000000	8.654700	0.142886
249	10.000000	9.051874	0.659008
250	10.000000	6.086738	0.823406
251	10.000000	2.306795	0.818050
252	10.000000	1.213894	0.634720
253	10.000000	4.013324	0.129056
254	-10.000000	8.656045	0.142791
255	-10.000000	4.017408	0.128458
256	-10.000000	1.250195	0.629274
257	-10.000000	2.288652	0.816054
258	-10.000000	6.082217	0.823449
259	-10.000000	9.052614	0.659082
260	-10.000000	-2.028716	0.093920
261	-10.000000	2.025356	0.095519
264	10.000000	-2.029506	0.093509
265	10.000000	2.023533	0.096109
268	6.479976	-8.737833	0.000000
269	-6.480000	-8.737822	0.000000
270	-6.778427	-4.032985	0.000002
271	6.778447	-4.033073	0.000002
272	6.903199	-2.020905	0.000001
273	-6.903110	-2.020848	0.000001
274	-6.903016	2.020757	0.000001
275	6.902986	2.020777	0.000001
276	6.480048	8.737798	0.000000
277	6.778364	4.032849	0.000002
278	-6.778379	4.032842	0.000002
279	-6.480039	8.737800	0.000000
280	6.689446	-5.881103	0.913791
281	6.409108	-1.853051	0.913009
282	-6.409986	-1.848771	0.912932
283	-6.690694	-5.878852	0.913787
284	6.408701	1.854325	0.913019
285	6.689167	5.881581	0.913791
286	-6.690989	5.878383	0.913787
287	-6.410451	1.847657	0.912928
288	-5.161957	-10.045978	0.000000
289	-5.163586	-9.836723	0.900000
290	-5.105132	-0.672512	0.839541
291	-5.348253	0.115920	0.741361
292	-5.104861	0.671546	0.839286
293	-5.163718	9.836724	0.900000
294	-5.161973	10.045978	0.000000
295	10.000000	-10.000000	0.561716
296	-10.000000	-10.000000	0.561718
297	10.000000	1.035290	0.523829
298	-10.000000	1.071845	0.518287
299	10.000000	10.000000	0.561703
300	-10.000000	10.000000	0.561709
301	10.000000	-6.834141	0.899968
302	-10.000000	-6.831973	0.899968
304	-9.159501	-0.421852	0.784535
307	10.000000	9.064734	0.898702
308	-10.000000	9.064027	0.898723
309	10.000000	-5.043974	0.000000
310	-10.000000	-5.043737	0.000000
311	10.000000	5.043435	0.000000
312	-10.000000	5.043468	0.000000
313	-5.443825	2.942180	0.000000
314	10.000000	-1.101034	0.516690
315	-10.000000	-1.068577	0.514302
316	10.000000	1.915309	0.000000
317	-10.000000	1.915165	0.000000
318	-5.236896	-0.115962	0.741069
319	-5.443869	-2.942348	0.000000
320	9.587524	-0.051512	0.686850
322	-5.322410	-6.784670	0.900000
323	-5.322780	6.784358	0.900000
324	10.000000	4.728620	0.900000
325	-10.000000	4.722485	0.900000
326	10.000000	-1.993022	0.899995
327	-10.000000	-1.985742	0.899995
328	1.735441	-10.000000	0.365260
329	1.753496	-10.000000	0.519591
330	-1.753512	-10.000000	0.519591
331	-1.735443	-10.000000	0.365260
332	2.457694	-9.321023	0.912479
333	2.007876	-8.971975	0.912445
334	-2.009432	-8.971810	0.912445
335	-2.458934	-9.320899	0.912480
336	1.573329	-0.393715	0.782433
337	1.621226	-0.292245	0.763304
338	-1.627218	-0.291047	0.762902
339	-1.500150	-0.392824	0.782120
342	-1.959642	-0.011843	0.735503
344	1.684336	0.285425	0.762001
345	1.598310	0.390341	0.781652
346	-1.483533	0.390288	0.781674
347	-1.578222	0.286118	0.762150
348	2.007578	8.972005	0.912445
349	2.457460	9.321046	0.912479
350	-2.459172	9.320874	0.912480
351	-2.009731	8.971778	0.912445
352	1.735439	10.000000	0.365260
353	-1.735442	10.000000	0.365260
354	-1.753514	10.000000	0.519591
355	1.753494	10.000000	0.519591
356	10.000000	-6.299166	0.378957
357	10.000000	-4.856395	0.372010
358	10.000000	-3.864935	0.500283
359	10.000000	-4.286021	0.604440
360	10.000000	-5.687465	0.609197
361	10.000000	-6.678637	0.513202
362	-10.000000	-6.302598	0.378407
363	-10.000000	-6.683823	0.512925
364	-10.000000	-5.694252	0.608739
365	-10.000000	-4.300444	0.602310
366	-10.000000	-3.863690	0.498336
367	-10.000000	-4.854334	0.371153
368	10.000000	6.288996	0.379065
369	10.000000	6.673554	0.513057
370	10.000000	5.683206	0.608998
371	10.000000	4.275288	0.604600
372	10.000000	3.827915	0.502317
373	10.000000	4.831124	0.373133
374	-10.000000	6.297777	0.378534
375	-10.000000	4.845634	0.371734
376	-10.000000	3.854286	0.499395
377	-10.000000	4.296193	0.602829
378	-10.000000	5.692445	0.608728
379	-10.000000	6.681159	0.512884
380	-10.000000	-0.299619	0.252367
381	-10.000000	0.329243	0.251312
383	-10.000000	0.077112	0.415452
384	10.000000	-0.305663	0.252904
385	10.000000	0.322711	0.252543
387	10.000000	0.053374	0.417800
388	1.667446	-6.503561	0.000000
389	-1.667463	-6.503558	0.000000
390	-1.731588	-5.124336	0.000000
391	1.731564	-5.124340	0.000000
392	2.047112	-0.399233	-0.000000
393	-2.047063	-0.399229	-0.000000
394	-2.047074	0.399182	-0.000000
395	2.047094	0.399182	-0.000000
396	1.667466	6.503543	0.000000
397	1.731579	5.124303	0.000000
398	-1.731586	5.124302	0.000000
399	-1.667471	6.503542	0.000000
400	1.702395	-5.178116	0.914651
401	1.634907	-3.924365	0.914651
402	-1.636729	-3.923786	0.914651
403	-1.703764	-5.177601	0.914651
404	1.634301	3.924596	0.914651
405	1.701939	5.178295	0.914651
406	-1.704232	5.177490	0.914651
407	-1.637353	3.923661	0.914651
408	0.000002	-10.000000	0.239865
409	-2.342957	-10.000000	0.127757
410	2.342963	-10.000000	0.127757
411	-0.000680	-9.560896	0.909332
412	-2.423806	-9.721211	0.904744
413	2.422692	-9.721243	0.904743
414	-0.000661	-6.083693	0.914568
415	-2.418130	-6.608985	0.913725
416	2.416650	-6.609665	0.913725
417	0.044034	-0.481468	0.800444
418	-1.971687	-0.573503	0.819804
419	2.039073	-0.574774	0.820111
420	5.964044	-0.007135	0.736110
421	8.223204	0.029949	0.733088
422	8.078869	-0.091798	0.736531
423	0.059337	0.198448	0.748790
424	-2.264726	0.135112	0.742114
425	2.400201	0.131112	0.741785
426	-0.001930	2.812127	0.914628
427	-2.235027	1.736406	0.912659
428	2.232087	1.738640	0.912687
429	-0.001415	8.551922	0.910032
430	-2.370684	7.870766	0.906260
431	2.367683	7.871447	0.906260
432	4.591172	10.000000	0.434757
433	7.202915	10.000000	0.515185
434	7.185985	10.000000	0.317847
435	10.000000	-7.703835	0.412718
436	10.000000	-8.953874	0.478210
437	10.000000	-8.813160	0.304062
438	-10.000000	-5.912930	0.247858
439	-10.000000	-5.510342	0.121613
440	-10.000000	-7.108467	0.126230
441	10.000000	5.900530	0.248741
442	10.000000	5.502087	0.122254
443	10.000000	7.103122	0.126541
444	-10.000000	7.704429	0.412527
445	-10.000000	8.954340	0.478156
446	-10.000000	8.813074	0.303971
447	-10.000000	-0.730160	0.307940
448	-10.000000	-1.006856	0.387370
449	-10.000000	-1.600214	0.228489
450	10.000000	-0.741505	0.308222
451	10.000000	-1.025986	0.387880
452	10.000000	-1.606276	0.227715
453	4.504188	-6.003176	0.000000
454	7.199496	-5.500703	0.000000
455	7.104027	-7.164004	0.000000
456	5.230612	-0.000020	-0.000000
457	7.686041	0.747099	0.000000
458	7.686118	-0.747030	0.000000
459	-0.000001	7.710336	0.000000
460	-2.265586	8.871640	0.000000
461	2.265588	8.871641	0.000000
462	7.186001	-10.000000	0.317849
463	7.202910	-10.000000	0.515188
464	4.591176	-10.000000	0.434758
465	2.472463	-10.000000	0.745098
466	-2.472793	-10.000000	0.745097
467	-0.000039	-10.000000	0.643104
468	-7.202941	-10.000000	0.515186
469	-7.186011	-10.000000	0.317847
470	-4.591188	-10.000000	0.434757
471	8.026799	-8.842458	0.914826
472	7.620031	-8.087837	0.912536
473	5.441858	-8.876268	0.913571
474	2.368117	-7.871358	0.906260
475	-2.370252	-7.870866	0.906260
476	-0.001019	-8.551925	0.910032
477	-7.620749	-8.086823	0.912535
478	-8.027249	-8.841902	0.914827
479	-5.442878	-8.875845	0.913571
480	6.591582	-0.508968	0.809408
481	6.925007	-0.397054	0.787503
482	4.265248	-0.379007	0.780573
483	2.236124	-0.147925	0.743543
484	-2.317809	-0.143567	0.742764
485	-0.056512	-0.207034	0.749880
486	-6.797343	-0.392318	0.784497
487	-6.428628	-0.503835	0.806867
488	-4.177609	-0.375784	0.779422
489	3.895770	-0.069942	0.738188
490	-4.263387	-0.056815	0.736974
491	-0.493517	-0.025963	0.735852
492	-8.252677	-0.045663	0.731478
493	-8.087098	0.069931	0.734262
494	-6.084782	-0.017055	0.735524
495	-3.702642	0.047655	0.736005
496	4.279530	0.038473	0.736231
497	0.802249	0.009277	0.735455
498	6.807353	0.378891	0.782724
499	6.572729	0.505000	0.807977
500	4.275682	0.371467	0.778569
501	2.051254	0.574446	0.819993
502	-1.963392	0.572636	0.819656
503	0.059033	0.480056	0.800158
504	-6.412215	0.501329	0.806553
505	-6.744003	0.388802	0.784189
506	-4.152324	0.372222	0.778828
507	7.619889	8.088027	0.912537
508	8.026715	8.842561	0.914826
509	5.441664	8.876346	0.913571
510	2.422483	9.721249	0.904742
511	-2.424018	9.721205	0.904744
512	-0.000938	9.560896	0.909332
513	-8.027336	8.841794	0.914827
514	-7.620891	8.086626	0.912535
515	-5.443076	8.875762	0.913571
516	2.342963	10.000000	0.127757
517	-2.342954	10.000000	0.127757
518	0.000002	10.000000	0.239865
519	-7.185998	10.000000	0.317846
520	-7.202947	10.000000	0.515184
521	-4.591186	10.000000	0.434757
522	-2.472860	10.000000	0.745097
523	2.472408	10.000000	0.745098
524	-0.000052	10.000000	0.643104
525	10.000000	-7.109090	0.126344
526	10.000000	-5.514382	0.121600
527	10.000000	-5.914327	0.248217
528	10.000000	-3.129056	0.273097
529	10.000000	-2.260180	0.429293
530	10.000000	-3.488290	0.388826
531	10.000000	-1.362957	0.722736
532	10.000000	-1.786779	0.769258
533	10.000000	-2.862007	0.633722
534	10.000000	-3.563967	0.806268
535	10.000000	-4.848982	0.806651
536	10.000000	-4.679413	0.706476
537	10.000000	-7.238393	0.781414
538	10.000000	-8.266787	0.742449
539	10.000000	-7.051500	0.649300
540	-10.000000	-8.814040	0.303977
541	-10.000000	-8.954898	0.478194
542	-10.000000	-7.706408	0.412550
543	-10.000000	-8.266952	0.742533
544	-10.000000	-7.236763	0.781482
545	-10.000000	-7.053634	0.649359
546	-10.000000	-4.839100	0.806534
547	-10.000000	-3.547761	0.805601
548	-10.000000	-4.679592	0.705820
549	-10.000000	-1.799993	0.764204
550	-10.000000	-1.334013	0.724926
551	-10.000000	-2.875942	0.629617
552	-10.000000	-2.203735	0.436965
553	-10.000000	-3.108952	0.275425
554	-10.000000	-3.463267	0.390032
555	10.000000	8.811453	0.304048
556	10.000000	8.952895	0.478152
557	10.000000	7.700245	0.412657
558	10.000000	8.266456	0.742383
559	10.000000	7.238365	0.781351
560	10.000000	7.049991	0.649153
561	10.000000	4.850322	0.806570
562	10.000000	3.567916	0.806238
563	10.000000	4.678844	0.706330
564	10.000000	1.770746	0.773190
565	10.000000	1.287342	0.737235
566	10.000000	2.835128	0.636399
567	10.000000	2.174343	0.442275
568	10.000000	3.085650	0.278459
569	10.000000	3.433957	0.393860
570	-10.000000	7.105675	0.126334
571	-10.000000	5.505493	0.121878
572	-10.000000	5.907147	0.248133
573	-10.000000	3.096561	0.276723
574	-10.000000	2.196784	0.438620
575	-10.000000	3.452235	0.391327
576	-10.000000	1.333560	0.729533
577	-10.000000	1.798683	0.766508
578	-10.000000	2.872404	0.631168
579	-10.000000	3.553428	0.805761
580	-10.000000	4.842027	0.806539
581	-10.000000	4.681265	0.705905
582	-10.000000	7.237269	0.781449
583	-10.000000	8.266933	0.742493
584	-10.000000	7.053217	0.649268
585	-10.000000	-0.753312	0.068405
586	-10.000000	0.760975	0.068806
587	-10.000000	0.005120	0.142848
588	-10.000000	1.577403	0.235054
589	-10.000000	0.910900	0.410042
590	-10.000000	0.740520	0.314906
591	-10.000000	0.042335	0.638867
594	10.000000	-0.751091	0.068317
595	10.000000	0.762684	0.069044
596	10.000000	0.005601	0.143128
597	10.000000	1.568648	0.236898
598	10.000000	0.886634	0.413715
599	10.000000	0.727071	0.317186
600	10.000000	-0.029124	0.639706
603	2.265558	-8.871648	0.000000
604	-2.265575	-8.871646	0.000000
605	-0.000008	-7.710345	0.000000
606	-7.104059	-7.163966	0.000000
607	-7.199523	-5.500632	0.000000
608	-4.504215	-6.003159	0.000000
609	-2.467483	-3.411925	0.000000
610	2.467461	-3.411949	0.000000
611	-0.000019	-4.099412	0.000000
612	2.494519	-1.861784	0.000000
613	-2.494401	-1.861759	0.000000
614	0.000049	-1.079037	0.000000
615	-7.686082	-0.747041	0.000000
616	-7.686047	0.747060	0.000000
617	-5.230587	-0.000020	-0.000000
618	-2.494402	1.861657	0.000000
619	2.494398	1.861661	0.000000
620	0.000005	1.078967	0.000000
621	7.104090	7.163895	0.000000
622	7.199521	5.500519	0.000000
623	4.504226	6.003119	0.000000
624	2.467431	3.411826	0.000000
625	-2.467444	3.411822	0.000000
626	-0.000006	4.099352	0.000000
627	-7.199529	5.500520	0.000000
628	-7.104090	7.163900	0.000000
629	-4.504233	6.003117	0.000000
630	7.110945	-4.665045	0.914632
631	7.025009	-3.238874	0.914629
632	4.428579	-4.340033	0.914651
633	2.232612	-1.738163	0.912681
634	-2.234506	-1.736750	0.912664
635	-0.001199	-2.812060	0.914628
636	-7.026203	-3.235019	0.914628
637	-7.112098	-4.661998	0.914632
638	-4.430101	-4.338307	0.914651
639	7.024593	3.239905	0.914629
640	7.110636	4.665764	0.914632
641	4.428106	4.340533	0.914651
642	2.416245	6.609819	0.913726
643	-2.418553	6.608839	0.913724
644	-0.001087	6.083712	0.914568
645	-7.112388	4.661333	0.914632
646	-7.026559	3.234113	0.914628
647	-4.430591	4.337877	0.914651
648	7.632775	-10.047320	0.000000
649	7.590772	-9.847961	0.900000
650	7.576030	-0.693205	0.845918
651	8.210538	0.210429	0.752299
652	7.576033	0.695208	0.846733
653	7.590710	9.847960	0.900000
654	7.632811	10.047320	0.000000
655	10.000000	-10.000000	0.084080
656	-10.000000	-10.000000	0.084074
657	10.000000	3.121096	0.085115
658	-10.000000	3.123893	0.084604
659	10.000000	10.000000	0.084080
660	-10.000000	10.000000	0.084073
661	10.000000	-9.531506	0.842823
662	-10.000000	-9.531294	0.842868
667	10.000000	6.330307	0.899959
668	-10.000000	6.326650	0.899959
669	10.000000	-9.307165	0.000000
670	-10.000000	-9.307137	0.000000
671	10.000000	9.307059	0.000000
672	-10.000000	9.307081	0.000000
673	7.861499	3.202998	0.000000
674	10.000000	-3.134154	0.083291
675	-10.000000	-3.130474	0.083794
676	10.000000	-2.751763	0.000000
677	-10.000000	-2.751732	0.000000
678	7.806061	-0.273934	0.765135
679	7.861614	-3.203288	0.000000
682	7.762107	-6.366150	0.900000
683	7.761899	6.366605	0.900000
684	10.000000	1.331279	0.899988
685	-10.000000	1.319187	0.899955
686	10.000000	-5.321788	0.900000
687	-10.000000	-5.318096	0.900000
688	8.207192	-10.000000	0.074226
689	8.197995	-10.000000	0.759104
690	-8.198169	-10.000000	0.759104
691	-8.207169	-10.000000	0.074225
692	8.281404	-9.676750	0.896674
693	8.175102	-6.719196	0.905639
694	-8.175891	-6.717078	0.905638
695	-8.281684	-9.676650	0.896682
696	7.419315	-0.654019	0.837623
697	7.816663	-0.332428	0.777568
698	-7.761986	-0.273175	0.762785
699	-7.385024	-0.648691	0.835202
700	8.945518	-0.318602	0.758352
701	-8.930044	-0.250872	0.747629
702	-8.156429	0.244729	0.756166
704	7.940866	0.255852	0.760863
705	7.423705	0.655286	0.838396
706	-7.382224	0.647080	0.835230
707	-7.895523	0.285028	0.765436
708	8.174930	6.719609	0.905640
709	8.281352	9.676768	0.896673
710	-8.281738	9.676630	0.896683
711	-8.176053	6.716663	0.905638
712	8.207190	10.000000	0.074226
713	-8.207166	10.000000	0.074225
714	-8.198208	10.000000	0.759103
715	8.197968	10.000000	0.759103
716	10.000000	-9.328472	0.075508
717	10.000000	-3.788109	0.064907
718	10.000000	-0.917769	0.654773
719	10.000000	-1.600333	0.863536
720	10.000000	-5.990161	0.866196
721	10.000000	-9.309686	0.751164
722	-10.000000	-9.328613	0.075478
724	-10.000000	-5.985888	0.866188
725	-10.000000	-1.575656	0.861728
726	-10.000000	-0.840981	0.650413
727	-10.000000	-3.784178	0.065239
728	10.000000	9.327575	0.075541
730	10.000000	5.990757	0.866176
731	10.000000	1.618216	0.864415
732	10.000000	0.820402	0.659074
733	10.000000	3.777244	0.065940
734	-10.000000	9.328129	0.075497
735	-10.000000	3.779432	0.065613
736	-10.000000	0.866455	0.652754
737	-10.000000	1.584540	0.862559
738	-10.000000	5.986133	0.866189
739	-10.000000	9.309663	0.751208
740	-10.000000	-2.717973	0.053466
741	-10.000000	2.714402	0.054175
744	10.000000	-2.719002	0.053201
745	10.000000	2.713150	0.054501
748	8.084991	-9.385533	0.000000
749	-8.085010	-9.385522	0.000000
750	-8.344216	-3.795740	-0.000005
751	8.344266	-3.795871	-0.000005
752	8.332738	-2.686169	0.000004
753	-8.332670	-2.686082	0.000004
754	-8.332576	2.685953	0.000004
755	8.332540	2.685980	0.000004
756	8.085059	9.385500	0.000000
757	8.344143	3.795557	-0.000005
758	-8.344161	3.795548	-0.000005
759	-8.085045	9.385503	0.000000
760	8.288223	-5.884858	0.915702
761	8.025428	-1.274825	0.903549
762	-8.025221	-1.268955	0.902914
763	-8.289069	-5.882100	0.915708
764	8.025413	1.276743	0.903695
765	8.288054	5.885415	0.915701
766	-8.289248	5.881551	0.915709
767	-8.025612	1.267439	0.903036
768	-2.606157	-10.045068	0.000000
769	-2.711323	-9.829590	0.900000
770	-2.572998	-0.664508	0.837573
771	-2.517887	0.053510	0.737091
772	-2.572645	0.664041	0.837494
773	-2.711501	9.829591	0.900000
774	-2.606163	10.045068	0.000000
775	10.000000	-10.000000	0.468857
776	-10.000000	-10.000000	0.468856
777	10.000000	1.461285	0.425950
778	-10.000000	1.486292	0.421747
779	10.000000	10.000000	0.468839
780	-10.000000	10.000000	0.468844
781	10.000000	-7.367962	0.899977
782	-10.000000	-7.366240	0.899977
783	9.228192	-0.513454	0.810206
784	-9.020116	-0.515770	0.818022
787	10.000000	8.511502	0.900000
788	-10.000000	8.510289	0.900000
789	10.000000	-5.894527	0.000000
790	-10.000000	-5.894308	0.000000
791	10.000000	5.894003	0.000000
792	-10.000000	5.894053	0.000000
793	-2.793111	2.759504	0.000000
794	10.000000	-1.531006	0.416296
795	-10.000000	-1.510002	0.417172
796	10.000000	0.988002	0.000000
797	-10.000000	0.987816	0.000000
799	-2.793120	-2.759661	0.000000
801	-9.592726	0.037383	0.689966
802	-2.713121	-7.061304	0.900000
803	-2.713592	7.061143	0.900000
804	10.000000	4.080753	0.900000
805	-10.000000	4.073496	0.900000
806	10.000000	-2.688582	0.899997
807	-10.000000	-2.681907	0.899997
808	2.791593	-10.000000	0.316684
809	2.836351	-10.000000	0.563695
810	-2.836381	-10.000000	0.563695
811	-2.791594	-10.000000	0.316684
812	3.825942	-9.340916	0.912653
813	3.101465	-8.729617	0.911811
814	-3.103073	-8.729292	0.911811
815	-3.827023	-9.340743	0.912655
816	2.488719	-0.434519	0.791028
817	2.607966	-0.273856	0.760573
818	-2.646912	-0.271606	0.759873
819	-2.397918	-0.433178	0.790574
820	3.918774	-0.019499	0.735958
822	-3.046652	0.006037	0.735548
824	2.698402	0.264152	0.758739
825	2.506964	0.431590	0.790254
826	-2.386087	0.431068	0.790205
827	-2.589055	0.265928	0.759075
828	3.101155	8.729677	0.911811
829	3.825740	9.340948	0.912653
830	-3.827231	9.340709	0.912655
831	-3.103385	8.729228	0.911811
832	2.791589	10.000000	0.316684
833	-2.791591	10.000000	0.316684
834	-2.836387	10.000000	0.563694
835	2.836349	10.000000	0.563695
836	10.000000	-6.843888	0.322122
837	10.000000	-4.652482	0.311439
838	10.000000	-3.185758	0.515961
839	10.000000	-3.800685	0.660376
840	10.000000	-5.873256	0.666527
841	10.000000	-7.353030	0.537063
842	-10.000000	-6.845965	0.321757
843	-10.000000	-7.356503	0.536987
844	-10.000000	-5.875708	0.666385
845	-10.000000	-3.815750	0.657816
846	-10.000000	-3.165410	0.515202
847	-10.000000	-4.645113	0.311142
848	10.000000	6.836135	0.322221
849	10.000000	7.350100	0.536927
850	10.000000	5.871559	0.666344
851	10.000000	3.795044	0.660636
852	10.000000	3.126032	0.520868
853	10.000000	4.624327	0.313130
854	-10.000000	6.842139	0.321846
855	-10.000000	4.636005	0.311814
856	-10.000000	3.155857	0.516770
857	-10.000000	3.813963	0.658488
858	-10.000000	5.875764	0.666321
859	-10.000000	7.354947	0.536913
860	-10.000000	-0.579939	0.209268
861	-10.000000	0.598502	0.209955
863	-10.000000	-0.130704	0.467678
864	10.000000	-0.583023	0.209367
865	10.000000	0.594268	0.211081
867	10.000000	-0.164380	0.469827
868	2.692682	-6.995357	0.000000
869	-2.692701	-6.995351	0.000000
870	-2.807838	-4.811106	-0.000000
871	2.807809	-4.811116	-0.000000
872	3.211738	-0.679638	0.000000
873	-3.211675	-0.679629	0.000000
874	-3.211677	0.679575	0.000000
875	3.211689	0.679577	0.000000
876	2.692713	6.995336	0.000000
877	2.807826	4.811060	-0.000000
878	-2.807834	4.811058	-0.000000
879	-2.692716	6.995335	0.000000
880	2.757587	-5.437273	0.914658
881	2.645545	-3.464635	0.914649
882	-2.647507	-3.463540	0.914649
883	-2.758955	-5.436422	0.914658
884	2.644919	3.465018	0.914649
885	2.757160	5.437524	0.914658
886	-2.759397	5.436224	0.914658
887	-2.648162	3.463263	0.914649
888	-2.045948	-10.000000	0.246205
889	-1.255284	-10.000000	0.065567
890	3.243023	-10.000000	0.191351
891	-2.839300	-9.511166	0.910531
893	4.046355	-9.573886	0.909575
894	-2.054512	-5.967136	0.914566
895	-1.316761	-6.935650	0.916346
896	3.284208	-6.182182	0.915081
897	-1.699536	-0.480296	0.800322
898	-1.107481	-0.618771	0.828712
899	2.794787	-0.528537	0.810767
901	8.811551	-0.006448	0.727173
903	-1.897780	0.212403	0.750892
904	-1.284635	0.083776	0.738105
905	3.181368	0.186613	0.747887
906	-1.938441	2.851528	0.914629
907	-1.204995	1.182776	0.899650
908	3.088204	2.328651	0.914442
909	-2.180287	8.511113	0.910239
910	-1.263815	7.544393	0.903318
911	3.354507	8.151213	0.908707
912	4.450167	10.000000	0.525290
913	8.613462	10.000000	0.447867
914	5.648674	10.000000	0.288690
915	10.000000	-7.843643	0.490394
916	10.000000	-9.467654	0.428374
917	10.000000	-8.136240	0.280876
918	-10.000000	-5.163927	0.246915
919	-10.000000	-6.111545	0.060160
920	-10.000000	-7.265459	0.193828
921	10.000000	5.148711	0.248226
922	10.000000	6.107225	0.060434
923	10.000000	7.259119	0.194177
924	-10.000000	7.844844	0.490262
925	-10.000000	9.467824	0.428332
926	-10.000000	8.135676	0.280744
927	-10.000000	-0.393551	0.387787
928	-10.000000	-1.438377	0.358979
929	-10.000000	-1.320448	0.193759
930	10.000000	-0.414102	0.389099
931	10.000000	-1.453654	0.358413
932	10.000000	-1.323744	0.193276
933	4.401300	-5.228652	-0.000000
934	8.616975	-6.107245	0.000000
935	5.529488	-7.360250	-0.000000
936	5.005456	0.543588	0.000000
937	8.928670	0.438027	0.000000
938	6.193896	-0.936211	0.000000
939	-1.968432	7.663470	-0.000000
940	-1.220994	9.473849	-0.000000
941	3.135680	8.229044	-0.000000
942	8.613381	-10.000000	0.347377
943	5.701817	-10.000000	0.569791
944	4.414171	-10.000000	0.345488
945	1.292683	-10.000000	0.803400
946	-3.387851	-10.000000	0.684366
947	2.116219	-10.000000	0.634798
948	-8.613485	-10.000000	0.447871
949	-5.648690	-10.000000	0.288690
950	-4.450192	-10.000000	0.525289
951	9.052441	-8.438421	0.914786
952	6.047716	-8.246312	0.911472
953	5.549513	-9.128422	0.913907
954	1.261091	-7.544771	0.903318
955	-3.356779	-8.150540	0.908706
956	2.178003	-8.511465	0.910239
957	-8.933913	-7.967450	0.913480
958	-6.767529	-9.150328	0.913978
959	-4.946157	-8.635867	0.912406
960	8.041813	-0.552993	0.822793
961	5.374923	-0.320614	0.770511
962	3.993256	-0.432260	0.791115
963	1.418546	-0.098913	0.739102
964	-3.126734	-0.198373	0.749214
965	1.871732	-0.221347	0.752266
966	-8.031696	-0.492231	0.808536
967	-4.931722	-0.484767	0.801984
968	-4.143664	-0.317224	0.768300
970	-5.453797	-0.050578	0.736669
971	3.380153	-0.038763	0.736416
972	-8.820359	-0.007346	0.725111
976	5.397963	0.029005	0.736462
977	-2.837012	0.019899	0.735593
978	8.028086	0.476228	0.808440
979	5.055254	0.484654	0.801889
980	4.211503	0.309758	0.766994
981	1.154561	0.619546	0.828885
982	-2.699157	0.525668	0.810097
983	1.807286	0.479605	0.800194
984	-7.749099	0.537484	0.817038
985	-5.314183	0.310058	0.767820
986	-3.874955	0.427368	0.789823
987	8.933526	7.968852	0.913484
988	6.766762	9.150735	0.913976
989	4.944642	8.636473	0.912406
991	-4.047531	9.573766	0.909578
992	2.837905	9.511278	0.910529
993	-9.052737	8.437394	0.914783
994	-6.049103	8.245345	0.911471
995	-5.550567	9.128047	0.913908
996	1.255290	10.000000	0.065567
997	-3.243010	10.000000	0.191351
998	2.045947	10.000000	0.246205
999	-8.613387	10.000000	0.347369
1000	-5.701869	10.000000	0.569789
1001	-4.414170	10.000000	0.345488
1002	-1.293589	10.000000	0.803400
1003	3.387699	10.000000	0.684368
1004	-2.116304	10.000000	0.634798
1005	10.000000	-6.947355	0.061555
1006	10.000000	-4.963428	0.184882
1007	10.000000	-6.669646	0.253809
1008	10.000000	-2.525456	0.294903
1009	10.000000	-2.408927	0.484300
1010	10.000000	-3.961801	0.318466
1011	10.000000	-0.687485	0.831197
1012	10.000000	-2.592579	0.732860
1013	10.000000	-2.679649	0.589630
1014	10.000000	-3.515874	0.853821
1015	10.000000	-5.455981	0.762413
1016	10.000000	-4.003778	0.707645
1017	10.000000	-7.685259	0.834860
1018	10.000000	-8.146686	0.656103
1019	10.000000	-6.547239	0.685038
1020	-10.000000	-9.435647	0.334767
1021	-10.000000	-8.458873	0.525675
1022	-10.000000	-7.564358	0.337170
1023	-10.000000	-8.232198	0.825197
1024	-10.000000	-6.658285	0.744255
1025	-10.000000	-7.532574	0.612312
1026	-10.000000	-4.160334	0.853356
1027	-10.000000	-3.489293	0.757766
1028	-10.000000	-5.350058	0.710567
1029	-10.000000	-0.781969	0.837397
1030	-10.000000	-1.938398	0.629054
1031	-10.000000	-3.109187	0.670180
1032	-10.000000	-2.072005	0.381243
1033	-10.000000	-3.752884	0.259961
1034	-10.000000	-2.980162	0.464250
1035	10.000000	9.434519	0.334781
1036	10.000000	8.455905	0.525597
1037	10.000000	7.557650	0.337400
1038	10.000000	8.232939	0.825121
1039	10.000000	6.659926	0.744078
1040	10.000000	7.528498	0.612134
1041	10.000000	4.173031	0.853470
1042	10.000000	3.498369	0.759265
1043	10.000000	5.350960	0.710609
1044	10.000000	0.763811	0.845295
1045	10.000000	1.895977	0.638431
1046	10.000000	3.079947	0.675394
1047	10.000000	2.037652	0.386759
1048	10.000000	3.732855	0.262310
1049	10.000000	2.945590	0.469543
1050	-10.000000	6.944408	0.061594
1051	-10.000000	4.949788	0.185422
1052	-10.000000	6.665948	0.253631
1053	-10.000000	2.490801	0.299498
1054	-10.000000	2.330927	0.493673
1055	-10.000000	3.935287	0.320040
1056	-10.000000	0.659562	0.842302
1057	-10.000000	2.607067	0.730063
1058	-10.000000	2.653236	0.590105
1059	-10.000000	3.504795	0.853602
1060	-10.000000	5.452402	0.762327
1061	-10.000000	4.008688	0.706516
1062	-10.000000	7.683974	0.834882
1063	-10.000000	8.147575	0.656117
1064	-10.000000	6.548353	0.685003
1065	-10.000000	-0.440541	0.031764
1066	-10.000000	0.932497	0.113605
1067	-10.000000	-0.514543	0.149873
1068	-10.000000	1.769339	0.279650
1069	-10.000000	0.385154	0.500872
1070	-10.000000	0.892964	0.236330
1074	10.000000	-0.438412	0.031752
1075	10.000000	0.932519	0.114141
1076	10.000000	-0.514440	0.149872
1077	10.000000	1.756988	0.282015
1078	10.000000	0.348484	0.504739
1079	10.000000	0.885977	0.237904
1083	1.220978	-9.473853	-0.000000
1084	-3.135660	-8.229054	-0.000000
1085	1.968404	-7.663484	-0.000000
1086	-8.585330	-6.965440	-0.000000
1087	-5.685010	-4.965149	0.000000
1088	-4.299885	-6.788652	-0.000000
1089	-1.343054	-3.007662	0.000000
1090	3.350847	-3.914976	-0.000000
1091	-2.094006	-4.213067	0.000000
1092	1.318284	-2.264140	-0.000000
1093	-3.535105	-1.462074	-0.000000
1094	2.302418	-1.070160	-0.000000
1095	-8.928686	-0.437779	0.000000
1096	-6.193800	0.936154	0.000000
1097	-5.005459	-0.543630	0.000000
1098	-1.318202	2.263995	-0.000000
1099	3.535082	1.461999	-0.000000
1100	-2.302336	1.070082	-0.000000
1101	8.585350	6.965297	-0.000000
1102	5.684998	4.965067	0.000000
1103	4.299904	6.788624	-0.000000
1104	1.343020	3.007537	0.000000
1105	-3.350843	3.914867	-0.000000
1106	2.093979	4.213008	0.000000
1107	-8.617009	6.106977	0.000000
1108	-5.529548	7.360199	-0.000000
1109	-4.401334	5.228575	-0.000000
1110	8.556218	-4.056731	0.914371
1111	5.453393	-3.100348	0.914632
1112	4.324910	-5.029234	0.914654
1113	1.203824	-1.183805	0.899715
1114	-3.090920	-2.326362	0.914437
1115	1.935467	-2.852659	0.914629
1116	-8.527485	-3.340025	0.914391
1117	-5.594829	-5.202363	0.914616
1118	-4.232096	-3.634077	0.914649
1119	8.526524	3.346169	0.914391
1120	5.593113	5.204911	0.914616
1121	4.229837	3.636487	0.914649
1122	1.314645	6.936086	0.916345
1123	-3.286026	6.180995	0.915082
1124	2.052749	5.967898	0.914566
1125	-8.557101	4.051520	0.914371
1126	-5.455488	3.096794	0.914631
1127	-4.326763	5.027356	0.914654
1128	2.606142	-10.045068	0.000000
1129	2.710388	-9.829587	0.900000
1130	2.574166	-0.666477	0.837956
1132	2.574672	0.667111	0.838042
1133	2.710213	9.829586	0.900000
1134	2.606168	10.045068	0.000000
1135	10.000000	-10.000000	0.273670
1136	-10.000000	-10.000000	0.273660
1137	10.000000	2.316313	0.247595
1138	-10.000000	2.326551	0.245719
1139	10.000000	10.000000	0.273656
1140	-10.000000	10.000000	0.273651
1141	10.000000	-8.511336	0.900000
1142	-10.000000	-8.510456	0.900000
1145	9.008337	0.493838	0.822096
1146	-8.994004	0.519054	0.820589
1147	10.000000	7.368294	0.899977
1148	-10.000000	7.365910	0.899977
1149	10.000000	-7.648736	0.000000
1150	-10.000000	-7.648622	0.000000
1151	10.000000	7.648397	0.000000
1152	-10.000000	7.648452	0.000000
1153	2.793097	2.759509	0.000000
1154	10.000000	-2.356329	0.241378
1155	-10.000000	-2.345904	0.242948
1156	10.000000	-0.987301	0.000000
1157	-10.000000	-0.987448	0.000000
1158	2.756935	-0.073620	0.737696
1159	2.793191	-2.759703	0.000000
1162	2.711061	-7.062076	0.900000
1163	2.710594	7.062219	0.900000
1164	10.000000	2.690417	0.899997
1165	-10.000000	2.680636	0.899997
1166	10.000000	-4.079593	0.900000
1167	-10.000000	-4.074459	0.900000
1168	5.209749	-10.000000	0.206296
1169	5.329826	-10.000000	0.658518
1170	-5.329923	-10.000000	0.658516
1171	-5.209739	-10.000000	0.206296
1172	6.168019	-9.441789	0.911285
1173	5.398102	-7.967931	0.909326
1174	-5.399566	-7.967012	0.909326
1175	-6.168697	-9.441598	0.911289
1176	4.527599	-0.533700	0.812352
1177	4.808000	-0.254782	0.758816
1178	-4.965859	-0.249029	0.757203
1179	-4.432827	-0.531137	0.811546
1180	6.841830	-0.112762	0.741839
1181	-7.042477	-0.079574	0.737429
1182	-6.738686	0.081459	0.738188
1183	6.944533	0.055236	0.737466
1184	5.017796	0.234954	0.755251
1185	4.537007	0.532453	0.811679
1186	-4.426338	0.529498	0.811217
1187	-4.916213	0.243068	0.756529
1188	5.397808	7.968103	0.909326
1189	6.167893	9.441824	0.911285
1190	-6.168827	9.441561	0.911289
1191	-5.399857	7.966832	0.909326
1192	5.209735	10.000000	0.206296
1193	-5.209728	10.000000	0.206295
1194	-5.329950	10.000000	0.658515
1195	5.329824	10.000000	0.658517
1196	10.000000	-8.020257	0.205098
1197	10.000000	-4.245975	0.189098
1198	10.000000	-1.949882	0.568440
1199	10.000000	-2.834868	0.767549
1200	10.000000	-6.094655	0.774813
1201	10.000000	-8.557210	0.613809
1202	-10.000000	-8.020917	0.204958
1203	-10.000000	-8.558381	0.613860
1204	-10.000000	-6.090152	0.774842
1205	-10.000000	-2.832355	0.764930
1206	-10.000000	-1.833494	0.580702
1207	-10.000000	-4.235737	0.189669
1208	10.000000	8.016546	0.205166
1209	10.000000	8.556390	0.613728
1210	10.000000	6.094947	0.774724
1211	10.000000	2.836085	0.768136
1212	10.000000	1.801172	0.588419
1213	10.000000	4.221214	0.191184
1214	-10.000000	8.018971	0.205003
1215	-10.000000	4.227342	0.190328
1216	-10.000000	1.831334	0.583437
1217	-10.000000	2.835113	0.765787
1218	-10.000000	6.091706	0.774806
1219	-10.000000	8.557983	0.613805
1220	-10.000000	-1.442031	0.130373
1221	-10.000000	1.443350	0.132684
1223	-10.000000	-0.268261	0.549692
1224	10.000000	-1.442639	0.129964
1225	10.000000	1.441163	0.133495
1227	10.000000	-0.318451	0.553216
1228	5.078122	-8.119380	0.000000
1229	-5.078146	-8.119370	0.000000
1230	-5.326081	-4.264536	-0.000001
1231	5.326069	-4.264584	-0.000001
1232	5.616973	-1.474508	0.000000
1233	-5.616886	-1.474474	0.000000
1234	-5.616828	1.474401	0.000000
1235	5.616813	1.474413	0.000000
1236	5.078182	8.119350	0.000000
1237	5.326041	4.264440	-0.000001
1238	-5.326053	4.264435	-0.000001
1239	-5.078179	8.119349	0.000000
1240	5.234722	-5.805838	0.914977
1241	5.010183	-2.419270	0.914458
1242	-5.011805	-2.416369	0.914452
1243	-5.236103	-5.804111	0.914979
1244	5.009633	2.420142	0.914459
1245	5.234372	5.806237	0.914977
1246	-5.236468	5.803733	0.914979
1247	-5.012374	2.415597	0.914451
1248	-7.632786	-10.047320	0.000000
1249	-7.591113	-9.847965	0.900000
1250	-7.575478	-0.687578	0.843528
1252	-7.575262	0.686089	0.843704
1253	-7.591179	9.847965	0.900000
1254	-7.632804	10.047319	0.000000
1255	10.000000	-10.000000	0.655441
1256	-10.000000	-10.000000	0.655442
1257	10.000000	0.604464	0.638766
1258	-10.000000	0.658023	0.631995
1259	10.000000	10.000000	0.655436
1260	-10.000000	10.000000	0.655438
1261	10.000000	-6.329788	0.899959
1262	-10.000000	-6.327158	0.899959
1267	10.000000	9.531545	0.842814
1268	-10.000000	9.531253	0.842876
1269	10.000000	-4.237855	0.000000
1270	-10.000000	-4.237650	0.000000
1271	10.000000	4.237380	0.000000
1272	-10.000000	4.237390	0.000000
1273	-7.861516	3.202982	0.000000
1274	10.000000	-0.685402	0.637153
1275	-10.000000	-0.627881	0.627601
1276	10.000000	2.751794	0.000000
1277	-10.000000	2.751708	0.000000
1278	-7.673134	-0.220642	0.753229
1279	-7.861565	-3.203173	0.000000
1282	-7.763064	-6.363829	0.900000
1283	-7.763274	6.363370	0.900000
1284	10.000000	5.322544	0.900000
1285	-10.000000	5.317387	0.900000
1286	10.000000	-1.328432	0.899964
1287	-10.000000	-1.320813	0.899933
1288	0.790416	-10.000000	0.408393
1289	0.795021	-10.000000	0.478849
1290	-0.795029	-10.000000	0.478849
1291	-0.790419	-10.000000	0.408393
1292	1.130897	-9.290652	0.912506
1293	0.950857	-9.139798	0.912654
1294	-0.952315	-9.139735	0.912654
1295	-1.132230	-9.290589	0.912506
1296	0.732773	-0.359891	0.775565
1297	0.744102	-0.313418	0.766830
1298	-0.725022	-0.312937	0.766659
1299	-0.678404	-0.359458	0.775411
1304	0.788608	0.308457	0.765881
1305	0.763124	0.356263	0.774812
1306	-0.654684	0.356343	0.774843
1307	-0.684785	0.308643	0.765929
1308	0.950579	9.139810	0.912654
1309	1.130644	9.290664	0.912506
1310	-1.132486	9.290577	0.912506
1311	-0.952594	9.139722	0.912654
1312	0.790415	10.000000	0.408393
1313	-0.790419	10.000000	0.408393
1314	-0.795030	10.000000	0.478849
1315	0.795020	10.000000	0.478849
1316	10.000000	-5.777119	0.435394
1317	10.000000	-5.062500	0.432115
1318	10.000000	-4.563358	0.492329
1319	10.000000	-4.775809	0.548089
1320	10.000000	-5.481919	0.550796
1321	10.000000	-5.980053	0.498464
1322	-10.000000	-5.782511	0.434585
1323	-10.000000	-5.987034	0.497828
1324	-10.000000	-5.490994	0.549936
1325	-10.000000	-4.787028	0.546468
1326	-10.000000	-4.569785	0.490583
1327	-10.000000	-5.066293	0.430931
1328	10.000000	5.764628	0.435506
1329	10.000000	5.971518	0.498370
1330	10.000000	5.473483	0.550672
1331	10.000000	4.762026	0.548211
1332	10.000000	4.540504	0.493012
1333	10.000000	5.042378	0.432661
1334	-10.000000	5.776852	0.434768
1335	-10.000000	5.058599	0.431368
1336	-10.000000	4.561785	0.491187
1337	-10.000000	4.781332	0.546847
1338	-10.000000	5.487006	0.550040
1339	-10.000000	5.982844	0.497887
1340	-10.000000	-0.090734	0.287110
1341	-10.000000	0.133861	0.286110
1344	10.000000	-0.099673	0.288069
1345	10.000000	0.124825	0.287352
1348	0.757666	-6.076236	0.000000
1349	-0.757682	-6.076234	0.000000
1350	-0.783493	-5.443043	-0.000000
1351	0.783474	-5.443044	-0.000000
1352	0.947395	-0.175559	0.000000
1353	-0.947357	-0.175558	0.000000
1354	-0.947366	0.175515	0.000000
1355	0.947391	0.175514	0.000000
1356	0.757678	6.076217	0.000000
1357	0.783485	5.443018	-0.000000
1358	-0.783490	5.443018	-0.000000
1359	-0.757682	6.076217	0.000000
1360	0.770791	-4.900495	0.914651
1361	0.741288	-4.322921	0.914651
1362	-0.742921	-4.322688	0.914651
1363	-0.772198	-4.900263	0.914651
1364	0.740725	4.323044	0.914651
1365	0.770304	4.900605	0.914651
1366	-0.772693	4.900236	0.914651
1367	-0.743492	4.322666	0.914651
1368	2.045951	-10.000000	0.246205
1369	-3.243016	-10.000000	0.191351
1370	1.255281	-10.000000	0.065567
1371	2.838125	-9.511260	0.910530
1372	-4.047342	-9.573785	0.909577
1374	2.053163	-5.967730	0.914566
1375	-3.285617	-6.181210	0.915082
1376	1.315085	-6.936013	0.916345
1377	1.790725	-0.481237	0.800614
1378	-2.707677	-0.526976	0.810335
1379	1.146833	-0.619565	0.828886
1381	7.259667	0.011190	0.735617
1382	8.758439	-0.067825	0.729045
1383	2.012254	0.210473	0.750615
1384	-3.063490	0.191006	0.748451
1385	1.458323	0.080712	0.737999
1386	1.934776	2.853000	0.914629
1387	-3.091565	2.325913	0.914436
1388	1.203628	1.184111	0.899733
1389	2.177631	8.511518	0.910239
1390	-3.357154	8.150427	0.908706
1391	1.260615	7.544824	0.903318
1392	4.414164	10.000000	0.345488
1393	5.701821	10.000000	0.569790
1394	8.613368	10.000000	0.347371
1395	10.000000	-7.562301	0.337395
1396	10.000000	-8.457261	0.525680
1397	10.000000	-9.435204	0.334806
1398	-10.000000	-6.670151	0.253487
1399	-10.000000	-4.956790	0.184964
1400	-10.000000	-6.946405	0.061518
1401	10.000000	6.660671	0.254037
1402	10.000000	4.944195	0.186103
1403	10.000000	6.942885	0.061714
1404	-10.000000	7.561879	0.337190
1405	-10.000000	8.458126	0.525621
1406	-10.000000	9.435251	0.334752
1407	-10.000000	-0.881385	0.232778
1409	-10.000000	-1.799375	0.273855
1410	10.000000	-0.886366	0.232637
1412	10.000000	-1.808977	0.272729
1413	4.299860	-6.788664	-0.000000
1414	5.684985	-4.965192	0.000000
1415	8.585303	-6.965521	-0.000000
1416	5.005506	-0.543638	0.000000
1417	6.193795	0.936169	0.000000
1418	8.928701	-0.437705	0.000000
1419	1.968431	7.663471	-0.000000
1420	-3.135679	8.229043	-0.000000
1421	1.220997	9.473850	-0.000000
1422	5.648688	-10.000000	0.288691
1423	8.613462	-10.000000	0.447874
1424	4.450167	-10.000000	0.525290
1425	3.387715	-10.000000	0.684367
1426	-1.293445	-10.000000	0.803400
1427	-2.116290	-10.000000	0.634798
1428	-5.701858	-10.000000	0.569790
1429	-8.613396	-10.000000	0.347373
1430	-4.414176	-10.000000	0.345488
1431	6.766882	-9.150672	0.913977
1432	8.933590	-7.968629	0.913483
1433	4.944887	-8.636378	0.912406
1434	3.354884	-8.151109	0.908707
1435	-1.263339	-7.544460	0.903318
1436	-2.179914	-8.511172	0.910239
1437	-6.048874	-8.245504	0.911472
1438	-9.052689	-8.437560	0.914784
1439	-5.550396	-9.128108	0.913908
1440	5.053510	-0.487750	0.803120
1441	8.199571	-0.490983	0.810899
1442	4.166475	-0.321079	0.769568
1443	2.980559	-0.201916	0.750125
1444	-1.325461	-0.094664	0.738676
1445	-1.981165	-0.219619	0.751763
1446	-5.376818	-0.315342	0.768567
1447	-7.787000	-0.541028	0.817234
1448	-3.887755	-0.429892	0.790272
1449	5.030567	-0.071667	0.737971
1450	-2.572064	-0.062451	0.736814
1451	-3.966403	-0.024867	0.735793
1452	-7.312867	-0.032354	0.734523
1453	-8.775155	0.051918	0.727619
1455	-4.890288	0.048240	0.736640
1456	2.735043	0.046693	0.736946
1457	4.104103	0.005672	0.735851
1458	5.407339	0.303443	0.766593
1459	8.007662	0.549186	0.824478
1460	4.002076	0.427937	0.789820
1461	2.808783	0.527543	0.810424
1462	-1.101391	0.618340	0.828652
1463	-1.688224	0.478780	0.800053
1464	-4.922131	0.482594	0.801581
1465	-7.999693	0.491038	0.809317
1466	-4.097110	0.312289	0.767549
1467	6.047489	8.246463	0.911473
1468	9.052393	8.438583	0.914786
1469	5.549348	9.128480	0.913907
1470	4.046171	9.573905	0.909574
1472	-2.839524	9.511148	0.910532
1473	-6.767654	9.150262	0.913979
1474	-8.933976	7.967223	0.913480
1475	-4.946405	8.635766	0.912406
1476	3.243017	10.000000	0.191351
1477	-1.255282	10.000000	0.065567
1478	-2.045944	10.000000	0.246205
1479	-5.648679	10.000000	0.288690
1480	-8.613484	10.000000	0.447866
1481	-4.450196	10.000000	0.525289
1482	-3.387882	10.000000	0.684366
1483	1.292540	10.000000	0.803400
1484	2.116211	10.000000	0.634798
1485	10.000000	-7.265243	0.194019
1486	10.000000	-6.113521	0.060163
1487	10.000000	-5.168928	0.247140
1488	10.000000	-3.769084	0.258772
1489	10.000000	-2.098987	0.377570
1490	10.000000	-3.019080	0.462079
1491	10.000000	-2.009524	0.624587
1492	10.000000	-0.798478	0.840057
1493	10.000000	-3.088069	0.674243
1494	10.000000	-3.496108	0.759199
1495	10.000000	-4.171146	0.853502
1496	10.000000	-5.351425	0.710772
1497	10.000000	-6.660117	0.744179
1498	10.000000	-8.232925	0.825153
1499	10.000000	-7.530179	0.612268
1500	-10.000000	-8.137443	0.280727
1501	-10.000000	-9.468127	0.428356
1502	-10.000000	-7.846251	0.490318
1503	-10.000000	-8.147903	0.656182
1504	-10.000000	-7.683861	0.834892
1505	-10.000000	-6.548109	0.685087
1506	-10.000000	-5.450069	0.762359
1507	-10.000000	-3.501536	0.853523
1508	-10.000000	-4.007298	0.706174
1509	-10.000000	-2.607897	0.728526
1510	-10.000000	-0.660189	0.834645
1511	-10.000000	-2.659437	0.588228
1512	-10.000000	-2.337637	0.491703
1513	-10.000000	-2.507139	0.297526
1514	-10.000000	-3.945818	0.319063
1515	10.000000	8.132989	0.280892
1516	10.000000	9.467131	0.428336
1517	10.000000	7.841106	0.490295
1518	10.000000	8.145824	0.656007
1519	10.000000	7.685376	0.834830
1520	10.000000	6.546193	0.684891
1521	10.000000	5.456478	0.762297
1522	10.000000	3.519080	0.853809
1523	10.000000	4.002976	0.707636
1524	10.000000	2.586606	0.734529
1525	10.000000	0.631434	0.849478
1526	10.000000	2.616434	0.595639
1527	10.000000	2.305745	0.497745
1528	10.000000	2.477640	0.301744
1529	10.000000	3.922367	0.321749
1530	-10.000000	7.262466	0.193924
1531	-10.000000	6.108941	0.060276
1532	-10.000000	5.156490	0.247377
1533	-10.000000	3.742400	0.260925
1534	-10.000000	2.057388	0.383425
1535	-10.000000	2.969936	0.465932
1536	-10.000000	1.933794	0.632110
1537	-10.000000	0.778676	0.840206
1538	-10.000000	3.107746	0.671424
1539	-10.000000	3.493437	0.758145
1540	-10.000000	4.162392	0.853390
1541	-10.000000	5.351605	0.710537
1542	-10.000000	6.659161	0.744199
1543	-10.000000	8.232209	0.825185
1544	-10.000000	7.531828	0.612226
1545	-10.000000	-0.924188	0.112655
1546	-10.000000	0.446512	0.031859
1547	-10.000000	0.526277	0.150313
1548	-10.000000	1.316119	0.198583
1549	-10.000000	1.391784	0.367879
1554	10.000000	-0.923146	0.112462
1555	10.000000	0.448503	0.031925
1556	10.000000	0.525661	0.150935
1557	10.000000	1.310526	0.199971
1558	10.000000	1.372058	0.371326
1563	3.135641	-8.229058	-0.000000
1564	-1.220993	-9.473852	-0.000000
1565	-1.968422	-7.663481	-0.000000
1566	-5.529517	-7.360233	-0.000000
1567	-8.616998	-6.107132	0.000000
1568	-4.401328	-5.228631	-0.000000
1569	-3.350873	-3.914951	-0.000000
1570	1.343053	-3.007678	0.000000
1571	2.093972	-4.213078	0.000000
1572	3.535208	-1.462100	-0.000000
1573	-1.318174	-2.264123	-0.000000
1574	-2.302327	-1.070148	-0.000000
1575	-6.193839	-0.936196	0.000000
1576	-8.928672	0.437936	0.000000
1577	-5.005446	0.543583	0.000000
1578	-3.535085	1.461993	-0.000000
1579	1.318195	2.263997	-0.000000
1580	2.302343	1.070084	-0.000000
1581	5.529547	7.360199	-0.000000
1582	8.617005	6.106960	0.000000
1583	4.401326	5.228578	-0.000000
1584	3.350831	3.914871	-0.000000
1585	-1.343033	3.007534	0.000000
1586	-2.093990	4.213006	0.000000
1587	-5.685008	4.965063	0.000000
1588	-8.585351	6.965316	-0.000000
1589	-4.299908	6.788623	-0.000000
1590	5.593477	-5.204410	0.914616
1591	8.526779	-3.344932	0.914390
1592	4.230383	-3.635922	0.914649
1593	3.088833	-2.328083	0.914441
1594	-1.204792	-1.182952	0.899660
1595	-1.937729	-2.851745	0.914629
1596	-5.454975	-3.097520	0.914631
1597	-8.556937	-4.052406	0.914371
1598	-4.326327	-5.027718	0.914654
1599	5.452868	3.101167	0.914632
1600	8.556007	4.057743	0.914371
1601	4.324489	5.029648	0.914654
1602	3.283817	6.182418	0.915081
1603	-1.317212	6.935571	0.916346
1604	-2.054937	5.967005	0.914566
1605	-5.595199	5.201900	0.914616
1606	-8.527666	3.338994	0.914391
1607	-4.232661	3.633598	0.914649
1608	0.000002	-10.000000	0.125454
1609	1.104106	-10.000000	0.183204
1610	-1.104100	-10.000000	0.183204
1611	-0.000600	-9.722579	0.904462
1612	1.457921	-9.634456	0.907507
1613	-1.459178	-9.634423	0.907508
1614	-0.000737	-6.715579	0.913917
1615	1.124804	-6.392871	0.915036
1616	-1.126183	-6.392558	0.915037
1617	0.033009	-0.573000	0.819530
1618	0.972389	-0.527129	0.810112
1619	-0.889772	-0.526593	0.809964
1620	7.944486	-0.030683	0.734132
1621	7.038378	-0.060266	0.737396
1623	0.077664	0.119500	0.740545
1624	1.136243	0.162249	0.744616
1625	-1.005528	0.163604	0.744755
1626	-0.001560	1.720110	0.912596
1627	1.044390	2.274969	0.914426
1628	-1.048132	2.274056	0.914424
1629	-0.001598	7.936462	0.906064
1630	1.138605	8.253331	0.908329
1631	-1.141606	8.253064	0.908329
1632	7.266135	10.000000	0.415328
1633	5.885374	10.000000	0.379638
1634	5.900408	10.000000	0.475178
1635	10.000000	-8.885404	0.389809
1636	10.000000	-8.247246	0.359698
1637	10.000000	-8.353827	0.441295
1638	-10.000000	-6.304958	0.122633
1639	-10.000000	-6.489775	0.187104
1640	-10.000000	-5.713853	0.184220
1641	10.000000	6.298116	0.123090
1642	10.000000	6.481293	0.187654
1643	10.000000	5.703233	0.185036
1644	-10.000000	8.885657	0.389726
1645	-10.000000	8.247373	0.359561
1646	-10.000000	8.354462	0.441186
1647	-10.000000	-1.305993	0.307110
1648	-10.000000	-1.121562	0.268047
1649	-10.000000	-0.815142	0.357455
1650	10.000000	-1.316990	0.306657
1651	10.000000	-1.129281	0.267789
1652	10.000000	-0.830855	0.358120
1653	7.218681	-6.326394	-0.000000
1654	5.791444	-6.556884	0.000000
1655	5.844522	-5.743026	-0.000000
1656	7.795805	0.000053	-0.000000
1657	6.514045	-0.323504	-0.000000
1658	6.514011	0.323500	-0.000000
1659	0.000001	8.890901	-0.000000
1660	1.062466	8.290495	0.000000
1661	-1.062466	8.290495	0.000000
1662	5.900410	-10.000000	0.475179
1663	5.885382	-10.000000	0.379639
1664	7.266142	-10.000000	0.415331
1665	-1.162869	-10.000000	0.695494
1666	1.162705	-10.000000	0.695494
1667	-0.000179	-10.000000	0.747732
1668	-5.885394	-10.000000	0.379638
1669	-5.900432	-10.000000	0.475178
1670	-7.266163	-10.000000	0.415329
1671	6.553941	-8.532241	0.913116
1672	6.840981	-8.835760	0.914173
1673	7.918819	-8.453991	0.914076
1674	-1.141181	-8.253105	0.908329
1675	1.139030	-8.253298	0.908329
1676	-0.001137	-7.936468	0.906064
1677	-6.841699	-8.835251	0.914173
1678	-6.554838	-8.531574	0.913115
1679	-7.919365	-8.453205	0.914075
1680	5.586202	-0.382834	0.782458
1681	5.442346	-0.438410	0.793366
1682	6.864064	-0.458401	0.799724
1683	-1.112044	-0.172653	0.745651
1684	0.982494	-0.173878	0.745939
1685	-0.032725	-0.131507	0.741475
1686	-5.303220	-0.434295	0.791696
1687	-5.469840	-0.377452	0.780352
1688	-6.664222	-0.451194	0.796251
1689	-2.451825	-0.035639	0.735720
1690	1.727575	-0.041185	0.735940
1691	-0.161941	-0.044210	0.736821
1692	-7.007508	0.036394	0.735255
1694	-7.951302	0.011766	0.732568
1695	2.660813	0.019064	0.735988
1696	-1.282968	0.022924	0.736142
1697	0.398404	0.027540	0.735260
1698	5.425637	0.432018	0.791307
1699	5.557694	0.371240	0.779296
1700	6.793975	0.449100	0.797052
1701	-0.878108	0.525566	0.809782
1702	0.986569	0.526225	0.809908
1703	0.043775	0.572453	0.819437
1704	-5.429654	0.373319	0.779707
1705	-5.283256	0.431309	0.791194
1706	-6.629192	0.447784	0.795834
1707	6.840845	8.835854	0.914173
1708	6.553768	8.532365	0.913116
1709	7.918714	8.454138	0.914077
1710	-1.459417	9.634416	0.907508
1711	1.457684	9.634463	0.907507
1712	-0.000828	9.722579	0.904462
1713	-6.555013	8.531444	0.913115
1714	-6.841838	8.835153	0.914173
1715	-7.919471	8.453053	0.914075
1716	-1.104098	10.000000	0.183204
1717	1.104104	10.000000	0.183204
1718	0.000004	10.000000	0.125454
1719	-5.900432	10.000000	0.475177
1720	-5.885388	10.000000	0.379637
1721	-7.266157	10.000000	0.415327
1722	1.162678	10.000000	0.695494
1723	-1.162901	10.000000	0.695494
1724	-0.000246	10.000000	0.747732
1725	10.000000	-5.717160	0.184377
1726	10.000000	-6.490785	0.187320
1727	10.000000	-6.306965	0.122725
1728	10.000000	-2.856591	0.405882
1729	10.000000	-3.307858	0.330993
1730	10.000000	-2.690231	0.349821
1731	10.000000	-2.348000	0.701270
1732	10.000000	-2.133136	0.667288
1733	10.000000	-1.573488	0.746725
1734	10.000000	-4.803654	0.757163
1735	10.000000	-4.149501	0.756282
1736	10.000000	-4.205562	0.805336
1737	10.000000	-7.687406	0.688427
1738	10.000000	-7.189585	0.716418
1739	10.000000	-7.765642	0.763438
1740	-10.000000	-8.355584	0.441225
1741	-10.000000	-8.248848	0.359574
1742	-10.000000	-8.886430	0.389751
1743	-10.000000	-7.189565	0.716518
1744	-10.000000	-7.688319	0.688525
1745	-10.000000	-7.765154	0.763519
1746	-10.000000	-4.141662	0.755591
1747	-10.000000	-4.796449	0.756896
1748	-10.000000	-4.192597	0.805021
1749	-10.000000	-2.133336	0.664222
1750	-10.000000	-2.371789	0.696149
1751	-10.000000	-1.593033	0.742034
1752	-10.000000	-3.281850	0.333284
1753	-10.000000	-2.813782	0.410088
1754	-10.000000	-2.657402	0.354050
1755	10.000000	8.351851	0.441229
1756	10.000000	8.244613	0.359665
1757	10.000000	8.884061	0.389767
1758	10.000000	7.189022	0.716312
1759	10.000000	7.686617	0.688323
1760	10.000000	7.765424	0.763372
1761	10.000000	4.151061	0.756191
1762	10.000000	4.804553	0.757035
1763	10.000000	4.207850	0.805259
1764	10.000000	2.091803	0.673101
1765	10.000000	2.338867	0.704003
1766	10.000000	1.574963	0.750296
1767	10.000000	3.256334	0.336652
1768	10.000000	2.784144	0.414674
1769	10.000000	2.629117	0.358195
1770	-10.000000	5.708239	0.184517
1771	-10.000000	6.485533	0.187281
1772	-10.000000	6.301161	0.122804
1773	-10.000000	2.803650	0.411650
1774	-10.000000	3.270417	0.334550
1775	-10.000000	2.645243	0.355593
1776	-10.000000	2.374914	0.697841
1777	-10.000000	2.134483	0.666197
1778	-10.000000	1.611031	0.743211
1779	-10.000000	4.799631	0.756909
1780	-10.000000	4.145597	0.755723
1781	-10.000000	4.196793	0.805077
1782	-10.000000	7.688198	0.688455
1783	-10.000000	7.189843	0.716450
1784	-10.000000	7.765344	0.763481
1785	-10.000000	0.327634	0.103736
1786	-10.000000	-0.318498	0.103517
1787	-10.000000	0.004106	0.065336
1788	-10.000000	0.763740	0.378508
1789	-10.000000	1.103020	0.278100
1790	-10.000000	1.260829	0.319487
1791	-10.000000	0.041302	0.539320
1794	10.000000	0.329195	0.104014
1795	10.000000	-0.316612	0.103548
1796	10.000000	0.006641	0.065408
1797	10.000000	0.743546	0.381521
1798	10.000000	1.092100	0.280246
1799	10.000000	1.245816	0.322240
1800	10.000000	-0.006191	0.541220
1803	-1.062465	-8.290502	0.000000
1804	1.062448	-8.290503	0.000000
1805	-0.000008	-8.890906	-0.000000
1806	-5.844553	-5.742991	-0.000000
1807	-5.791475	-6.556858	0.000000
1808	-7.218714	-6.326339	-0.000000
1809	1.149595	-3.719510	-0.000000
1810	-1.149633	-3.719502	-0.000000
1811	-0.000016	-3.320959	-0.000000
1812	-1.209734	-1.442422	0.000000
1813	1.209849	-1.442431	0.000000
1814	0.000061	-1.831358	-0.000000
1815	-6.514002	0.323487	-0.000000
1816	-6.514015	-0.323507	-0.000000
1817	-7.795793	0.000020	-0.000000
1818	1.209768	1.442341	0.000000
1819	-1.209764	1.442339	0.000000
1820	-0.000000	1.831251	-0.000000
1821	5.844561	5.742923	-0.000000
1822	5.791496	6.556807	0.000000
1823	7.218730	6.326244	-0.000000
1824	-1.149611	3.719424	-0.000000
1825	1.149599	3.719425	-0.000000
1826	-0.000007	3.320856	-0.000000
1827	-5.791500	6.556806	0.000000
1828	-5.844568	5.742922	-0.000000
1829	-7.218735	6.326248	-0.000000
1830	5.707852	-3.813584	0.914649
1831	5.755647	-4.528456	0.914652
1832	7.134395	-3.962450	0.914645
1833	-1.047448	-2.274160	0.914424
1834	1.045068	-2.274730	0.914425
1835	-0.001028	-1.720043	0.912595
1836	-5.757022	-4.526094	0.914652
1837	-5.709312	-3.810948	0.914649
1838	-7.135557	-3.958979	0.914645
1839	5.755247	4.529070	0.914652
1840	5.707394	3.814310	0.914649
1841	7.134042	3.963321	0.914645
1842	-1.126608	6.392496	0.915037
1843	1.124387	6.392956	0.915036
1844	-0.001167	6.715583	0.913917
1845	-5.709762	3.810300	0.914649
1846	-5.757420	4.525538	0.914652
1847	-7.135873	3.958195	0.914645
1848	-0.000001	-10.000000	0.352243
1849	-0.965197	-10.000000	0.299459
1850	0.965198	-10.000000	0.299459
1851	-4.572829	-10.000000	0.134346
1852	-6.065709	-10.000000	0.069954
1853	-3.722505	-10.000000	0.067068
1854	4.572842	-10.000000	0.134347
1855	3.722507	-10.000000	0.067069
1856	6.065718	-10.000000	0.069954
1857	-0.000679	-9.397489	0.911827
1858	-1.419770	-9.462513	0.911111
1859	1.418452	-9.462571	0.911110
1860	-4.888203	-9.675246	0.906847
1863	4.887419	-9.675314	0.906845
1866	-0.000663	-5.333896	0.914651
1867	-0.962624	-5.682625	0.914660
1868	0.961309	-5.682901	0.914660
1869	-4.673206	-6.313583	0.913377
1870	-6.201785	-6.363859	0.918073
1871	-3.862354	-6.731893	0.917137
1872	4.671762	-6.315000	0.913379
1873	3.860763	-6.733001	0.917134
1874	6.200440	-6.365761	0.918068
1875	0.036549	-0.398020	0.783082
1876	-0.791966	-0.437366	0.791200
1877	0.877254	-0.437821	0.791353
1878	-3.889575	-0.577063	0.820929
1879	-5.402748	-0.630451	0.831731
1880	-3.316411	-0.622094	0.829757
1881	3.959611	-0.579546	0.821566
1882	3.356152	-0.624456	0.830267
1883	5.441251	-0.634297	0.832806
1887	8.262229	0.093680	0.736235
1888	9.292502	0.189255	0.739972
1889	9.021786	0.070254	0.725975
1890	8.097087	-0.156319	0.742205
1891	8.930511	-0.142504	0.728592
1892	9.247757	-0.251359	0.737430
1893	0.053029	0.270947	0.759406
1894	-0.861848	0.239400	0.754535
1895	0.972337	0.238789	0.754432
1896	-4.384926	0.177393	0.747377
1897	-5.983448	0.182360	0.748936
1898	-3.700260	0.112292	0.740492
1899	4.500584	0.168734	0.746351
1900	3.820297	0.103766	0.739888
1901	6.080636	0.165941	0.747118
1902	-0.001601	3.838979	0.914651
1903	-0.909834	3.355620	0.914649
1904	0.906282	3.356210	0.914649
1905	-4.388848	1.782747	0.912805
1906	-5.865253	1.229892	0.901424
1907	-3.579935	1.199468	0.900395
1908	4.386392	1.787215	0.912858
1909	3.578751	1.203486	0.900621
1910	5.864401	1.236598	0.901860
1911	-0.001148	8.987760	0.912247
1912	-1.062654	8.784687	0.911427
1913	1.060125	8.784842	0.911427
1914	-4.627134	7.685588	0.906657
1915	-6.059328	7.097962	0.903771
1916	-3.734245	7.387952	0.903556
1917	4.624662	7.686929	0.906658
1918	3.731439	7.389239	0.903556
1919	6.057244	7.100089	0.903771
1920	2.054833	10.000000	0.442231
1921	3.244206	10.000000	0.482346
1922	3.229196	10.000000	0.396817
1923	7.009639	10.000000	0.613822
1924	8.393285	10.000000	0.649302
1925	8.540723	10.000000	0.548818
1926	6.966230	10.000000	0.226640
1927	8.542779	10.000000	0.250249
1928	8.406610	10.000000	0.159634
1929	10.000000	-6.488544	0.445711
1930	10.000000	-7.182588	0.463784
1931	10.000000	-7.014085	0.392151
1932	10.000000	-9.016097	0.568575
1933	10.000000	-9.502096	0.628969
1934	10.000000	-9.496127	0.525247
1935	10.000000	-8.735859	0.221565
1936	10.000000	-9.398659	0.244288
1937	10.000000	-9.358720	0.157724
1938	-10.000000	-5.576996	0.371632
1939	-10.000000	-5.370594	0.309089
1940	-10.000000	-6.109276	0.312579
1941	-10.000000	-4.744371	0.123125
1942	-10.000000	-4.512242	0.061455
1943	-10.000000	-5.293639	0.060118
1944	-10.000000	-7.899743	0.132730
1945	-10.000000	-7.775925	0.064322
1946	-10.000000	-8.577404	0.068807
1947	10.000000	5.558606	0.372842
1948	10.000000	5.353277	0.310434
1949	10.000000	6.095792	0.313408
1950	10.000000	4.734760	0.123988
1951	10.000000	4.506381	0.061950
1952	10.000000	5.288573	0.060488
1953	10.000000	7.895871	0.132932
1954	10.000000	7.773247	0.064459
1955	10.000000	8.575555	0.068902
1956	-10.000000	6.489651	0.445286
1957	-10.000000	7.183971	0.463532
1958	-10.000000	7.014165	0.391849
1959	-10.000000	9.016606	0.568559
1960	-10.000000	9.502282	0.628979
1961	-10.000000	9.496355	0.525228
1962	-10.000000	8.735378	0.221488
1963	-10.000000	9.398549	0.244237
1964	-10.000000	9.358453	0.157688
1965	-10.000000	-0.224060	0.339288
1967	-10.000000	-0.513121	0.288048
1968	-10.000000	-0.565293	0.455343
1969	-10.000000	-0.600868	0.547087
1970	-10.000000	-0.996112	0.452247
1971	-10.000000	-1.846257	0.157121
1972	-10.000000	-2.139837	0.194842
1973	-10.000000	-2.454357	0.121336
1974	10.000000	-0.238223	0.340495
1976	10.000000	-0.522249	0.288573
1977	10.000000	-0.595346	0.457533
1978	10.000000	-0.646059	0.551906
1979	10.000000	-1.021761	0.453730
1980	10.000000	-1.849220	0.156451
1981	10.000000	-2.145908	0.193823
1982	10.000000	-2.457730	0.120676
1983	1.999016	-5.808950	-0.000000
1984	3.184277	-5.514359	0.000000
1985	3.136354	-6.268394	-0.000000
1986	7.052690	-4.726114	-0.000001
1987	8.501048	-4.496170	0.000002
1988	8.587354	-5.274239	-0.000000
1989	6.857780	-7.976697	-0.000000
1990	8.489246	-7.816006	0.000000
1991	8.327147	-8.630062	-0.000000
1992	2.440917	-0.000024	0.000000
1993	3.766419	0.237321	-0.000000
1994	3.766435	-0.237372	-0.000000
1995	7.377481	1.429775	0.000000
1996	8.620948	2.033888	0.000001
1997	8.821543	1.278429	0.000000
1998	7.377636	-1.429798	0.000000
1999	8.821641	-1.278230	0.000000
2000	8.621110	-2.033884	0.000001
2001	-0.000002	6.601982	-0.000000
2002	-0.924614	7.122275	-0.000000
2003	0.924612	7.122275	-0.000000
2004	-4.445598	8.817872	-0.000000
2005	-5.929951	9.426654	-0.000000
2006	-3.625929	9.457024	0.000000
2007	4.445603	8.817873	-0.000000
2008	3.625934	9.457024	0.000000
2009	5.929960	9.426654	-0.000000
2010	8.406634	-10.000000	0.159636
2011	8.542801	-10.000000	0.250253
2012	6.966252	-10.000000	0.226641
2013	8.540710	-10.000000	0.548824
2014	8.393264	-10.000000	0.649306
2015	7.009627	-10.000000	0.613824
2016	3.229199	-10.000000	0.396817
2017	3.244208	-10.000000	0.482346
2018	2.054835	-10.000000	0.442231
2019	6.167205	-10.000000	0.807650
2020	3.802512	-10.000000	0.804422
2021	4.785073	-10.000000	0.736902
2022	-3.803133	-10.000000	0.804423
2023	-6.167614	-10.000000	0.807649
2024	-4.785318	-10.000000	0.736901
2025	0.987457	-10.000000	0.585445
2026	-0.987492	-10.000000	0.585444
2027	-0.000009	-10.000000	0.534667
2028	-8.393313	-10.000000	0.649306
2029	-8.540738	-10.000000	0.548823
2030	-7.009682	-10.000000	0.613822
2031	-8.542803	-10.000000	0.250249
2032	-8.406618	-10.000000	0.159633
2033	-6.966245	-10.000000	0.226640
2034	-3.244221	-10.000000	0.482345
2035	-3.229205	-10.000000	0.396816
2036	-2.054841	-10.000000	0.442230
2037	8.827418	-9.351694	0.909209
2038	9.045077	-8.917126	0.915264
2039	7.816584	-9.227514	0.913095
2040	8.737258	-7.526370	0.911924
2041	8.484139	-7.110793	0.909477
2042	7.200676	-7.743686	0.910383
2043	4.155361	-9.136468	0.913429
2044	3.826479	-8.931234	0.912964
2045	2.617796	-9.146652	0.912936
2046	6.057557	-7.099796	0.903771
2047	3.731858	-7.389066	0.903556
2048	4.625023	-7.686748	0.906658
2049	-3.733829	-7.388139	0.903556
2050	-6.059022	-7.098266	0.903771
2051	-4.626779	-7.685780	0.906657
2052	1.060476	-8.784822	0.911427
2053	-1.062301	-8.784711	0.911427
2054	-0.000830	-8.987761	0.912248
2055	-8.484739	-7.108974	0.909474
2056	-8.737699	-7.524870	0.911921
2057	-7.201627	-7.742456	0.910382
2058	-9.045296	-8.916567	0.915266
2059	-8.827649	-9.351401	0.909223
2060	-7.817019	-9.227178	0.913099
2061	-3.827797	-8.930926	0.912964
2062	-4.156483	-9.136216	0.913429
2063	-2.619123	-9.146484	0.912937
2064	7.669487	-0.625632	0.834567
2065	7.949228	-0.597349	0.831508
2066	6.214167	-0.551337	0.817090
2067	8.224889	-0.413348	0.793598
2069	6.632418	-0.328634	0.773860
2070	2.949978	-0.384278	0.780978
2071	3.011732	-0.329674	0.770521
2072	1.893140	-0.343986	0.772774
2073	5.977883	-0.211906	0.753483
2074	3.795355	-0.132461	0.742820
2075	4.234083	-0.190849	0.749533
2076	-3.655508	-0.117894	0.740758
2077	-5.820585	-0.180398	0.748138
2078	-4.379852	-0.182975	0.747764
2079	0.876221	-0.246624	0.755676
2080	-0.940797	-0.245918	0.755450
2081	-0.010690	-0.276710	0.760356
2082	-8.023634	-0.336218	0.774494
2083	-8.019271	-0.409246	0.790292
2084	-6.649553	-0.321542	0.770703
2085	-7.846912	-0.591280	0.828233
2086	-7.611494	-0.620379	0.831852
2087	-6.110918	-0.547528	0.815345
2088	-2.978310	-0.327380	0.769747
2089	-2.874593	-0.382446	0.780334
2090	-1.849019	-0.342752	0.772341
2092	5.246730	-0.115915	0.741618
2093	6.180983	-0.124536	0.742715
2094	-5.169109	-0.090735	0.738934
2095	-7.253579	-0.161425	0.745875
2096	-6.435169	-0.101646	0.740146
2099	1.300979	-0.019596	0.735735
2100	-9.348950	-0.185060	0.728470
2101	-9.047244	-0.078329	0.721300
2102	-8.293300	-0.107035	0.734352
2103	-8.953557	0.127129	0.728705
2104	-9.254061	0.241514	0.740472
2105	-8.116237	0.129429	0.738761
2106	-4.449126	-0.002733	0.735553
2109	-6.980482	0.156694	0.745308
2110	-4.937119	0.083695	0.738669
2111	-6.126881	0.097729	0.739564
2112	5.121897	0.069051	0.738007
2113	7.028017	0.129613	0.743107
2114	6.318429	0.076123	0.738771
2116	2.432181	-0.003043	0.735743
2117	-0.109318	-0.002426	0.735530
2118	8.023496	0.315547	0.773054
2119	8.002123	0.389859	0.789027
2120	6.657052	0.304535	0.768336
2121	7.937186	0.596248	0.833198
2122	7.669929	0.626029	0.835805
2123	6.213634	0.549922	0.816196
2124	3.055669	0.322101	0.768819
2125	2.973341	0.379290	0.779721
2126	1.930639	0.338817	0.771641
2127	5.448522	0.635104	0.832544
2128	3.364466	0.624827	0.830208
2129	3.970825	0.579349	0.821278
2130	-3.311852	0.621236	0.829587
2131	-5.399078	0.629194	0.831450
2132	-3.883465	0.575833	0.820679
2133	0.896173	0.435682	0.790872
2134	-0.776848	0.435456	0.790840
2135	0.057511	0.395449	0.782562
2136	-7.607959	0.618557	0.832086
2137	-7.838124	0.589098	0.828626
2138	-6.104291	0.545611	0.815048
2139	-7.967714	0.409853	0.791760
2140	-7.936651	0.339449	0.776885
2141	-6.573368	0.317863	0.770432
2142	-2.856592	0.379469	0.779832
2143	-2.944162	0.323173	0.769086
2144	-1.822217	0.339190	0.771753
2145	8.484013	7.111144	0.909477
2146	8.737168	7.526656	0.911924
2147	7.200483	7.743919	0.910384
2148	9.045036	8.917229	0.915263
2149	8.827375	9.351748	0.909207
2150	7.816503	9.227576	0.913094
2151	3.826228	8.931291	0.912964
2152	4.155149	9.136515	0.913429
2153	2.617545	9.146683	0.912936
2156	4.887274	9.675327	0.906845
2159	-4.888353	9.675233	0.906848
2160	1.418203	9.462581	0.911110
2161	-1.420022	9.462502	0.911111
2162	-0.000938	9.397488	0.911827
2163	-8.827693	9.351344	0.909225
2164	-9.045337	8.916460	0.915267
2165	-7.817102	9.227113	0.913100
2166	-8.737787	7.524578	0.911920
2167	-8.484860	7.108619	0.909474
2168	-7.201817	7.742215	0.910382
2169	-4.156700	9.136167	0.913430
2170	-3.828052	8.930866	0.912964
2171	-2.619378	9.146451	0.912937
2172	6.065728	10.000000	0.069954
2173	3.722518	10.000000	0.067068
2174	4.572837	10.000000	0.134346
2175	-3.722508	10.000000	0.067068
2176	-6.065711	10.000000	0.069954
2177	-4.572824	10.000000	0.134346
2178	0.965196	10.000000	0.299459
2179	-0.965196	10.000000	0.299459
2180	-0.000001	10.000000	0.352243
2181	-8.406602	10.000000	0.159631
2182	-8.542788	10.000000	0.250246
2183	-6.966230	10.000000	0.226639
2184	-8.540750	10.000000	0.548818
2185	-8.393344	10.000000	0.649303
2186	-7.009705	10.000000	0.613821
2187	-3.229202	10.000000	0.396816
2188	-3.244222	10.000000	0.482345
2189	-2.054841	10.000000	0.442230
2190	-6.167696	10.000000	0.807649
2191	-3.803254	10.000000	0.804423
2192	-4.785374	10.000000	0.736900
2193	3.802398	10.000000	0.804422
2194	6.167133	10.000000	0.807650
2195	4.785040	10.000000	0.736902
2196	-0.987498	10.000000	0.585444
2197	0.987452	10.000000	0.585445
2198	-0.000011	10.000000	0.534667
2199	10.000000	-8.577352	0.068847
2200	10.000000	-7.776205	0.064366
2201	10.000000	-7.899644	0.132830
2202	10.000000	-5.296787	0.060042
2203	10.000000	-4.516208	0.061254
2204	10.000000	-4.750629	0.122885
2205	10.000000	-6.108188	0.313091
2206	10.000000	-5.372355	0.309652
2207	10.000000	-5.574877	0.372418
2208	10.000000	-3.371504	0.139612
2209	10.000000	-2.947679	0.216080
2210	10.000000	-3.575545	0.198900
2211	10.000000	-1.675832	0.464649
2212	10.000000	-1.268560	0.557121
2213	10.000000	-1.843179	0.511562
2214	10.000000	-4.157260	0.377501
2215	10.000000	-3.672428	0.445516
2216	10.000000	-4.357159	0.435510
2217	10.000000	-1.027666	0.685916
2218	10.000000	-0.649314	0.782466
2219	10.000000	-1.418064	0.664304
2220	10.000000	-1.365594	0.824473
2221	10.000000	-1.598204	0.837605
2222	10.000000	-2.136578	0.786549
2223	10.000000	-3.369462	0.566412
2224	10.000000	-3.578186	0.613924
2225	10.000000	-4.070243	0.553034
2226	10.000000	-2.231126	0.857704
2227	10.000000	-2.864828	0.855069
2228	10.000000	-2.931307	0.809639
2229	10.000000	-4.813110	0.854322
2230	10.000000	-5.425801	0.857371
2231	10.000000	-5.482380	0.811472
2232	10.000000	-4.497608	0.655443
2233	10.000000	-5.187750	0.657414
2234	10.000000	-4.988693	0.603078
2235	10.000000	-6.587956	0.852344
2236	10.000000	-7.141512	0.843100
2237	10.000000	-6.684391	0.800241
2238	10.000000	-8.784117	0.807024
2240	10.000000	-8.717576	0.711313
2241	10.000000	-6.378715	0.623822
2242	10.000000	-6.870639	0.581247
2243	10.000000	-6.183258	0.561411
2244	-10.000000	-9.358973	0.157678
2245	-10.000000	-9.399022	0.244240
2246	-10.000000	-8.736490	0.221473
2247	-10.000000	-9.496559	0.525256
2248	-10.000000	-9.502392	0.629003
2249	-10.000000	-9.016952	0.568601
2250	-10.000000	-7.017371	0.391825
2251	-10.000000	-7.186388	0.463567
2252	-10.000000	-6.493491	0.445251
2253	-10.000000	-9.309708	0.751224
2254	-10.000000	-8.783847	0.807082
2255	-10.000000	-8.718019	0.711387
2256	-10.000000	-7.139202	0.843117
2257	-10.000000	-6.584585	0.852346
2258	-10.000000	-6.681121	0.800281
2259	-10.000000	-6.874749	0.581168
2260	-10.000000	-6.382744	0.623724
2261	-10.000000	-6.189670	0.561055
2262	-10.000000	-5.419834	0.857349
2263	-10.000000	-4.805039	0.854260
2264	-10.000000	-5.475127	0.811446
2265	-10.000000	-2.846031	0.854537
2266	-10.000000	-2.206660	0.856849
2267	-10.000000	-2.912611	0.808417
2268	-10.000000	-5.192873	0.656845
2269	-10.000000	-4.506914	0.654096
2270	-10.000000	-4.999122	0.601961
2271	-10.000000	-1.589955	0.833807
2272	-10.000000	-1.369553	0.819437
2273	-10.000000	-2.140979	0.782390
2274	-10.000000	-0.586168	0.795128
2275	-10.000000	-0.546758	0.752885
2276	-10.000000	-1.247370	0.682184
2277	-10.000000	-3.595107	0.610576
2278	-10.000000	-3.372223	0.563530
2279	-10.000000	-4.080870	0.550543
2280	-10.000000	-1.212945	0.559755
2281	-10.000000	-1.636434	0.468880
2282	-10.000000	-1.739902	0.526119
2283	-10.000000	-2.935336	0.217727
2284	-10.000000	-3.363681	0.140500
2285	-10.000000	-3.562900	0.200126
2286	-10.000000	-3.656962	0.445014
2287	-10.000000	-4.146471	0.377121
2288	-10.000000	-4.355031	0.434214
2289	10.000000	9.357782	0.157740
2290	10.000000	9.397825	0.244282
2291	10.000000	8.733842	0.221584
2292	10.000000	9.495762	0.525206
2293	10.000000	9.501883	0.628931
2294	10.000000	9.015450	0.568513
2295	10.000000	7.007924	0.392132
2296	10.000000	7.178112	0.463684
2297	10.000000	6.480959	0.445657
2298	10.000000	9.309597	0.751130
2299	10.000000	8.784063	0.806988
2300	10.000000	8.717210	0.711252
2301	10.000000	7.141764	0.843072
2302	10.000000	6.588372	0.852318
2303	10.000000	6.684620	0.800182
2304	10.000000	6.867634	0.581078
2305	10.000000	6.376110	0.623636
2306	10.000000	6.178151	0.561229
2307	10.000000	5.426615	0.857342
2308	10.000000	4.814303	0.854287
2309	10.000000	5.483196	0.811404
2310	10.000000	2.870691	0.855113
2311	10.000000	2.242786	0.857849
2312	10.000000	2.937777	0.809741
2313	10.000000	5.185168	0.657228
2314	10.000000	4.493785	0.655354
2315	10.000000	4.981911	0.602949
2316	10.000000	1.596468	0.840142
2317	10.000000	1.340389	0.829220
2318	10.000000	2.129854	0.788629
2319	10.000000	0.560131	0.805627
2320	10.000000	0.523843	0.762910
2321	10.000000	1.216938	0.691625
2322	10.000000	3.561134	0.614870
2323	10.000000	3.332049	0.568886
2324	10.000000	4.047663	0.553852
2325	10.000000	1.188394	0.567486
2326	10.000000	1.606160	0.475394
2327	10.000000	1.712012	0.532781
2328	10.000000	2.913780	0.220621
2329	10.000000	3.349796	0.142208
2330	10.000000	3.545816	0.202148
2331	10.000000	3.623311	0.449138
2332	10.000000	4.119342	0.380027
2333	10.000000	4.325365	0.437059
2334	-10.000000	8.576480	0.068838
2335	-10.000000	7.774498	0.064371
2336	-10.000000	7.897842	0.132789
2337	-10.000000	5.290420	0.060287
2338	-10.000000	4.508364	0.061698
2339	-10.000000	4.738458	0.123513
2340	-10.000000	6.103784	0.312792
2341	-10.000000	5.363257	0.309497
2342	-10.000000	5.570260	0.371940
2343	-10.000000	3.354619	0.141412
2344	-10.000000	2.922114	0.219207
2345	-10.000000	3.552767	0.201067
2346	-10.000000	1.634244	0.470810
2347	-10.000000	1.226685	0.561697
2348	-10.000000	1.741510	0.528054
2349	-10.000000	4.136174	0.378051
2350	-10.000000	3.646349	0.446247
2351	-10.000000	4.345487	0.435015
2352	-10.000000	0.570149	0.757452
2353	-10.000000	0.593802	0.802307
2354	-10.000000	1.250918	0.686424
2355	-10.000000	1.363041	0.822186
2356	-10.000000	1.590335	0.835646
2357	-10.000000	2.139674	0.784089
2358	-10.000000	3.364580	0.564856
2359	-10.000000	3.590169	0.611597
2360	-10.000000	4.073665	0.551347
2361	-10.000000	2.214774	0.857121
2362	-10.000000	2.851124	0.854691
2363	-10.000000	2.919607	0.808765
2364	-10.000000	4.806287	0.854271
2365	-10.000000	5.420528	0.857351
2366	-10.000000	5.477046	0.811435
2367	-10.000000	4.505868	0.654357
2368	-10.000000	5.192514	0.656878
2369	-10.000000	4.996154	0.602135
2370	-10.000000	6.584930	0.852344
2371	-10.000000	7.139448	0.843111
2372	-10.000000	6.681995	0.800258
2373	-10.000000	8.783804	0.807067
2375	-10.000000	8.717896	0.711349
2376	-10.000000	6.381784	0.623641
2377	-10.000000	6.873291	0.581083
2378	-10.000000	6.187138	0.561019
2379	-10.000000	-2.064239	0.041717
2380	-10.000000	-1.294458	0.035025
2381	-10.000000	-1.444681	0.077843
2382	-10.000000	1.298947	0.035358
2383	-10.000000	2.064888	0.042296
2384	-10.000000	1.448740	0.078867
2385	-10.000000	-0.209919	0.189747
2386	-10.000000	0.225159	0.189544
2387	-10.000000	0.011592	0.231821
2388	-10.000000	2.444699	0.123164
2389	-10.000000	2.121666	0.198287
2390	-10.000000	1.835875	0.160502
2391	-10.000000	0.944033	0.464331
2392	-10.000000	0.608887	0.554918
2394	-10.000000	0.545325	0.289472
2395	-10.000000	0.430697	0.395003
2396	-10.000000	0.287249	0.337193
2397	-10.000000	0.245590	0.664946
2401	-10.000000	-0.180141	0.669416
2406	10.000000	-2.063804	0.041552
2407	10.000000	-1.292937	0.034938
2408	10.000000	-1.443675	0.077601
2409	10.000000	1.300106	0.035503
2410	10.000000	2.064884	0.042523
2411	10.000000	1.448830	0.079275
2412	10.000000	-0.211735	0.190056
2413	10.000000	0.223082	0.190214
2414	10.000000	0.007031	0.232532
2415	10.000000	2.440845	0.123984
2416	10.000000	2.114314	0.199768
2417	10.000000	1.831206	0.161623
2418	10.000000	0.913572	0.468822
2419	10.000000	0.565913	0.560055
2421	10.000000	0.534875	0.291286
2422	10.000000	0.409123	0.397758
2423	10.000000	0.272735	0.339152
2424	10.000000	0.179297	0.667741
2428	10.000000	-0.257110	0.676379
2433	5.929900	-9.426667	-0.000000
2434	3.625894	-9.457030	0.000000
2435	4.445550	-8.817888	-0.000000
2436	-3.625911	-9.457028	0.000000
2437	-5.929920	-9.426663	-0.000000
2438	-4.445570	-8.817883	-0.000000
2439	0.924597	-7.122287	-0.000000
2440	-0.924613	-7.122286	-0.000000
2441	-0.000008	-6.601996	-0.000000
2442	-8.327168	-8.630034	-0.000000
2443	-8.489271	-7.815954	0.000000
2444	-6.857809	-7.976674	-0.000000
2445	-8.587364	-5.274104	-0.000000
2446	-8.501033	-4.496028	0.000002
2447	-7.052699	-4.726032	-0.000001
2448	-3.136375	-6.268386	-0.000000
2449	-3.184302	-5.514349	0.000000
2450	-1.999035	-5.808945	-0.000000
2451	-6.284701	-3.440183	-0.000001
2452	-3.931844	-3.163401	-0.000000
2453	-4.755886	-3.663556	0.000000
2454	3.931862	-3.163452	-0.000000
2455	6.284741	-3.440271	-0.000001
2456	4.755886	-3.663607	0.000000
2457	-0.978889	-4.561186	-0.000000
2458	0.978857	-4.561189	-0.000000
2459	-0.000013	-4.961993	0.000000
2460	6.249984	-2.514498	-0.000001
2461	3.882285	-2.356616	0.000000
2462	4.833588	-1.938696	-0.000000
2463	-3.882181	-2.356566	0.000000
2464	-6.249893	-2.514420	-0.000001
2465	-4.833481	-1.938649	-0.000000
2466	1.117329	-0.744028	0.000000
2467	-1.117255	-0.744024	0.000000
2468	0.000028	-0.458795	-0.000000
2469	-8.621058	-2.033855	0.000001
2470	-8.821608	-1.278260	0.000000
2471	-7.377572	-1.429776	0.000000
2472	-8.821558	1.278349	0.000000
2473	-8.620974	2.033833	0.000001
2474	-7.377500	1.429743	0.000000
2475	-3.766397	-0.237368	-0.000000
2476	-3.766398	0.237321	-0.000000
2477	-2.440886	-0.000023	0.000000
2478	-6.249816	2.514285	-0.000001
2479	-3.882151	2.356438	0.000000
2480	-4.833427	1.938547	-0.000000
2481	3.882137	2.356445	0.000000
2482	6.249789	2.514299	-0.000001
2483	4.833410	1.938556	-0.000000
2484	-1.117276	0.743968	0.000000
2485	1.117291	0.743969	0.000000
2486	0.000010	0.458747	-0.000000
2487	8.327209	8.629972	-0.000000
2488	8.489302	7.815850	0.000000
2489	6.857849	7.976628	-0.000000
2490	8.587353	5.273915	-0.000000
2491	8.500997	4.495837	0.000002
2492	7.052671	4.725905	-0.000001
2493	3.136385	6.268362	-0.000000
2494	3.184303	5.514315	0.000000
2495	1.999036	5.808922	-0.000000
2496	6.284617	3.440038	-0.000001
2497	3.931775	3.163274	-0.000000
2498	4.755821	3.663446	0.000000
2499	-3.931789	3.163267	-0.000000
2500	-6.284634	3.440028	-0.000001
2501	-4.755835	3.663439	0.000000
2502	0.978869	4.561142	-0.000000
2503	-0.978879	4.561142	-0.000000
2504	-0.000004	4.961960	0.000000
2505	-8.501008	4.495839	0.000002
2506	-8.587360	5.273926	-0.000000
2507	-7.052682	4.725902	-0.000001
2508	-8.489298	7.815867	0.000000
2509	-8.327200	8.629983	-0.000000
2510	-6.857845	7.976631	-0.000000
2511	-3.184310	5.514313	0.000000
2512	-3.136390	6.268360	-0.000000
2513	-1.999041	5.808921	-0.000000
2514	8.440554	-5.346830	0.914161
2515	8.525393	-4.732443	0.914404
2516	6.961922	-5.312779	0.914806
2517	8.432748	-2.626748	0.914307
2518	8.271018	-1.929379	0.913173
2519	6.783675	-2.527341	0.914466
2520	3.127595	-4.805818	0.914651
2521	3.079987	-4.125126	0.914651
2522	1.961845	-4.557210	0.914651
2523	5.864645	-1.235256	0.901809
2524	3.578975	-1.202681	0.900585
2525	4.386888	-1.786335	0.912850
2526	-3.579711	-1.200111	0.900438
2527	-5.864990	-1.230978	0.901476
2528	-4.388351	-1.783489	0.912814
2529	0.906973	-3.356035	0.914649
2530	-0.909130	-3.355671	0.914649
2531	-0.000956	-3.838921	0.914651
2532	-8.271514	-1.923587	0.913128
2533	-8.433414	-2.621326	0.914309
2534	-6.784848	-2.523196	0.914456
2535	-8.526129	-4.728701	0.914404
2536	-8.441325	-5.343621	0.914160
2537	-6.963103	-5.310151	0.914807
2538	-3.081651	-4.123986	0.914651
2539	-3.129058	-4.804768	0.914651
2540	-1.963378	-4.556575	0.914651
2541	8.270659	1.931136	0.913191
2542	8.432436	2.628241	0.914310
2543	6.783198	2.528521	0.914468
2544	8.525209	4.733267	0.914404
2545	8.440384	5.347503	0.914161
2546	6.961637	5.313366	0.914806
2547	3.079446	4.125501	0.914651
2548	3.127126	4.806143	0.914651
2549	1.961329	4.557441	0.914651
2550	6.200144	6.366146	0.918066
2551	3.860377	6.733227	0.917133
2552	4.671407	6.315309	0.913380
2553	-3.862766	6.731660	0.917137
2554	-6.202106	6.363468	0.918074
2555	-4.673586	6.313279	0.913376
2556	0.960877	5.683002	0.914660
2557	-0.963063	5.682577	0.914660
2558	-0.001120	5.333930	0.914651
2559	-8.441488	5.342977	0.914159
2560	-8.526287	4.727945	0.914404
2561	-6.963386	5.309592	0.914807
2562	-8.433620	2.620140	0.914310
2563	-8.271753	1.922243	0.913142
2564	-6.785253	2.522174	0.914456
2565	-3.129546	4.804512	0.914651
2566	-3.082218	4.123698	0.914651
2567	-1.963912	4.556431	0.914651
