1	10.000000	-15.000000	0.000000
2	-10.000000	-15.000000	0.000000
3	10.000000	15.000000	0.000000
4	-10.000000	15.000000	0.000000
5	10.000000	-10.059335	0.000000
6	-10.000000	-10.059335	0.000000
7	10.000000	10.059331	0.000000
8	-10.000000	10.059334	0.000000
9	10.000000	-9.811904	0.572829
10	-10.000000	-9.811913	0.572838
11	10.000000	-0.991197	0.879827
12	-10.000000	-1.011501	0.877100
13	10.000000	1.010581	0.881814
14	-10.000000	1.016018	0.879404
15	10.000000	9.811902	0.572825
16	-10.000000	9.811911	0.572837
17	10.000000	-5.312112	0.900000
18	-10.000000	-5.313974	0.900000
19	10.000000	5.317113	0.900000
20	-10.000000	5.314544	0.900000
21	10.000000	3.427700	0.000062
22	-10.000000	3.428386	0.000061
23	10.000000	0.367778	0.824188
24	-10.000000	0.435432	0.822399
25	10.000000	-3.426612	0.000063
26	-10.000000	-3.427669	0.000062
27	10.000000	-0.534630	0.836106
28	-10.000000	-0.403058	0.815658
29	-0.000040	-10.000000	0.424767
30	-0.000379	-8.004600	0.933203
31	-0.064097	-0.420297	0.844960
32	0.113849	-0.011224	0.833972
33	0.052581	0.414960	0.844696
34	-0.001055	8.005032	0.933203
35	-0.000054	10.000000	0.424766
36	10.000000	-5.545675	0.484644
37	-10.000000	-5.523026	0.484883
38	10.000000	5.514501	0.485678
39	-10.000000	5.521802	0.485116
40	-10.000000	0.065465	0.425357
41	10.000000	0.030765	0.434548
42	0.000059	-6.533042	0.000002
43	-0.000100	0.000182	-0.000000
44	0.000042	6.533240	0.000002
45	0.002185	-3.438035	0.937859
46	-0.000602	3.440226	0.937861
47	0.000000	0.000000	0.000000
48	0.000050	-10.064175	0.000000
49	-0.000198	-9.708241	0.900000
50	0.001628	-0.793043	0.865859
52	0.006869	0.800121	0.866323
53	-0.000575	9.708228	0.900000
54	0.000064	10.064175	0.000000
55	10.000000	-10.000000	0.287639
56	-10.000000	-10.000000	0.287647
57	10.000000	2.239071	0.358983
58	-10.000000	2.262842	0.355120
59	10.000000	10.000000	0.287607
60	-10.000000	10.000000	0.287633
61	10.000000	-7.531859	0.900000
62	-10.000000	-7.532051	0.900000
63	9.204571	-0.767646	0.861309
64	-9.195327	-0.791520	0.859078
65	9.204280	0.782515	0.863502
66	-9.177127	0.799964	0.861203
67	10.000000	7.533805	0.900000
68	-10.000000	7.532331	0.900000
69	10.000000	-6.824002	0.000000
70	-10.000000	-6.824333	0.000000
71	10.000000	6.824166	0.000000
72	-10.000000	6.824618	0.000000
73	-0.000032	3.400855	0.000000
74	10.000000	-2.287036	0.357322
75	-10.000000	-2.274354	0.353321
76	10.000000	-0.000439	0.000000
77	-10.000000	-0.000448	0.000000
78	-0.033761	-0.117020	0.834802
79	-0.000027	-3.400187	0.000000
82	0.000773	-5.553269	0.900000
83	-0.000952	5.554781	0.900000
84	10.000000	3.056569	0.900000
85	-10.000000	3.054843	0.900000
86	10.000000	-3.044814	0.900000
87	-10.000000	-3.053162	0.900000
88	3.851415	-10.000000	0.261829
89	4.064968	-10.000000	0.560695
90	-4.065093	-10.000000	0.560696
91	-3.851459	-10.000000	0.261829
92	4.318125	-8.663273	0.932524
93	3.952675	-6.999215	0.927190
94	-3.952666	-6.999102	0.927193
95	-4.318770	-8.663159	0.932526
96	3.515428	-0.586562	0.853325
97	3.704990	-0.352256	0.841817
98	-3.989583	-0.344129	0.841160
99	-3.553730	-0.587453	0.853309
100	5.038025	-0.107512	0.833549
101	-4.921448	-0.064382	0.832810
102	-4.919641	0.073553	0.832968
103	5.020933	0.041956	0.832964
104	3.910863	0.333534	0.841009
105	3.589288	0.586888	0.853327
106	-3.473158	0.587078	0.853352
107	-3.835036	0.339493	0.841216
108	3.951624	7.000423	0.927194
109	4.317464	8.663705	0.932519
110	-4.319172	8.663329	0.932524
111	-3.953443	6.999618	0.927195
112	3.851371	10.000000	0.261827
113	-3.851438	10.000000	0.261828
114	-4.065167	10.000000	0.560693
115	4.064939	10.000000	0.560691
116	10.000000	-7.611843	0.259729
117	10.000000	-4.861111	0.246562
118	10.000000	-2.889908	0.543045
119	10.000000	-3.424681	0.703227
120	10.000000	-5.770234	0.721087
121	10.000000	-7.941492	0.570784
122	-10.000000	-7.607685	0.259883
123	-10.000000	-7.938601	0.570682
124	-10.000000	-5.763310	0.720676
125	-10.000000	-3.398673	0.702805
126	-10.000000	-2.770639	0.550036
127	-10.000000	-4.844469	0.248135
128	10.000000	7.600981	0.260103
129	10.000000	7.937620	0.570535
130	10.000000	5.768565	0.720832
131	10.000000	3.401817	0.704306
132	10.000000	2.746977	0.554590
133	10.000000	4.828315	0.249777
134	-10.000000	7.605393	0.259968
135	-10.000000	4.839980	0.248778
136	-10.000000	2.770106	0.551627
137	-10.000000	3.407800	0.703303
138	-10.000000	5.766545	0.720753
139	-10.000000	7.938472	0.570626
140	-10.000000	-1.055165	0.210280
141	-10.000000	1.088318	0.200033
144	10.000000	-1.058083	0.215011
145	10.000000	1.073634	0.203661
148	3.932123	-7.982947	0.000000
149	-3.932021	-7.982988	0.000000
150	-4.097707	-5.302322	0.000006
151	4.097945	-5.302176	0.000006
152	4.049940	-1.361792	0.000000
153	-4.050271	-1.361900	0.000000
154	-4.050386	1.362292	0.000000
155	4.050161	1.362225	0.000000
156	3.932093	7.983070	0.000000
157	4.097863	5.302572	0.000006
158	-4.097741	5.302685	0.000006
159	-3.931985	7.983110	0.000000
160	4.081179	-4.261129	0.937056
161	3.819353	-2.328339	0.932441
162	-3.810631	-2.331127	0.932480
163	-4.078312	-4.261892	0.937052
164	3.814754	2.334528	0.932528
165	4.078204	4.264419	0.937050
166	-4.079501	4.262940	0.937050
167	-3.813297	2.333246	0.932503
168	5.185862	-10.063553	0.000000
169	5.128955	-9.731524	0.900000
170	5.104404	-0.837711	0.868547
171	5.144358	0.148967	0.834782
172	5.107238	0.850533	0.869343
173	5.128536	9.731508	0.900000
174	5.185863	10.063552	0.000000
175	10.000000	-10.000000	0.153982
176	-10.000000	-10.000000	0.153985
177	10.000000	3.007042	0.176952
178	-10.000000	3.020595	0.175173
179	10.000000	10.000000	0.153964
180	-10.000000	10.000000	0.153978
181	10.000000	-8.764410	0.868998
182	-10.000000	-8.764435	0.869000
185	9.117523	0.440933	0.834928
186	-9.079776	0.478618	0.832012
187	10.000000	6.343851	0.899998
188	-10.000000	6.341697	0.899998
189	10.000000	-8.557784	0.000000
190	-10.000000	-8.557896	0.000000
191	10.000000	8.557783	0.000000
192	-10.000000	8.558010	0.000000
193	5.371386	3.412307	0.000000
194	10.000000	-3.005308	0.176444
195	-10.000000	-3.010081	0.175136
196	10.000000	-1.835302	0.000000
197	-10.000000	-1.835905	0.000000
198	5.081414	-0.200448	0.836458
199	5.371309	-3.411494	0.000000
202	5.317769	-5.479310	0.900000
203	5.316067	5.482121	0.900000
204	10.000000	1.944817	0.900000
205	-10.000000	1.945515	0.900000
206	10.000000	-4.225397	0.899998
207	-10.000000	-4.229632	0.899998
208	6.527543	-10.000000	0.155451
209	6.736972	-10.000000	0.637262
210	-6.737108	-10.000000	0.637265
211	-6.527556	-10.000000	0.155452
212	6.980332	-9.128211	0.922307
213	6.578116	-6.239514	0.919913
214	-6.577527	-6.239717	0.919923
215	-6.980636	-9.128143	0.922309
216	5.883263	-0.737096	0.862165
217	6.094423	-0.350164	0.840746
218	-6.317211	-0.316247	0.837840
219	-5.898283	-0.744651	0.861833
220	7.857522	-0.257139	0.833357
221	-7.946541	-0.178493	0.826247
222	-7.483664	0.200165	0.827784
223	7.913798	0.150582	0.829937
224	6.299720	0.302468	0.838885
225	5.918034	0.745610	0.862679
226	-5.853323	0.746120	0.861758
227	-6.240459	0.323691	0.838175
228	6.576986	6.241841	0.919922
229	6.979871	9.128537	0.922297
230	-6.980845	9.128229	0.922305
231	-6.578112	6.240244	0.919925
232	6.527471	10.000000	0.155449
233	-6.527520	10.000000	0.155450
234	-6.737207	10.000000	0.637261
235	6.736886	10.000000	0.637255
236	10.000000	-8.743988	0.135207
237	10.000000	-4.298148	0.127307
238	10.000000	-1.688534	0.625225
239	10.000000	-2.334820	0.809150
240	10.000000	-5.574115	0.823876
241	10.000000	-8.919327	0.634561
242	-10.000000	-8.742853	0.135267
243	-10.000000	-8.918463	0.634567
244	-10.000000	-5.571735	0.823646
245	-10.000000	-2.330597	0.808274
246	-10.000000	-1.401135	0.654924
247	-10.000000	-4.298388	0.127834
248	10.000000	8.739784	0.135373
249	10.000000	8.918605	0.634379
250	10.000000	5.577252	0.823746
251	10.000000	2.340966	0.809767
252	10.000000	1.370298	0.661976
253	10.000000	4.290555	0.129029
254	-10.000000	8.741825	0.135309
255	-10.000000	4.299975	0.128245
256	-10.000000	1.411921	0.657285
257	-10.000000	2.340896	0.808984
258	-10.000000	5.574031	0.823702
259	-10.000000	8.918539	0.634503
260	-10.000000	-2.114930	0.111724
261	-10.000000	2.134489	0.109017
263	-10.000000	-0.204796	0.603103
264	10.000000	-2.108994	0.113723
265	10.000000	2.124313	0.110589
267	10.000000	-0.270384	0.616752
268	6.591138	-8.946758	0.000000
269	-6.591060	-8.946800	0.000000
270	-6.792422	-4.499341	0.000015
271	6.792599	-4.498900	0.000015
272	6.704939	-2.286794	0.000001
273	-6.705201	-2.287187	0.000001
274	-6.705442	2.287615	0.000001
275	6.705292	2.287352	0.000001
276	6.591150	8.946819	0.000000
277	6.792517	4.499532	0.000015
278	-6.792461	4.499851	0.000015
279	-6.591031	8.946872	0.000000
280	6.801696	-4.722433	0.930657
281	6.451088	-1.637517	0.915444
282	-6.443061	-1.646013	0.915444
283	-6.799845	-4.723644	0.930630
284	6.448111	1.649105	0.915824
285	6.799505	4.726556	0.930621
286	-6.800306	4.724401	0.930624
287	-6.443955	1.648440	0.915509
288	-5.185780	-10.063553	0.000000
289	-5.129218	-9.731530	0.900000
290	-5.100968	-0.847089	0.868888
292	-5.096237	0.851258	0.869034
293	-5.129392	9.731521	0.900000
294	-5.185753	10.063552	0.000000
295	10.000000	-10.000000	0.407303
296	-10.000000	-10.000000	0.407317
297	10.000000	1.176516	0.567419
298	-10.000000	1.219279	0.561384
299	10.000000	10.000000	0.407286
300	-10.000000	10.000000	0.407310
301	10.000000	-6.340538	0.899998
302	-10.000000	-6.341288	0.899998
304	-9.113431	-0.461729	0.828937
307	10.000000	8.765252	0.868912
308	-10.000000	8.764569	0.868985
309	10.000000	-5.036392	0.000000
310	-10.000000	-5.037117	0.000000
311	10.000000	5.037010	0.000000
312	-10.000000	5.037630	0.000000
313	-5.371441	3.412623	0.000000
314	10.000000	-1.268251	0.572890
315	-10.000000	-1.218804	0.561112
316	10.000000	1.835401	0.000000
317	-10.000000	1.835839	0.000000
318	-5.131328	-0.160251	0.834360
319	-5.371357	-3.411972	0.000000
320	9.504469	-0.080026	0.812928
322	-5.316436	-5.479791	0.900000
323	-5.317346	5.480607	0.900000
324	10.000000	4.233176	0.899998
325	-10.000000	4.230598	0.899998
326	10.000000	-1.928644	0.900000
327	-10.000000	-1.942646	0.900000
328	1.693099	-10.000000	0.354239
329	1.745651	-10.000000	0.488704
330	-1.745752	-10.000000	0.488704
331	-1.693161	-10.000000	0.354239
332	1.903654	-8.311864	0.933629
333	1.771969	-7.598049	0.931234
334	-1.772465	-7.597965	0.931235
335	-1.904444	-8.311787	0.933629
336	1.550118	-0.483747	0.847980
337	1.589336	-0.379560	0.843166
338	-1.800804	-0.377874	0.843056
339	-1.629786	-0.482970	0.847949
340	2.626520	-0.027793	0.833782
341	-1.503054	-0.017174	0.833911
342	-2.425144	0.003733	0.833744
343	1.723388	-0.005495	0.833866
344	1.743886	0.370152	0.842696
345	1.652219	0.479999	0.847752
346	-1.530136	0.480338	0.847850
347	-1.649069	0.371240	0.842828
348	1.771132	7.598730	0.931235
349	1.902956	8.312303	0.933627
350	-1.904997	8.312072	0.933628
351	-1.773209	7.598438	0.931235
352	1.693082	10.000000	0.354237
353	-1.693162	10.000000	0.354238
354	-1.745782	10.000000	0.488702
355	1.745627	10.000000	0.488702
356	10.000000	-6.571267	0.375214
357	10.000000	-5.246410	0.365570
358	10.000000	-4.227172	0.492165
359	10.000000	-4.498141	0.593320
360	10.000000	-5.748360	0.604511
361	10.000000	-6.801915	0.512768
362	-10.000000	-6.560056	0.375453
363	-10.000000	-6.793521	0.512604
364	-10.000000	-5.735084	0.604138
365	-10.000000	-4.466361	0.593377
366	-10.000000	-4.172359	0.494229
367	-10.000000	-5.219416	0.366872
368	10.000000	6.551035	0.375887
369	10.000000	6.789757	0.512716
370	10.000000	5.734911	0.604462
371	10.000000	4.462063	0.594604
372	10.000000	4.156890	0.496466
373	10.000000	5.204256	0.368230
374	-10.000000	6.557262	0.375598
375	-10.000000	5.214983	0.367337
376	-10.000000	4.170810	0.494901
377	-10.000000	4.469796	0.593720
378	-10.000000	5.737051	0.604239
379	-10.000000	6.792886	0.512631
380	-10.000000	-0.335542	0.319414
381	-10.000000	0.391499	0.306575
384	10.000000	-0.353973	0.326748
385	10.000000	0.370031	0.312918
388	1.733896	-7.156853	0.000000
389	-1.733791	-7.156876	0.000000
390	-1.788509	-5.973117	0.000002
391	1.788686	-5.973081	0.000002
392	1.793105	-0.593136	-0.000000
393	-1.793366	-0.593151	-0.000000
394	-1.793361	0.593530	-0.000000
395	1.793148	0.593525	-0.000000
396	1.733862	7.157017	0.000000
397	1.788642	5.973349	0.000002
398	-1.788533	5.973377	0.000002
399	-1.733776	7.157036	0.000000
400	1.767947	-3.832831	0.937928
401	1.683552	-2.961267	0.936980
402	-1.677246	-2.961906	0.936983
403	-1.764359	-3.833222	0.937928
404	1.679819	2.964707	0.936994
405	1.764950	3.835444	0.937929
406	-1.766352	3.834750	0.937928
407	-1.680233	2.964029	0.936992
408	-0.000018	-10.000000	0.244940
409	-2.318112	-10.000000	0.147553
410	2.318125	-10.000000	0.147553
411	-0.000457	-8.844566	0.929829
412	-2.562140	-9.268261	0.920059
413	2.561392	-9.268293	0.920058
414	0.001293	-4.499121	0.936349
415	-2.471436	-5.008567	0.927702
416	2.473286	-5.008358	0.927710
417	-0.025544	-0.575188	0.852822
418	-2.094698	-0.687013	0.859289
419	2.052919	-0.684542	0.859069
420	5.231754	-0.032164	0.832529
421	7.711933	0.019481	0.828785
422	7.691442	-0.121805	0.829939
423	0.010093	0.274296	0.839155
424	-2.293345	0.199215	0.836867
425	2.214088	0.195953	0.836668
426	0.000846	2.212640	0.930892
427	-2.230511	1.507089	0.909396
428	2.236328	1.507598	0.909392
429	-0.001093	6.949034	0.925254
430	-2.300454	6.256515	0.916123
431	2.298481	6.257100	0.916122
432	4.506107	10.000000	0.407508
433	7.090804	10.000000	0.457060
434	7.053407	10.000000	0.293105
435	10.000000	-7.806130	0.409553
436	10.000000	-8.903721	0.449380
437	10.000000	-8.835513	0.287243
438	-10.000000	-6.248243	0.243593
439	-10.000000	-5.790274	0.118010
440	-10.000000	-7.324426	0.122071
441	10.000000	6.236908	0.244295
442	10.000000	5.782092	0.118614
443	10.000000	7.318480	0.122346
444	-10.000000	7.800834	0.409537
445	-10.000000	8.902115	0.449334
446	-10.000000	8.833233	0.287274
447	-10.000000	-0.828174	0.377852
448	-10.000000	-1.211689	0.438854
449	-10.000000	-1.829275	0.263401
450	10.000000	-0.849563	0.386806
451	10.000000	-1.237371	0.448953
452	10.000000	-1.830129	0.268570
453	4.647688	-6.642508	0.000001
454	7.319612	-5.947339	0.000003
455	7.236022	-7.526813	0.000000
456	4.717668	0.000187	-0.000000
457	7.324981	0.817519	-0.000000
458	7.324750	-0.817291	-0.000000
459	0.000052	8.158065	0.000000
460	-2.310644	9.101429	0.000000
461	2.310769	9.101419	0.000000
462	7.053460	-10.000000	0.293113
463	7.090789	-10.000000	0.457071
464	4.506128	-10.000000	0.407512
465	2.565166	-10.000000	0.674578
466	-2.565413	-10.000000	0.674578
467	-0.000080	-10.000000	0.593349
468	-7.090857	-10.000000	0.457074
469	-7.053505	-10.000000	0.293115
470	-4.506201	-10.000000	0.407512
471	7.482402	-8.203157	0.934692
472	7.304184	-7.169215	0.931975
473	4.797677	-7.839143	0.933809
474	2.299987	-6.255651	0.916119
475	-2.299247	-6.255656	0.916121
476	0.000002	-6.948226	0.925252
477	-7.304169	-7.169152	0.931981
478	-7.482620	-8.203024	0.934694
479	-4.798101	-7.838975	0.933811
480	6.840336	-0.658071	0.857061
481	7.033070	-0.516934	0.848430
482	4.379895	-0.485323	0.847837
483	2.129728	-0.219500	0.837430
484	-2.392359	-0.210678	0.837043
485	-0.165678	-0.286728	0.839631
486	-7.055221	-0.503161	0.845692
487	-6.809526	-0.659071	0.855528
488	-4.470691	-0.481222	0.847282
489	2.492951	-0.123220	0.835274
490	-3.531759	-0.096235	0.833847
491	0.171988	-0.063005	0.834297
492	-7.669437	-0.050838	0.824974
493	-7.648403	0.083660	0.824738
494	-5.127533	0.005206	0.832082
495	-2.896142	0.085850	0.833135
496	3.391948	0.074861	0.833762
497	0.115624	0.039258	0.834034
498	7.048329	0.492344	0.847315
499	6.841766	0.656607	0.857064
500	4.477593	0.475874	0.847354
501	2.107303	0.689631	0.859373
502	-2.042720	0.689471	0.859465
503	0.055142	0.575542	0.852838
504	-6.736682	0.659819	0.855370
505	-6.976638	0.508061	0.845669
506	-4.354493	0.478925	0.847302
507	7.303540	7.170835	0.931980
508	7.481931	8.204066	0.934688
509	4.796940	7.839980	0.933809
510	2.560751	9.268438	0.920052
511	-2.562623	9.268341	0.920056
512	-0.001088	8.844781	0.929826
513	-7.482837	8.203231	0.934692
514	-7.304517	7.169501	0.931981
515	-4.798581	7.839284	0.933811
516	2.318101	10.000000	0.147552
517	-2.318097	10.000000	0.147553
518	-0.000025	10.000000	0.244939
519	-7.053482	10.000000	0.293111
520	-7.090899	10.000000	0.457068
521	-4.506211	10.000000	0.407510
522	-2.565584	10.000000	0.674575
523	2.564992	10.000000	0.674574
524	-0.000152	10.000000	0.593347
525	10.000000	-7.327220	0.121870
526	10.000000	-5.793793	0.117511
527	10.000000	-6.258115	0.242964
528	10.000000	-3.531080	0.280874
529	10.000000	-2.615725	0.449204
530	10.000000	-3.911716	0.388156
531	10.000000	-1.581097	0.732893
532	10.000000	-1.964274	0.764363
533	10.000000	-3.151259	0.625168
534	10.000000	-3.380143	0.799155
535	10.000000	-4.466836	0.802725
536	10.000000	-4.616226	0.697852
537	10.000000	-6.825026	0.785853
538	10.000000	-7.951048	0.743166
539	10.000000	-6.924265	0.652926
540	-10.000000	-8.834236	0.287278
541	-10.000000	-8.902575	0.449391
542	-10.000000	-7.802269	0.409543
543	-10.000000	-7.949186	0.743062
544	-10.000000	-6.822146	0.785654
545	-10.000000	-6.918959	0.652651
546	-10.000000	-4.462930	0.802327
547	-10.000000	-3.374387	0.798627
548	-10.000000	-4.602327	0.697303
549	-10.000000	-1.929281	0.764459
550	-10.000000	-1.469873	0.736998
551	-10.000000	-3.080197	0.627253
552	-10.000000	-2.536795	0.454573
553	-10.000000	-3.512295	0.282463
554	-10.000000	-3.858739	0.391769
555	10.000000	8.831444	0.287269
556	10.000000	8.901207	0.449248
557	10.000000	7.797910	0.409545
558	10.000000	7.950599	0.742960
559	10.000000	6.825682	0.785678
560	10.000000	6.920242	0.652633
561	10.000000	4.471239	0.802551
562	10.000000	3.385945	0.799094
563	10.000000	4.608566	0.697800
564	10.000000	1.921474	0.768790
565	10.000000	1.445049	0.743879
566	10.000000	3.067743	0.630519
567	10.000000	2.502311	0.459948
568	10.000000	3.489999	0.285772
569	10.000000	3.835766	0.394785
570	-10.000000	7.322716	0.122177
571	-10.000000	5.788825	0.118240
572	-10.000000	6.244710	0.243864
573	-10.000000	3.506365	0.283733
574	-10.000000	2.527774	0.456333
575	-10.000000	3.852046	0.392847
576	-10.000000	1.479725	0.740369
577	-10.000000	1.941029	0.766180
578	-10.000000	3.087060	0.628209
579	-10.000000	3.382309	0.798824
580	-10.000000	4.467402	0.802432
581	-10.000000	4.608171	0.697477
582	-10.000000	6.823647	0.785682
583	-10.000000	7.949786	0.743036
584	-10.000000	6.920109	0.652653
585	-10.000000	-0.770039	0.089617
586	-10.000000	0.759009	0.087456
587	-10.000000	-0.004861	0.183883
588	-10.000000	1.866505	0.258670
589	-10.000000	1.186204	0.438649
590	-10.000000	0.937525	0.351457
594	10.000000	-0.770402	0.091495
595	10.000000	0.752639	0.089085
596	10.000000	-0.013471	0.187825
597	10.000000	1.846624	0.262415
598	10.000000	1.150431	0.445325
599	10.000000	0.909558	0.357840
603	2.310767	-9.101370	0.000000
604	-2.310670	-9.101380	0.000000
605	0.000049	-8.157969	0.000000
606	-7.235930	-7.526947	0.000000
607	-7.319469	-5.947622	0.000003
608	-4.647550	-6.642605	0.000001
609	-2.456295	-4.239633	0.000003
610	2.456611	-4.239493	0.000003
611	0.000153	-5.036690	0.000003
612	2.388792	-2.470481	0.000000
613	-2.389194	-2.470610	0.000000
614	-0.000195	-1.569484	-0.000000
615	-7.324966	-0.817449	-0.000000
616	-7.325145	0.817612	-0.000000
617	-4.717899	0.000170	-0.000000
618	-2.389240	2.471116	0.000000
619	2.388988	2.471030	0.000000
620	-0.000130	1.569918	-0.000000
621	7.235990	7.526984	0.000000
622	7.319528	5.947717	0.000003
623	4.647624	6.642754	0.000001
624	2.456538	4.240028	0.000003
625	-2.456381	4.240125	0.000003
626	0.000085	5.037060	0.000003
627	-7.319459	5.947970	0.000003
628	-7.235901	7.527136	0.000000
629	-4.647529	6.642838	0.000001
630	7.262635	-3.715214	0.937095
631	7.125183	-2.623766	0.934909
632	4.558698	-3.298715	0.937601
633	2.240221	-1.500666	0.909058
634	-2.227983	-1.503338	0.909235
635	0.005211	-2.208949	0.930824
636	-7.120306	-2.629374	0.934900
637	-7.259824	-3.718126	0.937094
638	-4.553921	-3.300518	0.937604
639	7.122102	2.632808	0.934963
640	7.260117	3.721488	0.937095
641	4.555068	3.303555	0.937610
642	2.470969	5.010528	0.927692
643	-2.472811	5.009708	0.927695
644	-0.000917	4.500813	0.936344
645	-7.260390	3.719115	0.937094
646	-7.121248	2.630880	0.934918
647	-4.555553	3.301858	0.937606
648	7.659926	-10.062149	0.000000
649	7.626122	-9.762502	0.900000
650	7.579040	-0.900451	0.872836
651	7.596734	0.231469	0.834149
652	7.579889	0.916647	0.873833
653	7.625828	9.762488	0.900000
654	7.659930	10.062147	0.000000
655	10.000000	-10.000000	0.077926
656	-10.000000	-10.000000	0.077927
657	10.000000	3.265588	0.090354
658	-10.000000	3.273917	0.089472
659	10.000000	10.000000	0.077920
660	-10.000000	10.000000	0.077925
661	10.000000	-9.328279	0.764996
662	-10.000000	-9.328289	0.765004
667	10.000000	5.807580	0.899997
668	-10.000000	5.805177	0.899997
669	10.000000	-9.344227	0.000000
670	-10.000000	-9.344276	0.000000
671	10.000000	9.344214	0.000000
672	-10.000000	9.344326	0.000000
673	7.805076	3.421781	0.000000
674	10.000000	-3.258357	0.090242
675	-10.000000	-3.264419	0.089648
676	10.000000	-2.670254	0.000000
677	-10.000000	-2.671123	0.000000
678	7.614422	-0.330662	0.837433
679	7.805008	-3.420846	0.000000
682	7.764298	-5.400507	0.900000
683	7.763174	5.404280	0.900000
684	10.000000	1.452382	0.899419
685	-10.000000	1.455212	0.898708
686	10.000000	-4.789852	0.900000
687	-10.000000	-4.792697	0.899999
688	8.235580	-10.000000	0.086924
689	8.214767	-10.000000	0.666259
690	-8.214854	-10.000000	0.666265
691	-8.235560	-10.000000	0.086924
692	8.414990	-9.444470	0.873812
693	8.160888	-5.799767	0.913140
694	-8.160258	-5.800505	0.913154
695	-8.415100	-9.444447	0.873816
696	7.512760	-0.844819	0.869002
697	7.651824	-0.383876	0.840328
698	-7.772199	-0.317525	0.833825
699	-7.519974	-0.857985	0.867685
700	8.871566	-0.367972	0.832952
701	-8.871194	-0.266211	0.820836
702	-8.490244	0.279228	0.825489
703	8.849416	0.234560	0.826798
704	7.770071	0.296941	0.836439
705	7.527862	0.858783	0.869905
706	-7.497941	0.860702	0.867602
707	-7.760989	0.335857	0.832456
708	8.160014	5.803122	0.913151
709	8.414719	9.444670	0.873791
710	-8.415202	9.444492	0.873804
711	-8.160602	5.801035	0.913154
712	8.235539	10.000000	0.086923
713	-8.235541	10.000000	0.086923
714	-8.214904	10.000000	0.666264
715	8.214606	10.000000	0.666253
716	10.000000	-9.388638	0.070088
717	10.000000	-3.901974	0.066457
718	10.000000	-1.060148	0.701686
719	10.000000	-1.687276	0.857843
720	10.000000	-5.429877	0.866437
721	10.000000	-9.370335	0.635727
722	-10.000000	-9.388219	0.070116
723	-10.000000	-9.370008	0.635752
724	-10.000000	-5.429725	0.866327
725	-10.000000	-1.695642	0.856534
726	-10.000000	-0.955740	0.688541
727	-10.000000	-3.905982	0.066471
728	10.000000	9.386953	0.070175
729	10.000000	9.370220	0.635605
730	10.000000	5.434127	0.866378
731	10.000000	1.703782	0.858687
732	10.000000	0.919980	0.696910
733	10.000000	3.904007	0.067078
734	-10.000000	9.387809	0.070139
735	-10.000000	3.910301	0.066578
736	-10.000000	0.976711	0.690375
737	-10.000000	1.703055	0.857696
738	-10.000000	5.431134	0.866356
739	-10.000000	9.370067	0.635709
740	-10.000000	-2.753013	0.061030
741	-10.000000	2.764117	0.060191
742	-10.000000	0.226098	0.757657
744	10.000000	-2.747219	0.061856
745	10.000000	2.757566	0.060940
746	10.000000	0.138921	0.766572
748	8.168338	-9.481390	0.000000
749	-8.168290	-9.481419	0.000000
750	-8.308196	-4.009159	-0.000024
751	8.308262	-4.008455	-0.000025
752	8.247565	-2.822002	0.000007
753	-8.247693	-2.822669	0.000007
754	-8.247836	2.823189	0.000007
755	8.247767	2.822747	0.000007
756	8.168366	9.481414	0.000000
757	8.308232	4.009280	-0.000024
758	-8.308232	4.009766	-0.000024
759	-8.168274	9.481458	0.000000
760	8.319828	-4.993169	0.918717
761	8.059975	-1.300344	0.899469
762	-8.055155	-1.313868	0.898688
763	-8.318700	-4.994687	0.918683
764	8.059138	1.315745	0.900118
765	8.318471	4.997742	0.918675
766	-8.318885	4.995344	0.918677
767	-8.054881	1.316967	0.898981
768	-2.618206	-10.064058	0.000000
769	-2.583709	-9.713996	0.900000
770	-2.567849	-0.807422	0.866760
772	-2.562505	0.812635	0.867108
773	-2.583990	9.713986	0.900000
774	-2.618182	10.064058	0.000000
775	10.000000	-10.000000	0.350682
776	-10.000000	-10.000000	0.350693
777	10.000000	1.718138	0.460667
778	-10.000000	1.749574	0.455614
779	10.000000	10.000000	0.350653
780	-10.000000	10.000000	0.350681
781	10.000000	-6.920028	0.899999
782	-10.000000	-6.920438	0.899999
783	9.204339	-0.606159	0.846852
784	-9.088954	-0.618874	0.843216
787	10.000000	8.156938	0.899825
788	-10.000000	8.155857	0.899827
789	10.000000	-5.921476	0.000000
790	-10.000000	-5.921985	0.000000
791	10.000000	5.921832	0.000000
792	-10.000000	5.922379	0.000000
793	-2.743649	3.404208	0.000000
794	10.000000	-1.802426	0.460346
795	-10.000000	-1.774007	0.453344
796	10.000000	0.936198	0.000000
797	-10.000000	0.936440	0.000000
799	-2.743594	-3.403562	0.000000
801	-9.489249	0.027804	0.804692
802	-2.705560	-5.533934	0.900000
803	-2.706930	5.535035	0.900000
804	10.000000	3.646762	0.899999
805	-10.000000	3.644460	0.899999
806	10.000000	-2.469458	0.900000
807	-10.000000	-2.480486	0.900000
808	2.721232	-10.000000	0.310084
809	2.843948	-10.000000	0.524276
810	-2.844061	-10.000000	0.524276
811	-2.721285	-10.000000	0.310084
812	3.070112	-8.480284	0.933383
813	2.819333	-7.319779	0.929513
814	-2.819605	-7.319663	0.929515
815	-3.070855	-8.480180	0.933384
816	2.501428	-0.530239	0.850322
817	2.614501	-0.363577	0.842432
818	-2.868114	-0.359671	0.842146
819	-2.558130	-0.529812	0.850300
820	3.937762	-0.053298	0.833615
822	-3.785001	0.025736	0.833488
824	2.792561	0.350456	0.841817
825	2.590890	0.528085	0.850177
826	-2.466839	0.528396	0.850287
827	-2.706671	0.353220	0.842021
828	2.818390	7.320676	0.929516
829	3.069416	8.480726	0.933380
830	-3.071338	8.480402	0.933383
831	-2.820381	7.320160	0.929516
832	2.721205	10.000000	0.310083
833	-2.721277	10.000000	0.310083
834	-2.844110	10.000000	0.524274
835	2.843922	10.000000	0.524273
836	10.000000	-7.086000	0.318515
837	10.000000	-5.067961	0.306092
838	10.000000	-3.557085	0.511708
839	10.000000	-3.964287	0.648297
840	10.000000	-5.787232	0.663796
841	10.000000	-7.390262	0.538646
842	-10.000000	-7.078937	0.318717
843	-10.000000	-7.385306	0.538491
844	-10.000000	-5.777554	0.663358
845	-10.000000	-3.932785	0.648152
846	-10.000000	-3.475197	0.515719
847	-10.000000	-5.044264	0.307711
848	10.000000	7.070815	0.319027
849	10.000000	7.383159	0.538436
850	10.000000	5.780726	0.663565
851	10.000000	3.931959	0.649551
852	10.000000	3.455648	0.519029
853	10.000000	5.027620	0.309270
854	-10.000000	7.076226	0.318829
855	-10.000000	5.039134	0.308290
856	-10.000000	3.473856	0.516767
857	-10.000000	3.939363	0.648563
858	-10.000000	5.780463	0.663439
859	-10.000000	7.384951	0.538465
860	-10.000000	-0.651197	0.266019
861	-10.000000	0.691857	0.251623
863	-10.000000	0.107857	0.514279
864	10.000000	-0.661625	0.272184
865	10.000000	0.674412	0.256539
867	10.000000	0.058732	0.524980
868	2.783428	-7.550822	0.000000
869	-2.783324	-7.550856	0.000000
870	-2.892615	-5.649353	-0.000003
871	2.892828	-5.649277	-0.000003
872	2.876755	-0.958877	0.000000
873	-2.877057	-0.958923	0.000000
874	-2.877093	0.959310	0.000000
875	2.876869	0.959285	0.000000
876	2.783391	7.550967	0.000000
877	2.892765	5.649600	-0.000003
878	-2.892644	5.649660	-0.000003
879	-2.783295	7.550997	0.000000
880	2.869850	-4.045697	0.937717
881	2.701023	-2.657413	0.935547
882	-2.693421	-2.658835	0.935561
883	-2.866604	-4.046276	0.937716
884	2.696744	2.661977	0.935583
885	2.866798	4.048626	0.937715
886	-2.868192	4.047537	0.937715
887	-2.696385	2.660949	0.935576
888	-1.995485	-10.000000	0.249546
889	-1.263690	-10.000000	0.087995
890	3.177041	-10.000000	0.200881
891	-2.285902	-8.796375	0.930638
892	-1.328131	-9.498072	0.910982
893	3.576887	-8.994822	0.927736
894	-2.139220	-4.435256	0.936573
895	-1.318499	-5.300419	0.916471
896	3.401552	-4.664602	0.934224
897	-1.825965	-0.577951	0.852964
898	-1.171286	-0.738497	0.862459
899	2.823035	-0.634530	0.856087
900	5.438179	0.008840	0.832377
901	8.522967	-0.027841	0.824492
902	6.659780	-0.128453	0.832172
903	-1.981232	0.291716	0.839760
904	-1.318941	0.133479	0.835392
905	3.146662	0.262412	0.838532
906	-1.955385	2.244279	0.931345
907	-1.196195	1.140225	0.888838
908	3.107707	1.903995	0.924152
909	-2.029341	6.961457	0.925755
910	-1.245638	5.902968	0.908796
911	3.200250	6.620138	0.922167
912	4.411035	10.000000	0.486196
913	8.494275	10.000000	0.378684
914	5.524241	10.000000	0.278023
915	10.000000	-7.882651	0.488582
916	10.000000	-9.420662	0.372360
917	10.000000	-8.239930	0.273398
918	-10.000000	-5.543792	0.242818
919	-10.000000	-6.287254	0.057694
920	-10.000000	-7.483215	0.189258
921	10.000000	5.530056	0.243917
922	10.000000	6.282887	0.057950
923	10.000000	7.476377	0.189541
924	-10.000000	7.878495	0.488471
925	-10.000000	9.419797	0.372343
926	-10.000000	8.235893	0.273497
927	-10.000000	-0.409140	0.483422
928	-10.000000	-1.705262	0.398345
929	-10.000000	-1.477372	0.233646
930	10.000000	-0.449458	0.494790
931	10.000000	-1.722571	0.405823
932	10.000000	-1.478514	0.238713
933	4.532402	-5.946926	-0.000003
934	8.696593	-6.361672	0.000001
935	5.664757	-7.784750	-0.000000
936	4.541445	0.707266	0.000000
937	8.713610	0.441164	-0.000000
938	5.784599	-1.125230	0.000000
939	-2.026070	8.112343	-0.000000
940	-1.237764	9.596123	-0.000000
941	3.211862	8.568114	-0.000000
942	8.504479	-10.000000	0.300411
943	5.661544	-10.000000	0.518137
944	4.311870	-10.000000	0.331149
945	1.260278	-10.000000	0.725854
946	-3.506965	-10.000000	0.625525
947	2.172598	-10.000000	0.585458
948	-8.494303	-10.000000	0.378708
949	-5.524343	-10.000000	0.278027
950	-4.411143	-10.000000	0.486201
951	8.778766	-7.890681	0.930193
952	5.714606	-7.066228	0.929457
953	4.736757	-8.270561	0.934461
954	1.245341	-5.901804	0.908793
955	-3.201191	-6.618739	0.922167
956	2.028377	-6.960882	0.925751
957	-8.726917	-7.320626	0.930017
958	-6.027258	-8.462080	0.934275
959	-4.511512	-7.406646	0.931194
960	8.384630	-0.744288	0.861542
961	5.429514	-0.424824	0.844577
962	4.085074	-0.538687	0.850663
963	1.225894	-0.158865	0.835936
964	-3.273796	-0.274830	0.838821
965	1.831339	-0.304586	0.840213
966	-8.213024	-0.624475	0.849992
967	-5.209850	-0.610642	0.854037
968	-4.434359	-0.415498	0.844069
970	-4.489638	-0.088802	0.833732
971	3.069641	-0.080618	0.834258
972	-8.493100	-0.011307	0.818526
973	-6.594841	0.092906	0.829738
974	-5.338706	-0.033540	0.831932
975	-0.010699	0.081475	0.834553
976	4.558134	0.067983	0.833669
977	-2.852141	0.051011	0.833988
978	8.215742	0.613886	0.853193
979	5.245203	0.609249	0.854492
980	4.402985	0.407227	0.844067
981	1.174576	0.743022	0.862682
982	-2.797306	0.637570	0.856335
983	1.858653	0.577958	0.852905
984	-8.254492	0.750389	0.858725
985	-5.509128	0.412669	0.843208
986	-4.036251	0.535994	0.850402
987	8.726586	7.322385	0.930017
988	6.026243	8.462849	0.934269
989	4.510407	7.407838	0.931195
990	1.326897	9.498132	0.910978
991	-3.578048	8.994872	0.927735
992	2.284388	8.796738	0.930632
993	-8.778944	7.890872	0.930192
994	-5.715153	7.066534	0.929463
995	-4.737714	8.270642	0.934461
996	1.263763	10.000000	0.087994
997	-3.177043	10.000000	0.200880
998	1.995421	10.000000	0.249545
999	-8.504497	10.000000	0.300407
1000	-5.661702	10.000000	0.518135
1001	-4.311917	10.000000	0.331147
1002	-1.260930	10.000000	0.725851
1003	3.506719	10.000000	0.625521
1004	-2.172827	10.000000	0.585455
1005	10.000000	-7.114073	0.058693
1006	10.000000	-5.323238	0.180409
1007	10.000000	-6.947799	0.249230
1008	10.000000	-2.898125	0.313684
1009	10.000000	-2.768492	0.495794
1010	10.000000	-4.393287	0.315953
1011	10.000000	-0.766050	0.848121
1012	10.000000	-2.760361	0.722209
1013	10.000000	-3.009902	0.586216
1014	10.000000	-3.217679	0.850264
1015	10.000000	-5.136881	0.759149
1016	10.000000	-4.030738	0.696674
1017	10.000000	-7.236407	0.837803
1018	10.000000	-7.972882	0.656139
1019	10.000000	-6.365657	0.686826
1020	-10.000000	-9.410473	0.295560
1021	-10.000000	-8.417811	0.515781
1022	-10.000000	-7.711572	0.333432
1023	-10.000000	-7.825289	0.827272
1024	-10.000000	-6.319045	0.746678
1025	-10.000000	-7.443640	0.615335
1026	-10.000000	-3.768084	0.850561
1027	-10.000000	-3.447092	0.748476
1028	-10.000000	-5.186147	0.705130
1029	-10.000000	-0.896298	0.849664
1030	-10.000000	-2.157962	0.638495
1031	-10.000000	-3.260503	0.663149
1032	-10.000000	-2.411319	0.403830
1033	-10.000000	-4.165380	0.260950
1034	-10.000000	-3.330580	0.468598
1035	10.000000	9.409229	0.295505
1036	10.000000	8.416417	0.515617
1037	10.000000	7.705780	0.333548
1038	10.000000	7.827154	0.827240
1039	10.000000	6.323463	0.746750
1040	10.000000	7.443544	0.615239
1041	10.000000	3.775366	0.850734
1042	10.000000	3.456746	0.749310
1043	10.000000	5.192095	0.705417
1044	10.000000	0.883396	0.856015
1045	10.000000	2.135237	0.643996
1046	10.000000	3.255743	0.665518
1047	10.000000	2.371025	0.409699
1048	10.000000	4.146573	0.263318
1049	10.000000	3.306433	0.472359
1050	-10.000000	7.111789	0.058890
1051	-10.000000	5.312510	0.181777
1052	-10.000000	6.938192	0.249720
1053	-10.000000	2.875558	0.314772
1054	-10.000000	2.651189	0.505391
1055	-10.000000	4.355943	0.319256
1056	-10.000000	0.756202	0.850098
1057	-10.000000	2.738011	0.722915
1058	-10.000000	2.912578	0.592079
1059	-10.000000	3.224261	0.850066
1060	-10.000000	5.134712	0.758815
1061	-10.000000	4.018937	0.696425
1062	-10.000000	7.235936	0.837716
1063	-10.000000	7.970830	0.655979
1064	-10.000000	6.361410	0.686515
1065	-10.000000	-0.437836	0.042278
1066	-10.000000	0.985043	0.139298
1067	-10.000000	-0.565493	0.193464
1068	-10.000000	2.102152	0.303862
1069	-10.000000	0.619868	0.517779
1070	-10.000000	1.065004	0.271404
1074	10.000000	-0.438678	0.043120
1075	10.000000	0.974827	0.141851
1076	10.000000	-0.570996	0.197810
1077	10.000000	2.080039	0.307706
1078	10.000000	0.572361	0.526540
1079	10.000000	1.044592	0.276323
1083	1.237883	-9.596098	-0.000000
1084	-3.211776	-8.568055	-0.000000
1085	2.026193	-8.112224	-0.000000
1086	-8.671726	-7.208159	-0.000000
1087	-5.808350	-5.590352	0.000005
1088	-4.431713	-7.336401	-0.000000
1089	-1.314482	-3.801644	-0.000001
1090	3.392069	-4.734489	-0.000007
1091	-2.141786	-5.107312	0.000004
1092	1.285533	-2.950468	-0.000000
1093	-3.315503	-1.946287	-0.000000
1094	2.100714	-1.515353	-0.000000
1095	-8.713624	-0.441420	-0.000000
1096	-5.785057	1.125701	0.000000
1097	-4.541584	-0.706943	0.000000
1098	-1.285849	2.951135	-0.000000
1099	3.315358	1.946645	-0.000000
1100	-2.101112	1.515829	-0.000000
1101	8.671765	7.208125	-0.000000
1102	5.808450	5.590533	0.000005
1103	4.431777	7.336512	-0.000000
1104	1.314667	3.802153	-0.000001
1105	-3.391839	4.735069	-0.000007
1106	2.141999	5.107622	0.000004
1107	-8.696500	6.362324	0.000001
1108	-5.664619	7.784980	-0.000000
1109	-4.532225	5.947350	-0.000003
1110	8.649237	-3.387257	0.932199
1111	5.536321	-2.459792	0.933889
1112	4.478310	-3.798599	0.937821
1113	1.206504	-1.133332	0.888352
1114	-3.101479	-1.900298	0.924062
1115	1.961727	-2.240130	0.931269
1116	-8.604363	-2.825041	0.931514
1117	-5.763879	-4.013790	0.937419
1118	-4.315786	-2.800956	0.936275
1119	8.605170	2.828500	0.931554
1120	5.763944	4.016777	0.937418
1121	4.318176	2.804174	0.936296
1122	1.318053	5.302127	0.916462
1123	-3.400476	4.666080	0.934212
1124	2.139180	4.437314	0.936570
1125	-8.647566	3.393521	0.932215
1126	-5.531075	2.465708	0.933922
1127	-4.475991	3.800978	0.937820
1128	2.618301	-10.064058	0.000000
1129	2.583349	-9.713993	0.900000
1130	2.571192	-0.802871	0.866360
1131	2.546031	0.104428	0.834400
1132	2.575602	0.812543	0.866986
1133	2.582915	9.713978	0.900000
1134	2.618306	10.064058	0.000000
1135	10.000000	-10.000000	0.221085
1136	-10.000000	-10.000000	0.221090
1137	10.000000	2.664427	0.265387
1138	-10.000000	2.682702	0.262620
1139	10.000000	10.000000	0.221058
1140	-10.000000	10.000000	0.221079
1141	10.000000	-8.155573	0.899827
1142	-10.000000	-8.155649	0.899827
1145	9.089170	0.603569	0.848325
1146	-9.066034	0.631000	0.845781
1147	10.000000	6.922622	0.899999
1148	-10.000000	6.920783	0.899999
1149	10.000000	-7.711892	0.000000
1150	-10.000000	-7.712093	0.000000
1151	10.000000	7.711942	0.000000
1152	-10.000000	7.712284	0.000000
1153	2.743587	3.404054	0.000000
1154	10.000000	-2.680507	0.264236
1155	-10.000000	-2.678999	0.261894
1156	10.000000	-0.936776	0.000000
1157	-10.000000	-0.937077	0.000000
1159	2.743540	-3.403331	0.000000
1162	2.707063	-5.533750	0.900000
1163	2.705195	5.535821	0.900000
1164	10.000000	2.483446	0.900000
1165	-10.000000	2.482688	0.900000
1166	10.000000	-3.637116	0.899999
1167	-10.000000	-3.643183	0.899999
1168	5.103986	-10.000000	0.210105
1169	5.382521	-10.000000	0.598454
1170	-5.382656	-10.000000	0.598455
1171	-5.104017	-10.000000	0.210105
1172	5.623771	-8.873604	0.930314
1173	5.192773	-6.638821	0.924102
1174	-5.192451	-6.638789	0.924108
1175	-5.624265	-8.873502	0.930316
1176	4.616710	-0.654227	0.857165
1177	4.841082	-0.345826	0.841251
1178	-5.131751	-0.329552	0.839853
1179	-4.641697	-0.657722	0.857097
1180	6.482159	-0.171426	0.833453
1181	-6.531248	-0.112873	0.830831
1182	-6.321631	0.130773	0.831251
1183	6.561729	0.089302	0.832044
1184	5.076668	0.318022	0.840130
1185	4.672176	0.658114	0.857386
1186	-4.576487	0.658256	0.857132
1187	-5.006706	0.329544	0.840145
1188	5.191636	6.640479	0.924108
1189	5.623185	8.874002	0.930307
1190	-5.624575	8.873627	0.930314
1191	-5.193173	6.639314	0.924109
1192	5.103923	10.000000	0.210102
1193	-5.103985	10.000000	0.210103
1194	-5.382753	10.000000	0.598451
1195	5.382479	10.000000	0.598448
1196	10.000000	-8.159498	0.198606
1197	10.000000	-4.611043	0.187017
1198	10.000000	-2.251698	0.583806
1199	10.000000	-2.893092	0.756963
1200	10.000000	-5.695781	0.774912
1201	10.000000	-8.450352	0.605607
1202	-10.000000	-8.157213	0.198709
1203	-10.000000	-8.448702	0.605566
1204	-10.000000	-5.691175	0.774578
1205	-10.000000	-2.877105	0.756267
1206	-10.000000	-2.077479	0.596010
1207	-10.000000	-4.603370	0.188169
1208	10.000000	8.152255	0.198865
1209	10.000000	8.448469	0.605379
1210	10.000000	5.697132	0.774708
1211	10.000000	2.884510	0.757763
1212	10.000000	2.051018	0.601657
1213	10.000000	4.590219	0.189710
1214	-10.000000	8.155521	0.198771
1215	-10.000000	4.601277	0.188771
1216	-10.000000	2.080598	0.598058
1217	-10.000000	2.887770	0.756853
1218	-10.000000	5.694155	0.774650
1219	-10.000000	8.448719	0.605498
1220	-10.000000	-1.545904	0.160306
1221	-10.000000	1.573051	0.154448
1224	10.000000	-1.543179	0.163651
1225	10.000000	1.560408	0.156973
1228	5.192653	-8.448468	0.000000
1229	-5.192559	-8.448513	0.000000
1230	-5.396203	-4.923841	-0.000010
1231	5.396435	-4.923579	-0.000010
1232	5.318374	-1.802967	0.000000
1233	-5.318700	-1.803184	0.000000
1234	-5.318905	1.803583	0.000000
1235	5.318702	1.803440	0.000000
1236	5.192642	8.448563	0.000000
1237	5.396342	4.924074	-0.000010
1238	-5.396240	4.924271	-0.000010
1239	-5.192523	8.448612	0.000000
1240	5.392548	-4.483325	0.935274
1241	5.057219	-1.984709	0.926252
1242	-5.048101	-1.989739	0.926330
1243	-5.390137	-4.484290	0.935263
1244	5.052917	1.993195	0.926447
1245	5.389842	4.487016	0.935257
1246	-5.390942	4.485174	0.935259
1247	-5.050077	1.991921	0.926362
1248	-7.659875	-10.062149	0.000000
1249	-7.626250	-9.762509	0.900000
1250	-7.576133	-0.915121	0.871688
1251	-7.603975	0.273739	0.829790
1252	-7.572990	0.919117	0.871740
1253	-7.626329	9.762503	0.900000
1254	-7.659855	10.062148	0.000000
1255	10.000000	-10.000000	0.475859
1256	-10.000000	-10.000000	0.475877
1257	10.000000	0.675344	0.686059
1258	-10.000000	0.735148	0.679967
1259	10.000000	10.000000	0.475861
1260	-10.000000	10.000000	0.475878
1261	10.000000	-5.803467	0.899996
1262	-10.000000	-5.804697	0.899997
1267	10.000000	9.328655	0.764890
1268	-10.000000	9.328350	0.764984
1269	10.000000	-4.196965	0.000000
1270	-10.000000	-4.197897	0.000000
1271	10.000000	4.197859	0.000000
1272	-10.000000	4.198528	0.000000
1273	-7.805112	3.422273	0.000000
1274	10.000000	-0.797046	0.695062
1275	-10.000000	-0.712961	0.677933
1276	10.000000	2.670991	0.000000
1277	-10.000000	2.671572	0.000000
1278	-7.595076	-0.252767	0.831728
1279	-7.805039	-3.421596	0.000000
1282	-7.763394	-5.401511	0.900000
1283	-7.763823	5.402151	0.900000
1284	10.000000	4.796074	0.899999
1285	-10.000000	4.793431	0.899999
1286	10.000000	-1.434369	0.898798
1287	-10.000000	-1.451614	0.897681
1288	0.772956	-10.000000	0.393145
1289	0.786670	-10.000000	0.454746
1290	-0.786759	-10.000000	0.454746
1291	-0.773027	-10.000000	0.393145
1292	0.860596	-8.151910	0.933528
1293	0.816206	-7.829070	0.932444
1294	-0.816864	-7.829029	0.932444
1295	-0.861387	-8.151871	0.933528
1296	0.677728	-0.446916	0.846205
1297	0.680951	-0.399412	0.844035
1298	-0.846751	-0.398837	0.844000
1299	-0.781892	-0.446389	0.846180
1304	0.813933	0.392458	0.843682
1305	0.788302	0.442187	0.845944
1306	-0.674146	0.442415	0.845994
1307	-0.713210	0.392778	0.843737
1308	0.815463	7.829601	0.932445
1309	0.859910	8.152343	0.933527
1310	-0.862003	8.152228	0.933528
1311	-0.817567	7.829478	0.932445
1312	0.772942	10.000000	0.393143
1313	-0.773036	10.000000	0.393144
1314	-0.786779	10.000000	0.454745
1315	0.786650	10.000000	0.454745
1316	10.000000	-6.059709	0.430355
1317	10.000000	-5.405014	0.425034
1318	10.000000	-4.891695	0.483539
1319	10.000000	-5.025618	0.538797
1320	10.000000	-5.663589	0.544535
1321	10.000000	-6.184457	0.494572
1322	-10.000000	-6.043142	0.430609
1323	-10.000000	-6.170495	0.494507
1324	-10.000000	-5.645766	0.544376
1325	-10.000000	-4.997305	0.538976
1326	-10.000000	-4.855966	0.484424
1327	-10.000000	-5.378736	0.425809
1328	10.000000	6.033932	0.431206
1329	10.000000	6.164622	0.494888
1330	10.000000	5.641478	0.544902
1331	10.000000	4.990421	0.539990
1332	10.000000	4.844224	0.485826
1333	10.000000	5.366433	0.426898
1334	-10.000000	6.040783	0.430795
1335	-10.000000	5.375750	0.426151
1336	-10.000000	4.854510	0.484836
1337	-10.000000	4.998027	0.539261
1338	-10.000000	5.646283	0.544526
1339	-10.000000	6.169559	0.494616
1340	-10.000000	-0.090855	0.360256
1341	-10.000000	0.167853	0.353683
1344	10.000000	-0.115910	0.368365
1345	10.000000	0.142157	0.361309
1348	0.792032	-6.811622	0.000000
1349	-0.791923	-6.811633	0.000000
1350	-0.809094	-6.272443	-0.000002
1351	0.809237	-6.272431	-0.000002
1352	0.817445	-0.268976	0.000000
1353	-0.817669	-0.268979	0.000000
1354	-0.817656	0.269348	0.000000
1355	0.817454	0.269349	0.000000
1356	0.792006	6.811803	0.000000
1357	0.809207	6.272657	-0.000002
1358	-0.809113	6.272667	-0.000002
1359	-0.791924	6.811812	0.000000
1360	0.798154	-3.625832	0.937945
1361	0.770969	-3.227000	0.937606
1362	-0.765805	-3.227219	0.937606
1363	-0.794211	-3.626026	0.937945
1364	0.767774	3.229679	0.937612
1365	0.795272	3.628191	0.937947
1366	-0.796605	3.627871	0.937946
1367	-0.768688	3.229361	0.937611
1368	1.995447	-10.000000	0.249545
1369	-3.177064	-10.000000	0.200881
1370	1.263761	-10.000000	0.087995
1371	2.285069	-8.796438	0.930637
1372	-3.577608	-8.994751	0.927738
1373	1.327463	-9.498079	0.910981
1374	2.141888	-4.434955	0.936576
1375	-3.399237	-4.665026	0.934216
1376	1.320004	-5.300334	0.916475
1377	1.777853	-0.577419	0.852896
1378	-2.863624	-0.636668	0.856239
1379	1.140436	-0.736720	0.862284
1380	5.504497	-0.077556	0.832653
1381	6.667647	0.043892	0.831285
1382	8.507636	-0.095291	0.825328
1383	2.021027	0.289195	0.839559
1384	-3.126510	0.267705	0.838804
1385	1.115995	0.133529	0.835350
1386	1.957012	2.244979	0.931354
1387	-3.104450	1.903087	0.924126
1388	1.205511	1.140386	0.888800
1389	2.027254	6.961880	0.925754
1390	-3.202169	6.619401	0.922168
1391	1.243673	5.903310	0.908795
1392	4.311835	10.000000	0.331146
1393	5.661540	10.000000	0.518131
1394	8.504445	10.000000	0.300394
1395	10.000000	-7.715744	0.333361
1396	10.000000	-8.419721	0.515812
1397	10.000000	-9.411028	0.295538
1398	-10.000000	-6.941131	0.249558
1399	-10.000000	-5.315208	0.181357
1400	-10.000000	-7.112618	0.058824
1401	10.000000	6.932167	0.249977
1402	10.000000	5.303163	0.182423
1403	10.000000	7.108814	0.059005
1404	-10.000000	7.709581	0.333472
1405	-10.000000	8.417408	0.515716
1406	-10.000000	9.410024	0.295539
1407	-10.000000	-0.996348	0.288573
1409	-10.000000	-2.091813	0.304328
1410	10.000000	-1.006008	0.295261
1412	10.000000	-2.095882	0.309266
1413	4.431827	-7.336334	-0.000000
1414	5.808541	-5.590133	0.000005
1415	8.671789	-7.207942	-0.000000
1416	4.541313	-0.706876	0.000000
1417	5.784859	1.125611	0.000000
1418	8.713497	-0.441299	-0.000000
1419	2.026176	8.112327	-0.000000
1420	-3.211744	8.568136	-0.000000
1421	1.237892	9.596120	-0.000000
1422	5.524295	-10.000000	0.278026
1423	8.494265	-10.000000	0.378702
1424	4.411049	-10.000000	0.486200
1425	3.506794	-10.000000	0.625525
1426	-1.260641	-10.000000	0.725854
1427	-2.172747	-10.000000	0.585458
1428	-5.661641	-10.000000	0.518139
1429	-8.504509	-10.000000	0.300415
1430	-4.311927	-10.000000	0.331149
1431	6.026833	-8.462223	0.934273
1432	8.726928	-7.320590	0.930012
1433	4.511265	-7.406801	0.931192
1434	3.201535	-6.618791	0.922163
1435	-1.244176	-5.901839	0.908794
1436	-2.028373	-6.960812	0.925753
1437	-5.714592	-7.066116	0.929462
1438	-8.778824	-7.890635	0.930196
1439	-4.737305	-8.270410	0.934462
1440	5.194704	-0.609680	0.854513
1441	8.311030	-0.625637	0.853414
1442	4.248791	-0.422154	0.844773
1443	2.955554	-0.283877	0.839357
1444	-1.357983	-0.153225	0.835733
1445	-2.151946	-0.300753	0.839986
1446	-5.633738	-0.412184	0.843028
1447	-8.305912	-0.747614	0.858485
1448	-4.132937	-0.537429	0.850386
1449	4.315223	-0.125326	0.834438
1450	-2.476341	-0.110965	0.835038
1451	-2.857942	-0.055790	0.833881
1452	-6.605796	-0.069661	0.829867
1453	-8.479153	0.053080	0.818993
1454	-5.417302	0.046950	0.831846
1455	-4.206054	0.088990	0.834306
1456	2.780948	0.084262	0.835182
1457	3.023135	0.034912	0.833751
1458	5.605773	0.401849	0.843523
1459	8.335614	0.744457	0.861919
1460	4.163038	0.534793	0.850442
1461	2.890412	0.637716	0.856261
1462	-1.137879	0.742957	0.862756
1463	-1.746567	0.577916	0.852996
1464	-5.128481	0.610357	0.854022
1465	-8.169869	0.631942	0.850084
1466	-4.295139	0.412329	0.844119
1467	5.713719	7.067648	0.929462
1468	8.778477	7.892006	0.930191
1469	4.736077	8.271188	0.934459
1470	3.576227	8.995092	0.927730
1471	-1.328616	9.498111	0.910979
1472	-2.286422	8.796550	0.930636
1473	-6.027563	8.462264	0.934273
1474	-8.727073	7.320931	0.930015
1475	-4.512119	7.407048	0.931195
1476	3.177000	10.000000	0.200880
1477	-1.263677	10.000000	0.087995
1478	-1.995476	10.000000	0.249545
1479	-5.524318	10.000000	0.278025
1480	-8.494319	10.000000	0.378699
1481	-4.411182	10.000000	0.486198
1482	-3.507079	10.000000	0.625522
1483	1.259934	10.000000	0.725850
1484	2.172546	10.000000	0.585455
1485	10.000000	-7.486923	0.189052
1486	10.000000	-6.288576	0.057502
1487	10.000000	-5.557205	0.241751
1488	10.000000	-4.184169	0.259029
1489	10.000000	-2.443674	0.405015
1490	10.000000	-3.413688	0.463417
1491	10.000000	-2.305170	0.630480
1492	10.000000	-0.906742	0.848741
1493	10.000000	-3.306026	0.662740
1494	10.000000	-3.461064	0.749092
1495	10.000000	-3.767156	0.850827
1496	10.000000	-5.196031	0.705630
1497	10.000000	-6.323722	0.746983
1498	10.000000	-7.826372	0.827349
1499	10.000000	-7.447703	0.615523
1500	-10.000000	-8.237525	0.273465
1501	-10.000000	-9.420118	0.372381
1502	-10.000000	-7.879262	0.488512
1503	-10.000000	-7.970476	0.656028
1504	-10.000000	-7.235097	0.837702
1505	-10.000000	-6.359271	0.686473
1506	-10.000000	-5.130546	0.758715
1507	-10.000000	-3.219255	0.849952
1508	-10.000000	-4.011459	0.696145
1509	-10.000000	-2.727328	0.721980
1510	-10.000000	-0.746140	0.844733
1511	-10.000000	-2.908928	0.590811
1512	-10.000000	-2.655571	0.503708
1513	-10.000000	-2.883355	0.313172
1514	-10.000000	-4.362182	0.318387
1515	10.000000	8.232896	0.273548
1516	10.000000	9.419212	0.372284
1517	10.000000	7.876595	0.488419
1518	10.000000	7.970919	0.655879
1519	10.000000	7.237732	0.837707
1520	10.000000	6.362393	0.686545
1521	10.000000	5.137811	0.758927
1522	10.000000	3.227822	0.850197
1523	10.000000	4.017054	0.696999
1524	10.000000	2.725662	0.724615
1525	10.000000	0.729714	0.852367
1526	10.000000	2.890385	0.594828
1527	10.000000	2.626840	0.508632
1528	10.000000	2.855938	0.317618
1529	10.000000	4.342066	0.320691
1530	-10.000000	7.480999	0.189369
1531	-10.000000	6.286639	0.057786
1532	-10.000000	5.539748	0.243244
1533	-10.000000	4.160380	0.261880
1534	-10.000000	2.396190	0.405853
1535	-10.000000	3.325674	0.469890
1536	-10.000000	2.163609	0.640648
1537	-10.000000	0.903181	0.852900
1538	-10.000000	3.269210	0.663859
1539	-10.000000	3.456358	0.748785
1540	-10.000000	3.771770	0.850643
1541	-10.000000	5.190558	0.705246
1542	-10.000000	6.321328	0.746726
1543	-10.000000	7.825864	0.827271
1544	-10.000000	7.444024	0.615302
1545	-10.000000	-0.979477	0.144659
1546	-10.000000	0.423856	0.041816
1547	-10.000000	0.569959	0.186662
1548	-10.000000	1.526176	0.224649
1549	-10.000000	1.688116	0.399686
1554	10.000000	-0.979886	0.147811
1555	10.000000	0.420968	0.042603
1556	10.000000	0.558163	0.190362
1557	10.000000	1.508732	0.228315
1558	10.000000	1.658567	0.404886
1563	3.211874	-8.568033	-0.000000
1564	-1.237784	-9.596100	-0.000000
1565	-2.026094	-8.112241	-0.000000
1566	-5.664655	-7.784828	-0.000000
1567	-8.696512	-6.361998	0.000001
1568	-4.532222	-5.947051	-0.000003
1569	-3.391773	-4.734643	-0.000007
1570	1.314715	-3.801553	-0.000001
1571	2.142071	-5.107240	0.000004
1572	3.315116	-1.946155	-0.000000
1573	-1.285854	-2.950556	-0.000000
1574	-2.101086	-1.515409	-0.000000
1575	-5.784879	-1.125377	0.000000
1576	-8.713718	0.441231	-0.000000
1577	-4.541661	0.707297	0.000000
1578	-3.315603	1.946732	-0.000000
1579	1.285639	2.951076	-0.000000
1580	2.100864	1.515794	-0.000000
1581	5.664724	7.784898	-0.000000
1582	8.696544	6.361981	0.000001
1583	4.532327	5.947247	-0.000003
1584	3.391986	4.734957	-0.000007
1585	-1.314557	3.802215	-0.000001
1586	-2.141844	5.107676	0.000004
1587	-5.808358	5.590711	0.000005
1588	-8.671711	7.208393	-0.000000
1589	-4.431679	7.336574	-0.000000
1590	5.766885	-4.012228	0.937423
1591	8.606874	-2.818068	0.931516
1592	4.322274	-2.798595	0.936264
1593	3.112471	-1.897351	0.923959
1594	-1.195856	-1.135093	0.888518
1595	-1.951775	-2.241502	0.931301
1596	-5.529331	-2.464006	0.933907
1597	-8.647303	-3.392337	0.932212
1598	-4.474687	-3.799838	0.937820
1599	5.532269	2.467404	0.933964
1600	8.647671	3.395897	0.932215
1601	4.475037	3.802641	0.937821
1602	3.398883	4.667265	0.934209
1603	-1.320038	5.301715	0.916463
1604	-2.140861	4.436527	0.936570
1605	-5.764739	4.014751	0.937418
1606	-8.604706	2.826545	0.931533
1607	-4.317919	2.802611	0.936283
1608	0.000008	-10.000000	0.146324
1609	1.081897	-10.000000	0.195530
1610	-1.081915	-10.000000	0.195530
1611	-0.000417	-9.287755	0.919366
1612	1.234391	-9.060212	0.925822
1613	-1.235267	-9.060186	0.925823
1614	0.000899	-5.049871	0.927188
1615	1.168987	-4.765864	0.933476
1616	-1.166781	-4.765980	0.933474
1617	-0.022746	-0.679461	0.858841
1618	0.938415	-0.626481	0.855695
1619	-0.986422	-0.627207	0.855774
1620	7.591653	-0.049540	0.829309
1621	6.601848	-0.068922	0.831377
1622	6.594326	-0.012670	0.831126
1623	-0.068682	0.181540	0.836460
1624	1.049520	0.233046	0.837804
1625	-1.085161	0.234526	0.837920
1626	0.002999	1.488876	0.908566
1627	1.051297	1.856522	0.922857
1628	-1.047843	1.856192	0.922854
1629	-0.001048	6.261256	0.915679
1630	1.081544	6.612460	0.921209
1631	-1.083677	6.612208	0.921210
1632	7.135711	10.000000	0.372596
1633	5.763879	10.000000	0.353780
1634	5.804147	10.000000	0.435117
1635	10.000000	-8.875179	0.366490
1636	10.000000	-8.311531	0.350760
1637	10.000000	-8.371990	0.431261
1638	-10.000000	-6.563379	0.118676
1639	-10.000000	-6.774472	0.182761
1640	-10.000000	-6.045699	0.179898
1641	10.000000	6.556148	0.119088
1642	10.000000	6.765736	0.183223
1643	10.000000	6.035171	0.180614
1644	-10.000000	8.873185	0.366476
1645	-10.000000	8.307865	0.350779
1646	-10.000000	8.368957	0.431209
1647	-10.000000	-1.538528	0.350790
1648	-10.000000	-1.296326	0.318022
1649	-10.000000	-0.962611	0.419288
1650	10.000000	-1.549573	0.358299
1651	10.000000	-1.305913	0.325286
1652	10.000000	-0.987146	0.429453
1653	7.352667	-6.740780	-0.000001
1654	5.941203	-7.064265	0.000000
1655	5.993373	-6.317411	-0.000002
1656	7.406823	0.000082	-0.000000
1657	6.032702	-0.383582	-0.000000
1658	6.032801	0.383904	-0.000000
1659	0.000061	9.120914	-0.000000
1660	1.088799	8.630087	0.000000
1661	-1.088685	8.630093	0.000000
1662	5.804156	-10.000000	0.435123
1663	5.763912	-10.000000	0.353785
1664	7.135729	-10.000000	0.372606
1665	-1.216316	-10.000000	0.635110
1666	1.216117	-10.000000	0.635110
1667	-0.000135	-10.000000	0.675522
1668	-5.763970	-10.000000	0.353787
1669	-5.804230	-10.000000	0.435125
1670	-7.135782	-10.000000	0.372609
1671	6.055959	-7.525668	0.933205
1672	6.170169	-8.001633	0.935007
1673	7.472560	-7.683323	0.934639
1674	-1.082493	-6.611364	0.921208
1675	1.082840	-6.611387	0.921207
1676	0.000373	-6.260138	0.915676
1677	-6.170502	-8.001467	0.935009
1678	-6.056155	-7.525510	0.933208
1679	-7.472689	-7.683201	0.934642
1680	5.766985	-0.501265	0.848331
1681	5.638276	-0.561861	0.851711
1682	7.150037	-0.603290	0.853485
1683	-1.227352	-0.247230	0.838288
1684	0.904853	-0.250141	0.838427
1685	-0.123796	-0.199687	0.836965
1686	-5.652745	-0.558718	0.850736
1687	-5.831903	-0.493036	0.846933
1688	-7.093928	-0.597493	0.851235
1689	-1.630545	-0.073923	0.834535
1690	1.618212	-0.087128	0.834746
1691	-0.242950	-0.090548	0.834131
1692	-6.541091	0.037338	0.829476
1693	-6.530569	-0.015710	0.829549
1694	-7.549496	0.015562	0.825083
1695	1.663012	0.053598	0.834264
1696	-1.377139	0.060062	0.834641
1698	5.678184	0.554738	0.851352
1699	5.832700	0.485678	0.847581
1700	7.113469	0.591514	0.852989
1701	-0.917869	0.628778	0.855882
1702	1.008677	0.628865	0.855826
1703	0.032153	0.683079	0.859067
1704	-5.723859	0.493031	0.846984
1705	-5.557278	0.558207	0.850721
1706	-7.016669	0.599611	0.851122
1707	6.169542	8.002520	0.935007
1708	6.055240	7.526827	0.933207
1709	7.472032	7.684580	0.934640
1710	-1.235840	9.060325	0.925819
1711	1.233732	9.060399	0.925817
1712	-0.001018	9.287857	0.919362
1713	-6.056588	7.525839	0.933208
1714	-6.170846	8.001720	0.935009
1715	-7.472955	7.683477	0.934641
1716	-1.081911	10.000000	0.195530
1717	1.081880	10.000000	0.195530
1718	0.000006	10.000000	0.146324
1719	-5.804254	10.000000	0.435121
1720	-5.763964	10.000000	0.353784
1721	-7.135787	10.000000	0.372604
1722	1.216013	10.000000	0.635107
1723	-1.216435	10.000000	0.635107
1724	-0.000320	10.000000	0.675518
1725	10.000000	-6.052773	0.179255
1726	10.000000	-6.779899	0.182378
1727	10.000000	-6.566879	0.118340
1728	10.000000	-3.259385	0.413451
1729	10.000000	-3.733186	0.334641
1730	10.000000	-3.086837	0.363451
1731	10.000000	-2.585420	0.693787
1732	10.000000	-2.411412	0.665565
1733	10.000000	-1.777928	0.748196
1734	10.000000	-4.573788	0.750838
1735	10.000000	-4.015994	0.747622
1736	10.000000	-3.916549	0.799575
1737	10.000000	-7.462460	0.692809
1738	10.000000	-6.912369	0.721224
1739	10.000000	-7.405645	0.768106
1740	-10.000000	-8.369844	0.431251
1741	-10.000000	-8.309196	0.350786
1742	-10.000000	-8.873950	0.366509
1743	-10.000000	-6.908270	0.720971
1744	-10.000000	-7.459195	0.692624
1745	-10.000000	-7.403215	0.767948
1746	-10.000000	-4.004963	0.747040
1747	-10.000000	-4.565369	0.750318
1748	-10.000000	-3.911815	0.799104
1749	-10.000000	-2.311523	0.669732
1750	-10.000000	-2.521406	0.695286
1751	-10.000000	-1.693346	0.751847
1752	-10.000000	-3.695268	0.337725
1753	-10.000000	-3.191320	0.418386
1754	-10.000000	-3.045612	0.366227
1755	10.000000	8.367196	0.431152
1756	10.000000	8.305407	0.350776
1757	10.000000	8.871795	0.366427
1758	10.000000	6.911113	0.720968
1759	10.000000	7.460674	0.692542
1760	10.000000	7.405627	0.767914
1761	10.000000	4.014511	0.747552
1762	10.000000	4.573899	0.750647
1763	10.000000	3.921688	0.799426
1764	10.000000	2.293934	0.674530
1765	10.000000	2.512007	0.699022
1766	10.000000	1.680858	0.757108
1767	10.000000	3.670787	0.340988
1768	10.000000	3.163292	0.422510
1769	10.000000	3.014866	0.370692
1770	-10.000000	6.042869	0.180180
1771	-10.000000	6.771845	0.182942
1772	-10.000000	6.561604	0.118834
1773	-10.000000	3.183297	0.419854
1774	-10.000000	3.687424	0.338963
1775	-10.000000	3.035130	0.367881
1776	-10.000000	2.533916	0.696432
1777	-10.000000	2.321746	0.671270
1778	-10.000000	1.713162	0.753404
1779	-10.000000	4.570991	0.750455
1780	-10.000000	4.012350	0.747235
1781	-10.000000	3.917810	0.799245
1782	-10.000000	7.460058	0.692605
1783	-10.000000	6.909797	0.720988
1784	-10.000000	7.404233	0.767952
1785	-10.000000	0.329273	0.133181
1786	-10.000000	-0.344819	0.135383
1787	-10.000000	-0.010231	0.085991
1788	-10.000000	1.021879	0.405120
1789	-10.000000	1.361201	0.306094
1790	-10.000000	1.564623	0.346743
1794	10.000000	0.321898	0.135860
1795	10.000000	-0.348815	0.138289
1796	10.000000	-0.013892	0.087731
1797	10.000000	0.988759	0.411936
1798	10.000000	1.337512	0.311126
1799	10.000000	1.538014	0.351880
1803	-1.088702	-8.630022	0.000000
1804	1.088800	-8.630015	0.000000
1805	0.000049	-9.120868	-0.000000
1806	-5.993223	-6.317580	-0.000002
1807	-5.941084	-7.064385	0.000000
1808	-7.352555	-6.740982	-0.000001
1809	1.161992	-4.632234	-0.000003
1810	-1.161650	-4.632284	-0.000003
1811	0.000172	-4.204033	0.000001
1812	-1.129251	-2.020023	0.000000
1813	1.128826	-2.019979	0.000000
1814	-0.000212	-2.493291	-0.000000
1815	-6.033009	0.383923	-0.000000
1816	-6.032938	-0.383646	-0.000000
1817	-7.407008	0.000056	-0.000000
1818	1.128961	2.020460	0.000000
1819	-1.129232	2.020489	0.000000
1820	-0.000134	2.493816	-0.000000
1821	5.993297	6.317716	-0.000001
1822	5.941147	7.064484	0.000000
1823	7.352609	6.741042	-0.000001
1824	-1.161729	4.632712	-0.000003
1825	1.161911	4.632676	-0.000003
1826	0.000089	4.204537	0.000001
1827	-5.941053	7.064600	0.000000
1828	-5.993207	6.317866	-0.000002
1829	-7.352532	6.741248	-0.000001
1830	5.831064	-2.970748	0.936859
1831	5.913341	-3.498283	0.937695
1832	7.265305	-3.166504	0.936819
1833	-1.043905	-1.852459	0.922740
1834	1.055910	-1.851494	0.922696
1835	0.006387	-1.483768	0.908316
1836	-5.909467	-3.500634	0.937695
1837	-5.825894	-2.974019	0.936862
1838	-7.261652	-3.170670	0.936819
1839	5.910111	3.503834	0.937700
1840	5.827451	2.977355	0.936882
1841	7.262531	3.174132	0.936835
1842	-1.168566	4.767358	0.933467
1843	1.166663	4.767769	0.933466
1844	-0.001011	5.051429	0.927177
1845	-5.827262	2.975381	0.936868
1846	-5.910518	3.501753	0.937696
1847	-7.262384	3.171879	0.936824
1848	-0.000030	-10.000000	0.343819
1849	-0.939889	-10.000000	0.296972
1850	0.939839	-10.000000	0.296972
1851	-4.520582	-10.000000	0.150888
1852	-6.108549	-10.000000	0.087878
1853	-3.749641	-10.000000	0.088039
1854	4.520584	-10.000000	0.150888
1855	3.749703	-10.000000	0.088039
1856	6.108593	-10.000000	0.087878
1857	-0.000430	-8.395981	0.933416
1858	-1.081306	-8.602244	0.932450
1859	1.080430	-8.602282	0.932449
1860	-4.923171	-9.213459	0.923476
1861	-6.284048	-9.467349	0.917355
1862	-3.903871	-9.486786	0.911847
1863	4.922628	-9.213516	0.923474
1864	3.903341	-9.486804	0.911846
1865	6.283726	-9.467375	0.917353
1866	0.001694	-3.932001	0.937922
1867	-1.000764	-4.194251	0.937568
1868	1.003772	-4.194084	0.937569
1869	-4.769332	-4.893823	0.929065
1870	-6.231880	-5.134880	0.918662
1871	-3.876585	-5.241226	0.917233
1872	4.771264	-4.893259	0.929083
1873	3.878133	-5.240905	0.917246
1874	6.233379	-5.134125	0.918689
1875	-0.037958	-0.485963	0.848114
1876	-0.890533	-0.528403	0.850300
1877	0.831860	-0.528500	0.850287
1878	-4.066609	-0.707584	0.860294
1879	-5.557607	-0.796577	0.865382
1880	-3.432874	-0.758319	0.863567
1881	4.035383	-0.702645	0.860090
1882	3.407432	-0.752948	0.863198
1883	5.541288	-0.787502	0.865353
1885	3.757020	-0.000425	0.833455
1887	7.995084	0.089423	0.828272
1888	9.236018	0.148757	0.820869
1889	8.807176	0.042396	0.822242
1890	7.949807	-0.198687	0.830837
1891	8.779160	-0.173783	0.824819
1892	9.215108	-0.290895	0.826163
1893	0.043349	0.352879	0.842048
1894	-0.916096	0.319948	0.840796
1895	0.981726	0.319100	0.840703
1896	-4.372373	0.249183	0.837746
1897	-5.838306	0.243366	0.836081
1898	-3.696744	0.172033	0.835881
1899	4.380066	0.238677	0.837512
1900	3.581520	0.164586	0.835647
1901	5.800991	0.220085	0.836279
1902	-0.000178	2.900872	0.936819
1903	-0.923795	2.577503	0.935060
1904	0.924244	2.577866	0.935063
1905	-4.397335	1.560985	0.911730
1906	-5.872276	1.228252	0.893728
1907	-3.571509	1.169582	0.890503
1908	4.402579	1.561772	0.911828
1909	3.580103	1.169886	0.890511
1910	5.879268	1.228178	0.894192
1911	-0.001074	7.556277	0.930754
1912	-0.966142	7.272561	0.928552
1913	0.963988	7.272742	0.928552
1914	-4.516884	6.246034	0.917398
1915	-6.019857	5.841095	0.910680
1916	-3.692519	5.879996	0.909392
1917	4.515256	6.247164	0.917396
1918	3.690830	5.881001	0.909390
1919	6.018660	5.842697	0.910677
1920	2.019185	10.000000	0.421214
1921	3.202960	10.000000	0.453328
1922	3.159596	10.000000	0.379103
1923	6.946755	10.000000	0.545235
1924	8.279626	10.000000	0.551691
1925	8.412704	10.000000	0.461355
1926	6.843163	10.000000	0.220328
1927	8.445444	10.000000	0.226462
1928	8.328940	10.000000	0.158616
1929	10.000000	-6.696381	0.443406
1930	10.000000	-7.306574	0.463331
1931	10.000000	-7.204339	0.389937
1932	10.000000	-8.919971	0.537714
1933	10.000000	-9.404691	0.537447
1934	10.000000	-9.419186	0.452002
1935	10.000000	-8.787255	0.210521
1936	10.000000	-9.391669	0.220494
1937	10.000000	-9.367846	0.146514
1938	-10.000000	-5.897265	0.367426
1939	-10.000000	-5.733088	0.304859
1940	-10.000000	-6.415768	0.308827
1941	-10.000000	-5.027059	0.120635
1942	-10.000000	-4.657563	0.060583
1943	-10.000000	-5.460424	0.058152
1944	-10.000000	-8.055495	0.127716
1945	-10.000000	-7.913844	0.061294
1946	-10.000000	-8.675234	0.064890
1947	10.000000	5.885347	0.368244
1948	10.000000	5.719517	0.305860
1949	10.000000	6.405037	0.309422
1950	10.000000	5.018561	0.121499
1951	10.000000	4.653700	0.061067
1952	10.000000	5.455915	0.058508
1953	10.000000	8.050966	0.127894
1954	10.000000	7.910799	0.061422
1955	10.000000	8.673036	0.064980
1956	-10.000000	6.684551	0.443490
1957	-10.000000	7.299432	0.463261
1958	-10.000000	7.195543	0.390044
1959	-10.000000	8.918780	0.537653
1960	-10.000000	9.404196	0.537425
1961	-10.000000	9.418494	0.451979
1962	-10.000000	8.784884	0.210596
1963	-10.000000	9.390588	0.220517
1964	-10.000000	9.366790	0.146558
1965	-10.000000	-0.236748	0.423497
1967	-10.000000	-0.575786	0.361568
1968	-10.000000	-0.696960	0.520440
1969	-10.000000	-0.612838	0.614779
1970	-10.000000	-1.168386	0.505145
1971	-10.000000	-2.023259	0.183498
1972	-10.000000	-2.400991	0.217305
1973	-10.000000	-2.624572	0.136248
1974	10.000000	-0.269646	0.433109
1976	10.000000	-0.597434	0.370095
1977	10.000000	-0.740933	0.533225
1978	10.000000	-0.678774	0.629911
1979	10.000000	-1.205966	0.516530
1980	10.000000	-2.018692	0.186880
1981	10.000000	-2.397192	0.220435
1982	10.000000	-2.617634	0.138080
1983	2.076665	-6.563826	-0.000000
1984	3.295720	-6.269871	0.000001
1985	3.249899	-6.927116	-0.000000
1986	7.134505	-5.188392	-0.000009
1987	8.523840	-4.728051	0.000012
1988	8.647749	-5.522969	-0.000003
1989	6.980884	-8.269551	-0.000000
1990	8.576391	-8.026038	0.000000
1991	8.413484	-8.789738	-0.000000
1992	2.119397	0.000192	0.000000
1993	3.330588	0.332021	-0.000000
1994	3.330546	-0.331630	-0.000000
1995	7.087573	1.589808	0.000000
1996	8.480965	2.103604	0.000000
1997	8.634473	1.301691	0.000000
1998	7.087209	-1.589426	0.000000
1999	8.634192	-1.301579	0.000000
2000	8.480652	-2.103149	0.000000
2001	0.000042	7.250266	-0.000000
2002	-0.957143	7.674865	-0.000000
2003	0.957236	7.674857	-0.000000
2004	-4.532016	9.043819	-0.000000
2005	-6.008734	9.541241	-0.000000
2006	-3.676269	9.577875	0.000000
2007	4.532143	9.043794	-0.000000
2008	3.676396	9.577866	0.000000
2009	6.008854	9.541220	-0.000000
2010	8.328993	-10.000000	0.158623
2011	8.445502	-10.000000	0.226474
2012	6.843233	-10.000000	0.220334
2013	8.412653	-10.000000	0.461373
2014	8.279596	-10.000000	0.551706
2015	6.946744	-10.000000	0.545245
2016	3.159618	-10.000000	0.379104
2017	3.202979	-10.000000	0.453330
2018	2.019203	-10.000000	0.421215
2019	6.162409	-10.000000	0.747380
2020	3.753795	-10.000000	0.731321
2021	4.932650	-10.000000	0.670937
2022	-3.754100	-10.000000	0.731322
2023	-6.162611	-10.000000	0.747381
2024	-4.932842	-10.000000	0.670938
2025	1.000893	-10.000000	0.545494
2026	-1.001020	-10.000000	0.545494
2027	-0.000054	-10.000000	0.503034
2028	-8.279681	-10.000000	0.551712
2029	-8.412709	-10.000000	0.461379
2030	-6.946841	-10.000000	0.545249
2031	-8.445529	-10.000000	0.226477
2032	-8.329017	-10.000000	0.158623
2033	-6.843269	-10.000000	0.220334
2034	-3.203066	-10.000000	0.453330
2035	-3.159686	-10.000000	0.379105
2036	-2.019282	-10.000000	0.421215
2037	8.639019	-8.983578	0.905769
2038	8.750468	-8.455439	0.924674
2039	7.323628	-8.695306	0.930675
2040	8.601817	-6.772511	0.927378
2041	8.413062	-6.262868	0.922091
2042	6.999879	-6.684466	0.927077
2043	3.452932	-8.105947	0.933932
2044	3.346334	-7.704819	0.932429
2045	2.168121	-7.957704	0.933185
2046	6.020090	-5.840088	0.910670
2047	3.692508	-5.879007	0.909386
2048	4.516676	-6.245311	0.917390
2049	-3.691390	-5.879148	0.909390
2050	-6.019120	-5.840445	0.910678
2051	-4.515973	-6.245371	0.917396
2052	0.964956	-7.271989	0.928550
2053	-0.965232	-7.271946	0.928550
2054	-0.000246	-7.555700	0.930752
2055	-8.412735	-6.263300	0.922104
2056	-8.601687	-6.772704	0.927387
2057	-6.999632	-6.684514	0.927085
2058	-8.750565	-8.455371	0.924675
2059	-8.639134	-8.983525	0.905773
2060	-7.323901	-8.695197	0.930677
2061	-3.346815	-7.704679	0.932430
2062	-3.453563	-8.105812	0.933933
2063	-2.168789	-7.957606	0.933185
2064	7.797327	-0.814807	0.866903
2065	8.134192	-0.788683	0.864959
2066	6.371476	-0.697665	0.859648
2067	8.231696	-0.520550	0.846578
2068	7.938106	-0.448938	0.843113
2069	6.598746	-0.430611	0.844176
2070	2.987438	-0.480475	0.847744
2071	3.050330	-0.424354	0.845045
2072	1.880921	-0.433625	0.845554
2073	5.670152	-0.273436	0.837842
2074	3.475166	-0.193460	0.836457
2075	4.190206	-0.269457	0.838559
2076	-3.640212	-0.173834	0.835665
2077	-5.816668	-0.233240	0.835510
2078	-4.453199	-0.249993	0.837419
2079	0.801920	-0.330326	0.841207
2080	-1.091133	-0.329100	0.841135
2081	-0.117175	-0.361190	0.842421
2082	-7.994063	-0.391197	0.836349
2083	-8.149349	-0.497589	0.841827
2084	-6.801405	-0.406017	0.840998
2085	-8.102061	-0.797469	0.862625
2086	-7.791672	-0.826314	0.865144
2087	-6.369074	-0.702851	0.858781
2088	-3.211595	-0.421069	0.844766
2089	-3.077388	-0.478586	0.847578
2090	-2.011389	-0.432106	0.845459
2091	7.176946	-0.265137	0.835585
2092	5.221912	-0.182560	0.832707
2093	5.738430	-0.181707	0.835143
2094	-4.962688	-0.133048	0.834080
2095	-7.196511	-0.195278	0.831211
2096	-6.080144	-0.137663	0.832597
2097	1.718948	-0.051354	0.834151
2098	-1.162422	-0.040661	0.834077
2099	0.644264	-0.029162	0.834025
2100	-9.228839	-0.184846	0.813701
2101	-8.784845	-0.080396	0.815956
2102	-7.966758	-0.119151	0.824360
2103	-8.740132	0.125690	0.817696
2104	-9.162055	0.232734	0.818156
2105	-7.878868	0.154991	0.824413
2106	-3.589060	-0.023124	0.833498
2109	-5.455859	0.172464	0.834887
2110	-2.815855	0.106118	0.835180
2111	-5.336085	0.135758	0.833990
2112	4.853372	0.115238	0.834223
2113	7.106231	0.171047	0.833311
2114	5.977862	0.114996	0.833462
2115	-1.465067	0.026412	0.834029
2116	1.426943	0.018236	0.833948
2117	-0.396125	0.006284	0.833964
2118	8.018386	0.372364	0.839170
2119	8.142847	0.482348	0.845021
2120	6.793157	0.392584	0.842375
2121	8.124129	0.796199	0.865670
2122	7.807665	0.826286	0.867748
2123	6.398821	0.702448	0.859960
2124	3.188893	0.414449	0.844540
2125	3.092698	0.474641	0.847416
2126	2.003964	0.426870	0.845185
2127	5.564459	0.798608	0.866033
2128	3.438197	0.761538	0.863734
2129	4.083332	0.709357	0.860493
2130	-3.402565	0.761540	0.863773
2131	-5.531154	0.799221	0.865410
2132	-4.018151	0.709305	0.860403
2133	0.922342	0.527138	0.850191
2134	-0.801350	0.527185	0.850245
2135	0.060587	0.483221	0.847962
2136	-7.758432	0.828450	0.865135
2137	-8.059632	0.799521	0.862744
2138	-6.308720	0.703617	0.858638
2139	-8.101341	0.508663	0.841572
2140	-7.906534	0.405714	0.835862
2141	-6.700423	0.412620	0.841139
2142	-2.968353	0.475755	0.847533
2143	-3.076388	0.416610	0.844690
2144	-1.890611	0.427685	0.845309
2145	8.412446	6.265691	0.922102
2146	8.601372	6.774808	0.927386
2147	6.999035	6.686448	0.927084
2148	8.750202	8.456335	0.924655
2149	8.638756	8.984096	0.905737
2150	7.323173	8.695899	0.930665
2151	3.345530	7.705586	0.932430
2152	3.452204	8.106554	0.933931
2153	2.167376	7.958278	0.933185
2154	6.283257	9.467499	0.917349
2155	3.902780	9.486885	0.911841
2156	4.922037	9.213732	0.923468
2157	-3.904224	9.486820	0.911845
2158	-6.284266	9.467386	0.917353
2159	-4.923510	9.213536	0.923474
2160	1.079762	8.602596	0.932446
2161	-1.081889	8.602486	0.932447
2162	-0.001065	8.396309	0.933414
2163	-8.639232	8.983629	0.905761
2164	-8.750666	8.455540	0.924669
2165	-7.324101	8.695340	0.930674
2166	-8.601895	6.773075	0.927386
2167	-8.413007	6.263743	0.922104
2168	-7.000087	6.684944	0.927086
2169	-3.454074	8.106102	0.933933
2170	-3.347431	7.705060	0.932431
2171	-2.169399	7.957968	0.933185
2172	6.108570	10.000000	0.087877
2173	3.749693	10.000000	0.088038
2174	4.520537	10.000000	0.150887
2175	-3.749620	10.000000	0.088039
2176	-6.108526	10.000000	0.087878
2177	-4.520554	10.000000	0.150888
2178	0.939825	10.000000	0.296971
2179	-0.939890	10.000000	0.296971
2180	-0.000038	10.000000	0.343818
2181	-8.328989	10.000000	0.158620
2182	-8.445502	10.000000	0.226471
2183	-6.843235	10.000000	0.220332
2184	-8.412760	10.000000	0.461371
2185	-8.279755	10.000000	0.551706
2186	-6.946919	10.000000	0.545243
2187	-3.159688	10.000000	0.379103
2188	-3.203088	10.000000	0.453328
2189	-2.019294	10.000000	0.421214
2190	-6.162732	10.000000	0.747380
2191	-3.754308	10.000000	0.731320
2192	-4.932977	10.000000	0.670935
2193	3.753444	10.000000	0.731317
2194	6.162115	10.000000	0.747376
2195	4.932506	10.000000	0.670933
2196	-1.001071	10.000000	0.545492
2197	1.000853	10.000000	0.545492
2198	-0.000084	10.000000	0.503032
2199	10.000000	-8.676019	0.064843
2200	10.000000	-7.915020	0.061213
2201	10.000000	-8.057405	0.127604
2202	10.000000	-5.460813	0.057906
2203	10.000000	-4.656024	0.060356
2204	10.000000	-5.029361	0.120016
2205	10.000000	-6.427041	0.308354
2206	10.000000	-5.749977	0.303921
2207	10.000000	-5.915104	0.366799
2208	10.000000	-3.630117	0.145152
2209	10.000000	-3.294092	0.227513
2210	10.000000	-3.934829	0.201945
2211	10.000000	-1.953169	0.501269
2212	10.000000	-1.477808	0.600147
2213	10.000000	-2.143248	0.536873
2214	10.000000	-4.575773	0.372398
2215	10.000000	-4.074384	0.440770
2216	10.000000	-4.740663	0.428216
2217	10.000000	-1.205806	0.718146
2218	10.000000	-0.705149	0.821375
2219	10.000000	-1.636832	0.685444
2220	10.000000	-1.532691	0.818928
2221	10.000000	-1.748132	0.828653
2222	10.000000	-2.270467	0.776800
2223	10.000000	-3.699608	0.557761
2224	10.000000	-3.842087	0.602559
2225	10.000000	-4.371409	0.542682
2226	10.000000	-2.183422	0.853009
2227	10.000000	-2.688642	0.850845
2228	10.000000	-2.857182	0.801738
2229	10.000000	-4.327447	0.852644
2230	10.000000	-4.886881	0.856699
2231	10.000000	-5.024865	0.809709
2232	10.000000	-4.587234	0.645033
2233	10.000000	-5.192769	0.650300
2234	10.000000	-5.131320	0.594414
2235	10.000000	-6.048545	0.853784
2236	10.000000	-6.643538	0.845575
2237	10.000000	-6.217802	0.802861
2238	10.000000	-8.383855	0.802688
2239	10.000000	-8.894812	0.744179
2240	10.000000	-8.452628	0.701752
2241	10.000000	-6.348658	0.623729
2242	10.000000	-6.881739	0.582915
2243	10.000000	-6.284104	0.559243
2244	-10.000000	-9.367327	0.146542
2245	-10.000000	-9.391118	0.220518
2246	-10.000000	-8.785997	0.210571
2247	-10.000000	-9.418664	0.452027
2248	-10.000000	-9.404221	0.537475
2249	-10.000000	-8.918935	0.537722
2250	-10.000000	-7.197621	0.389990
2251	-10.000000	-7.300663	0.463257
2252	-10.000000	-6.686321	0.443413
2253	-10.000000	-8.894269	0.744179
2254	-10.000000	-8.383054	0.802648
2255	-10.000000	-8.451310	0.701709
2256	-10.000000	-6.642171	0.845457
2257	-10.000000	-6.047440	0.853659
2258	-10.000000	-6.214804	0.802634
2259	-10.000000	-6.875014	0.582661
2260	-10.000000	-6.340222	0.623377
2261	-10.000000	-6.273081	0.558976
2262	-10.000000	-4.886763	0.856533
2263	-10.000000	-4.327756	0.852428
2264	-10.000000	-5.021672	0.809394
2265	-10.000000	-2.690698	0.850490
2266	-10.000000	-2.186610	0.852500
2267	-10.000000	-2.850823	0.801136
2268	-10.000000	-5.178291	0.649830
2269	-10.000000	-4.565766	0.644634
2270	-10.000000	-5.110649	0.594143
2271	-10.000000	-1.751693	0.827129
2272	-10.000000	-1.531701	0.817529
2273	-10.000000	-2.256461	0.775853
2274	-10.000000	-0.620841	0.819792
2275	-10.000000	-0.561821	0.795226
2276	-10.000000	-1.407603	0.700764
2277	-10.000000	-3.794001	0.603326
2278	-10.000000	-3.632207	0.560029
2279	-10.000000	-4.327298	0.543590
2280	-10.000000	-1.400139	0.594299
2281	-10.000000	-1.898920	0.498601
2282	-10.000000	-1.997223	0.548775
2283	-10.000000	-3.291042	0.227306
2284	-10.000000	-3.633131	0.145098
2285	-10.000000	-3.928900	0.202888
2286	-10.000000	-4.015516	0.443915
2287	-10.000000	-4.536954	0.374713
2288	-10.000000	-4.700569	0.429912
2289	10.000000	9.365778	0.146579
2290	10.000000	9.389637	0.220512
2291	10.000000	8.782840	0.210633
2292	10.000000	9.418156	0.451899
2293	10.000000	9.404120	0.537329
2294	10.000000	8.918382	0.537540
2295	10.000000	7.191130	0.390162
2296	10.000000	7.296274	0.463298
2297	10.000000	6.679752	0.443673
2298	10.000000	8.894862	0.744027
2299	10.000000	8.384191	0.802554
2300	10.000000	8.451959	0.701546
2301	10.000000	6.645570	0.845490
2302	10.000000	6.051504	0.853710
2303	10.000000	6.219467	0.802707
2304	10.000000	6.873998	0.582677
2305	10.000000	6.340994	0.623486
2306	10.000000	6.270704	0.559187
2307	10.000000	4.892133	0.856616
2308	10.000000	4.334032	0.852549
2309	10.000000	5.028561	0.809547
2310	10.000000	2.701124	0.850847
2311	10.000000	2.198492	0.853201
2312	10.000000	2.863406	0.801888
2313	10.000000	5.181085	0.650258
2314	10.000000	4.567389	0.645426
2315	10.000000	5.108879	0.594815
2316	10.000000	1.755814	0.830139
2317	10.000000	1.527794	0.821923
2318	10.000000	2.258478	0.778581
2319	10.000000	0.599492	0.826533
2320	10.000000	0.531303	0.803890
2321	10.000000	1.385450	0.707050
2322	10.000000	3.786082	0.605399
2323	10.000000	3.617978	0.562770
2324	10.000000	4.317062	0.545328
2325	10.000000	1.361293	0.601454
2326	10.000000	1.857774	0.505000
2327	10.000000	1.963015	0.554954
2328	10.000000	3.276466	0.230198
2329	10.000000	3.626975	0.146690
2330	10.000000	3.914966	0.205054
2331	10.000000	3.995737	0.446585
2332	10.000000	4.518168	0.376799
2333	10.000000	4.684739	0.431686
2334	-10.000000	8.674582	0.064925
2335	-10.000000	7.913039	0.061342
2336	-10.000000	8.054065	0.127785
2337	-10.000000	5.460469	0.058273
2338	-10.000000	4.659076	0.060730
2339	-10.000000	5.026606	0.120958
2340	-10.000000	6.412303	0.309045
2341	-10.000000	5.728835	0.305227
2342	-10.000000	5.893694	0.367704
2343	-10.000000	3.638129	0.145519
2344	-10.000000	3.291769	0.228246
2345	-10.000000	3.927931	0.203697
2346	-10.000000	1.890974	0.500112
2347	-10.000000	1.406053	0.595582
2348	-10.000000	1.995737	0.550625
2349	-10.000000	4.531505	0.375441
2350	-10.000000	4.011176	0.444792
2351	-10.000000	4.696919	0.430478
2352	-10.000000	0.586118	0.799280
2353	-10.000000	0.635774	0.824883
2354	-10.000000	1.420308	0.703653
2355	-10.000000	1.542570	0.819426
2356	-10.000000	1.760750	0.828584
2357	-10.000000	2.267730	0.776984
2358	-10.000000	3.634232	0.560827
2359	-10.000000	3.798712	0.603909
2360	-10.000000	4.328447	0.544080
2361	-10.000000	2.195224	0.852855
2362	-10.000000	2.697586	0.850655
2363	-10.000000	2.860658	0.801463
2364	-10.000000	4.330505	0.852488
2365	-10.000000	4.888804	0.856576
2366	-10.000000	5.024960	0.809472
2367	-10.000000	4.570848	0.644873
2368	-10.000000	5.182170	0.649971
2369	-10.000000	5.113236	0.594337
2370	-10.000000	6.048776	0.853691
2371	-10.000000	6.643278	0.845483
2372	-10.000000	6.216782	0.802682
2373	-10.000000	8.383399	0.802625
2374	-10.000000	8.894445	0.744137
2375	-10.000000	8.451594	0.701657
2376	-10.000000	6.341724	0.623418
2377	-10.000000	6.875409	0.582664
2378	-10.000000	6.273507	0.559037
2379	-10.000000	-2.055539	0.050890
2380	-10.000000	-1.274623	0.045254
2381	-10.000000	-1.481196	0.097974
2382	-10.000000	1.270601	0.044122
2383	-10.000000	2.062313	0.049652
2384	-10.000000	1.488861	0.094823
2385	-10.000000	-0.237400	0.242985
2386	-10.000000	0.250551	0.237771
2387	-10.000000	0.017590	0.292084
2388	-10.000000	2.643382	0.134855
2389	-10.000000	2.421309	0.215940
2390	-10.000000	2.055044	0.179445
2391	-10.000000	1.128737	0.506308
2392	-10.000000	0.637288	0.612970
2394	-10.000000	0.670995	0.335269
2395	-10.000000	0.580430	0.438325
2396	-10.000000	0.356933	0.404666
2399	-10.000000	0.227452	0.616647
2400	-10.000000	0.020210	0.745453
2401	-10.000000	-0.185547	0.754190
2406	10.000000	-2.051519	0.051802
2407	10.000000	-1.273041	0.046151
2408	10.000000	-1.478106	0.099966
2409	10.000000	1.266163	0.044874
2410	10.000000	2.056721	0.050391
2411	10.000000	1.480369	0.096398
2412	10.000000	-0.248830	0.248443
2413	10.000000	0.236426	0.242785
2414	10.000000	-0.000225	0.298538
2415	10.000000	2.631603	0.136500
2416	10.000000	2.404681	0.218605
2417	10.000000	2.040318	0.182015
2418	10.000000	1.087378	0.513212
2419	10.000000	0.578800	0.621321
2421	10.000000	0.645292	0.341759
2422	10.000000	0.542517	0.446578
2423	10.000000	0.323780	0.412982
2426	10.000000	0.161977	0.627509
2427	10.000000	-0.075425	0.757358
2428	10.000000	-0.289387	0.770997
2433	6.008840	-9.541193	-0.000000
2434	3.676391	-9.577841	0.000000
2435	4.532141	-9.043739	-0.000000
2436	-3.676298	-9.577849	0.000000
2437	-6.008762	-9.541209	-0.000000
2438	-4.532049	-9.043761	-0.000000
2439	0.957252	-7.674732	-0.000000
2440	-0.957153	-7.674742	-0.000000
2441	0.000050	-7.250118	-0.000000
2442	-8.413437	-8.789810	-0.000000
2443	-8.576340	-8.026171	0.000000
2444	-6.980804	-8.269632	-0.000000
2445	-8.647649	-5.523427	-0.000003
2446	-8.523734	-4.728644	0.000012
2447	-7.134334	-5.188759	-0.000009
2448	-3.249778	-6.927168	-0.000000
2449	-3.295565	-6.269939	0.000001
2450	-2.076537	-6.563860	-0.000000
2451	-6.222256	-3.908782	-0.000009
2452	-3.867240	-3.839099	-0.000003
2453	-4.752256	-4.340855	0.000009
2454	3.867433	-3.838819	-0.000003
2455	6.222389	-3.908299	-0.000009
2456	4.752507	-4.340568	0.000009
2457	-1.006836	-5.474161	-0.000003
2458	1.007080	-5.474136	-0.000003
2459	0.000096	-5.851361	0.000002
2460	6.140969	-2.891024	-0.000004
2461	3.795832	-2.931273	0.000001
2462	4.653383	-2.402470	-0.000001
2463	-3.796119	-2.931542	0.000001
2464	-6.141192	-2.891486	-0.000004
2465	-4.653729	-2.402731	-0.000001
2466	0.994797	-1.103282	0.000000
2467	-0.995124	-1.103298	0.000000
2468	-0.000137	-0.698626	-0.000000
2469	-8.480807	-2.103661	0.000000
2470	-8.634338	-1.301902	0.000000
2471	-7.087457	-1.589711	0.000000
2472	-8.634566	1.301917	0.000000
2473	-8.481047	2.103954	0.000000
2474	-7.087727	1.589999	0.000000
2475	-3.330791	-0.331654	-0.000000
2476	-3.330806	0.332024	-0.000000
2477	-2.119615	0.000186	0.000000
2478	-6.141349	2.892037	-0.000004
2479	-3.796210	2.932105	0.000001
2480	-4.653890	2.403213	-0.000001
2481	3.796026	2.931926	0.000001
2482	6.141213	2.891731	-0.000004
2483	4.653680	2.403039	-0.000001
2484	-0.995103	1.103698	0.000000
2485	0.994869	1.103689	0.000000
2486	-0.000107	0.699008	-0.000000
2487	8.413499	8.789789	-0.000000
2488	8.576388	8.026137	0.000000
2489	6.980877	8.269657	-0.000000
2490	8.647679	5.523445	-0.000003
2491	8.523765	4.728710	0.000012
2492	7.134407	5.188899	-0.000009
2493	3.249848	6.927314	-0.000000
2494	3.295663	6.270132	0.000001
2495	2.076624	6.564041	-0.000000
2496	6.222365	3.909033	-0.000009
2497	3.867406	3.839474	-0.000003
2498	4.752435	4.341149	0.000009
2499	-3.867327	3.839665	-0.000003
2500	-6.222329	3.909363	-0.000009
2501	-4.752326	4.341352	0.000009
2502	1.007025	5.474454	-0.000003
2503	-1.006884	5.474473	-0.000003
2504	0.000059	5.851627	0.000002
2505	-8.523742	4.729164	0.000012
2506	-8.647645	5.523850	-0.000003
2507	-7.134343	5.189191	-0.000009
2508	-8.576323	8.026327	0.000000
2509	-8.413421	8.789901	-0.000000
2510	-6.980774	8.269756	-0.000000
2511	-3.295564	6.270187	0.000001
2512	-3.249756	6.927359	-0.000000
2513	-2.076534	6.564068	-0.000000
2514	8.519072	-4.498464	0.928774
2515	8.621019	-3.955511	0.931833
2516	7.112111	-4.242217	0.935823
2517	8.496530	-2.270618	0.928438
2518	8.319395	-1.761267	0.919055
2519	6.852622	-2.109568	0.928981
2520	3.239941	-3.594573	0.937873
2521	3.169775	-3.115313	0.937332
2522	2.031092	-3.398957	0.937780
2523	5.880785	-1.215741	0.893541
2524	3.581568	-1.160343	0.889927
2525	4.406379	-1.552620	0.911439
2526	-3.571768	-1.165747	0.890322
2527	-5.872806	-1.225086	0.893667
2528	-4.395722	-1.558119	0.911658
2529	0.928428	-2.574269	0.935028
2530	-0.920072	-2.574740	0.935035
2531	0.003345	-2.898140	0.936806
2532	-8.315078	-1.772672	0.918722
2533	-8.493220	-2.279742	0.928354
2534	-6.846135	-2.116690	0.928959
2535	-8.619476	-3.959035	0.931835
2536	-8.517785	-4.500806	0.928753
2537	-7.109865	-4.244137	0.935811
2538	-3.164199	-3.116553	0.937336
2539	-3.235796	-3.595494	0.937874
2540	-2.026452	-3.399546	0.937781
2541	8.317757	1.775255	0.919354
2542	8.494722	2.282886	0.928544
2543	6.849342	2.119970	0.929143
2544	8.619562	3.962525	0.931830
2545	8.517684	4.504110	0.928745
2546	7.109779	4.247302	0.935807
2547	3.166004	3.119453	0.937344
2548	3.236559	3.598137	0.937876
2549	2.027760	3.402073	0.937785
2550	6.231403	5.137509	0.918653
2551	3.875998	5.243383	0.917224
2552	4.768818	4.896266	0.929056
2553	-3.877631	5.242184	0.917227
2554	-6.232458	5.135629	0.918656
2555	-4.770202	4.894708	0.929060
2556	1.001153	4.196186	0.937567
2557	-1.002815	4.195802	0.937567
2558	-0.000774	3.933911	0.937922
2559	-8.517958	4.501571	0.928747
2560	-8.619678	3.959975	0.931832
2561	-7.110339	4.244976	0.935808
2562	-8.493626	2.281655	0.928425
2563	-8.315480	1.775095	0.918912
2564	-6.847242	2.118584	0.929002
2565	-3.237587	3.596882	0.937875
2566	-3.166492	3.118220	0.937340
2567	-2.028774	3.401260	0.937784
