1	10.000000	-15.000000	0.000000
2	-10.000000	-15.000000	0.000000
3	10.000000	15.000000	0.000000
4	-10.000000	15.000000	0.000000
5	10.000000	-10.067826	0.000000
6	-10.000000	-10.067732	0.000000
7	10.000000	10.067723	0.000000
8	-10.000000	10.067821	0.000000
9	10.000000	-9.735268	0.456360
10	-10.000000	-9.734889	0.450415
11	10.000000	-1.068116	0.875846
12	-10.000000	-1.082446	0.874480
13	10.000000	1.070650	0.875896
14	-10.000000	1.071078	0.873721
15	10.000000	9.734905	0.450442
16	-10.000000	9.735270	0.456352
17	8.853051	-7.100420	0.900000
18	-8.852404	-7.097696	0.900000
19	8.852083	7.098903	0.900000
20	-8.853405	7.097447	0.900000
21	10.000000	3.494338	0.000069
22	-10.000000	3.494446	0.000068
23	10.000000	0.280751	0.824859
24	-10.000000	0.329201	0.821773
25	10.000000	-3.494513	0.000066
26	-10.000000	-3.494818	0.000067
27	10.000000	-0.494870	0.834923
28	-10.000000	-0.365575	0.824408
29	-0.010019	-10.000000	0.408913
30	-0.045129	-9.124238	0.908833
31	0.074366	-0.374147	0.856625
33	0.081347	0.373229	0.856616
34	0.041908	9.124089	0.908837
35	0.009974	10.000000	0.408914
36	10.000000	-5.413550	0.490749
37	-10.000000	-5.401060	0.490556
38	10.000000	5.381842	0.491624
39	-10.000000	5.395005	0.490835
40	-10.000000	0.028779	0.392653
41	10.000000	0.008337	0.396963
42	0.000009	-6.194595	0.000017
43	-0.009312	-0.059866	-0.198501
44	-0.000028	6.194519	0.000017
45	-0.000606	-4.580346	0.934253
46	-0.001389	4.579101	0.934253
47	0.000000	0.000000	0.000000
48	0.000217	-10.084693	0.000000
50	0.006445	-0.806759	0.869478
51	1.265335	0.035073	0.853197
52	0.006453	0.804119	0.869389
54	-0.000221	10.084692	0.000000
55	10.000000	-10.000000	0.213527
56	-10.000000	-10.000000	0.211866
57	10.000000	2.095052	0.355943
58	-10.000000	2.112740	0.353710
59	10.000000	10.000000	0.211879
60	-10.000000	10.000000	0.213514
61	10.000000	-8.349173	0.871343
62	-10.000000	-8.335583	0.872127
63	9.230004	-0.786978	0.860169
64	-9.197985	-0.823415	0.860377
65	9.229311	0.792302	0.860366
66	-9.210936	0.805877	0.859010
67	10.000000	8.336462	0.872057
68	-10.000000	8.347374	0.871490
69	10.000000	-6.888136	0.000000
70	-10.000000	-6.887966	0.000000
71	10.000000	6.887553	0.000000
72	-10.000000	6.887761	0.000000
73	-0.000031	3.231480	0.000000
74	10.000000	-2.163016	0.349321
75	-10.000000	-2.152820	0.348077
76	10.000000	0.000515	0.000000
77	-10.000000	0.000441	0.000000
79	0.000035	-3.231758	0.000000
82	-0.000113	-7.761326	0.900000
83	-0.002920	7.760705	0.900000
84	10.000000	4.198020	0.900000
85	-10.000000	4.194361	0.900000
86	10.000000	-4.197622	0.900000
87	-10.000000	-4.198626	0.900000
88	3.741126	-10.000000	0.265309
89	3.987369	-10.000000	0.513315
90	-3.877123	-10.000000	0.518312
91	-3.741984	-10.000000	0.265578
92	4.900459	-9.258366	0.909115
93	4.099059	-8.543065	0.912412
94	-4.104898	-8.541725	0.912576
95	-5.157917	-9.248127	0.910395
96	3.669282	-0.566172	0.861360
97	3.914622	-0.292288	0.854828
98	-3.791710	-0.284576	0.854525
99	-3.526165	-0.564129	0.861238
100	5.267999	-0.029367	0.851138
102	-4.758770	0.036033	0.851716
104	3.983968	0.277160	0.854529
105	3.712245	0.561761	0.861211
106	-3.569710	0.561574	0.861174
107	-3.877460	0.286314	0.854561
108	4.102187	8.542074	0.912572
109	5.155916	9.248337	0.910389
110	-4.902705	9.257921	0.909128
111	-4.101877	8.542018	0.912424
112	3.742018	10.000000	0.265578
113	-3.741106	10.000000	0.265309
114	-3.987604	10.000000	0.513315
115	3.876895	10.000000	0.518314
116	10.000000	-7.444020	0.252648
117	10.000000	-4.700774	0.249238
118	10.000000	-2.763474	0.547109
119	10.000000	-3.545266	0.717825
120	10.000000	-6.233048	0.727033
121	10.000000	-7.924815	0.533772
122	-10.000000	-7.439537	0.252490
123	-10.000000	-7.923778	0.533410
124	-10.000000	-6.230589	0.726642
125	-10.000000	-3.538825	0.717179
126	-10.000000	-2.666180	0.554403
127	-10.000000	-4.683133	0.250760
128	10.000000	7.431798	0.252899
129	10.000000	7.918326	0.533479
130	10.000000	6.225241	0.726711
131	10.000000	3.516149	0.718402
132	10.000000	2.627038	0.557252
133	10.000000	4.666209	0.251958
134	-10.000000	7.438837	0.252694
135	-10.000000	4.676589	0.251008
136	-10.000000	2.653025	0.554580
137	-10.000000	3.526460	0.717345
138	-10.000000	6.228528	0.726728
139	-10.000000	7.923295	0.533644
140	-10.000000	-1.042787	0.192785
141	-10.000000	1.051780	0.196289
144	10.000000	-1.044394	0.194805
145	10.000000	1.043825	0.197822
148	3.842926	-7.812885	0.000000
149	-3.842870	-7.812869	0.000000
150	-4.111658	-5.045884	0.000054
151	4.111735	-5.045892	0.000054
152	4.092890	-1.256818	-0.012947
153	-4.090178	-1.255623	-0.012716
154	-4.088133	1.254936	-0.012417
155	4.089760	1.255669	-0.012530
156	3.842912	7.812812	0.000000
157	4.111627	5.045711	0.000054
158	-4.111686	5.045719	0.000054
159	-3.842987	7.812823	0.000000
160	3.935335	-5.836681	0.933924
161	3.887543	-3.028875	0.930841
162	-3.885138	-3.028149	0.930836
163	-3.936307	-5.835371	0.933925
164	3.885709	3.027834	0.930830
165	3.934640	5.835825	0.933925
166	-3.937228	5.834120	0.933926
167	-3.886718	3.025398	0.930815
168	5.108304	-10.081924	0.000000
169	4.306857	-9.581688	0.900000
170	5.174956	-0.868479	0.871461
172	5.176453	0.868677	0.871461
173	4.279030	9.583634	0.900000
174	5.108019	10.081898	0.000000
175	10.000000	-10.000000	0.143830
176	-10.000000	-10.000000	0.143268
177	10.000000	2.915475	0.175412
178	-10.000000	2.923437	0.174398
179	10.000000	10.000000	0.143258
180	-10.000000	10.000000	0.143817
181	10.000000	-9.112664	0.739636
182	-10.000000	-9.102399	0.741418
185	8.974184	0.335404	0.836912
186	-8.972189	0.366967	0.834820
187	10.000000	7.595199	0.899504
188	-10.000000	7.598209	0.899527
189	10.000000	-8.589197	0.000000
190	-10.000000	-8.589031	0.000000
191	10.000000	8.588808	0.000000
192	-10.000000	8.588994	0.000000
193	5.414198	3.318781	0.000000
194	10.000000	-2.942366	0.171893
195	-10.000000	-2.942520	0.171856
196	10.000000	-1.890774	0.000000
197	-10.000000	-1.890971	0.000000
199	5.414385	-3.319025	0.000000
202	4.593670	-7.584422	0.900000
203	4.590920	7.583647	0.900000
204	10.000000	2.518860	0.900000
205	-10.000000	2.515945	0.900000
206	10.000000	-5.882271	0.900000
207	-10.000000	-5.880480	0.900000
208	6.389703	-10.000000	0.173615
209	6.436266	-10.000000	0.560550
210	-6.292290	-10.000000	0.567866
211	-6.385285	-10.000000	0.173655
212	7.565585	-9.388289	0.866399
213	6.498964	-7.932399	0.908929
214	-6.496435	-7.930036	0.908938
215	-7.739113	-9.384058	0.850010
216	5.994767	-0.748071	0.866362
217	6.035006	-0.268055	0.852749
218	-6.040782	-0.246729	0.851850
219	-5.912844	-0.749642	0.866160
222	-7.419872	0.125279	0.845907
224	5.970449	0.214190	0.851911
225	6.017917	0.746172	0.866231
226	-5.942989	0.744282	0.865950
227	-5.947654	0.240932	0.851992
228	6.494727	7.930852	0.908934
229	7.738420	9.384222	0.850030
230	-7.566226	9.387964	0.866402
231	-6.500702	7.930427	0.908942
232	6.385310	10.000000	0.173654
233	-6.389652	10.000000	0.173614
234	-6.436649	10.000000	0.560550
235	6.291910	10.000000	0.567869
236	10.000000	-8.669131	0.128619
237	10.000000	-4.241657	0.127056
238	10.000000	-1.616648	0.619285
239	10.000000	-2.576705	0.818042
240	10.000000	-6.701141	0.841429
241	10.000000	-8.946607	0.531134
242	-10.000000	-8.666656	0.128432
243	-10.000000	-8.943091	0.530881
244	-10.000000	-6.697413	0.841306
245	-10.000000	-2.580811	0.817460
246	-10.000000	-1.340686	0.654155
247	-10.000000	-4.236677	0.127866
248	10.000000	8.663394	0.128611
249	10.000000	8.941270	0.530844
250	10.000000	6.697488	0.841299
251	10.000000	2.570824	0.818227
252	10.000000	1.285783	0.656472
253	10.000000	4.222044	0.128873
254	-10.000000	8.667170	0.128643
255	-10.000000	4.227873	0.128306
256	-10.000000	1.318706	0.653566
257	-10.000000	2.569791	0.817375
258	-10.000000	6.697272	0.841328
259	-10.000000	8.946192	0.531162
260	-10.000000	-2.118038	0.105226
261	-10.000000	2.113276	0.107867
264	10.000000	-2.115058	0.105990
265	10.000000	2.108684	0.108590
268	6.493278	-8.891656	0.000000
269	-6.493211	-8.891614	0.000000
270	-6.853294	-4.397863	0.000074
271	6.853412	-4.397820	0.000074
272	6.750382	-2.235588	-0.000105
273	-6.750166	-2.235567	-0.000105
274	-6.749610	2.235285	-0.000104
275	6.749692	2.235333	-0.000104
276	6.493288	8.891559	0.000000
277	6.853221	4.397558	0.000075
278	-6.853267	4.397595	0.000075
279	-6.493358	8.891599	0.000000
280	6.424140	-6.492393	0.929447
281	6.536818	-2.052999	0.916591
282	-6.531766	-2.055134	0.916551
283	-6.424429	-6.490469	0.929450
284	6.535475	2.053327	0.916551
285	6.423313	6.491498	0.929449
286	-6.425547	6.489364	0.929456
287	-6.533712	2.050006	0.916412
288	-5.107985	-10.081900	0.000000
289	-4.279808	-9.583632	0.900000
290	-5.164441	-0.872883	0.871530
291	-4.912784	0.074653	0.851791
292	-5.166869	0.866923	0.871329
293	-4.307599	9.581707	0.900000
294	-5.108343	10.081923	0.000000
295	10.000000	-10.000000	0.257978
296	-10.000000	-10.000000	0.254800
297	10.000000	1.117616	0.561914
298	-10.000000	1.151428	0.558082
299	10.000000	10.000000	0.254836
300	-10.000000	10.000000	0.257977
301	10.000000	-7.600901	0.899502
302	-10.000000	-7.593985	0.899515
304	-9.011422	-0.401441	0.836294
307	10.000000	9.102787	0.741315
308	-10.000000	9.111893	0.739854
309	10.000000	-5.119401	0.000000
310	-10.000000	-5.119418	0.000000
311	10.000000	5.118883	0.000000
312	-10.000000	5.119050	0.000000
313	-5.414246	3.318806	0.000000
314	10.000000	-1.224742	0.560320
315	-10.000000	-1.187549	0.553322
316	10.000000	1.891369	0.000000
317	-10.000000	1.891379	0.000000
318	-4.711921	-0.066910	0.851723
319	-5.414324	-3.319128	0.000000
320	9.437249	-0.107223	0.825090
322	-4.593043	-7.583133	0.900000
323	-4.595947	7.582515	0.900000
324	10.000000	5.881430	0.900000
325	-10.000000	5.878711	0.900000
326	10.000000	-2.517145	0.900000
327	-10.000000	-2.523386	0.900000
328	1.636951	-10.000000	0.346943
329	1.710854	-10.000000	0.460472
330	-1.709267	-10.000000	0.461730
331	-1.649374	-10.000000	0.347272
332	2.205440	-9.204672	0.908390
333	1.904857	-8.926000	0.910711
334	-1.940730	-8.925432	0.910542
335	-2.371637	-9.202139	0.908155
336	1.699259	-0.446550	0.858283
337	1.787677	-0.327736	0.855718
338	-1.648876	-0.325231	0.855614
339	-1.545425	-0.444879	0.858206
344	1.835293	0.324156	0.855655
345	1.738584	0.443334	0.858208
346	-1.570266	0.444034	0.858198
347	-1.689314	0.326387	0.855645
348	1.937603	8.925468	0.910541
349	2.368710	9.202217	0.908152
350	-2.208590	9.204332	0.908401
351	-1.908085	8.925539	0.910721
352	1.649369	10.000000	0.347272
353	-1.636965	10.000000	0.346943
354	-1.710963	10.000000	0.460472
355	1.709169	10.000000	0.461730
356	10.000000	-6.387826	0.373201
357	10.000000	-5.055862	0.370750
358	10.000000	-4.078758	0.501832
359	10.000000	-4.474433	0.606466
360	10.000000	-5.811648	0.609692
361	10.000000	-6.716528	0.504862
362	-10.000000	-6.380390	0.373076
363	-10.000000	-6.713592	0.504423
364	-10.000000	-5.807846	0.609104
365	-10.000000	-4.459868	0.606064
366	-10.000000	-4.040146	0.503423
367	-10.000000	-5.034971	0.371656
368	10.000000	6.367376	0.373785
369	10.000000	6.702352	0.504817
370	10.000000	5.794182	0.609574
371	10.000000	4.434992	0.607401
372	10.000000	4.011130	0.505505
373	10.000000	5.015981	0.372991
374	-10.000000	6.377291	0.373287
375	-10.000000	5.029482	0.371922
376	-10.000000	4.030495	0.503825
377	-10.000000	4.449906	0.606372
378	-10.000000	5.802920	0.609279
379	-10.000000	6.710562	0.504620
380	-10.000000	-0.340317	0.291367
381	-10.000000	0.365025	0.291404
383	-10.000000	0.060949	0.473174
384	10.000000	-0.350750	0.294640
385	10.000000	0.352158	0.294114
387	10.000000	0.031519	0.478585
388	1.688212	-6.880778	0.000000
389	-1.688181	-6.880773	0.000000
390	-1.777661	-5.639502	0.000021
391	1.777690	-5.639508	0.000021
392	1.723967	-0.517029	-0.246886
393	-1.689433	-0.492619	-0.239714
394	-1.694825	0.486952	-0.229383
395	1.716330	0.505053	-0.235449
396	1.688184	6.880711	0.000000
397	1.777645	5.639396	0.000022
398	-1.777702	5.639398	0.000022
399	-1.688246	6.880713	0.000000
400	1.736645	-5.173610	0.934296
401	1.701845	-3.905213	0.933804
402	-1.702001	-3.904604	0.933803
403	-1.737913	-5.172989	0.934296
404	1.700608	3.903897	0.933802
405	1.735945	5.172613	0.934296
406	-1.738672	5.171750	0.934296
407	-1.703094	3.902902	0.933800
408	-0.001372	-10.000000	0.253746
409	-2.271845	-10.000000	0.172548
410	2.273696	-10.000000	0.172536
411	-0.298130	-9.397916	0.903648
412	-3.578786	-9.480269	0.903502
413	2.489916	-9.491790	0.902167
414	-0.000746	-6.155724	0.933696
415	-2.229590	-6.927640	0.928203
416	2.228376	-6.928359	0.928201
417	0.064174	-0.550948	0.861045
418	-2.079596	-0.680240	0.865025
419	2.144998	-0.680061	0.865031
420	5.735375	0.000685	0.850394
421	7.805522	-0.000153	0.843422
422	7.508243	-0.109654	0.845603
423	0.043224	0.223334	0.854064
424	-2.181867	0.138272	0.852998
425	2.267642	0.136073	0.853112
426	-0.000593	2.820616	0.929332
427	-2.287307	1.820489	0.909882
428	2.290254	1.821956	0.909906
429	0.001367	8.628083	0.910304
430	-2.237910	8.199345	0.907640
431	2.232813	8.199758	0.907609
432	4.369920	10.000000	0.387726
433	6.812724	10.000000	0.412564
434	6.848669	10.000000	0.279626
435	10.000000	-7.649244	0.390998
436	10.000000	-8.789541	0.398066
437	10.000000	-8.685382	0.265353
438	-10.000000	-6.075209	0.244169
439	-10.000000	-5.709930	0.118912
440	-10.000000	-7.232740	0.120719
441	10.000000	6.063191	0.244913
442	10.000000	5.700816	0.119428
443	10.000000	7.226767	0.121039
444	-10.000000	7.645991	0.390887
445	-10.000000	8.788828	0.398015
446	-10.000000	8.683867	0.265315
447	-10.000000	-0.821513	0.350382
448	-10.000000	-1.119399	0.430916
449	-10.000000	-1.762772	0.253243
450	10.000000	-0.833545	0.354961
451	10.000000	-1.136225	0.436925
452	10.000000	-1.763449	0.255634
453	4.579760	-6.418442	0.000003
454	7.292672	-5.850225	0.000012
455	7.154773	-7.437124	0.000000
456	4.813578	-0.000184	-0.001852
457	7.431322	0.807172	-0.000010
458	7.431944	-0.806989	-0.000010
459	-0.000052	7.965732	0.000000
460	-2.257339	9.017596	0.000000
461	2.257146	9.017590	0.000000
462	6.857889	-10.000000	0.279071
463	6.860534	-10.000000	0.409548
464	4.376009	-10.000000	0.386088
465	2.423891	-10.000000	0.602021
467	0.089921	-10.000000	0.544610
468	-6.812747	-10.000000	0.412563
469	-6.848595	-10.000000	0.279626
470	-4.369938	-10.000000	0.387725
471	7.901999	-8.914190	0.882246
472	7.516884	-8.379072	0.906646
473	5.224818	-8.895700	0.912691
474	2.234685	-8.200305	0.907634
475	-2.236007	-8.199716	0.907610
476	-0.004854	-8.628388	0.910300
477	-7.519690	-8.373519	0.906088
478	-7.952918	-8.902565	0.877995
479	-5.269204	-8.891320	0.913648
480	6.964780	-0.651163	0.861704
481	7.161128	-0.470415	0.855285
482	4.575649	-0.447002	0.857841
483	2.497471	-0.142740	0.853111
484	-1.865888	-0.131422	0.852958
485	0.108052	-0.222057	0.854038
486	-7.037729	-0.468271	0.854600
487	-6.796130	-0.649106	0.861183
488	-4.416696	-0.442062	0.857585
490	-3.501242	-0.027808	0.854685
492	-7.290075	-0.062106	0.845167
493	-7.511502	0.030346	0.843324
494	-4.491148	-0.007344	0.851536
498	7.144962	0.434134	0.854387
499	6.955251	0.639827	0.861284
500	4.638129	0.435394	0.857506
501	2.171718	0.677910	0.864963
502	-2.081098	0.676879	0.864930
503	0.076704	0.548641	0.860990
504	-6.862114	0.642559	0.860852
505	-7.103159	0.452632	0.854073
506	-4.501842	0.440201	0.857521
507	7.518453	8.374265	0.906077
508	7.951994	8.903041	0.877987
509	5.267069	8.891684	0.913642
510	3.576904	9.480329	0.903499
511	-2.491453	9.491695	0.902171
512	0.294928	9.397850	0.903651
513	-7.903054	8.913208	0.882286
514	-7.518233	8.377446	0.906680
515	-5.227181	8.894848	0.912707
516	2.271868	10.000000	0.172547
517	-2.273678	10.000000	0.172535
518	0.001392	10.000000	0.253746
519	-6.857887	10.000000	0.279068
520	-6.860665	10.000000	0.409545
521	-4.376065	10.000000	0.386088
522	-2.424488	10.000000	0.602024
524	-0.090220	10.000000	0.544611
525	10.000000	-7.237039	0.120679
526	10.000000	-5.716390	0.118497
527	10.000000	-6.084948	0.243835
528	10.000000	-3.390070	0.279551
529	10.000000	-2.486379	0.444993
530	10.000000	-3.738477	0.392142
531	10.000000	-1.527562	0.732688
532	10.000000	-1.986929	0.770337
533	10.000000	-3.080902	0.636450
534	10.000000	-3.901037	0.810914
535	10.000000	-5.299078	0.813186
536	10.000000	-4.896891	0.711286
537	10.000000	-7.464055	0.771310
538	10.000000	-8.307821	0.682546
539	10.000000	-7.105803	0.637757
540	-10.000000	-8.682587	0.264894
541	-10.000000	-8.787390	0.397464
542	-10.000000	-7.646846	0.390630
543	-10.000000	-8.303922	0.682607
544	-10.000000	-7.459311	0.771093
545	-10.000000	-7.104201	0.637367
546	-10.000000	-5.296516	0.812907
547	-10.000000	-3.900507	0.810488
548	-10.000000	-4.894117	0.710647
549	-10.000000	-1.975702	0.770349
550	-10.000000	-1.429488	0.738237
551	-10.000000	-3.035828	0.638035
552	-10.000000	-2.416702	0.452719
553	-10.000000	-3.369454	0.282180
554	-10.000000	-3.693458	0.395932
555	10.000000	8.678785	0.265068
556	10.000000	8.784134	0.397548
557	10.000000	7.639313	0.390923
558	10.000000	8.301905	0.682505
559	10.000000	7.457570	0.771018
560	10.000000	7.097592	0.637416
561	10.000000	5.295264	0.812998
562	10.000000	3.896761	0.810784
563	10.000000	4.882712	0.711098
564	10.000000	1.937375	0.772707
565	10.000000	1.356113	0.742141
566	10.000000	2.992738	0.640777
567	10.000000	2.381411	0.455822
568	10.000000	3.342729	0.284564
569	10.000000	3.668669	0.397943
570	-10.000000	7.231672	0.120845
571	-10.000000	5.706229	0.119057
572	-10.000000	6.072061	0.244345
573	-10.000000	3.355119	0.283172
574	-10.000000	2.402695	0.453502
575	-10.000000	3.685550	0.396225
576	-10.000000	1.394187	0.738208
577	-10.000000	1.955646	0.770198
578	-10.000000	3.017428	0.638475
579	-10.000000	3.893709	0.810516
580	-10.000000	5.293308	0.812927
581	-10.000000	4.887738	0.710759
582	-10.000000	7.461651	0.771236
583	-10.000000	8.306693	0.682564
584	-10.000000	7.102910	0.637528
585	-10.000000	-0.770548	0.081275
586	-10.000000	0.783832	0.082095
587	-10.000000	0.007773	0.169021
588	-10.000000	1.728166	0.262799
589	-10.000000	0.983213	0.459572
590	-10.000000	0.815968	0.360208
591	-10.000000	-0.008643	0.754951
594	10.000000	-0.770773	0.081965
595	10.000000	0.781337	0.082690
596	10.000000	0.003131	0.170516
597	10.000000	1.715245	0.264751
598	10.000000	0.954819	0.463520
599	10.000000	0.796492	0.363407
600	10.000000	-0.078703	0.761932
603	2.257299	-9.017619	0.000000
604	-2.257117	-9.017612	0.000000
605	0.000040	-7.965768	0.000000
606	-7.154749	-7.437063	0.000000
607	-7.292615	-5.850188	0.000012
608	-4.579727	-6.418423	0.000003
609	-2.512041	-3.990702	0.000142
610	2.512191	-3.990693	0.000142
611	0.000041	-4.699465	0.000108
612	2.395189	-2.299432	-0.007084
613	-2.395329	-2.299423	-0.007081
614	-0.000323	-1.347888	-0.108021
615	-7.431569	-0.807026	-0.000010
616	-7.431099	0.807102	-0.000010
617	-4.811981	-0.000190	-0.001870
618	-2.395168	2.298994	-0.007018
619	2.395086	2.299010	-0.007019
620	-0.000124	1.347446	-0.105572
621	7.154797	7.436911	0.000000
622	7.292616	5.849941	0.000012
623	4.579742	6.418307	0.000003
624	2.512019	3.990477	0.000143
625	-2.512073	3.990480	0.000143
626	-0.000032	4.699312	0.000108
627	-7.292655	5.850001	0.000012
628	-7.154829	7.436974	0.000000
629	-4.579793	6.418321	0.000003
630	7.219344	-5.122482	0.933400
631	7.172586	-3.529600	0.932312
632	4.562244	-4.452079	0.934146
633	2.292568	-1.823445	0.909956
634	-2.284666	-1.823675	0.909974
635	0.001450	-2.822532	0.929352
636	-7.171166	-3.529197	0.932306
637	-7.219202	-5.120753	0.933401
638	-4.562389	-4.450697	0.934145
639	7.171528	3.529426	0.932310
640	7.218649	5.121813	0.933402
641	4.561231	4.451151	0.934145
642	2.227251	6.927614	0.928205
643	-2.230931	6.926850	0.928208
644	-0.001542	6.154852	0.933697
645	-7.219983	5.118608	0.933401
646	-7.172148	3.525614	0.932293
647	-4.563305	4.448704	0.934144
648	7.592554	-10.076979	0.000000
649	7.168615	-9.638158	0.900000
650	7.636600	-0.950842	0.872664
652	7.637407	0.952333	0.872437
653	7.159799	9.638107	0.900000
654	7.592415	10.076927	0.000000
655	10.000000	-10.000000	0.086142
656	-10.000000	-10.000000	0.086014
657	10.000000	3.246128	0.089443
658	-10.000000	3.250271	0.088944
659	10.000000	10.000000	0.085997
660	-10.000000	10.000000	0.086132
661	10.000000	-9.454814	0.609445
662	-10.000000	-9.452848	0.606866
667	10.000000	7.242381	0.899938
668	-10.000000	7.241910	0.899935
669	10.000000	-9.362825	0.000000
670	-10.000000	-9.362695	0.000000
671	10.000000	9.362578	0.000000
672	-10.000000	9.362723	0.000000
673	7.838365	3.405887	0.000000
674	10.000000	-3.258814	0.087723
675	-10.000000	-3.260449	0.087747
676	10.000000	-2.736665	0.000000
677	-10.000000	-2.736931	0.000000
678	7.486092	-0.237876	0.848436
679	7.838534	-3.406104	0.000000
682	6.760761	-7.375922	0.900000
683	6.758483	7.374893	0.900000
684	10.000000	1.757711	0.899856
685	-10.000000	1.756153	0.899327
686	10.000000	-6.643449	0.899969
687	-10.000000	-6.640850	0.899968
688	8.253790	-10.000000	0.107996
689	7.947070	-10.000000	0.562368
690	-7.968457	-10.000000	0.559412
691	-8.252978	-10.000000	0.107965
692	8.731479	-9.539019	0.717052
693	7.822763	-7.529449	0.904472
694	-7.821191	-7.526622	0.904424
695	-8.776044	-9.539347	0.704410
696	7.577985	-0.881965	0.869611
697	7.788486	-0.339349	0.849575
698	-7.576872	-0.248629	0.846873
699	-7.539247	-0.888185	0.868924
700	8.826646	-0.321990	0.839433
701	-8.733985	-0.224850	0.833783
702	-8.771874	0.200552	0.832547
703	8.785816	0.159935	0.834633
705	7.588794	0.882441	0.869336
706	-7.553624	0.880634	0.868469
707	-7.614025	0.272117	0.847641
708	7.820194	7.527690	0.904417
709	8.775809	9.539439	0.704405
710	-8.731650	9.538842	0.717111
711	-7.823754	7.526924	0.904489
712	8.252919	10.000000	0.107963
713	-8.253766	10.000000	0.107995
714	-7.947346	10.000000	0.562374
715	7.968143	10.000000	0.559421
716	10.000000	-9.411355	0.068697
717	10.000000	-3.913181	0.065419
718	10.000000	-1.016892	0.695227
719	10.000000	-1.914890	0.861350
721	10.000000	-9.304173	0.547046
722	-10.000000	-9.410745	0.068586
725	-10.000000	-1.922445	0.860756
726	-10.000000	-0.934508	0.684012
727	-10.000000	-3.912991	0.065692
728	10.000000	9.409409	0.068665
731	10.000000	1.915524	0.861475
732	10.000000	0.869587	0.686687
733	10.000000	3.902704	0.066431
734	-10.000000	9.410622	0.068712
735	-10.000000	3.905924	0.066116
736	-10.000000	0.909112	0.683191
737	-10.000000	1.912024	0.860483
739	-10.000000	9.303737	0.547171
740	-10.000000	-2.781490	0.058368
741	-10.000000	2.776092	0.059530
744	10.000000	-2.778827	0.058626
745	10.000000	2.773364	0.059896
748	8.095622	-9.471281	0.000000
749	-8.095570	-9.471218	0.000000
750	-8.362681	-3.996623	-0.000064
751	8.362760	-3.996489	-0.000064
752	8.267539	-2.822074	0.000021
753	-8.267487	-2.822220	0.000021
754	-8.267206	2.821968	0.000021
755	8.267201	2.821942	0.000021
756	8.095640	9.471173	0.000000
757	8.362591	3.996224	-0.000065
758	-8.362624	3.996292	-0.000065
759	-8.095687	9.471238	0.000000
760	7.722280	-6.806281	0.919853
761	8.120512	-1.553020	0.899901
762	-8.116054	-1.559488	0.899636
763	-7.722086	-6.804041	0.919853
764	8.120067	1.554480	0.899765
765	7.721342	6.805208	0.919855
766	-7.723227	6.803212	0.919862
767	-8.117685	1.552017	0.899285
768	-2.569222	-10.084079	0.000000
769	-1.386624	-9.560303	0.900000
770	-2.607085	-0.823373	0.870083
772	-2.608558	0.819207	0.869947
773	-1.448218	9.557505	0.900000
774	-2.569653	10.084088	0.000000
775	10.000000	-10.000000	0.240540
776	-10.000000	-10.000000	0.238167
777	10.000000	1.603771	0.456475
778	-10.000000	1.628449	0.453480
779	10.000000	10.000000	0.238191
780	-10.000000	10.000000	0.240532
781	10.000000	-7.967441	0.892310
782	-10.000000	-7.957003	0.892514
783	9.173416	-0.569627	0.846996
784	-9.084844	-0.602500	0.846633
787	10.000000	8.723213	0.826580
788	-10.000000	8.735732	0.825099
789	10.000000	-5.998955	0.000000
790	-10.000000	-5.998850	0.000000
791	10.000000	5.998364	0.000000
792	-10.000000	5.998557	0.000000
793	-2.772884	3.254978	0.000000
794	10.000000	-1.695395	0.450367
795	-10.000000	-1.675087	0.446992
796	10.000000	0.969635	0.000000
797	-10.000000	0.969603	0.000000
799	-2.772897	-3.255275	0.000000
801	-9.415137	-0.029632	0.821314
802	-2.328106	-7.715596	0.900000
803	-2.331014	7.714974	0.900000
804	10.000000	5.057414	0.900000
805	-10.000000	5.054073	0.900000
806	10.000000	-3.339557	0.900000
807	-10.000000	-3.342819	0.900000
808	2.638980	-10.000000	0.307873
809	2.798084	-10.000000	0.487167
810	-2.754453	-10.000000	0.489998
811	-2.645453	-10.000000	0.308219
812	3.535589	-9.231580	0.909026
813	2.983852	-8.759728	0.911839
814	-3.001297	-8.758822	0.911764
815	-3.750462	-9.225840	0.909178
816	2.656484	-0.500173	0.859617
817	2.832290	-0.308348	0.855306
818	-2.698480	-0.303672	0.855118
819	-2.503327	-0.498013	0.859510
824	2.897798	0.300787	0.855161
825	2.701431	0.496008	0.859500
826	-2.540594	0.496487	0.859482
827	-2.770020	0.305677	0.855160
828	2.998315	8.758995	0.911760
829	3.747913	9.226003	0.909172
830	-3.538429	9.231163	0.909039
831	-2.986953	8.759015	0.911851
832	2.645468	10.000000	0.308219
833	-2.638978	10.000000	0.307872
834	-2.798248	10.000000	0.487167
835	2.754305	10.000000	0.489999
836	10.000000	-6.901835	0.313409
837	10.000000	-4.882704	0.310156
838	10.000000	-3.414348	0.519614
839	10.000000	-4.009978	0.663098
840	10.000000	-6.021185	0.668695
841	10.000000	-7.337593	0.518744
842	-10.000000	-6.896169	0.313275
843	-10.000000	-7.336249	0.518332
844	-10.000000	-6.018906	0.668174
845	-10.000000	-3.998121	0.662560
846	-10.000000	-3.351850	0.523380
847	-10.000000	-4.861676	0.311523
848	10.000000	6.885907	0.313825
849	10.000000	7.328176	0.518528
850	10.000000	6.009469	0.668396
851	10.000000	3.972780	0.663900
852	10.000000	3.317595	0.525970
853	10.000000	4.843824	0.312813
854	-10.000000	6.894330	0.313473
855	-10.000000	4.856056	0.311758
856	-10.000000	3.340336	0.523766
857	-10.000000	3.986484	0.662820
858	-10.000000	6.015325	0.668298
859	-10.000000	7.334492	0.518539
860	-10.000000	-0.644230	0.242231
861	-10.000000	0.660734	0.244367
863	-10.000000	-0.153459	0.535354
864	10.000000	-0.650013	0.244942
865	10.000000	0.650512	0.246436
867	10.000000	-0.190551	0.542392
868	2.713584	-7.324338	0.000000
869	-2.713541	-7.324329	0.000000
870	-2.888437	-5.343737	-0.000035
871	2.888486	-5.343746	-0.000035
872	2.835976	-0.846787	0.073076
873	-2.826842	-0.841964	0.070595
874	-2.826829	0.840668	0.068469
875	2.832480	0.843694	0.069828
876	2.713562	7.324271	0.000000
877	2.888417	5.343604	-0.000035
878	-2.888476	5.343607	-0.000035
879	-2.713630	7.324275	0.000000
880	2.794073	-5.503431	0.934225
881	2.743744	-3.484009	0.932944
882	-2.742806	-3.483189	0.932942
883	-2.795234	-5.502462	0.934225
884	2.742173	3.482744	0.932939
885	2.793388	5.502521	0.934225
886	-2.796059	5.501212	0.934225
887	-2.744129	3.481062	0.932934
888	-1.941599	-10.000000	0.257087
889	-1.251631	-10.000000	0.116836
890	3.096500	-10.000000	0.215228
891	-2.958495	-9.355349	0.906299
893	3.966006	-9.395257	0.907571
894	-2.034725	-6.069049	0.933768
895	-1.152288	-7.373082	0.918459
896	3.177606	-6.418855	0.932468
897	-1.772215	-0.553447	0.861089
898	-1.162020	-0.741210	0.867121
899	2.948749	-0.621976	0.863127
901	8.461147	-0.049049	0.837473
903	-1.993333	0.240446	0.854199
904	-0.981391	0.074474	0.852688
905	3.175310	0.201776	0.853664
906	-2.002881	2.874397	0.929767
907	-1.225374	1.292568	0.889874
908	3.178649	2.397183	0.923814
909	-2.101332	8.605045	0.910912
910	-1.148647	7.997857	0.904208
911	3.232281	8.376219	0.910380
912	4.260411	10.000000	0.454719
913	8.230829	10.000000	0.327065
914	5.360659	10.000000	0.275271
915	10.000000	-7.774776	0.461603
916	10.000000	-9.306700	0.317274
917	10.000000	-8.077572	0.260191
918	-10.000000	-5.374793	0.245125
919	-10.000000	-6.271802	0.058029
920	-10.000000	-7.343947	0.185438
921	10.000000	5.360500	0.246074
922	10.000000	6.266950	0.058270
923	10.000000	7.336798	0.185830
924	-10.000000	7.772518	0.461461
925	-10.000000	9.306270	0.317247
926	-10.000000	8.074628	0.260170
927	-10.000000	-0.443152	0.441488
928	-10.000000	-1.597347	0.391605
929	-10.000000	-1.445833	0.219359
930	10.000000	-0.466307	0.447553
931	10.000000	-1.608694	0.395619
932	10.000000	-1.446394	0.221663
933	4.502577	-5.704257	-0.000016
934	8.669999	-6.347494	0.000003
935	5.566399	-7.645835	-0.000000
936	4.617898	0.653995	0.006035
937	8.781986	0.448080	-0.000000
938	5.885977	-1.076232	-0.000707
939	-1.972714	7.925312	-0.000000
940	-1.211126	9.563790	-0.000000
941	3.136021	8.437414	-0.000000
942	8.307862	-10.000000	0.267976
943	5.494032	-10.000000	0.471574
944	4.184150	-10.000000	0.322711
945	0.415819	-10.000000	0.649716
946	-3.201115	-10.000000	0.572153
947	2.200647	-10.000000	0.536733
948	-8.230753	-10.000000	0.327063
949	-5.360604	-10.000000	0.275272
950	-4.260505	-10.000000	0.454718
951	8.981258	-8.660664	0.860049
952	5.922691	-8.457693	0.913152
953	5.298449	-9.084596	0.910744
954	1.145410	-7.998676	0.904206
955	-3.235284	-8.375981	0.910383
956	2.098011	-8.605726	0.910903
957	-8.874733	-8.326528	0.886875
958	-6.740983	-9.099621	0.904815
959	-4.803043	-8.711030	0.913842
960	8.419639	-0.751816	0.861945
961	5.627844	-0.370001	0.855283
962	4.262042	-0.510090	0.859627
963	1.807004	-0.077882	0.852689
964	-2.951420	-0.205006	0.853582
965	2.084929	-0.241406	0.854290
966	-8.223693	-0.614145	0.854763
967	-5.197391	-0.591451	0.861363
968	-4.325029	-0.366601	0.855864
972	-8.227481	-0.043829	0.836743
977	-1.859653	0.030107	0.851603
978	8.268559	0.575618	0.854589
979	5.385759	0.586934	0.861328
980	4.547100	0.357736	0.855778
981	1.207597	0.738572	0.867034
982	-2.862113	0.618211	0.862992
983	1.938463	0.551548	0.861063
984	-8.302055	0.742206	0.859924
985	-5.629287	0.357061	0.854646
986	-4.164490	0.504385	0.859373
987	8.874176	8.327368	0.886831
988	6.739582	9.099951	0.904818
989	4.800646	8.711417	0.913836
991	-3.968150	9.395006	0.907584
992	2.955744	9.355437	0.906295
993	-8.981797	8.659309	0.860184
994	-5.924807	8.456319	0.913168
995	-5.300706	9.083937	0.910759
996	1.251633	10.000000	0.116835
997	-3.096471	10.000000	0.215227
998	1.941623	10.000000	0.257087
999	-8.307878	10.000000	0.267969
1000	-5.494218	10.000000	0.471573
1001	-4.184158	10.000000	0.322711
1002	-0.416712	10.000000	0.649718
1003	3.200655	10.000000	0.572156
1004	-2.200923	10.000000	0.536734
1005	10.000000	-7.090294	0.058657
1006	10.000000	-5.196412	0.182206
1007	10.000000	-6.775330	0.246879
1008	10.000000	-2.765569	0.308936
1009	10.000000	-2.636325	0.495694
1010	10.000000	-4.217273	0.319400
1011	10.000000	-0.739773	0.843459
1012	10.000000	-2.821504	0.733767
1013	10.000000	-2.900551	0.594323
1014	10.000000	-4.026514	0.857109
1015	10.000000	-5.776280	0.769493
1016	10.000000	-4.226567	0.711753
1017	10.000000	-7.988468	0.809340
1018	10.000000	-8.121539	0.607647
1019	10.000000	-6.674169	0.683792
1020	-10.000000	-9.289892	0.258322
1021	-10.000000	-8.334876	0.469619
1022	-10.000000	-7.536575	0.321164
1023	-10.000000	-8.403704	0.767120
1024	-10.000000	-6.875608	0.747293
1025	-10.000000	-7.525669	0.588677
1026	-10.000000	-4.785638	0.857312
1027	-10.000000	-3.752711	0.762739
1028	-10.000000	-5.564024	0.715307
1029	-10.000000	-0.919293	0.849331
1030	-10.000000	-2.092482	0.641771
1031	-10.000000	-3.287219	0.676189
1032	-10.000000	-2.288263	0.399649
1033	-10.000000	-4.013199	0.262630
1034	-10.000000	-3.190384	0.473121
1035	10.000000	9.287933	0.258407
1036	10.000000	8.330410	0.469702
1037	10.000000	7.528709	0.321537
1038	10.000000	8.403224	0.766993
1039	10.000000	6.872361	0.747267
1040	10.000000	7.519480	0.588731
1041	10.000000	4.785873	0.857381
1042	10.000000	3.741178	0.763375
1043	10.000000	5.556064	0.715531
1044	10.000000	0.886296	0.851285
1045	10.000000	2.039663	0.645074
1046	10.000000	3.253062	0.678174
1047	10.000000	2.243024	0.404601
1048	10.000000	3.992612	0.264217
1049	10.000000	3.160003	0.475548
1050	-10.000000	7.086413	0.058791
1051	-10.000000	5.180298	0.183260
1052	-10.000000	6.766865	0.247084
1053	-10.000000	2.727220	0.312718
1054	-10.000000	2.529313	0.504886
1055	-10.000000	4.181434	0.322165
1056	-10.000000	0.713820	0.838980
1057	-10.000000	2.795295	0.733487
1058	-10.000000	2.808070	0.599033
1059	-10.000000	4.020903	0.856913
1060	-10.000000	5.770990	0.769188
1061	-10.000000	4.213456	0.711192
1062	-10.000000	7.986535	0.809378
1063	-10.000000	8.120377	0.607580
1064	-10.000000	6.670477	0.683517
1065	-10.000000	-0.438261	0.038325
1066	-10.000000	0.986707	0.133665
1067	-10.000000	-0.554952	0.175781
1068	-10.000000	1.944534	0.305944
1069	-10.000000	0.372363	0.567185
1070	-10.000000	0.985596	0.272183
1074	10.000000	-0.438588	0.038622
1075	10.000000	0.982018	0.134660
1076	10.000000	-0.558091	0.177521
1077	10.000000	1.929129	0.308058
1078	10.000000	0.331876	0.572744
1079	10.000000	0.972835	0.274445
1083	1.211105	-9.563801	-0.000000
1084	-3.135981	-8.437450	-0.000000
1085	1.972674	-7.925356	-0.000000
1086	-8.627723	-7.186939	-0.000000
1087	-5.799787	-5.410128	0.000027
1088	-4.343562	-7.135503	-0.000000
1089	-1.347604	-3.583219	-0.000098
1090	3.438908	-4.474355	-0.000112
1091	-2.161345	-4.792748	0.000089
1092	1.290814	-2.773124	0.002560
1093	-3.331608	-1.798780	0.012495
1094	2.067431	-1.343712	-0.066846
1095	-8.782000	-0.447641	-0.000000
1096	-5.883454	1.075798	-0.000694
1097	-4.618526	-0.654414	0.006180
1098	-1.290819	2.772814	0.002550
1099	3.329716	1.797962	0.012273
1100	-2.067328	1.342363	-0.064732
1101	8.627752	7.186686	-0.000000
1102	5.799767	5.409927	0.000027
1103	4.343595	7.135419	-0.000000
1104	1.347616	3.582965	-0.000098
1105	-3.438813	4.474162	-0.000112
1106	2.161324	4.792590	0.000089
1107	-8.670002	6.347214	0.000003
1108	-5.566465	7.645739	-0.000000
1109	-4.502574	5.704107	-0.000016
1110	8.643864	-4.682422	0.928079
1111	5.604262	-3.253259	0.931956
1112	4.417966	-5.175206	0.934247
1113	1.234132	-1.295249	0.889963
1114	-3.176059	-2.398158	0.923839
1115	2.003784	-2.877193	0.929791
1116	-8.625571	-3.847434	0.927814
1117	-5.664823	-5.508753	0.934006
1118	-4.368485	-3.718919	0.933431
1119	8.625812	3.847437	0.927813
1120	5.663679	5.509639	0.934006
1121	4.367891	3.719093	0.933431
1122	1.149550	7.372753	0.918462
1123	-3.179837	6.416822	0.932473
1124	2.032657	6.068910	0.933769
1125	-8.643960	4.678462	0.928080
1126	-5.603609	3.249381	0.931930
1127	-4.419493	5.172173	0.934247
1128	2.569627	-10.084089	0.000000
1129	1.447349	-9.557489	0.900000
1130	2.619424	-0.821556	0.870009
1132	2.620625	0.820352	0.869970
1133	1.385555	9.560311	0.900000
1134	2.569240	10.084078	0.000000
1135	10.000000	-10.000000	0.180122
1136	-10.000000	-10.000000	0.179048
1137	10.000000	2.528986	0.263199
1138	-10.000000	2.541301	0.261616
1139	10.000000	10.000000	0.179050
1140	-10.000000	10.000000	0.180108
1141	10.000000	-8.737016	0.824891
1142	-10.000000	-8.722570	0.826681
1145	9.092593	0.555514	0.846131
1146	-9.086253	0.578491	0.844712
1147	10.000000	7.958075	0.892478
1148	-10.000000	7.965165	0.892386
1149	10.000000	-7.759228	0.000000
1150	-10.000000	-7.759044	0.000000
1151	10.000000	7.758720	0.000000
1152	-10.000000	7.758927	0.000000
1153	2.772826	3.254970	0.000000
1154	10.000000	-2.573933	0.257894
1155	-10.000000	-2.570304	0.257541
1156	10.000000	-0.968722	0.000000
1157	-10.000000	-0.968850	0.000000
1158	2.359229	-0.021093	0.852666
1159	2.772966	-3.255231	0.000000
1162	2.328146	-7.716242	0.900000
1163	2.325347	7.715583	0.900000
1164	10.000000	3.340629	0.900000
1165	-10.000000	3.337070	0.900000
1166	10.000000	-5.057660	0.900000
1167	-10.000000	-5.057024	0.900000
1168	4.967005	-10.000000	0.220166
1169	5.221177	-10.000000	0.538708
1170	-5.058307	-10.000000	0.545058
1171	-4.963855	-10.000000	0.220316
1172	6.264418	-9.301449	0.904261
1173	5.262848	-8.269470	0.911752
1174	-5.262536	-8.267628	0.912066
1175	-6.522349	-9.290364	0.904798
1176	4.757315	-0.647038	0.863584
1177	4.981367	-0.277832	0.854075
1178	-4.895884	-0.266034	0.853609
1179	-4.638358	-0.646086	0.863457
1180	5.002500	-0.079756	0.851921
1182	-6.559541	0.057487	0.847658
1184	5.017148	0.248724	0.853522
1185	4.792325	0.643387	0.863435
1186	-4.679541	0.642270	0.863337
1187	-4.944369	0.265349	0.853619
1188	5.260247	8.268194	0.912062
1189	6.521006	9.290573	0.904803
1190	-6.265858	9.301033	0.904267
1191	-5.265211	8.268001	0.911764
1192	4.963900	10.000000	0.220315
1193	-4.966968	10.000000	0.220166
1194	-5.221493	10.000000	0.538709
1195	5.057986	10.000000	0.545060
1196	10.000000	-8.026333	0.190886
1197	10.000000	-4.494532	0.188174
1198	10.000000	-2.148621	0.583120
1199	10.000000	-3.087956	0.769524
1200	10.000000	-6.450778	0.784507
1201	10.000000	-8.465409	0.542669
1202	-10.000000	-8.022756	0.190701
1203	-10.000000	-8.463612	0.542379
1204	-10.000000	-6.447437	0.784252
1205	-10.000000	-3.087779	0.768856
1206	-10.000000	-1.998344	0.596386
1207	-10.000000	-4.482902	0.189479
1208	10.000000	8.017346	0.190989
1209	10.000000	8.460246	0.542375
1210	10.000000	6.445352	0.784255
1211	10.000000	3.070885	0.769857
1212	10.000000	1.956148	0.598656
1213	10.000000	4.466718	0.190590
1214	-10.000000	8.022934	0.190919
1215	-10.000000	4.474921	0.189810
1216	-10.000000	1.984286	0.595882
1217	-10.000000	3.075682	0.768902
1218	-10.000000	6.446673	0.784309
1219	-10.000000	8.464665	0.542626
1220	-10.000000	-1.535902	0.148870
1221	-10.000000	1.536699	0.152693
1223	-10.000000	-0.299277	0.626315
1224	10.000000	-1.534481	0.150255
1225	10.000000	1.530449	0.153800
1227	10.000000	-0.349576	0.636612
1228	5.092424	-8.337352	0.000000
1229	-5.092357	-8.337326	0.000000
1230	-5.436179	-4.737330	-0.000070
1231	5.436286	-4.737326	-0.000070
1232	5.380447	-1.717332	0.001464
1233	-5.379630	-1.716997	0.001453
1234	-5.378461	1.716557	0.001431
1235	5.378881	1.716764	0.001436
1236	5.092420	8.337269	0.000000
1237	5.436129	4.737101	-0.000071
1238	-5.436184	4.737119	-0.000071
1239	-5.092497	8.337290	0.000000
1240	5.149226	-6.167507	0.932863
1241	5.142781	-2.548995	0.926108
1242	-5.138794	-2.549048	0.926096
1243	-5.149911	-6.165879	0.932865
1244	5.140956	2.548462	0.926089
1245	5.148485	6.166664	0.932864
1246	-5.150940	6.164661	0.932868
1247	-5.140621	2.545364	0.926042
1248	-7.592381	-10.076930	0.000000
1249	-7.160236	-9.638103	0.900000
1250	-7.629805	-0.959327	0.872089
1251	-7.418896	0.181374	0.846982
1252	-7.631909	0.951033	0.871610
1253	-7.169093	9.638171	0.900000
1254	-7.592590	10.076977	0.000000
1255	10.000000	-10.000000	0.292492
1256	-10.000000	-10.000000	0.287955
1257	10.000000	0.625540	0.683436
1258	-10.000000	0.672321	0.678729
1259	10.000000	10.000000	0.288010
1260	-10.000000	10.000000	0.292502
1261	10.000000	-7.244919	0.899936
1262	-10.000000	-7.241089	0.899937
1267	10.000000	9.453013	0.606811
1268	-10.000000	9.454491	0.609584
1269	10.000000	-4.275937	0.000000
1270	-10.000000	-4.276111	0.000000
1271	10.000000	4.275566	0.000000
1272	-10.000000	4.275704	0.000000
1273	-7.838397	3.405944	0.000000
1274	10.000000	-0.775357	0.688689
1275	-10.000000	-0.706453	0.677118
1276	10.000000	2.736856	0.000000
1277	-10.000000	2.736914	0.000000
1279	-7.838494	-3.406292	0.000000
1282	-6.759736	-7.373963	0.900000
1283	-6.762132	7.373434	0.900000
1284	10.000000	6.642058	0.899969
1285	-10.000000	6.640149	0.899969
1286	10.000000	-1.755481	0.899856
1287	-10.000000	-1.765516	0.899565
1288	0.741249	-10.000000	0.381293
1289	0.762971	-10.000000	0.433679
1290	-0.779378	-10.000000	0.434052
1291	-0.758639	-10.000000	0.381493
1292	0.977272	-9.169687	0.908374
1293	0.873727	-9.046661	0.909591
1294	-0.934786	-9.046361	0.909490
1295	-1.100841	-9.168865	0.908250
1296	0.819843	-0.404473	0.857300
1297	0.848782	-0.350551	0.856160
1298	-0.704802	-0.349539	0.856115
1299	-0.668494	-0.403602	0.857261
1304	0.874535	0.348859	0.856134
1305	0.844968	0.402474	0.857263
1306	-0.677469	0.402959	0.857259
1307	-0.717423	0.349606	0.856129
1308	0.931603	9.046292	0.909492
1309	1.097706	9.168831	0.908251
1310	-0.980516	9.169444	0.908381
1311	-0.876968	9.046384	0.909598
1312	0.758613	10.000000	0.381493
1313	-0.741278	10.000000	0.381293
1314	-0.763042	10.000000	0.433679
1315	0.779312	10.000000	0.434052
1316	10.000000	-5.893848	0.432241
1317	10.000000	-5.230609	0.430932
1318	10.000000	-4.747121	0.492647
1319	10.000000	-4.941679	0.548855
1320	10.000000	-5.607677	0.550323
1321	10.000000	-6.072365	0.495117
1322	-10.000000	-5.884013	0.432098
1323	-10.000000	-6.066021	0.494712
1324	-10.000000	-5.600275	0.549822
1325	-10.000000	-4.927183	0.548575
1326	-10.000000	-4.724444	0.493031
1327	-10.000000	-5.213022	0.431251
1328	10.000000	5.867998	0.432984
1329	10.000000	6.051059	0.495395
1330	10.000000	5.583126	0.550599
1331	10.000000	4.904796	0.549807
1332	10.000000	4.700502	0.494577
1333	10.000000	5.193323	0.432519
1334	-10.000000	5.879539	0.432339
1335	-10.000000	5.207204	0.431542
1336	-10.000000	4.716638	0.493380
1337	-10.000000	4.919263	0.548883
1338	-10.000000	5.594478	0.550056
1339	-10.000000	6.061569	0.494935
1340	-10.000000	-0.108918	0.330723
1341	-10.000000	0.143777	0.330238
1344	10.000000	-0.123383	0.334347
1345	10.000000	0.128484	0.333562
1348	0.771107	-6.496942	0.000000
1349	-0.771085	-6.496939	0.000000
1350	-0.801303	-5.929367	-0.000015
1351	0.801322	-5.929370	-0.000015
1352	0.753938	-0.335615	0.207903
1353	-0.736412	-0.349398	0.354474
1354	-0.715049	0.286493	0.304060
1355	0.713238	0.351621	0.242370
1356	0.771075	6.496872	0.000000
1357	0.801286	5.929280	-0.000015
1358	-0.801342	5.929281	-0.000015
1359	-0.771132	6.496872	0.000000
1360	0.788819	-4.858763	0.934294
1361	0.773342	-4.278196	0.934135
1362	-0.774189	-4.277898	0.934135
1363	-0.790110	-4.858475	0.934294
1364	0.772385	4.276908	0.934134
1365	0.788088	4.857649	0.934294
1366	-0.790852	4.857239	0.934293
1367	-0.775096	4.276477	0.934134
1368	1.939112	-10.000000	0.256977
1369	-3.095229	-10.000000	0.215306
1370	1.252341	-10.000000	0.116839
1371	2.495816	-9.362213	0.906368
1372	-4.513647	-9.383438	0.908744
1374	2.033369	-6.069750	0.933768
1375	-3.178774	-6.417801	0.932470
1376	1.151303	-7.373435	0.918457
1377	1.904522	-0.554489	0.861145
1378	-2.842005	-0.621259	0.863070
1379	1.192555	-0.740750	0.867104
1381	6.826291	0.001310	0.847747
1382	8.363729	-0.100888	0.838833
1383	2.092749	0.236212	0.854227
1384	-3.083117	0.209310	0.853616
1385	1.187362	0.084372	0.852668
1386	2.001744	2.875702	0.929775
1387	-3.178235	2.395121	0.923788
1388	1.232394	1.293291	0.889884
1389	2.103291	8.605269	0.910812
1390	-3.235939	8.375819	0.910377
1391	1.143046	7.998117	0.904193
1392	4.185819	10.000000	0.323432
1393	5.420236	10.000000	0.475950
1394	8.294424	10.000000	0.268251
1395	10.000000	-7.540158	0.321440
1396	10.000000	-8.336276	0.470052
1397	10.000000	-9.292469	0.259050
1398	-10.000000	-6.768730	0.246907
1399	-10.000000	-5.185629	0.183063
1400	-10.000000	-7.087425	0.058717
1401	10.000000	6.758882	0.247470
1402	10.000000	5.172506	0.183896
1403	10.000000	7.083526	0.058909
1404	-10.000000	7.535852	0.321398
1405	-10.000000	8.335226	0.469968
1406	-10.000000	9.291836	0.259022
1407	-10.000000	-0.980839	0.266304
1409	-10.000000	-1.989932	0.297410
1410	10.000000	-0.986059	0.269434
1412	10.000000	-1.993208	0.299585
1413	4.343598	-7.135523	-0.000000
1414	5.799858	-5.410145	0.000027
1415	8.627738	-7.187045	-0.000000
1416	4.621120	-0.654754	0.006200
1417	5.883981	1.075914	-0.000695
1418	8.782099	-0.447569	-0.000000
1419	1.972619	7.925309	-0.000000
1420	-3.136139	8.437421	-0.000000
1421	1.210821	9.563786	-0.000000
1422	5.363921	-10.000000	0.274818
1423	8.258019	-10.000000	0.326010
1424	4.296351	-10.000000	0.451558
1425	3.489453	-10.000000	0.566194
1426	-1.413533	-10.000000	0.625622
1427	-2.056624	-10.000000	0.539953
1428	-5.420368	-10.000000	0.475949
1429	-8.294336	-10.000000	0.268251
1430	-4.185797	-10.000000	0.323432
1431	6.616098	-9.110683	0.903781
1432	8.871793	-8.335863	0.887099
1433	4.786902	-8.713372	0.913356
1434	3.232878	-8.376858	0.910368
1435	-1.146258	-7.998363	0.904192
1436	-2.106549	-8.605221	0.910813
1437	-5.926114	-8.454807	0.913767
1438	-8.995460	-8.648362	0.859630
1439	-5.411404	-9.077182	0.912063
1440	5.354671	-0.594134	0.861591
1441	8.366543	-0.599993	0.855533
1442	4.460389	-0.372800	0.856162
1443	3.202230	-0.214351	0.853805
1444	-0.277990	-0.066049	0.852657
1445	-1.898246	-0.236795	0.854149
1446	-5.512974	-0.362269	0.854847
1447	-8.257509	-0.753042	0.860738
1448	-4.098533	-0.506554	0.859434
1449	4.109986	0.026883	0.851771
1452	-5.967811	-0.040113	0.849484
1453	-8.315268	0.001400	0.835861
1458	5.711026	0.341873	0.854585
1459	8.364319	0.738124	0.861130
1460	4.310677	0.502660	0.859389
1461	2.984836	0.619195	0.863034
1462	-1.155297	0.737952	0.867020
1463	-1.787582	0.551254	0.861041
1464	-5.261636	0.587697	0.861225
1465	-8.245488	0.593283	0.853609
1466	-4.425979	0.365757	0.855822
1467	5.924126	8.455390	0.913762
1468	8.994985	8.649020	0.859571
1469	5.409413	9.077480	0.912058
1470	4.511588	9.383563	0.908737
1472	-2.498839	9.361964	0.906379
1473	-6.617691	9.110003	0.903792
1474	-8.872415	8.334089	0.887199
1475	-4.789467	8.712387	0.913372
1476	3.095262	10.000000	0.215306
1477	-1.252349	10.000000	0.116839
1478	-1.939092	10.000000	0.256976
1479	-5.363906	10.000000	0.274816
1480	-8.258092	10.000000	0.326003
1481	-4.296480	10.000000	0.451557
1482	-3.489829	10.000000	0.566195
1483	1.412612	10.000000	0.625624
1484	2.056344	10.000000	0.539955
1485	10.000000	-7.348729	0.185480
1486	10.000000	-6.275123	0.057883
1487	10.000000	-5.388449	0.244296
1488	10.000000	-4.033735	0.260352
1489	10.000000	-2.315088	0.398233
1490	10.000000	-3.258710	0.467651
1491	10.000000	-2.212625	0.633486
1492	10.000000	-0.911049	0.848804
1493	10.000000	-3.308139	0.676223
1494	10.000000	-3.753820	0.763380
1495	10.000000	-4.787343	0.857474
1496	10.000000	-5.566330	0.715822
1497	10.000000	-6.878886	0.747589
1498	10.000000	-8.411341	0.766685
1499	10.000000	-7.526872	0.589039
1500	-10.000000	-8.074265	0.259894
1501	-10.000000	-9.303906	0.316416
1502	-10.000000	-7.773394	0.461199
1503	-10.000000	-8.119616	0.607434
1504	-10.000000	-7.980897	0.809375
1505	-10.000000	-6.672074	0.683386
1506	-10.000000	-5.773647	0.769142
1507	-10.000000	-4.026137	0.856908
1508	-10.000000	-4.222531	0.711045
1509	-10.000000	-2.811569	0.733371
1510	-10.000000	-0.737115	0.840853
1511	-10.000000	-2.825187	0.598612
1512	-10.000000	-2.539817	0.504817
1513	-10.000000	-2.750581	0.310299
1514	-10.000000	-4.188742	0.321878
1515	10.000000	8.068546	0.260175
1516	10.000000	9.302061	0.316480
1517	10.000000	7.766671	0.461385
1518	10.000000	8.115863	0.607401
1519	10.000000	7.980564	0.809279
1520	10.000000	6.665703	0.683441
1521	10.000000	5.770134	0.769229
1522	10.000000	4.025660	0.857026
1523	10.000000	4.206376	0.711817
1524	10.000000	2.780677	0.735186
1525	10.000000	0.691751	0.842553
1526	10.000000	2.780864	0.601706
1527	10.000000	2.506094	0.507316
1528	10.000000	2.712790	0.314444
1529	10.000000	4.168064	0.323477
1530	-10.000000	7.343090	0.185606
1531	-10.000000	6.269931	0.058111
1532	-10.000000	5.370164	0.245318
1533	-10.000000	4.003789	0.263063
1534	-10.000000	2.262613	0.402313
1535	-10.000000	3.181038	0.473380
1536	-10.000000	2.071663	0.641813
1537	-10.000000	0.901146	0.848253
1538	-10.000000	3.271378	0.676485
1539	-10.000000	3.743517	0.762816
1540	-10.000000	4.781956	0.857317
1541	-10.000000	5.559908	0.715395
1542	-10.000000	6.875657	0.747407
1543	-10.000000	8.409992	0.766785
1544	-10.000000	7.524722	0.588861
1545	-10.000000	-0.974863	0.131766
1546	-10.000000	0.449106	0.038518
1547	-10.000000	0.570024	0.177085
1548	-10.000000	1.435801	0.226646
1549	-10.000000	1.525856	0.404102
1554	10.000000	-0.975195	0.133005
1555	10.000000	0.448116	0.038796
1556	10.000000	0.563888	0.178517
1557	10.000000	1.425438	0.228390
1558	10.000000	1.503608	0.407045
1563	3.136084	-8.437461	-0.000000
1564	-1.210809	-9.563797	-0.000000
1565	-1.972600	-7.925349	-0.000000
1566	-5.566361	-7.645803	-0.000000
1567	-8.669968	-6.347411	0.000003
1568	-4.502529	-5.704240	-0.000016
1569	-3.438792	-4.474356	-0.000112
1570	1.347761	-3.583208	-0.000098
1571	2.161426	-4.792752	0.000089
1572	3.331000	-1.798839	0.012527
1573	-1.290849	-2.773133	0.002560
1574	-2.069988	-1.343932	-0.066531
1575	-5.884877	-1.076085	-0.000705
1576	-8.781904	0.448022	-0.000000
1577	-4.616270	0.653754	0.006034
1578	-3.330070	1.797927	0.012260
1579	1.290754	2.772816	0.002550
1580	2.065640	1.342178	-0.064857
1581	5.566414	7.645711	-0.000000
1582	8.669981	6.347097	0.000003
1583	4.502520	5.704094	-0.000016
1584	3.438754	4.474158	-0.000112
1585	-1.347662	3.582967	-0.000098
1586	-2.161387	4.792592	0.000089
1587	-5.799819	5.409953	0.000027
1588	-8.627768	7.186807	-0.000000
1589	-4.343651	7.135432	-0.000000
1590	5.664406	-5.510472	0.934006
1591	8.626376	-3.847264	0.927809
1592	4.369276	-3.720058	0.933435
1593	3.180873	-2.398381	0.923841
1594	-1.223042	-1.295662	0.889993
1595	-2.001028	-2.876727	0.929789
1596	-5.602316	-3.252554	0.931947
1597	-8.643438	-4.681420	0.928085
1598	-4.418626	-5.173771	0.934247
1599	5.602772	3.252669	0.931949
1600	8.643385	4.682148	0.928084
1601	4.417191	5.174309	0.934247
1602	3.176808	6.418051	0.932470
1603	-1.154146	7.372405	0.918464
1604	-2.035606	6.068044	0.933770
1605	-5.665723	5.507138	0.934007
1606	-8.626156	3.843478	0.927803
1607	-4.369621	3.716529	0.933425
1608	0.000846	-10.000000	0.172100
1609	1.055557	-10.000000	0.211991
1610	-1.054860	-10.000000	0.212013
1612	0.815288	-9.464282	0.902337
1613	-1.851522	-9.458193	0.902556
1614	-0.000682	-6.991636	0.927944
1615	1.077013	-6.560839	0.932189
1616	-1.078454	-6.560476	0.932190
1617	0.031424	-0.672195	0.864781
1618	1.031800	-0.610951	0.862831
1619	-0.932110	-0.610693	0.862815
1620	7.444514	-0.052357	0.845593
1621	6.400317	-0.068895	0.849250
1623	-0.017919	0.128935	0.853037
1624	1.107592	0.179134	0.853545
1625	-1.061338	0.181288	0.853509
1626	0.001551	1.790720	0.908916
1627	1.077703	2.316093	0.922404
1628	-1.077258	2.315368	0.922396
1629	-0.002360	8.235726	0.907274
1630	1.090193	8.435018	0.909368
1631	-1.092720	8.434840	0.909419
1632	6.904769	10.000000	0.342863
1633	5.585872	10.000000	0.337302
1634	5.603442	10.000000	0.405200
1635	10.000000	-8.732020	0.331547
1636	10.000000	-8.148668	0.329423
1637	10.000000	-8.234277	0.399150
1638	-10.000000	-6.474601	0.118889
1639	-10.000000	-6.633472	0.181995
1640	-10.000000	-5.908327	0.180951
1641	10.000000	6.467187	0.119296
1642	10.000000	6.624529	0.182510
1643	10.000000	5.897463	0.181608
1644	-10.000000	8.730927	0.331494
1645	-10.000000	8.146384	0.329355
1646	-10.000000	8.232676	0.399059
1647	-10.000000	-1.453953	0.340760
1648	-10.000000	-1.249717	0.302205
1649	-10.000000	-0.910259	0.403372
1650	10.000000	-1.460764	0.344728
1651	10.000000	-1.255093	0.305898
1652	10.000000	-0.925178	0.409197
1653	7.292833	-6.645799	-0.000003
1654	5.857731	-6.906520	0.000001
1655	5.940630	-6.147019	-0.000007
1656	7.524771	0.000173	0.000000
1657	6.160925	-0.368149	0.000133
1658	6.159973	0.368346	0.000133
1659	-0.000107	9.034047	-0.000000
1660	1.060482	8.490568	0.000000
1661	-1.060625	8.490570	0.000000
1662	5.630968	-10.000000	0.402787
1663	5.594094	-10.000000	0.336179
1664	6.925181	-10.000000	0.341466
1665	-0.926529	-10.000000	0.574860
1666	1.339650	-10.000000	0.573997
1667	0.434201	-10.000000	0.602425
1668	-5.585843	-10.000000	0.337302
1669	-5.603468	-10.000000	0.405199
1670	-6.904727	-10.000000	0.342863
1671	6.390515	-8.666508	0.911957
1672	6.642855	-8.889638	0.907948
1673	7.785941	-8.642252	0.897332
1674	-1.093621	-8.435173	0.909367
1675	1.089270	-8.435431	0.909413
1676	-0.001070	-8.236170	0.907272
1677	-6.693269	-8.881551	0.909199
1678	-6.406931	-8.661564	0.912949
1679	-7.803265	-8.633620	0.895688
1680	5.946941	-0.461330	0.857167
1681	5.808380	-0.535840	0.859452
1682	7.265842	-0.579959	0.858596
1683	-0.871887	-0.176400	0.853461
1684	1.238175	-0.180177	0.853542
1685	0.370701	-0.123753	0.853011
1686	-5.630993	-0.531408	0.859129
1687	-5.790263	-0.455650	0.856775
1688	-7.075989	-0.576807	0.857996
1691	-1.311815	-0.027837	0.851647
1692	-6.114991	0.013727	0.849134
1694	-7.125607	-0.015713	0.845679
1698	5.829599	0.522433	0.859032
1699	5.981996	0.439833	0.856576
1700	7.219189	0.557687	0.857952
1701	-0.928598	0.608057	0.862747
1702	1.055818	0.608442	0.862762
1703	0.046399	0.669524	0.864703
1704	-5.884841	0.449856	0.856548
1705	-5.712144	0.526913	0.858946
1706	-7.143842	0.566697	0.857535
1707	6.691749	8.881997	0.909198
1708	6.405208	8.662102	0.912945
1709	7.802205	8.634246	0.895676
1710	-0.818136	9.464181	0.902341
1711	1.848906	9.458213	0.902555
1713	-6.392412	8.665311	0.911976
1714	-6.644580	8.888682	0.907966
1715	-7.787135	8.640925	0.897375
1716	-1.055533	10.000000	0.211991
1717	1.054885	10.000000	0.212013
1718	-0.000828	10.000000	0.172099
1719	-5.631058	10.000000	0.402786
1720	-5.594120	10.000000	0.336178
1721	-6.925232	10.000000	0.341463
1722	0.926078	10.000000	0.574860
1723	-1.340088	10.000000	0.573998
1724	-0.434893	10.000000	0.602426
1725	10.000000	-5.917124	0.180504
1726	10.000000	-6.640069	0.181843
1727	10.000000	-6.480105	0.118689
1728	10.000000	-3.104322	0.414017
1729	10.000000	-3.569914	0.335758
1730	10.000000	-2.939488	0.360864
1731	10.000000	-2.556285	0.703757
1732	10.000000	-2.335845	0.672798
1733	10.000000	-1.722228	0.754312
1734	10.000000	-5.096593	0.763287
1735	10.000000	-4.421588	0.761649
1736	10.000000	-4.595150	0.810900
1737	10.000000	-7.723567	0.659867
1738	10.000000	-7.299986	0.704301
1739	10.000000	-7.893487	0.732316
1740	-10.000000	-8.232457	0.398696
1741	-10.000000	-8.146069	0.329026
1742	-10.000000	-8.729605	0.330981
1743	-10.000000	-7.297200	0.704001
1744	-10.000000	-7.721343	0.659619
1745	-10.000000	-7.889048	0.732212
1746	-10.000000	-4.419911	0.761078
1747	-10.000000	-5.094447	0.762823
1748	-10.000000	-4.593419	0.810542
1749	-10.000000	-2.263591	0.676695
1750	-10.000000	-2.521923	0.704758
1751	-10.000000	-1.673399	0.756897
1752	-10.000000	-3.534556	0.339488
1753	-10.000000	-3.045075	0.419926
1754	-10.000000	-2.901309	0.365261
1755	10.000000	8.227224	0.398863
1756	10.000000	8.140417	0.329263
1757	10.000000	8.725954	0.331117
1758	10.000000	7.293190	0.703957
1759	10.000000	7.717274	0.659572
1760	10.000000	7.886996	0.732114
1761	10.000000	4.412102	0.761464
1762	10.000000	5.089158	0.763034
1763	10.000000	4.591203	0.810720
1764	10.000000	2.206967	0.680266
1765	10.000000	2.477190	0.707471
1766	10.000000	1.619104	0.760058
1767	10.000000	3.509952	0.341517
1768	10.000000	3.016650	0.422282
1769	10.000000	2.869645	0.368173
1770	-10.000000	5.904853	0.181110
1771	-10.000000	6.631425	0.182147
1772	-10.000000	6.472399	0.119012
1773	-10.000000	3.035280	0.420280
1774	-10.000000	3.524577	0.339951
1775	-10.000000	2.886126	0.366317
1776	-10.000000	2.500585	0.705010
1777	-10.000000	2.237983	0.677128
1778	-10.000000	1.645702	0.756877
1779	-10.000000	5.089897	0.762876
1780	-10.000000	4.413226	0.761146
1781	-10.000000	4.588550	0.810566
1782	-10.000000	7.721859	0.659759
1783	-10.000000	7.297580	0.704150
1784	-10.000000	7.891802	0.732287
1785	-10.000000	0.347352	0.123669
1786	-10.000000	-0.331736	0.123116
1787	-10.000000	0.007619	0.078583
1788	-10.000000	0.825526	0.429747
1789	-10.000000	1.216171	0.315943
1790	-10.000000	1.386084	0.357467
1791	-10.000000	0.018848	0.625291
1794	10.000000	0.343890	0.124649
1795	10.000000	-0.333846	0.124195
1796	10.000000	0.006043	0.079201
1797	10.000000	0.799713	0.433626
1798	10.000000	1.199786	0.318555
1799	10.000000	1.366553	0.360312
1800	10.000000	-0.030938	0.632043
1803	-1.060474	-8.490596	0.000000
1804	1.060599	-8.490599	0.000000
1805	0.000100	-9.034066	-0.000000
1806	-5.940586	-6.146989	-0.000007
1807	-5.857699	-6.906484	0.000001
1808	-7.292800	-6.645742	-0.000003
1809	1.183680	-4.327608	-0.000144
1810	-1.183559	-4.327608	-0.000144
1811	0.000078	-3.931480	0.000156
1812	-1.116349	-1.825560	0.034350
1813	1.115991	-1.825562	0.034360
1814	-0.000064	-2.302203	-0.011571
1815	-6.159293	0.368252	0.000133
1816	-6.159961	-0.368204	0.000134
1817	-7.524444	0.000100	0.000000
1818	1.116175	1.825065	0.033815
1819	-1.116332	1.825060	0.033813
1820	-0.000036	2.301809	-0.011476
1821	5.940596	6.146821	-0.000007
1822	5.857733	6.906355	0.000001
1823	7.292826	6.645540	-0.000003
1824	-1.183623	4.327424	-0.000145
1825	1.183562	4.327424	-0.000145
1826	-0.000027	3.931266	0.000156
1827	-5.857777	6.906387	0.000001
1828	-5.940642	6.146852	-0.000007
1829	-7.292860	6.645605	-0.000003
1830	5.863647	-4.008062	0.933746
1831	5.891377	-4.777013	0.934138
1832	7.275606	-4.330926	0.933286
1833	-1.074861	-2.317801	0.922442
1834	1.080128	-2.317926	0.922442
1835	0.004135	-1.793066	0.908991
1836	-5.891386	-4.775406	0.934137
1837	-5.862950	-4.006790	0.933743
1838	-7.275002	-4.329701	0.933286
1839	5.890509	4.776237	0.934138
1840	5.862511	4.007376	0.933744
1841	7.274768	4.330482	0.933287
1842	-1.079460	6.559643	0.932192
1843	1.076117	6.560057	0.932191
1844	-0.001936	6.990906	0.927949
1845	-5.863935	4.004158	0.933739
1846	-5.892258	4.773307	0.934136
1847	-7.275810	4.326869	0.933282
1848	-0.006554	-10.000000	0.338933
1849	-0.916406	-10.000000	0.298253
1850	0.908744	-10.000000	0.298158
1851	-4.428885	-10.000000	0.173430
1852	-6.096003	-10.000000	0.113096
1853	-3.724418	-10.000000	0.115783
1854	4.431496	-10.000000	0.173403
1855	3.725139	-10.000000	0.115794
1856	6.096765	-10.000000	0.113118
1857	-0.107204	-9.257489	0.906881
1858	-1.487713	-9.314705	0.905846
1859	1.159864	-9.317159	0.906098
1860	-5.934472	-9.431976	0.913538
1861	-6.821218	-9.525518	0.910529
1862	-4.535600	-9.522457	0.903415
1863	5.500162	-9.438106	0.910501
1864	4.331070	-9.520011	0.903226
1865	6.721163	-9.523407	0.911256
1866	-0.000709	-5.307627	0.934298
1867	-0.967930	-5.701116	0.934184
1868	0.966499	-5.701459	0.934184
1869	-4.379972	-6.748956	0.928793
1870	-5.601100	-7.064967	0.919616
1871	-3.418973	-7.265197	0.918957
1872	4.379158	-6.750343	0.928789
1873	3.418317	-7.266240	0.918953
1874	5.600923	-7.066655	0.919612
1875	0.076156	-0.448766	0.858331
1876	-0.805882	-0.496914	0.859547
1877	0.952877	-0.497632	0.859581
1878	-4.076663	-0.704684	0.865616
1879	-5.595221	-0.811970	0.868810
1880	-3.458550	-0.764812	0.867860
1881	4.149312	-0.704073	0.865655
1882	3.491325	-0.763190	0.867823
1883	5.631559	-0.808535	0.868881
1887	7.708200	0.061180	0.844615
1888	9.074698	0.091185	0.830987
1889	8.697587	0.011432	0.834569
1890	7.129812	-0.153543	0.848488
1891	8.477092	-0.166815	0.838521
1892	8.989884	-0.256189	0.835848
1893	0.072491	0.306766	0.855347
1894	-0.918521	0.271750	0.854738
1895	1.042341	0.270109	0.854750
1896	-4.199951	0.177577	0.852821
1897	-5.680525	0.159807	0.851262
1898	-3.446636	0.097450	0.852470
1899	4.231389	0.160711	0.852845
1900	3.334306	0.081504	0.852691
1901	5.561232	0.126233	0.851351
1902	-0.001275	3.801723	0.933691
1903	-0.944427	3.342535	0.932537
1904	0.942342	3.343126	0.932539
1905	-4.487714	1.908565	0.912560
1906	-5.960203	1.422556	0.894915
1907	-3.645209	1.336089	0.891666
1908	4.490203	1.911213	0.912628
1909	3.651398	1.338056	0.891716
1910	5.964787	1.425194	0.895109
1911	0.014136	8.930716	0.910183
1912	-1.015297	8.787482	0.910716
1913	1.027405	8.787566	0.910621
1914	-4.419747	8.093893	0.908639
1915	-5.642543	7.756728	0.905117
1916	-3.419839	7.916078	0.904590
1917	4.413924	8.094527	0.908753
1918	3.414115	7.916796	0.904612
1919	5.637171	7.757686	0.905142
1920	1.972465	10.000000	0.404411
1921	3.115975	10.000000	0.429882
1922	3.072795	10.000000	0.366741
1923	6.603150	10.000000	0.487894
1924	7.880397	10.000000	0.469622
1925	8.064036	10.000000	0.394015
1926	6.651483	10.000000	0.223347
1927	8.260296	10.000000	0.215491
1928	8.157490	10.000000	0.169066
1929	10.000000	-6.545203	0.438812
1930	10.000000	-7.175260	0.449427
1931	10.000000	-7.032132	0.381021
1932	10.000000	-8.860443	0.465032
1933	10.000000	-9.343403	0.447152
1934	10.000000	-9.325469	0.377978
1935	10.000000	-8.654109	0.198350
1936	10.000000	-9.278221	0.200932
1937	10.000000	-9.279950	0.139758
1938	-10.000000	-5.712358	0.369671
1939	-10.000000	-5.545627	0.307359
1940	-10.000000	-6.228374	0.308267
1941	-10.000000	-4.957018	0.121442
1942	-10.000000	-4.661523	0.060551
1943	-10.000000	-5.456079	0.058497
1944	-10.000000	-7.969030	0.123866
1945	-10.000000	-7.886367	0.060291
1946	-10.000000	-8.661770	0.062666
1947	10.000000	5.696350	0.370673
1948	10.000000	5.530328	0.308376
1949	10.000000	6.215605	0.309033
1950	10.000000	4.945640	0.122121
1951	10.000000	4.653646	0.060993
1952	10.000000	5.449975	0.058810
1953	10.000000	7.964413	0.124112
1954	10.000000	7.883299	0.060443
1955	10.000000	8.659521	0.062784
1956	-10.000000	6.536924	0.438695
1957	-10.000000	7.170768	0.449257
1958	-10.000000	7.026061	0.380949
1959	-10.000000	8.859972	0.465007
1960	-10.000000	9.343170	0.447181
1961	-10.000000	9.325201	0.377966
1962	-10.000000	8.652249	0.198340
1963	-10.000000	9.277404	0.200912
1964	-10.000000	9.279036	0.139754
1965	-10.000000	-0.262887	0.387479
1967	-10.000000	-0.581910	0.330005
1968	-10.000000	-0.619752	0.513134
1969	-10.000000	-0.648913	0.609859
1970	-10.000000	-1.093034	0.498499
1971	-10.000000	-1.988011	0.174625
1972	-10.000000	-2.328247	0.211032
1973	-10.000000	-2.598954	0.131424
1974	10.000000	-0.281761	0.392176
1976	10.000000	-0.593886	0.334144
1977	10.000000	-0.649783	0.521405
1978	10.000000	-0.695909	0.620600
1979	10.000000	-1.118139	0.505745
1980	10.000000	-1.985733	0.176019
1981	10.000000	-2.327131	0.212163
1982	10.000000	-2.596045	0.132000
1983	2.038877	-6.256624	-0.000003
1984	3.255637	-5.985318	0.000008
1985	3.183107	-6.668916	-0.000001
1986	7.150013	-5.089168	-0.000038
1987	8.549739	-4.719321	0.000038
1988	8.644859	-5.513764	-0.000013
1989	6.887880	-8.192403	-0.000000
1990	8.520308	-8.001353	0.000000
1991	8.348626	-8.767945	-0.000000
1992	2.013156	-0.002579	0.169171
1993	3.311646	0.293640	-0.027980
1994	3.312693	-0.296731	-0.028883
1995	7.165498	1.561784	0.000049
1996	8.518807	2.115064	-0.000005
1997	8.691140	1.316386	0.000001
1998	7.166365	-1.561896	0.000049
1999	8.691439	-1.316064	0.000001
2000	8.519184	-2.114997	-0.000005
2001	-0.000032	6.967899	-0.000000
2002	-0.930058	7.436072	-0.000000
2003	0.929981	7.436072	-0.000000
2004	-4.441754	8.969778	-0.000000
2005	-5.917680	9.518679	-0.000000
2006	-3.604828	9.548559	0.000000
2007	4.441614	8.969762	-0.000000
2008	3.604575	9.548545	0.000000
2009	5.917523	9.518649	-0.000000
2010	8.164268	-10.000000	0.169058
2011	8.268630	-10.000000	0.215473
2012	6.657815	-10.000000	0.223149
2013	8.114418	-10.000000	0.391540
2014	7.934737	-10.000000	0.466885
2015	6.696849	-10.000000	0.482569
2016	3.065188	-10.000000	0.365880
2017	3.119401	-10.000000	0.428117
2018	1.959275	-10.000000	0.403646
2019	5.557282	-10.000000	0.669505
2020	2.923388	-10.000000	0.643103
2021	4.738713	-10.000000	0.599996
2022	-3.175932	-10.000000	0.655381
2023	-5.636641	-10.000000	0.674061
2024	-4.388183	-10.000000	0.606152
2025	1.012970	-10.000000	0.507280
2026	-0.962722	-10.000000	0.508500
2027	-0.000102	-10.000000	0.474176
2028	-7.880510	-10.000000	0.469620
2029	-8.064010	-10.000000	0.394013
2030	-6.603309	-10.000000	0.487892
2031	-8.260189	-10.000000	0.215494
2032	-8.157357	-10.000000	0.169072
2033	-6.651391	-10.000000	0.223349
2034	-3.116035	-10.000000	0.429881
2035	-3.072805	-10.000000	0.366741
2036	-1.972504	-10.000000	0.404411
2037	8.957462	-9.285472	0.759892
2038	9.012226	-8.984711	0.815885
2039	7.839753	-9.172180	0.867760
2040	8.691247	-8.025295	0.900307
2041	8.417230	-7.740446	0.904731
2042	7.110014	-8.136907	0.909873
2043	3.898979	-9.074721	0.911004
2044	3.646335	-8.913327	0.912009
2045	2.431368	-9.065031	0.910075
2046	5.640526	-7.758712	0.905113
2047	3.417023	-7.917486	0.904587
2048	4.417130	-8.095372	0.908631
2049	-3.416877	-7.916522	0.904613
2050	-5.639151	-7.756967	0.905143
2051	-4.416501	-8.094059	0.908755
2052	1.011896	-8.787889	0.910709
2053	-1.030765	-8.787666	0.910620
2054	-0.017470	-8.930923	0.910178
2055	-8.413872	-7.736616	0.904622
2056	-8.689522	-8.019070	0.900127
2057	-7.107738	-8.133478	0.909741
2058	-9.048237	-8.972123	0.813840
2059	-9.019567	-9.278471	0.752131
2060	-7.950893	-9.160872	0.858024
2061	-3.685599	-8.911485	0.912062
2062	-3.992813	-9.071060	0.911227
2063	-2.507043	-9.063618	0.909876
2064	7.877133	-0.846213	0.867583
2065	8.207305	-0.813044	0.865452
2066	6.500199	-0.700943	0.864134
2067	8.237939	-0.454350	0.850558
2069	6.748506	-0.363861	0.853422
2070	3.167669	-0.442707	0.858102
2071	3.252095	-0.377909	0.856603
2072	2.056210	-0.389319	0.856952
2073	5.841162	-0.188901	0.851718
2074	3.787324	-0.103059	0.852532
2075	4.356535	-0.188709	0.853103
2076	-3.101605	-0.092417	0.852543
2077	-5.469493	-0.151970	0.851602
2078	-4.088088	-0.175358	0.852884
2079	1.028947	-0.271757	0.854765
2080	-0.878229	-0.270044	0.854703
2081	0.069840	-0.306968	0.855339
2082	-7.720203	-0.330857	0.848100
2083	-8.120188	-0.456184	0.849213
2084	-6.633837	-0.352942	0.852712
2085	-8.098033	-0.816482	0.864374
2086	-7.804794	-0.851049	0.866700
2087	-6.373264	-0.700759	0.863767
2088	-3.107986	-0.373680	0.856412
2089	-3.011305	-0.439380	0.857944
2090	-1.907538	-0.386881	0.856844
2095	-7.237728	-0.164874	0.847356
2100	-8.959456	-0.169342	0.830352
2101	-8.423196	-0.098027	0.834823
2102	-7.013577	-0.103122	0.847566
2103	-8.672054	0.054669	0.832192
2104	-9.094069	0.140092	0.828048
2105	-7.837261	0.083124	0.841623
2106	-3.116438	0.006991	0.852464
2111	-6.248223	0.071167	0.848653
2113	7.281627	0.130930	0.848671
2114	6.237051	0.051248	0.849724
2117	0.345084	0.005015	0.857204
2118	7.631747	0.234727	0.848339
2119	8.120162	0.395237	0.849026
2120	6.780160	0.310642	0.852346
2121	8.192172	0.807521	0.864939
2122	7.882113	0.844697	0.867228
2123	6.515404	0.695871	0.863886
2124	3.326197	0.370091	0.856414
2125	3.227111	0.436601	0.857938
2126	2.108043	0.385320	0.856865
2127	5.648037	0.808164	0.868825
2128	3.510072	0.761997	0.867781
2129	4.179219	0.702176	0.865576
2130	-3.461418	0.760365	0.867723
2131	-5.605586	0.806119	0.868601
2132	-4.094577	0.700457	0.865490
2133	0.977592	0.495145	0.859524
2134	-0.810618	0.495219	0.859515
2135	0.085895	0.447125	0.858302
2136	-7.833152	0.843629	0.866202
2137	-8.137071	0.808299	0.863771
2138	-6.424463	0.695403	0.863518
2139	-8.115451	0.422302	0.847941
2141	-6.738861	0.335938	0.852239
2142	-3.068963	0.438630	0.857933
2143	-3.179805	0.374010	0.856421
2144	-1.947302	0.387005	0.856857
2145	8.413111	7.737684	0.904607
2146	8.688868	8.020053	0.900100
2147	7.106293	8.134294	0.909734
2148	9.047830	8.972577	0.813778
2149	9.019241	9.278723	0.752092
2150	7.950075	9.161185	0.858030
2151	3.682901	8.911713	0.912057
2152	3.990295	9.071279	0.911221
2153	2.504116	9.063714	0.909873
2154	6.820663	9.525581	0.910528
2155	4.534634	9.522498	0.903414
2156	5.933248	9.432086	0.913532
2157	-4.331748	9.519934	0.903229
2158	-6.721506	9.523284	0.911262
2159	-5.501204	9.437893	0.910512
2160	1.484552	9.314711	0.905845
2161	-1.163185	9.316963	0.906105
2162	0.103894	9.257378	0.906885
2163	-8.957776	9.284967	0.760004
2164	-9.012674	8.983797	0.816028
2165	-7.840641	9.171551	0.867781
2166	-8.691956	8.023161	0.900370
2167	-8.418029	7.738034	0.904766
2168	-7.111536	8.135055	0.909896
2169	-3.901757	9.074145	0.911019
2170	-3.649222	8.912646	0.912023
2171	-2.434475	9.064588	0.910086
2172	6.095998	10.000000	0.113095
2173	3.724426	10.000000	0.115782
2174	4.428912	10.000000	0.173429
2175	-3.725154	10.000000	0.115794
2176	-6.096773	10.000000	0.113117
2177	-4.431469	10.000000	0.173403
2178	0.916417	10.000000	0.298253
2179	-0.908737	10.000000	0.298158
2180	0.006548	10.000000	0.338933
2181	-8.164237	10.000000	0.169054
2182	-8.268613	10.000000	0.215467
2183	-6.657780	10.000000	0.223147
2184	-8.114583	10.000000	0.391533
2185	-7.935017	10.000000	0.466879
2186	-6.697092	10.000000	0.482567
2187	-3.065218	10.000000	0.365880
2188	-3.119485	10.000000	0.428117
2189	-1.959326	10.000000	0.403646
2190	-5.557851	10.000000	0.669511
2191	-2.924144	10.000000	0.643110
2192	-4.739187	10.000000	0.599998
2193	3.175102	10.000000	0.655382
2194	5.636048	10.000000	0.674061
2195	4.387568	10.000000	0.606155
2196	-1.013159	10.000000	0.507281
2197	0.962537	10.000000	0.508500
2198	-0.000017	10.000000	0.474176
2199	10.000000	-8.663287	0.062733
2200	10.000000	-7.888604	0.060299
2201	10.000000	-7.972278	0.123946
2202	10.000000	-5.459306	0.058252
2203	10.000000	-4.663690	0.060231
2204	10.000000	-4.963500	0.120782
2205	10.000000	-6.237560	0.308147
2206	10.000000	-5.559980	0.306772
2207	10.000000	-5.725219	0.369449
2208	10.000000	-3.574376	0.143208
2209	10.000000	-3.187349	0.224342
2210	10.000000	-3.825622	0.201390
2211	10.000000	-1.858739	0.492123
2212	10.000000	-1.416947	0.590978
2213	10.000000	-2.043025	0.531419
2214	10.000000	-4.390750	0.378004
2215	10.000000	-3.904737	0.447736
2216	10.000000	-4.564767	0.435784
2217	10.000000	-1.158089	0.711770
2218	10.000000	-0.656551	0.817561
2219	10.000000	-1.561814	0.683986
2220	10.000000	-1.617721	0.820224
2221	10.000000	-1.893175	0.832748
2222	10.000000	-2.393607	0.785073
2223	10.000000	-3.587856	0.568822
2224	10.000000	-3.789229	0.615977
2225	10.000000	-4.268457	0.554474
2226	10.000000	-2.574773	0.859164
2227	10.000000	-3.283585	0.857602
2228	10.000000	-3.226801	0.812975
2229	10.000000	-5.550358	0.859298
2230	10.000000	-6.326116	0.866434
2231	10.000000	-6.003795	0.820349
2232	10.000000	-4.687957	0.658706
2233	10.000000	-5.357001	0.660609
2234	10.000000	-5.146924	0.604804
2236	10.000000	-7.565071	0.838953
2237	10.000000	-7.079584	0.815711
2238	10.000000	-8.840555	0.689323
2240	10.000000	-8.695612	0.613451
2241	10.000000	-6.466932	0.620902
2242	10.000000	-6.905801	0.571268
2243	10.000000	-6.264163	0.558033
2244	-10.000000	-9.277846	0.139453
2245	-10.000000	-9.275748	0.200411
2246	-10.000000	-8.651156	0.198029
2247	-10.000000	-9.322277	0.377124
2248	-10.000000	-9.338695	0.446644
2249	-10.000000	-8.858032	0.464513
2250	-10.000000	-7.028002	0.380737
2251	-10.000000	-7.172764	0.449043
2252	-10.000000	-6.540106	0.438485
2253	-10.000000	-9.297869	0.547113
2254	-10.000000	-8.833972	0.690055
2255	-10.000000	-8.691790	0.613528
2256	-10.000000	-7.558743	0.838812
2258	-10.000000	-7.075042	0.815530
2259	-10.000000	-6.904152	0.570816
2260	-10.000000	-6.464906	0.620406
2261	-10.000000	-6.260668	0.557519
2262	-10.000000	-6.322782	0.866349
2263	-10.000000	-5.547722	0.859174
2264	-10.000000	-6.000625	0.820145
2265	-10.000000	-3.284958	0.857369
2266	-10.000000	-2.578655	0.858854
2267	-10.000000	-3.228059	0.812490
2268	-10.000000	-5.353425	0.659971
2269	-10.000000	-4.681483	0.658022
2270	-10.000000	-5.139318	0.604201
2271	-10.000000	-1.902326	0.831929
2272	-10.000000	-1.628787	0.819350
2273	-10.000000	-2.396025	0.784363
2274	-10.000000	-0.567003	0.816952
2275	-10.000000	-0.495140	0.798623
2276	-10.000000	-1.364496	0.699265
2277	-10.000000	-3.762876	0.616209
2278	-10.000000	-3.542236	0.570579
2279	-10.000000	-4.242011	0.554842
2280	-10.000000	-1.356598	0.588546
2281	-10.000000	-1.816322	0.492774
2282	-10.000000	-1.911606	0.546665
2283	-10.000000	-3.180262	0.225364
2284	-10.000000	-3.571974	0.143842
2285	-10.000000	-3.815048	0.202930
2286	-10.000000	-3.858709	0.450653
2287	-10.000000	-4.359019	0.380077
2288	-10.000000	-4.535431	0.437048
2289	10.000000	9.276035	0.139554
2290	10.000000	9.273791	0.200509
2291	10.000000	8.647453	0.198220
2292	10.000000	9.320718	0.377157
2293	10.000000	9.337639	0.446627
2294	10.000000	8.855411	0.464537
2295	10.000000	7.017853	0.381209
2296	10.000000	7.163339	0.449388
2297	10.000000	6.527560	0.439061
2298	10.000000	9.297369	0.547035
2299	10.000000	8.833442	0.689923
2300	10.000000	8.689995	0.613446
2301	10.000000	7.558769	0.838756
2303	10.000000	7.074329	0.815491
2304	10.000000	6.894991	0.571020
2305	10.000000	6.455173	0.620620
2306	10.000000	6.247894	0.557957
2307	10.000000	6.323638	0.866359
2308	10.000000	5.548352	0.859208
2309	10.000000	6.000024	0.820176
2310	10.000000	3.283378	0.857555
2311	10.000000	2.575114	0.859189
2312	10.000000	3.221856	0.812965
2313	10.000000	5.340054	0.660450
2314	10.000000	4.662959	0.658864
2315	10.000000	5.120707	0.605040
2316	10.000000	1.887986	0.833127
2317	10.000000	1.601199	0.821281
2318	10.000000	2.372508	0.785853
2319	10.000000	0.506903	0.813054
2320	10.000000	0.411718	0.799204
2321	10.000000	1.312705	0.700173
2322	10.000000	3.730032	0.618185
2323	10.000000	3.506347	0.573035
2324	10.000000	4.213417	0.556644
2325	10.000000	1.301671	0.592919
2326	10.000000	1.768199	0.497706
2327	10.000000	1.870119	0.549616
2328	10.000000	3.151667	0.228359
2329	10.000000	3.552499	0.145653
2330	10.000000	3.794178	0.204627
2331	10.000000	3.831678	0.452768
2332	10.000000	4.337144	0.381758
2333	10.000000	4.512002	0.438744
2334	-10.000000	8.661701	0.062768
2335	-10.000000	7.885966	0.060372
2336	-10.000000	7.968853	0.124019
2337	-10.000000	5.452990	0.058608
2338	-10.000000	4.656702	0.060745
2339	-10.000000	4.951212	0.121660
2340	-10.000000	6.225349	0.308464
2341	-10.000000	5.541360	0.307571
2342	-10.000000	5.708058	0.369906
2343	-10.000000	3.559035	0.144916
2344	-10.000000	3.161842	0.227151
2345	-10.000000	3.803069	0.203670
2346	-10.000000	1.794071	0.494840
2347	-10.000000	1.335093	0.589524
2348	-10.000000	1.896989	0.546894
2349	-10.000000	4.352370	0.380362
2350	-10.000000	3.850394	0.450990
2351	-10.000000	4.528304	0.437381
2352	-10.000000	0.453753	0.796602
2353	-10.000000	0.536324	0.811976
2354	-10.000000	1.345067	0.697391
2355	-10.000000	1.611417	0.818987
2356	-10.000000	1.889708	0.831610
2357	-10.000000	2.380797	0.784283
2358	-10.000000	3.528783	0.571030
2359	-10.000000	3.749350	0.616596
2360	-10.000000	4.231579	0.555234
2361	-10.000000	2.569744	0.858797
2362	-10.000000	3.277877	0.857369
2363	-10.000000	3.219126	0.812498
2364	-10.000000	5.545412	0.859180
2365	-10.000000	6.321859	0.866357
2366	-10.000000	5.998947	0.820166
2367	-10.000000	4.673108	0.658223
2368	-10.000000	5.347658	0.660121
2369	-10.000000	5.132135	0.604431
2371	-10.000000	7.562482	0.838936
2372	-10.000000	7.076389	0.815619
2373	-10.000000	8.839708	0.689464
2375	-10.000000	8.694887	0.613497
2376	-10.000000	6.461889	0.620561
2377	-10.000000	6.901723	0.570995
2378	-10.000000	6.256676	0.557708
2379	-10.000000	-2.091497	0.047411
2380	-10.000000	-1.299903	0.041261
2381	-10.000000	-1.492443	0.090077
2382	-10.000000	1.307614	0.041870
2383	-10.000000	2.092899	0.048399
2384	-10.000000	1.498960	0.091886
2385	-10.000000	-0.231482	0.221910
2386	-10.000000	0.248385	0.222250
2387	-10.000000	0.010735	0.269680
2388	-10.000000	2.584371	0.134340
2389	-10.000000	2.300898	0.216335
2390	-10.000000	1.972287	0.179908
2391	-10.000000	1.000212	0.514584
2392	-10.000000	0.594423	0.618449
2394	-10.000000	0.603400	0.333263
2395	-10.000000	0.455817	0.450277
2396	-10.000000	0.309606	0.386597
2397	-10.000000	0.164451	0.760425
2401	-10.000000	-0.192408	0.769334
2406	10.000000	-2.089550	0.047746
2407	10.000000	-1.299181	0.041588
2408	10.000000	-1.490929	0.090844
2409	10.000000	1.306162	0.042155
2410	10.000000	2.090904	0.048715
2411	10.000000	1.495541	0.092524
2412	10.000000	-0.237993	0.224129
2413	10.000000	0.240460	0.224233
2414	10.000000	0.000446	0.272353
2415	10.000000	2.578279	0.135189
2416	10.000000	2.290717	0.217759
2417	10.000000	1.964158	0.181169
2418	10.000000	0.968603	0.518566
2419	10.000000	0.551843	0.623272
2421	10.000000	0.586612	0.336276
2422	10.000000	0.428475	0.454611
2423	10.000000	0.288666	0.390503
2424	10.000000	0.103035	0.765221
2428	10.000000	-0.274166	0.782243
2433	5.917613	-9.518703	-0.000000
2434	3.604779	-9.548573	0.000000
2435	4.441686	-8.969813	-0.000000
2436	-3.604533	-9.548559	0.000000
2437	-5.917457	-9.518673	-0.000000
2438	-4.441554	-8.969794	-0.000000
2439	0.930031	-7.436121	-0.000000
2440	-0.929981	-7.436118	-0.000000
2441	0.000016	-6.967954	-0.000000
2442	-8.348608	-8.767858	-0.000000
2443	-8.520297	-8.001248	0.000000
2444	-6.887847	-8.192348	-0.000000
2445	-8.644805	-5.513734	-0.000013
2446	-8.549661	-4.719371	0.000038
2447	-7.149923	-5.089166	-0.000038
2448	-3.183078	-6.668905	-0.000001
2449	-3.255606	-5.985306	0.000008
2450	-2.038855	-6.256617	-0.000003
2451	-6.305359	-3.808004	-0.000067
2452	-3.945839	-3.664156	-0.000085
2453	-4.828485	-4.154611	0.000108
2454	3.945981	-3.664117	-0.000085
2455	6.305478	-3.807923	-0.000067
2456	4.828623	-4.154587	0.000108
2457	-1.010539	-5.127999	-0.000060
2458	1.010589	-5.128002	-0.000060
2459	0.000015	-5.495868	0.000034
2460	6.165788	-2.815830	0.000119
2461	3.812274	-2.791291	0.000973
2462	4.682576	-2.284193	-0.001565
2463	-3.812298	-2.791327	0.000973
2464	-6.165788	-2.815909	0.000118
2465	-4.682669	-2.284185	-0.001563
2466	0.994084	-0.934516	0.210851
2467	-1.001199	-0.935877	0.209191
2468	-0.028317	-0.619611	-0.024722
2469	-8.519113	-2.115110	-0.000005
2470	-8.691346	-1.316152	0.000001
2471	-7.166028	-1.561883	0.000049
2472	-8.691091	1.316353	0.000001
2473	-8.518789	2.115062	-0.000005
2474	-7.165363	1.561732	0.000049
2475	-3.308388	-0.295936	-0.029546
2476	-3.307554	0.292877	-0.028328
2477	-2.010840	-0.007537	0.176080
2478	-6.165457	2.815580	0.000118
2479	-3.812131	2.790996	0.000969
2480	-4.681958	2.283719	-0.001548
2481	3.812073	2.790998	0.000969
2482	6.165414	2.815573	0.000118
2483	4.681888	2.283746	-0.001548
2484	-0.994974	0.931289	0.204553
2485	0.989578	0.930050	0.205463
2486	-0.023957	0.611548	-0.030227
2487	8.348666	8.767747	-0.000000
2488	8.520342	8.001066	0.000000
2489	6.887912	8.192247	-0.000000
2490	8.644798	5.513372	-0.000013
2491	8.549626	4.718980	0.000039
2492	7.149892	5.088886	-0.000038
2493	3.183091	6.668823	-0.000001
2494	3.255602	5.985198	0.000008
2495	2.038850	6.256534	-0.000003
2496	6.305258	3.807679	-0.000067
2497	3.945775	3.663877	-0.000085
2498	4.828418	4.154357	0.000108
2499	-3.945821	3.663885	-0.000085
2500	-6.305301	3.807708	-0.000067
2501	-4.828470	4.154370	0.000108
2502	1.010524	5.127871	-0.000060
2503	-1.010587	5.127872	-0.000060
2504	-0.000029	5.495762	0.000034
2505	-8.549654	4.719064	0.000039
2506	-8.644823	5.513475	-0.000013
2507	-7.149936	5.088934	-0.000038
2508	-8.520356	8.001179	0.000000
2509	-8.348686	8.767839	-0.000000
2510	-6.887952	8.192301	-0.000000
2511	-3.255656	5.985203	0.000008
2512	-3.183147	6.668828	-0.000001
2513	-2.038906	6.256536	-0.000003
2514	8.401359	-6.222333	0.925643
2515	8.578939	-5.489580	0.927964
2516	6.979193	-5.856960	0.932678
2517	8.534438	-3.026730	0.926177
2518	8.370804	-2.254222	0.918954
2519	6.924805	-2.760761	0.928261
2520	3.215658	-4.850762	0.934268
2521	3.189544	-4.153170	0.934008
2522	2.028586	-4.542822	0.934222
2523	5.965569	-1.424807	0.895172
2524	3.652571	-1.338853	0.891749
2525	4.492093	-1.911794	0.912664
2526	-3.642531	-1.340384	0.891816
2527	-5.957699	-1.428265	0.895151
2528	-4.485274	-1.912654	0.912672
2529	0.943983	-3.344690	0.932547
2530	-0.942895	-3.344383	0.932546
2531	-0.000042	-3.803242	0.933694
2532	-8.368180	-2.258189	0.918870
2533	-8.532963	-3.028552	0.926166
2534	-6.921976	-2.761504	0.928239
2535	-8.578723	-5.487819	0.927967
2536	-8.401226	-6.220151	0.925645
2537	-6.979319	-5.855007	0.932679
2538	-3.189754	-4.152115	0.934007
2539	-3.216491	-4.849659	0.934268
2540	-2.029496	-4.542089	0.934222
2541	8.370104	2.255339	0.918918
2542	8.533773	3.027387	0.926176
2543	6.923520	2.760866	0.928249
2544	8.578493	5.488927	0.927968
2545	8.400833	6.221386	0.925646
2546	6.978523	5.856136	0.932679
2547	3.188405	4.152059	0.934007
2548	3.214830	4.849765	0.934268
2549	2.027696	4.541693	0.934221
2550	5.599519	7.065776	0.919615
2551	3.416689	7.265491	0.918957
2552	4.378165	6.749529	0.928792
2553	-3.420861	7.264475	0.918963
2554	-5.602795	7.064180	0.919624
2555	-4.381287	6.748037	0.928799
2556	0.965810	5.700538	0.934184
2557	-0.968689	5.700093	0.934184
2558	-0.001408	5.306576	0.934298
2559	-8.401921	6.218828	0.925650
2560	-8.579271	5.485746	0.927966
2561	-6.980200	5.853452	0.932681
2562	-8.533724	3.023492	0.926131
2563	-8.369270	2.251933	0.918738
2564	-6.923331	2.757140	0.928189
2565	-3.217326	4.848110	0.934268
2566	-3.190730	4.150257	0.934005
2567	-2.030334	4.540600	0.934221
