1	10.000000	-15.000000	0.000000
2	-10.000000	-15.000000	0.000000
3	10.000000	15.000000	0.000000
4	-10.000000	15.000000	0.000000
5	10.000000	-10.054979	0.000000
6	-10.000000	-10.054977	0.000000
7	10.000000	10.054978	0.000000
8	-10.000000	10.054976	0.000000
9	10.000000	-9.855998	0.688529
10	-10.000000	-9.856000	0.688529
11	10.000000	-0.759000	0.877125
12	-10.000000	-0.754891	0.876256
13	10.000000	0.763759	0.886548
14	-10.000000	0.753129	0.875410
15	10.000000	9.855996	0.688528
16	-10.000000	9.856000	0.688527
17	10.000000	-5.659216	0.900000
18	-10.000000	-5.655753	0.900000
19	10.000000	5.660060	0.900000
20	-10.000000	5.655124	0.900000
21	10.000000	3.510428	0.000024
22	-10.000000	3.510411	0.000024
23	10.000000	0.382239	0.786953
24	-10.000000	0.449799	0.786163
25	10.000000	-3.510683	0.000023
26	-10.000000	-3.510658	0.000023
27	10.000000	-0.501836	0.796166
28	-10.000000	-0.392364	0.777220
29	-0.000008	-10.000000	0.440041
30	-0.000915	-9.010506	0.916196
31	0.012150	-0.350236	0.792305
33	0.073284	0.344672	0.791791
34	-0.001267	9.010504	0.916196
35	-0.000010	10.000000	0.440041
36	10.000000	-5.342341	0.489519
37	-10.000000	-5.342945	0.488624
38	10.000000	5.323329	0.489888
39	-10.000000	5.339124	0.488846
40	-10.000000	0.040937	0.357050
41	10.000000	0.020518	0.359268
42	-0.000016	-5.927798	0.000000
43	0.000024	-0.000035	-0.000000
44	-0.000003	5.927760	0.000000
45	-0.000929	-4.415883	0.919528
46	-0.001549	4.415926	0.919528
47	0.000000	0.000000	0.000000
48	-0.000018	-10.050983	0.000000
49	-0.000728	-9.793923	0.900000
50	0.000936	-0.680607	0.835755
51	0.138921	0.055662	0.770624
52	0.002270	0.680902	0.835829
53	-0.001004	9.793923	0.900000
54	0.000008	10.050983	0.000000
55	10.000000	-10.000000	0.354198
56	-10.000000	-10.000000	0.354190
57	10.000000	2.004257	0.341651
58	-10.000000	2.025142	0.338399
59	10.000000	10.000000	0.354170
60	-10.000000	10.000000	0.354174
61	10.000000	-7.794422	0.899990
62	-10.000000	-7.792883	0.899990
63	9.183140	-0.650645	0.850453
64	-9.121536	-0.659296	0.852764
65	9.125899	0.645368	0.857164
67	10.000000	7.794747	0.899990
68	-10.000000	7.792605	0.899990
69	10.000000	-6.849398	0.000000
70	-10.000000	-6.849193	0.000000
71	10.000000	6.848827	0.000000
72	-10.000000	6.848941	0.000000
73	-0.000023	2.973783	0.000000
74	10.000000	-2.068125	0.332456
75	-10.000000	-2.051622	0.333679
76	10.000000	0.000523	0.000000
77	-10.000000	0.000288	0.000000
78	0.035567	-0.074693	0.771507
79	0.000056	-2.973992	0.000000
82	-0.001260	-6.716329	0.900000
83	-0.001844	6.716329	0.900000
84	10.000000	3.234381	0.899998
85	-10.000000	3.225625	0.899998
86	10.000000	-3.232105	0.899998
87	-10.000000	-3.226584	0.899998
88	3.931073	-10.000000	0.263993
89	4.042604	-10.000000	0.596845
90	-4.042725	-10.000000	0.596843
91	-3.931068	-10.000000	0.263992
92	4.851098	-9.239949	0.915923
93	4.094699	-8.079404	0.913531
94	-4.096623	-8.078677	0.913531
95	-4.852351	-9.239665	0.915927
96	3.428115	-0.499802	0.811757
97	3.690541	-0.281125	0.785767
98	-3.814562	-0.275047	0.784791
99	-3.329221	-0.497001	0.811083
100	5.508803	-0.055994	0.770996
102	-5.360828	0.030793	0.770128
104	3.860705	0.263392	0.783911
105	3.455341	0.496387	0.811060
106	-3.310731	0.494746	0.810887
107	-3.734900	0.270249	0.784513
108	4.094306	8.079544	0.913531
109	4.850858	9.240003	0.915922
110	-4.852589	9.239610	0.915928
111	-4.096998	8.078535	0.913531
112	3.931053	10.000000	0.263992
113	-3.931054	10.000000	0.263992
114	-4.042756	10.000000	0.596843
115	4.042602	10.000000	0.596845
116	10.000000	-7.481116	0.263605
117	10.000000	-4.585015	0.249602
118	10.000000	-2.630858	0.540468
119	10.000000	-3.351351	0.711385
120	10.000000	-5.956078	0.720851
121	10.000000	-7.985110	0.570795
122	-10.000000	-7.481093	0.263386
123	-10.000000	-7.986570	0.570771
124	-10.000000	-5.953285	0.720727
125	-10.000000	-3.351677	0.709643
126	-10.000000	-2.553297	0.546228
127	-10.000000	-4.570475	0.250375
128	10.000000	7.472759	0.263746
129	10.000000	7.982454	0.570632
130	10.000000	5.955441	0.720687
131	10.000000	3.345790	0.712260
132	10.000000	2.522312	0.552320
133	10.000000	4.550592	0.252230
134	-10.000000	7.477883	0.263454
135	-10.000000	4.562166	0.250930
136	-10.000000	2.559248	0.547060
137	-10.000000	3.383324	0.709361
138	-10.000000	5.954835	0.720714
139	-10.000000	7.985601	0.570697
140	-10.000000	-1.012144	0.175486
141	-10.000000	1.023678	0.177946
144	10.000000	-1.014028	0.175731
145	10.000000	1.019258	0.179191
148	3.820269	-7.652266	0.000000
149	-3.820310	-7.652252	0.000000
150	-4.064429	-4.770211	0.000000
151	4.064411	-4.770247	0.000000
152	4.277950	-1.152574	0.000000
153	-4.277851	-1.152558	0.000000
154	-4.277825	1.152472	0.000000
155	4.277817	1.152481	0.000000
156	3.820342	7.652222	0.000000
157	4.064383	4.770111	0.000000
158	-4.064402	4.770110	0.000000
159	-3.820337	7.652222	0.000000
160	3.996945	-5.317488	0.919494
161	3.734805	-2.832743	0.919388
162	-3.736524	-2.830663	0.919385
163	-3.998641	-5.315903	0.919494
164	3.733975	2.833494	0.919389
165	3.996404	5.317905	0.919494
166	-3.999120	5.315557	0.919494
167	-3.737099	2.830172	0.919385
168	5.147481	-10.052175	0.000000
169	5.069520	-9.806521	0.900000
170	5.076893	-0.699779	0.838942
171	5.416192	0.108019	0.773215
172	5.077386	0.701881	0.838737
173	5.069347	9.806519	0.900000
174	5.147546	10.052175	0.000000
175	10.000000	-10.000000	0.173579
176	-10.000000	-10.000000	0.173568
177	10.000000	2.835146	0.169455
178	-10.000000	2.843352	0.168022
179	10.000000	10.000000	0.173566
180	-10.000000	10.000000	0.173562
181	10.000000	-8.984501	0.892867
182	-10.000000	-8.983877	0.892904
185	9.134505	0.413297	0.800514
186	-9.134377	0.472026	0.802985
187	10.000000	6.654582	0.899975
188	-10.000000	6.651051	0.899975
189	10.000000	-8.552882	0.000000
190	-10.000000	-8.552790	0.000000
191	10.000000	8.552584	0.000000
192	-10.000000	8.552659	0.000000
193	5.436462	3.145219	0.000000
194	10.000000	-2.864200	0.165033
195	-10.000000	-2.857943	0.165982
196	10.000000	-1.915678	0.000000
197	-10.000000	-1.915816	0.000000
198	5.580296	-0.164826	0.776576
199	5.436650	-3.145475	0.000000
202	5.314198	-6.410665	0.900000
203	5.313755	6.411046	0.900000
204	10.000000	1.930154	0.899995
205	-10.000000	1.919494	0.899994
206	10.000000	-4.524273	0.900000
207	-10.000000	-4.519707	0.900000
208	6.604160	-10.000000	0.148570
209	6.707471	-10.000000	0.688889
210	-6.707728	-10.000000	0.688888
211	-6.604134	-10.000000	0.148569
212	6.897825	-9.494464	0.908296
213	6.597743	-7.100921	0.909463
214	-6.599176	-7.099229	0.909462
215	-6.898518	-9.494267	0.908304
216	5.756635	-0.614150	0.827771
217	5.979013	-0.280869	0.786942
218	-6.273439	-0.265454	0.784407
219	-5.696502	-0.610168	0.826435
220	7.689304	-0.218654	0.781124
221	-8.047489	-0.158974	0.770831
222	-7.737485	0.176588	0.775289
223	7.851132	0.135467	0.773841
224	6.372850	0.249128	0.783786
225	5.772714	0.614080	0.827341
226	-5.670213	0.608691	0.826332
227	-6.294891	0.272691	0.785391
228	6.597414	7.101273	0.909463
229	6.897690	9.494502	0.908295
230	-6.898647	9.494229	0.908306
231	-6.599458	7.098908	0.909462
232	6.604128	10.000000	0.148568
233	-6.604112	10.000000	0.148568
234	-6.707801	10.000000	0.688886
235	6.707465	10.000000	0.688886
236	10.000000	-8.696969	0.141862
237	10.000000	-4.157744	0.126766
238	10.000000	-1.516299	0.602591
239	10.000000	-2.293762	0.814660
240	10.000000	-5.922515	0.823199
241	10.000000	-9.021659	0.651505
242	-10.000000	-8.696914	0.141789
243	-10.000000	-9.022003	0.651558
244	-10.000000	-5.917407	0.823148
245	-10.000000	-2.283380	0.813438
246	-10.000000	-1.284167	0.633433
247	-10.000000	-4.149391	0.127527
248	10.000000	8.693571	0.141945
249	10.000000	9.020968	0.651414
250	10.000000	5.923273	0.823139
251	10.000000	2.303464	0.815509
252	10.000000	1.263553	0.641447
253	10.000000	4.135123	0.128850
254	-10.000000	8.695494	0.141827
255	-10.000000	4.141404	0.128057
256	-10.000000	1.305615	0.637412
257	-10.000000	2.301658	0.813886
258	-10.000000	5.918401	0.823155
259	-10.000000	9.021737	0.651513
260	-10.000000	-2.092263	0.097833
261	-10.000000	2.088879	0.099789
264	10.000000	-2.092113	0.097648
265	10.000000	2.086472	0.100570
268	6.474683	-8.803171	0.000000
269	-6.474726	-8.803151	0.000000
270	-6.834836	-4.226455	0.000003
271	6.834890	-4.226542	0.000003
272	6.827987	-2.138685	0.000001
273	-6.827889	-2.138654	0.000001
274	-6.827764	2.138549	0.000001
275	6.827712	2.138577	0.000001
276	6.474797	8.803114	0.000000
277	6.834737	4.226271	0.000003
278	-6.834772	4.226274	0.000003
279	-6.474774	8.803119	0.000000
280	6.777718	-5.543295	0.919275
281	6.370757	-1.792624	0.915008
282	-6.370817	-1.788681	0.914870
283	-6.779062	-5.540650	0.919273
284	6.369997	1.794539	0.915045
285	6.777323	5.543927	0.919275
286	-6.779370	5.540126	0.919273
287	-6.371063	1.787748	0.914869
288	-5.147513	-10.052174	0.000000
289	-5.070424	-9.806529	0.900000
290	-5.075270	-0.696648	0.838039
291	-5.285404	0.127947	0.773829
292	-5.073983	0.695951	0.837980
293	-5.070595	9.806530	0.900000
294	-5.147528	10.052174	0.000000
295	10.000000	-10.000000	0.526906
296	-10.000000	-10.000000	0.526907
297	10.000000	1.085498	0.535321
298	-10.000000	1.128005	0.530610
299	10.000000	10.000000	0.526889
300	-10.000000	10.000000	0.526897
301	10.000000	-6.654025	0.899975
302	-10.000000	-6.651510	0.899975
304	-9.147144	-0.428832	0.794613
307	10.000000	8.984630	0.892857
308	-10.000000	8.983765	0.892909
309	10.000000	-5.106455	0.000000
310	-10.000000	-5.106236	0.000000
311	10.000000	5.105840	0.000000
312	-10.000000	5.105925	0.000000
313	-5.436508	3.145211	0.000000
314	10.000000	-1.157290	0.529338
315	-10.000000	-1.118024	0.525406
316	10.000000	1.916278	0.000000
317	-10.000000	1.916102	0.000000
318	-5.185116	-0.122873	0.773519
319	-5.436553	-3.145418	0.000000
320	9.566384	-0.056007	0.731861
322	-5.316043	-6.408879	0.900000
323	-5.316450	6.408536	0.900000
324	10.000000	4.525625	0.900000
325	-10.000000	4.518904	0.900000
326	10.000000	-1.926333	0.899994
327	-10.000000	-1.920702	0.899995
328	1.726141	-10.000000	0.363212
329	1.753426	-10.000000	0.512336
330	-1.753469	-10.000000	0.512335
331	-1.726148	-10.000000	0.363212
332	2.292285	-9.133909	0.916003
333	1.922934	-8.694684	0.915704
334	-1.924899	-8.694453	0.915704
335	-2.293969	-9.133727	0.916004
336	1.556443	-0.410117	0.799670
337	1.607602	-0.309332	0.787996
338	-1.638046	-0.307318	0.787634
339	-1.486758	-0.408681	0.799355
342	-1.890384	-0.012884	0.769931
344	1.706068	0.300005	0.787074
345	1.600668	0.405121	0.799048
346	-1.449533	0.405063	0.799056
347	-1.548571	0.300816	0.787161
348	1.922551	8.694726	0.915704
349	2.291962	9.133942	0.916002
350	-2.294291	9.133691	0.916004
351	-1.925278	8.694407	0.915704
352	1.726137	10.000000	0.363212
353	-1.726145	10.000000	0.363212
354	-1.753476	10.000000	0.512335
355	1.753421	10.000000	0.512336
356	10.000000	-6.374027	0.377769
357	10.000000	-4.961612	0.370643
358	10.000000	-3.957015	0.498399
359	10.000000	-4.343669	0.601152
360	10.000000	-5.711065	0.606911
361	10.000000	-6.717815	0.512178
362	-10.000000	-6.374217	0.377299
363	-10.000000	-6.720570	0.511846
364	-10.000000	-5.713710	0.606383
365	-10.000000	-4.345991	0.599675
366	-10.000000	-3.939743	0.497961
367	-10.000000	-4.952091	0.370383
368	10.000000	6.359731	0.378002
369	10.000000	6.710252	0.512029
370	10.000000	5.704621	0.606740
371	10.000000	4.328037	0.601701
372	10.000000	3.911586	0.501299
373	10.000000	4.929564	0.372287
374	-10.000000	6.369680	0.377426
375	-10.000000	4.945458	0.370829
376	-10.000000	3.937608	0.498480
377	-10.000000	4.349404	0.599858
378	-10.000000	5.713277	0.606414
379	-10.000000	6.718162	0.511828
380	-10.000000	-0.320992	0.264315
381	-10.000000	0.355401	0.263745
383	-10.000000	0.082132	0.431633
384	10.000000	-0.330333	0.265488
385	10.000000	0.345202	0.265365
387	10.000000	0.050470	0.434690
388	1.669902	-6.658867	0.000000
389	-1.669936	-6.658861	0.000000
390	-1.752968	-5.349447	0.000000
391	1.752932	-5.349456	0.000000
392	1.962034	-0.464371	-0.000000
393	-1.961960	-0.464367	-0.000000
394	-1.961977	0.464290	-0.000000
395	1.962004	0.464291	-0.000000
396	1.669935	6.658832	0.000000
397	1.752948	5.349391	0.000000
398	-1.752958	5.349390	0.000000
399	-1.669939	6.658831	0.000000
400	1.720225	-4.903440	0.919529
401	1.624708	-3.748536	0.919525
402	-1.626754	-3.747798	0.919525
403	-1.721982	-4.902757	0.919529
404	1.623991	3.748808	0.919525
405	1.719637	4.903658	0.919529
406	-1.722545	4.902612	0.919529
407	-1.627424	3.747648	0.919525
408	0.000003	-10.000000	0.241896
409	-2.340942	-10.000000	0.134069
410	2.340948	-10.000000	0.134069
411	-0.000920	-9.438731	0.912195
412	-2.313695	-9.658625	0.906022
413	2.312165	-9.658673	0.906020
414	-0.000896	-5.728389	0.919506
415	-2.481967	-6.200258	0.919468
416	2.480033	-6.201127	0.919467
417	0.043482	-0.497230	0.810833
418	-1.968463	-0.590566	0.823644
419	2.026750	-0.591967	0.823950
420	5.854873	-0.009916	0.770279
421	8.158401	0.028312	0.767413
422	8.010094	-0.099504	0.770083
423	0.091930	0.211778	0.778914
424	-2.254094	0.148246	0.774700
425	2.441661	0.142482	0.774439
426	-0.001865	2.709136	0.919360
427	-2.208758	1.691589	0.913894
428	2.206825	1.693968	0.913947
429	-0.001671	8.200170	0.912622
430	-2.311872	7.471275	0.907865
431	2.308433	7.472097	0.907865
432	4.574861	10.000000	0.428518
433	7.184255	10.000000	0.501182
434	7.165083	10.000000	0.312921
435	10.000000	-7.738575	0.411740
436	10.000000	-8.950404	0.472207
437	10.000000	-8.829319	0.301097
438	-10.000000	-6.018980	0.247013
439	-10.000000	-5.632383	0.120737
440	-10.000000	-7.199581	0.125588
441	10.000000	6.004652	0.247953
442	10.000000	5.622005	0.121446
443	10.000000	7.192728	0.125948
444	-10.000000	7.737957	0.411524
445	-10.000000	8.950481	0.472131
446	-10.000000	8.828661	0.300992
447	-10.000000	-0.780731	0.320536
448	-10.000000	-1.065682	0.400062
449	-10.000000	-1.694681	0.236486
450	10.000000	-0.795527	0.321859
451	10.000000	-1.088709	0.401992
452	10.000000	-1.700883	0.236388
453	4.530722	-6.190978	0.000000
454	7.244584	-5.680064	0.000000
455	7.116932	-7.295254	0.000000
456	5.065018	-0.000023	-0.000000
457	7.570797	0.782019	0.000000
458	7.570899	-0.781886	0.000000
459	0.000001	7.810199	0.000000
460	-2.256107	8.925975	0.000000
461	2.256118	8.925975	0.000000
462	7.165115	-10.000000	0.312925
463	7.184241	-10.000000	0.501187
464	4.574868	-10.000000	0.428519
465	2.486723	-10.000000	0.723320
466	-2.487256	-10.000000	0.723319
467	-0.000083	-10.000000	0.629627
468	-7.184296	-10.000000	0.501185
469	-7.165126	-10.000000	0.312922
470	-4.574894	-10.000000	0.428518
471	7.873097	-8.690720	0.918813
472	7.509994	-7.844970	0.916064
473	5.251726	-8.650273	0.917221
474	2.308949	-7.471983	0.907865
475	-2.311377	-7.471392	0.907865
476	-0.001197	-8.200173	0.912622
477	-7.510920	-7.843695	0.916062
478	-7.873735	-8.689996	0.918814
479	-5.253095	-8.649693	0.917221
480	6.557455	-0.533866	0.818019
481	6.961067	-0.425039	0.804499
482	4.246822	-0.399737	0.799229
483	2.229316	-0.163459	0.775571
484	-2.345102	-0.156992	0.774987
485	-0.078849	-0.222916	0.779579
486	-6.857480	-0.416794	0.801664
487	-6.392256	-0.526344	0.815588
488	-4.165759	-0.394159	0.798035
489	3.741389	-0.077986	0.771952
490	-4.131818	-0.060664	0.771038
491	-0.464962	-0.029286	0.770299
492	-8.182148	-0.041857	0.764686
493	-8.011219	0.078608	0.767382
494	-5.965760	-0.015165	0.769731
495	-3.519693	0.053692	0.770122
496	4.142802	0.041148	0.770393
497	0.764698	0.010056	0.769903
498	6.866976	0.404344	0.801640
499	6.532490	0.528078	0.817099
500	4.273218	0.389468	0.797645
501	2.049759	0.591320	0.823789
502	-1.950781	0.589429	0.823557
503	0.072127	0.495004	0.810602
504	-6.447728	0.529953	0.816253
505	-6.886469	0.428876	0.803577
506	-4.133695	0.391609	0.797872
507	7.509799	7.845224	0.916064
508	7.872970	8.690861	0.918813
509	5.251457	8.650384	0.917221
510	2.311874	9.658681	0.906019
511	-2.313985	9.658615	0.906022
512	-0.001269	9.438730	0.912195
513	-7.873855	8.689859	0.918815
514	-7.511098	7.843452	0.916062
515	-5.253358	8.649580	0.917221
516	2.340948	10.000000	0.134069
517	-2.340933	10.000000	0.134069
518	0.000002	10.000000	0.241896
519	-7.165106	10.000000	0.312919
520	-7.184313	10.000000	0.501181
521	-4.574893	10.000000	0.428517
522	-2.487364	10.000000	0.723319
523	2.486638	10.000000	0.723320
524	-0.000110	10.000000	0.629627
525	10.000000	-7.201300	0.125659
526	10.000000	-5.638020	0.120579
527	10.000000	-6.023380	0.247185
528	10.000000	-3.265248	0.274830
529	10.000000	-2.363478	0.434032
530	10.000000	-3.606246	0.388944
531	10.000000	-1.424048	0.723506
532	10.000000	-1.848042	0.765306
533	10.000000	-2.940012	0.631109
534	10.000000	-3.498466	0.804054
535	10.000000	-4.726633	0.805110
536	10.000000	-4.667046	0.703433
537	10.000000	-7.124869	0.782496
538	10.000000	-8.202474	0.743262
539	10.000000	-7.032534	0.649607
540	-10.000000	-8.829886	0.301000
541	-10.000000	-8.951212	0.472178
542	-10.000000	-7.740185	0.411546
543	-10.000000	-8.202219	0.743320
544	-10.000000	-7.122783	0.782509
545	-10.000000	-7.033397	0.649567
546	-10.000000	-4.718027	0.804904
547	-10.000000	-3.486903	0.803458
548	-10.000000	-4.664665	0.702745
549	-10.000000	-1.843180	0.763562
550	-10.000000	-1.365352	0.728207
551	-10.000000	-2.927454	0.629838
552	-10.000000	-2.298089	0.442224
553	-10.000000	-3.242067	0.277609
554	-10.000000	-3.571065	0.391422
555	10.000000	8.826519	0.301075
556	10.000000	8.948730	0.472113
557	10.000000	7.732995	0.411663
558	10.000000	8.201817	0.743157
559	10.000000	7.124641	0.782405
560	10.000000	7.030020	0.649412
561	10.000000	4.729058	0.805030
562	10.000000	3.505180	0.804048
563	10.000000	4.666029	0.703334
564	10.000000	1.824315	0.770061
565	10.000000	1.331701	0.738791
566	10.000000	2.903851	0.634705
567	10.000000	2.269124	0.447753
568	10.000000	3.215361	0.280975
569	10.000000	3.543413	0.394993
570	-10.000000	7.196453	0.125694
571	-10.000000	5.627227	0.120975
572	-10.000000	6.013219	0.247261
573	-10.000000	3.230203	0.278839
574	-10.000000	2.296597	0.443904
575	-10.000000	3.564583	0.392303
576	-10.000000	1.454681	0.722478
577	-10.000000	2.041333	0.752634
578	-10.000000	2.949984	0.629056
579	-10.000000	3.494185	0.803749
580	-10.000000	4.720978	0.804965
581	-10.000000	4.670287	0.702870
582	-10.000000	7.123205	0.782487
583	-10.000000	8.202119	0.743278
584	-10.000000	7.033054	0.649500
585	-10.000000	-0.770379	0.072976
586	-10.000000	0.780542	0.073520
587	-10.000000	0.007022	0.151691
588	-10.000000	1.670333	0.244119
589	-10.000000	0.965796	0.424925
590	-10.000000	0.793954	0.328680
591	-10.000000	0.050749	0.670933
594	10.000000	-0.768223	0.073059
595	10.000000	0.781979	0.073890
596	10.000000	0.006214	0.152274
597	10.000000	1.658486	0.246323
598	10.000000	0.934152	0.428809
599	10.000000	0.775315	0.331293
600	10.000000	-0.034292	0.674137
603	2.256060	-8.925989	0.000000
604	-2.256098	-8.925985	0.000000
605	-0.000018	-7.810216	0.000000
606	-7.116975	-7.295197	0.000000
607	-7.244601	-5.679973	0.000000
608	-4.530759	-6.190950	0.000000
609	-2.506088	-3.696656	0.000000
610	2.506110	-3.696685	0.000000
611	-0.000017	-4.374699	0.000000
612	2.449394	-2.088734	0.000000
613	-2.449259	-2.088710	0.000000
614	0.000063	-1.248324	0.000000
615	-7.570854	-0.781921	0.000000
616	-7.570805	0.781960	0.000000
617	-5.064981	-0.000028	-0.000000
618	-2.449263	2.088571	0.000000
619	2.449233	2.088576	0.000000
620	-0.000000	1.248219	0.000000
621	7.117016	7.295089	0.000000
622	7.244589	5.679807	0.000000
623	4.530768	6.190884	0.000000
624	2.506018	3.696517	0.000000
625	-2.506051	3.696514	0.000000
626	-0.000010	4.374605	0.000000
627	-7.244601	5.679825	0.000000
628	-7.117010	7.295107	0.000000
629	-4.530774	6.190885	0.000000
630	7.149508	-4.393556	0.919492
631	7.012023	-3.069815	0.919407
632	4.434801	-4.106317	0.919526
633	2.207483	-1.693307	0.913934
634	-2.208424	-1.691866	0.913901
635	-0.001086	-2.709044	0.919360
636	-7.012960	-3.065831	0.919403
637	-7.150657	-4.390141	0.919492
638	-4.436493	-4.104238	0.919526
639	7.011331	3.071274	0.919408
640	7.149029	4.394533	0.919492
641	4.434147	4.106953	0.919526
642	2.479491	6.201329	0.919467
643	-2.482499	6.200078	0.919468
644	-0.001455	5.728408	0.919506
645	-7.150939	4.389442	0.919492
646	-7.013252	3.064970	0.919403
647	-4.437005	4.103759	0.919526
648	7.623012	-10.053486	0.000000
649	7.535267	-9.822075	0.900000
650	7.552682	-0.724664	0.843849
651	8.184710	0.218008	0.779676
652	7.552459	0.728070	0.845213
653	7.535181	9.822073	0.900000
654	7.623070	10.053485	0.000000
655	10.000000	-10.000000	0.082769
656	-10.000000	-10.000000	0.082763
657	10.000000	3.204709	0.086671
658	-10.000000	3.208589	0.085984
659	10.000000	10.000000	0.082768
660	-10.000000	10.000000	0.082762
661	10.000000	-9.483087	0.822198
662	-10.000000	-9.482829	0.822261
667	10.000000	6.140608	0.899966
668	-10.000000	6.136376	0.899966
669	10.000000	-9.336470	0.000000
670	-10.000000	-9.336428	0.000000
671	10.000000	9.336324	0.000000
672	-10.000000	9.336363	0.000000
673	7.855769	3.321488	0.000000
674	10.000000	-3.219236	0.084560
675	-10.000000	-3.216418	0.085031
676	10.000000	-2.760371	0.000000
677	-10.000000	-2.760431	0.000000
678	7.758397	-0.289999	0.788738
679	7.855929	-3.321759	0.000000
682	7.760403	-6.069454	0.900000
683	7.760139	6.070049	0.900000
684	10.000000	1.322270	0.899944
685	-10.000000	1.310785	0.899832
686	10.000000	-5.118897	0.900000
687	-10.000000	-5.114895	0.900000
688	8.219789	-10.000000	0.078057
689	8.177976	-10.000000	0.733374
690	-8.178243	-10.000000	0.733375
691	-8.219769	-10.000000	0.078056
692	8.199397	-9.629171	0.895164
693	8.135998	-6.446778	0.907021
694	-8.136895	-6.444331	0.907020
695	-8.199765	-9.629041	0.895174
696	7.422936	-0.683309	0.837642
697	7.811595	-0.354106	0.797327
698	-7.763803	-0.283104	0.785908
699	-7.396713	-0.678936	0.836040
700	8.916604	-0.333368	0.781561
701	-8.902660	-0.251858	0.770902
702	-8.117039	0.261740	0.781697
704	7.939604	0.268379	0.786549
705	7.431919	0.685571	0.838823
706	-7.379151	0.677766	0.835419
707	-7.887306	0.307661	0.788847
708	8.135765	6.447319	0.907022
709	8.199322	9.629196	0.895162
710	-8.199833	9.629016	0.895176
711	-8.137073	6.443875	0.907020
712	8.219786	10.000000	0.078056
713	-8.219763	10.000000	0.078055
714	-8.178297	10.000000	0.733374
715	8.177928	10.000000	0.733373
716	10.000000	-9.355399	0.074829
717	10.000000	-3.874334	0.064705
718	10.000000	-0.961729	0.665500
719	10.000000	-1.578101	0.860973
720	10.000000	-5.795602	0.866128
721	10.000000	-9.267653	0.738113
722	-10.000000	-9.355389	0.074801
724	-10.000000	-5.791158	0.866099
725	-10.000000	-1.567901	0.860153
726	-10.000000	-0.874012	0.659207
727	-10.000000	-3.870750	0.065088
728	10.000000	9.353990	0.074883
730	10.000000	5.796437	0.866105
731	10.000000	1.604605	0.862447
732	10.000000	0.857489	0.667699
733	10.000000	3.861775	0.065923
734	-10.000000	9.354791	0.074825
735	-10.000000	3.865079	0.065483
736	-10.000000	0.910132	0.663824
737	-10.000000	1.570743	0.860530
738	-10.000000	5.791323	0.866106
739	-10.000000	9.267453	0.738161
740	-10.000000	-2.769908	0.055169
741	-10.000000	2.765820	0.056038
744	10.000000	-2.770033	0.054992
745	10.000000	2.764185	0.056474
748	8.084194	-9.420899	0.000000
749	-8.084226	-9.420882	0.000000
750	-8.367903	-3.913734	-0.000007
751	8.367976	-3.913828	-0.000007
752	8.299591	-2.768509	0.000005
753	-8.299517	-2.768477	0.000005
754	-8.299393	2.768335	0.000005
755	8.299337	2.768369	0.000005
756	8.084295	9.420849	0.000000
757	8.367799	3.913505	-0.000007
758	-8.367836	3.913508	-0.000007
759	-8.084268	9.420856	0.000000
760	8.340965	-5.599847	0.917607
761	7.997735	-1.261083	0.900055
762	-7.996881	-1.256560	0.899332
763	-8.341809	-5.596717	0.917616
764	7.997470	1.264252	0.900534
765	8.340721	5.600591	0.917604
766	-8.341980	5.596128	0.917618
767	-7.997057	1.255347	0.899463
768	-2.595724	-10.051293	0.000000
769	-2.645691	-9.797017	0.900000
770	-2.553028	-0.683984	0.836364
771	-2.438714	0.061393	0.771346
772	-2.551659	0.683718	0.836358
773	-2.645926	9.797018	0.900000
774	-2.595722	10.051292	0.000000
775	10.000000	-10.000000	0.443315
776	-10.000000	-10.000000	0.443312
777	10.000000	1.536531	0.436341
778	-10.000000	1.567028	0.432161
779	10.000000	10.000000	0.443288
780	-10.000000	10.000000	0.443297
781	10.000000	-7.205838	0.899982
782	-10.000000	-7.203810	0.899982
783	9.223391	-0.537228	0.816780
784	-9.041754	-0.540683	0.822967
787	10.000000	8.402533	0.900000
788	-10.000000	8.401062	0.900000
789	10.000000	-5.970467	0.000000
790	-10.000000	-5.970230	0.000000
791	10.000000	5.969829	0.000000
792	-10.000000	5.969938	0.000000
793	-2.788084	3.019528	0.000000
794	10.000000	-1.613628	0.426584
795	-10.000000	-1.588716	0.426408
796	10.000000	0.986147	0.000000
797	-10.000000	0.985922	0.000000
799	-2.788078	-3.019729	0.000000
801	-9.570036	0.046079	0.731413
802	-2.707059	-6.636174	0.900000
803	-2.707592	6.635997	0.900000
804	10.000000	3.891805	0.900000
805	-10.000000	3.884075	0.900000
806	10.000000	-2.570585	0.899996
807	-10.000000	-2.564849	0.899996
808	2.778244	-10.000000	0.315747
809	2.841366	-10.000000	0.553769
810	-2.841439	-10.000000	0.553769
811	-2.778246	-10.000000	0.315747
812	3.602931	-9.179713	0.916093
813	2.986678	-8.427619	0.914859
814	-2.988665	-8.427185	0.914859
815	-3.604433	-9.179461	0.916096
816	2.461628	-0.451749	0.805172
817	2.603168	-0.292378	0.786508
818	-2.672502	-0.288600	0.785881
819	-2.371677	-0.449606	0.804684
820	3.831769	-0.022975	0.770250
822	-2.959570	0.007368	0.770001
824	2.730960	0.279591	0.785201
825	2.496447	0.447346	0.804497
826	-2.344962	0.446752	0.804450
827	-2.579398	0.282247	0.785457
828	2.986284	8.427701	0.914859
829	3.602643	9.179760	0.916093
830	-3.604719	9.179412	0.916096
831	-2.989050	8.427099	0.914859
832	2.778233	10.000000	0.315747
833	-2.778239	10.000000	0.315746
834	-2.841454	10.000000	0.553768
835	2.841361	10.000000	0.553769
836	10.000000	-6.915642	0.321215
837	10.000000	-4.774285	0.310401
838	10.000000	-3.281372	0.515068
839	10.000000	-3.848498	0.656749
840	10.000000	-5.859736	0.664688
841	10.000000	-7.372968	0.536808
842	-10.000000	-6.915710	0.320887
843	-10.000000	-7.375159	0.536669
844	-10.000000	-5.859866	0.664413
845	-10.000000	-3.851280	0.655051
846	-10.000000	-3.241603	0.516535
847	-10.000000	-4.760831	0.310715
848	10.000000	6.904383	0.321397
849	10.000000	7.368381	0.536628
850	10.000000	5.856992	0.664487
851	10.000000	3.838652	0.657431
852	10.000000	3.211471	0.521125
853	10.000000	4.739225	0.312673
854	-10.000000	6.911713	0.320979
855	-10.000000	4.753218	0.311234
856	-10.000000	3.242344	0.517202
857	-10.000000	3.864218	0.655024
858	-10.000000	5.860730	0.664404
859	-10.000000	7.373555	0.536606
860	-10.000000	-0.618082	0.219730
861	-10.000000	0.639953	0.221004
863	-10.000000	-0.132408	0.486279
864	10.000000	-0.623156	0.220425
865	10.000000	0.633093	0.222437
867	10.000000	-0.174506	0.489764
868	2.691505	-7.131587	0.000000
869	-2.691542	-7.131577	0.000000
870	-2.849078	-5.052784	-0.000000
871	2.849045	-5.052803	-0.000000
872	3.097756	-0.776586	0.000000
873	-3.097667	-0.776577	0.000000
874	-3.097674	0.776496	0.000000
875	3.097685	0.776499	0.000000
876	2.691556	7.131549	0.000000
877	2.849049	5.052711	-0.000000
878	-2.849063	5.052709	-0.000000
879	-2.691556	7.131549	0.000000
880	2.797523	-5.129847	0.919532
881	2.624635	-3.312315	0.919506
882	-2.626645	-3.310995	0.919506
883	-2.799254	-5.128739	0.919532
884	2.623859	3.312780	0.919506
885	2.796953	5.130163	0.919532
886	-2.799782	5.128493	0.919532
887	-2.627300	3.310694	0.919506
888	-2.038010	-10.000000	0.247819
889	-1.256052	-10.000000	0.072465
890	3.234783	-10.000000	0.194721
891	-2.666526	-9.386286	0.913483
893	3.850594	-9.478659	0.911984
894	-2.102457	-5.616068	0.919496
895	-1.342100	-6.503969	0.916430
896	3.363191	-5.805856	0.919686
897	-1.680405	-0.496446	0.810791
898	-1.108618	-0.635983	0.829790
899	2.770335	-0.546150	0.817844
901	8.763025	-0.009627	0.761890
903	-1.891373	0.227397	0.780329
904	-1.242264	0.093448	0.771948
905	3.234978	0.200820	0.778450
906	-1.916785	2.741844	0.919367
907	-1.191197	1.170923	0.893549
908	3.055142	2.246375	0.918576
909	-2.101743	8.167394	0.912867
910	-1.243815	7.116049	0.904182
911	3.256217	7.789161	0.910924
912	4.444827	10.000000	0.515594
913	8.594563	10.000000	0.432386
914	5.628872	10.000000	0.286964
915	10.000000	-7.862895	0.489648
916	10.000000	-9.462481	0.417159
917	10.000000	-8.175368	0.279634
918	-10.000000	-5.284964	0.246163
919	-10.000000	-6.215642	0.059576
920	-10.000000	-7.344485	0.193121
921	10.000000	5.267751	0.247521
922	10.000000	6.210111	0.059889
923	10.000000	7.336488	0.193521
924	-10.000000	7.863101	0.489476
925	-10.000000	9.462447	0.417102
926	-10.000000	8.173790	0.279496
927	-10.000000	-0.416103	0.402824
928	-10.000000	-1.521831	0.368962
929	-10.000000	-1.396786	0.202084
930	10.000000	-0.442555	0.405359
931	10.000000	-1.539601	0.369484
932	10.000000	-1.400405	0.202207
933	4.448533	-5.449623	-0.000000
934	8.640791	-6.240101	0.000000
935	5.532475	-7.487559	-0.000000
936	4.852805	0.603385	0.000000
937	8.861915	0.446298	-0.000000
938	6.057832	-1.011589	0.000000
939	-1.962286	7.767872	-0.000000
940	-1.215539	9.502984	-0.000000
941	3.125456	8.312036	-0.000000
942	8.596608	-10.000000	0.337596
943	5.697251	-10.000000	0.556513
944	4.395202	-10.000000	0.342657
945	1.272353	-10.000000	0.778809
946	-3.418096	-10.000000	0.667408
947	2.132386	-10.000000	0.621456
948	-8.594592	-10.000000	0.432394
949	-5.628902	-10.000000	0.286964
950	-4.444883	-10.000000	0.515594
951	8.977732	-8.285820	0.918492
952	5.911462	-7.959795	0.914551
953	5.317225	-8.952455	0.917621
954	1.240739	-7.116489	0.904182
955	-3.258891	-7.788321	0.910924
956	2.099031	-8.167846	0.912867
957	-8.871614	-7.775616	0.917020
958	-6.547764	-9.007180	0.917715
959	-4.792302	-8.359929	0.915682
960	8.005532	-0.581656	0.827102
961	5.400903	-0.344808	0.793434
962	3.959915	-0.451835	0.805636
963	1.384326	-0.111238	0.772511
964	-3.171272	-0.214264	0.779227
965	1.868387	-0.238751	0.781221
966	-8.073265	-0.522262	0.818198
967	-4.893511	-0.504284	0.812256
968	-4.165293	-0.335890	0.791240
970	-5.317320	-0.051867	0.770601
971	3.271599	-0.043930	0.770605
972	-8.767324	-0.001100	0.758500
976	5.262289	0.029342	0.770565
977	-2.711543	0.022444	0.769997
978	8.073114	0.508817	0.819687
979	5.024703	0.504451	0.812473
980	4.236888	0.327647	0.790547
981	1.154501	0.636725	0.829936
982	-2.669266	0.542428	0.817224
983	1.801366	0.495141	0.810703
984	-8.079530	0.595687	0.827985
985	-5.396394	0.337479	0.791921
986	-3.833617	0.445257	0.804493
987	8.871095	7.777360	0.917025
988	6.546660	9.007739	0.917711
989	4.790359	8.360740	0.915682
991	-3.852248	9.478482	0.911988
992	2.664592	9.386451	0.913480
993	-8.978142	8.284548	0.918489
994	-5.913191	7.958565	0.914550
995	-5.318697	8.951932	0.917623
996	1.256058	10.000000	0.072465
997	-3.234760	10.000000	0.194720
998	2.038006	10.000000	0.247819
999	-8.596612	10.000000	0.337584
1000	-5.697363	10.000000	0.556509
1001	-4.395200	10.000000	0.342656
1002	-1.273647	10.000000	0.778809
1003	3.417816	10.000000	0.667409
1004	-2.132569	10.000000	0.621455
1005	10.000000	-7.041393	0.061043
1006	10.000000	-5.097188	0.183787
1007	10.000000	-6.758190	0.252943
1008	10.000000	-2.651359	0.299233
1009	10.000000	-2.507090	0.487131
1010	10.000000	-4.090778	0.318072
1011	10.000000	-0.710017	0.831177
1012	10.000000	-2.647661	0.728794
1013	10.000000	-2.765824	0.588647
1014	10.000000	-3.397449	0.852647
1015	10.000000	-5.365679	0.760768
1016	10.000000	-4.015551	0.704200
1017	10.000000	-7.552246	0.835803
1018	10.000000	-8.118121	0.656635
1019	10.000000	-6.510043	0.684592
1020	-10.000000	-9.436297	0.327247
1021	-10.000000	-8.457979	0.523399
1022	-10.000000	-7.612411	0.336227
1023	-10.000000	-8.128817	0.825957
1024	-10.000000	-6.570485	0.744273
1025	-10.000000	-7.524825	0.612804
1026	-10.000000	-4.012430	0.852375
1027	-10.000000	-3.479594	0.755005
1028	-10.000000	-5.312010	0.708109
1029	-10.000000	-0.811331	0.838308
1030	-10.000000	-1.991839	0.632616
1031	-10.000000	-3.152759	0.668536
1032	-10.000000	-2.174355	0.387469
1033	-10.000000	-3.888108	0.260563
1034	-10.000000	-3.070666	0.466588
1035	10.000000	9.434804	0.327252
1036	10.000000	8.454496	0.523298
1037	10.000000	7.604372	0.336484
1038	10.000000	8.129789	0.825874
1039	10.000000	6.572479	0.744161
1040	10.000000	7.520653	0.612641
1041	10.000000	4.024622	0.852530
1042	10.000000	3.488631	0.756298
1043	10.000000	5.314129	0.708275
1044	10.000000	0.798227	0.844311
1045	10.000000	1.959765	0.640547
1046	10.000000	3.136735	0.672466
1047	10.000000	2.137139	0.393757
1048	10.000000	3.865416	0.263035
1049	10.000000	3.040868	0.471286
1050	-10.000000	7.037521	0.061116
1051	-10.000000	5.080839	0.184551
1052	-10.000000	6.752214	0.252837
1053	-10.000000	2.614533	0.304128
1054	-10.000000	2.422295	0.497589
1055	-10.000000	4.059783	0.320239
1056	-10.000000	0.762415	0.824999
1057	-10.000000	2.727794	0.724032
1058	-10.000000	2.732265	0.590338
1059	-10.000000	3.389907	0.852515
1060	-10.000000	5.362380	0.760617
1061	-10.000000	4.027175	0.703181
1062	-10.000000	7.550531	0.835806
1063	-10.000000	8.118365	0.656610
1064	-10.000000	6.510025	0.684472
1065	-10.000000	-0.443855	0.034154
1066	-10.000000	0.970976	0.120501
1067	-10.000000	-0.540820	0.158533
1068	-10.000000	1.871868	0.288325
1069	-10.000000	0.402361	0.519835
1070	-10.000000	0.953756	0.247720
1074	10.000000	-0.441799	0.034215
1075	10.000000	0.970276	0.121238
1076	10.000000	-0.541775	0.158925
1077	10.000000	1.855527	0.291068
1078	10.000000	0.355545	0.523930
1079	10.000000	0.943597	0.249610
1083	1.215512	-9.502990	-0.000000
1084	-3.125427	-8.312054	-0.000000
1085	1.962241	-7.767897	-0.000000
1086	-8.600330	-7.083387	-0.000000
1087	-5.745027	-5.183255	0.000001
1088	-4.307116	-6.940086	-0.000000
1089	-1.354056	-3.297874	0.000000
1090	3.409861	-4.184925	-0.000000
1091	-2.134269	-4.481479	0.000000
1092	1.304788	-2.527217	-0.000000
1093	-3.450405	-1.639494	-0.000000
1094	2.228838	-1.225853	-0.000000
1095	-8.861938	-0.445946	-0.000000
1096	-6.057707	1.011534	0.000000
1097	-4.852809	-0.603441	0.000000
1098	-1.304702	2.527032	-0.000000
1099	3.450362	1.639389	-0.000000
1100	-2.228737	1.225743	-0.000000
1101	8.600355	7.083185	-0.000000
1102	5.744995	5.183133	0.000001
1103	4.307141	6.940039	-0.000000
1104	1.354023	3.297705	0.000000
1105	-3.409818	4.184770	-0.000000
1106	2.134224	4.481388	0.000000
1107	-8.640818	6.239772	0.000000
1108	-5.532556	7.487479	-0.000000
1109	-4.448559	5.449506	-0.000000
1110	8.572697	-3.834316	0.918632
1111	5.426230	-2.951142	0.919406
1112	4.363148	-4.741440	0.919530
1113	1.191538	-1.171792	0.893614
1114	-3.057499	-2.243784	0.918562
1115	1.914055	-2.743118	0.919369
1116	-8.528035	-3.163240	0.918667
1117	-5.654432	-4.892692	0.919507
1118	-4.213489	-3.455489	0.919509
1119	8.527095	3.169910	0.918670
1120	5.652400	4.895795	0.919507
1121	4.211001	3.458359	0.919510
1122	1.339377	6.504521	0.916428
1123	-3.365477	5.804346	0.919687
1124	2.100131	5.617065	0.919496
1125	-8.573437	3.828976	0.918633
1126	-5.428010	2.947374	0.919402
1127	-4.365297	4.739143	0.919530
1128	2.595690	-10.051293	0.000000
1129	2.644456	-9.797011	0.900000
1130	2.554845	-0.685691	0.836696
1132	2.555918	0.686741	0.836741
1133	2.644221	9.797010	0.900000
1134	2.595739	10.051293	0.000000
1135	10.000000	-10.000000	0.263214
1136	-10.000000	-10.000000	0.263203
1137	10.000000	2.432942	0.253447
1138	-10.000000	2.446605	0.251156
1139	10.000000	10.000000	0.263192
1140	-10.000000	10.000000	0.263191
1141	10.000000	-8.402312	0.900000
1142	-10.000000	-8.401253	0.900000
1145	9.034857	0.524620	0.827650
1146	-9.131828	0.588244	0.835029
1147	10.000000	7.206275	0.899982
1148	-10.000000	7.203441	0.899982
1149	10.000000	-7.718017	0.000000
1150	-10.000000	-7.717867	0.000000
1151	10.000000	7.717569	0.000000
1152	-10.000000	7.717671	0.000000
1153	2.788038	3.019533	0.000000
1154	10.000000	-2.478447	0.246521
1155	-10.000000	-2.467861	0.247835
1156	10.000000	-0.985219	0.000000
1157	-10.000000	-0.985421	0.000000
1158	2.660577	-0.083313	0.771292
1159	2.788187	-3.019763	0.000000
1162	2.704712	-6.637074	0.900000
1163	2.704161	6.637260	0.900000
1164	10.000000	2.573541	0.899996
1165	-10.000000	2.563798	0.899996
1166	10.000000	-3.890055	0.900000
1167	-10.000000	-3.884958	0.900000
1168	5.196114	-10.000000	0.208250
1169	5.344269	-10.000000	0.641770
1170	-5.344454	-10.000000	0.641768
1171	-5.196099	-10.000000	0.208249
1172	5.951298	-9.340172	0.914185
1173	5.278783	-7.640733	0.911737
1174	-5.280534	-7.639599	0.911736
1175	-5.952269	-9.339906	0.914190
1176	4.496299	-0.553837	0.819317
1177	4.822332	-0.276440	0.785822
1178	-5.013887	-0.266873	0.784287
1179	-4.408395	-0.550417	0.818401
1180	6.737725	-0.122052	0.773944
1181	-6.935736	-0.079267	0.770359
1182	-6.615479	0.089627	0.771278
1183	6.842911	0.055503	0.771019
1184	5.069504	0.252314	0.783310
1185	4.517677	0.551863	0.818654
1186	-4.386586	0.548599	0.818230
1187	-4.969127	0.265995	0.784391
1188	5.278409	7.640959	0.911737
1189	5.951112	9.340223	0.914184
1190	-5.952451	9.339855	0.914191
1191	-5.280877	7.639381	0.911736
1192	5.196083	10.000000	0.208249
1193	-5.196078	10.000000	0.208249
1194	-5.344508	10.000000	0.641767
1195	5.344270	10.000000	0.641769
1196	10.000000	-8.073924	0.204204
1197	10.000000	-4.385131	0.188351
1198	10.000000	-2.032030	0.571876
1199	10.000000	-2.853982	0.764056
1200	10.000000	-5.980052	0.774170
1201	10.000000	-8.538160	0.611834
1202	-10.000000	-8.073858	0.204069
1203	-10.000000	-8.538974	0.611865
1204	-10.000000	-5.975357	0.774103
1205	-10.000000	-2.849133	0.762489
1206	-10.000000	-1.896488	0.585484
1207	-10.000000	-4.372601	0.189283
1208	10.000000	8.068197	0.204314
1209	10.000000	8.536729	0.611705
1210	10.000000	5.980438	0.774061
1211	10.000000	2.852122	0.765014
1212	10.000000	1.869618	0.592674
1213	10.000000	4.355042	0.190923
1214	-10.000000	8.071539	0.204120
1215	-10.000000	4.364024	0.189846
1216	-10.000000	1.902063	0.588438
1217	-10.000000	2.881761	0.762525
1218	-10.000000	5.976892	0.774099
1219	-10.000000	8.538443	0.611802
1220	-10.000000	-1.504545	0.136644
1221	-10.000000	1.506794	0.139470
1223	-10.000000	-0.270678	0.570858
1224	10.000000	-1.504817	0.136608
1225	10.000000	1.503628	0.140519
1227	10.000000	-0.330594	0.576339
1228	5.070929	-8.211645	0.000000
1229	-5.070973	-8.211627	0.000000
1230	-5.395577	-4.500282	-0.000001
1231	5.395590	-4.500342	-0.000001
1232	5.508642	-1.603380	0.000000
1233	-5.508538	-1.603355	0.000000
1234	-5.508463	1.603263	0.000000
1235	5.508431	1.603281	0.000000
1236	5.071025	8.211593	0.000000
1237	5.395505	4.500145	-0.000001
1238	-5.395531	4.500145	-0.000001
1239	-5.071012	8.211596	0.000000
1240	5.323483	-5.455347	0.919677
1241	4.971608	-2.322127	0.918684
1242	-4.972670	-2.319128	0.918664
1243	-5.325079	-5.453240	0.919677
1244	4.970755	2.323320	0.918689
1245	5.322995	5.455869	0.919676
1246	-5.325488	5.452800	0.919678
1247	-4.973089	2.318419	0.918662
1248	-7.623035	-10.053485	0.000000
1249	-7.535724	-9.822082	0.900000
1250	-7.551555	-0.720686	0.842450
1252	-7.550576	0.719588	0.842097
1253	-7.535810	9.822083	0.900000
1254	-7.623055	10.053484	0.000000
1255	10.000000	-10.000000	0.614484
1256	-10.000000	-10.000000	0.614485
1257	10.000000	0.635326	0.649901
1258	-10.000000	0.695592	0.645609
1259	10.000000	10.000000	0.614480
1260	-10.000000	10.000000	0.614482
1261	10.000000	-6.139917	0.899966
1262	-10.000000	-6.136923	0.899966
1267	10.000000	9.483140	0.822184
1268	-10.000000	9.482781	0.822271
1269	10.000000	-4.279316	0.000000
1270	-10.000000	-4.279175	0.000000
1271	10.000000	4.278831	0.000000
1272	-10.000000	4.278873	0.000000
1273	-7.855805	3.321475	0.000000
1274	10.000000	-0.720955	0.651488
1275	-10.000000	-0.652457	0.640466
1276	10.000000	2.760536	0.000000
1277	-10.000000	2.760433	0.000000
1278	-7.636357	-0.225912	0.779584
1279	-7.855862	-3.321700	0.000000
1282	-7.761453	-6.066808	0.900000
1283	-7.761676	6.066313	0.900000
1284	10.000000	5.119954	0.900000
1285	-10.000000	5.114177	0.900000
1286	10.000000	-1.317382	0.899848
1287	-10.000000	-1.312301	0.899842
1288	0.786097	-10.000000	0.405362
1289	0.793728	-10.000000	0.473582
1290	-0.793754	-10.000000	0.473582
1291	-0.786108	-10.000000	0.405362
1292	1.047697	-9.080056	0.916073
1293	0.906168	-8.887569	0.916088
1294	-0.908060	-8.887477	0.916088
1295	-1.049480	-9.079965	0.916073
1296	0.722905	-0.375845	0.795356
1297	0.731349	-0.329657	0.790040
1298	-0.730818	-0.328859	0.789883
1299	-0.676916	-0.375144	0.795207
1304	0.807655	0.322634	0.789368
1305	0.776308	0.370520	0.794795
1306	-0.628234	0.370607	0.794812
1307	-0.655554	0.322803	0.789391
1308	0.905803	8.887585	0.916088
1309	1.047355	9.080073	0.916073
1310	-1.049822	9.079946	0.916073
1311	-0.908425	8.887458	0.916088
1312	0.786095	10.000000	0.405362
1313	-0.786109	10.000000	0.405362
1314	-0.793757	10.000000	0.473582
1315	0.793724	10.000000	0.473582
1316	10.000000	-5.851483	0.433754
1317	10.000000	-5.150799	0.430316
1318	10.000000	-4.646606	0.490066
1319	10.000000	-4.841079	0.545306
1320	10.000000	-5.532573	0.548389
1321	10.000000	-6.036253	0.496699
1322	-10.000000	-5.851824	0.433097
1323	-10.000000	-6.038844	0.496092
1324	-10.000000	-5.535645	0.547600
1325	-10.000000	-4.842284	0.544125
1326	-10.000000	-4.641526	0.489081
1327	-10.000000	-5.146636	0.429601
1328	10.000000	5.834369	0.434049
1329	10.000000	6.024150	0.496691
1330	10.000000	5.520559	0.548387
1331	10.000000	4.822181	0.545758
1332	10.000000	4.617100	0.491279
1333	10.000000	5.124576	0.431266
1334	-10.000000	5.847221	0.433270
1335	-10.000000	5.141264	0.429941
1336	-10.000000	4.637915	0.489466
1337	-10.000000	4.840746	0.544370
1338	-10.000000	5.533551	0.547711
1339	-10.000000	6.035594	0.496169
1340	-10.000000	-0.096472	0.300136
1341	-10.000000	0.145649	0.299387
1344	10.000000	-0.109775	0.301722
1345	10.000000	0.132108	0.301131
1348	0.760660	-6.249657	0.000000
1349	-0.760692	-6.249654	0.000000
1350	-0.790926	-5.649254	-0.000000
1351	0.790892	-5.649257	-0.000000
1352	0.904151	-0.206376	0.000000
1353	-0.904091	-0.206375	0.000000
1354	-0.904103	0.206302	0.000000
1355	0.904142	0.206302	0.000000
1356	0.760681	6.249622	0.000000
1357	0.790908	5.649210	-0.000000
1358	-0.790917	5.649210	-0.000000
1359	-0.760686	6.249621	0.000000
1360	0.775716	-4.656376	0.919529
1361	0.738442	-4.124368	0.919528
1362	-0.740400	-4.124057	0.919528
1363	-0.777513	-4.656064	0.919529
1364	0.737781	4.124505	0.919528
1365	0.775112	4.656501	0.919529
1366	-0.778106	4.656019	0.919529
1367	-0.741048	4.124020	0.919528
1368	2.038015	-10.000000	0.247820
1369	-3.234772	-10.000000	0.194720
1370	1.256038	-10.000000	0.072466
1371	2.664901	-9.386425	0.913480
1372	-3.851985	-9.478511	0.911988
1374	2.100685	-5.616852	0.919496
1375	-3.364978	-5.804611	0.919687
1376	1.339942	-6.504422	0.916429
1377	1.769858	-0.497759	0.811096
1378	-2.689665	-0.544164	0.817376
1379	1.140081	-0.636769	0.829944
1381	7.171246	0.008796	0.769735
1382	8.708773	-0.073977	0.763506
1383	2.059204	0.224601	0.780114
1384	-3.077637	0.207500	0.778904
1385	1.477747	0.089268	0.771857
1386	1.913227	2.743536	0.919369
1387	-3.058028	2.243367	0.918559
1388	1.191499	1.172297	0.893648
1389	2.098576	8.167916	0.912867
1390	-3.259329	7.788183	0.910924
1391	1.240184	7.116560	0.904182
1392	4.395187	10.000000	0.342657
1393	5.697262	10.000000	0.556511
1394	8.596585	10.000000	0.337584
1395	10.000000	-7.611469	0.336460
1396	10.000000	-8.456768	0.523428
1397	10.000000	-9.435972	0.327293
1398	-10.000000	-6.756662	0.252695
1399	-10.000000	-5.087917	0.184162
1400	-10.000000	-7.039723	0.061039
1401	10.000000	6.745371	0.253301
1402	10.000000	5.072771	0.185379
1403	10.000000	7.035197	0.061269
1404	-10.000000	7.609620	0.336250
1405	-10.000000	8.457047	0.523337
1406	-10.000000	9.435772	0.327227
1407	-10.000000	-0.940040	0.243295
1409	-10.000000	-1.904165	0.281453
1410	10.000000	-0.946816	0.243901
1412	10.000000	-1.914299	0.281002
1413	4.307076	-6.940107	-0.000000
1414	5.745013	-5.183314	0.000001
1415	8.600300	-7.083498	-0.000000
1416	4.852876	-0.603445	0.000000
1417	6.057696	1.011559	0.000000
1418	8.861956	-0.445836	-0.000000
1419	1.962289	7.767873	-0.000000
1420	-3.125448	8.312036	-0.000000
1421	1.215552	9.502984	-0.000000
1422	5.628901	-10.000000	0.286966
1423	8.594560	-10.000000	0.432398
1424	4.444826	-10.000000	0.515595
1425	3.417841	-10.000000	0.667409
1426	-1.273440	-10.000000	0.778809
1427	-2.132538	-10.000000	0.621455
1428	-5.697336	-10.000000	0.556511
1429	-8.596626	-10.000000	0.337590
1430	-4.395211	-10.000000	0.342657
1431	6.546839	-9.007649	0.917712
1432	8.871186	-7.777065	0.917024
1433	4.790683	-8.360610	0.915682
1434	3.256677	-7.789024	0.910924
1435	-1.243271	-7.116123	0.904182
1436	-2.101298	-8.167469	0.912867
1437	-5.912911	-7.958764	0.914550
1438	-8.978078	-8.284747	0.918490
1439	-5.318462	-8.952016	0.917622
1440	5.014541	-0.509013	0.813520
1441	8.237559	-0.523242	0.820193
1442	4.167745	-0.342324	0.792463
1443	2.986579	-0.220147	0.779984
1444	-1.330662	-0.105620	0.772206
1445	-2.019627	-0.235811	0.780804
1446	-5.430571	-0.336091	0.791558
1447	-7.748504	-0.567317	0.822734
1448	-3.854966	-0.447775	0.804695
1449	4.890611	-0.079219	0.771521
1450	-2.514507	-0.069428	0.770690
1451	-3.842371	-0.025941	0.770144
1452	-7.216678	-0.029380	0.768312
1453	-8.720813	0.060518	0.760524
1455	-4.721294	0.053831	0.770759
1456	2.716149	0.052279	0.771211
1457	3.981752	0.004803	0.770175
1458	5.460557	0.323976	0.790694
1459	7.939828	0.575766	0.828409
1460	3.982561	0.445614	0.804525
1461	2.797884	0.544466	0.817461
1462	-1.096438	0.635488	0.829775
1463	-1.656941	0.494255	0.810605
1464	-4.888086	0.502845	0.812149
1465	-8.212638	0.551069	0.821590
1466	-4.113354	0.332846	0.791073
1467	5.911161	7.959997	0.914551
1468	8.977661	8.286035	0.918492
1469	5.316986	8.952538	0.917620
1470	3.850329	9.478687	0.911983
1472	-2.666835	9.386259	0.913483
1473	-6.547939	9.007090	0.917716
1474	-8.871695	7.775346	0.917020
1475	-4.792614	8.359797	0.915682
1476	3.234769	10.000000	0.194720
1477	-1.256041	10.000000	0.072465
1478	-2.038003	10.000000	0.247819
1479	-5.628883	10.000000	0.286963
1480	-8.594595	10.000000	0.432386
1481	-4.444895	10.000000	0.515593
1482	-3.418155	10.000000	0.667407
1483	1.272148	10.000000	0.778809
1484	2.132370	10.000000	0.621456
1485	10.000000	-7.345507	0.193277
1486	10.000000	-6.218434	0.059524
1487	10.000000	-5.293827	0.246038
1488	10.000000	-3.908215	0.258785
1489	10.000000	-2.205516	0.384010
1490	10.000000	-3.124259	0.462632
1491	10.000000	-2.089169	0.625493
1492	10.000000	-0.831202	0.838328
1493	10.000000	-3.151302	0.670607
1494	10.000000	-3.486199	0.756098
1495	10.000000	-4.021337	0.852549
1496	10.000000	-5.314868	0.708445
1497	10.000000	-6.572954	0.744294
1498	10.000000	-8.129865	0.825926
1499	10.000000	-7.523418	0.612828
1500	-10.000000	-8.175911	0.279477
1501	-10.000000	-9.462858	0.417134
1502	-10.000000	-7.864696	0.489533
1503	-10.000000	-8.118795	0.656676
1504	-10.000000	-7.550495	0.835814
1505	-10.000000	-6.509579	0.684519
1506	-10.000000	-5.359778	0.760592
1507	-10.000000	-3.386956	0.852372
1508	-10.000000	-4.014356	0.703019
1509	-10.000000	-2.648022	0.726678
1510	-10.000000	-0.679782	0.835362
1511	-10.000000	-2.719749	0.590221
1512	-10.000000	-2.421733	0.495898
1513	-10.000000	-2.630937	0.301888
1514	-10.000000	-4.068122	0.319512
1515	10.000000	8.170256	0.279665
1516	10.000000	9.461567	0.417098
1517	10.000000	7.858852	0.489507
1518	10.000000	8.116617	0.656487
1519	10.000000	7.552300	0.835757
1520	10.000000	6.508239	0.684406
1521	10.000000	5.366554	0.760638
1522	10.000000	3.403012	0.852659
1523	10.000000	4.013411	0.704366
1524	10.000000	2.634693	0.731202
1525	10.000000	0.659859	0.848775
1526	10.000000	2.690901	0.595808
1527	10.000000	2.393525	0.501593
1528	10.000000	2.597080	0.306820
1529	10.000000	4.043859	0.322149
1530	-10.000000	7.341107	0.193220
1531	-10.000000	6.212820	0.059686
1532	-10.000000	5.277907	0.246549
1533	-10.000000	3.878404	0.261358
1534	-10.000000	2.162038	0.390102
1535	-10.000000	3.068443	0.467569
1536	-10.000000	2.017894	0.632260
1537	-10.000000	1.301672	0.803062
1538	-10.000000	3.182087	0.667575
1539	-10.000000	3.494969	0.755326
1540	-10.000000	4.014324	0.852447
1541	-10.000000	5.314803	0.708147
1542	-10.000000	6.571366	0.744244
1543	-10.000000	8.128764	0.825942
1544	-10.000000	7.524033	0.612727
1545	-10.000000	-0.960391	0.119222
1546	-10.000000	0.451787	0.034282
1547	-10.000000	0.555725	0.159298
1548	-10.000000	1.392903	0.207762
1549	-10.000000	1.473741	0.379383
1554	10.000000	-0.959533	0.119336
1555	10.000000	0.453668	0.034413
1556	10.000000	0.553702	0.160178
1557	10.000000	1.385061	0.209459
1558	10.000000	1.448336	0.383052
1563	3.125387	-8.312062	-0.000000
1564	-1.215548	-9.502989	-0.000000
1565	-1.962278	-7.767891	-0.000000
1566	-5.532519	-7.487530	-0.000000
1567	-8.640810	-6.239962	0.000000
1568	-4.448563	-5.449590	-0.000000
1569	-3.409862	-4.184890	-0.000000
1570	1.354114	-3.297891	0.000000
1571	2.134241	-4.481496	0.000000
1572	3.450531	-1.639517	-0.000000
1573	-1.304660	-2.527202	-0.000000
1574	-2.228719	-1.225841	-0.000000
1575	-6.057758	-1.011585	0.000000
1576	-8.861917	0.446174	-0.000000
1577	-4.852794	0.603375	0.000000
1578	-3.450385	1.639382	-0.000000
1579	1.304665	2.527034	-0.000000
1580	2.228734	1.225746	-0.000000
1581	5.532562	7.487474	-0.000000
1582	8.640814	6.239721	0.000000
1583	4.448547	5.449506	-0.000000
1584	3.409793	4.184773	-0.000000
1585	-1.354061	3.297703	0.000000
1586	-2.134243	4.481387	0.000000
1587	-5.745012	5.183136	0.000001
1588	-8.600351	7.083234	-0.000000
1589	-4.307141	6.940040	-0.000000
1590	5.652922	-4.895139	0.919507
1591	8.527540	-3.168066	0.918667
1592	4.211750	-3.457644	0.919510
1593	3.055987	-2.245635	0.918572
1594	-1.191356	-1.170975	0.893548
1595	-1.916096	-2.742061	0.919367
1596	-5.427568	-2.948083	0.919402
1597	-8.573299	-3.829833	0.918633
1598	-4.364813	-4.739564	0.919530
1599	5.425427	2.952240	0.919407
1600	8.572341	3.835779	0.918634
1601	4.362567	4.741969	0.919530
1602	3.362661	5.806162	0.919686
1603	-1.342665	6.503878	0.916430
1604	-2.102990	5.615901	0.919496
1605	-5.654830	4.892170	0.919507
1606	-8.528176	3.162298	0.918668
1607	-4.214040	3.454982	0.919509
1608	0.000002	-10.000000	0.132058
1609	1.101428	-10.000000	0.187270
1610	-1.101420	-10.000000	0.187270
1611	-0.000825	-9.655909	0.905829
1612	1.373641	-9.540548	0.909744
1613	-1.375369	-9.540498	0.909746
1614	-0.000999	-6.299322	0.919492
1615	1.157294	-6.005214	0.919619
1616	-1.159159	-6.004801	0.919619
1617	0.029232	-0.589372	0.823402
1618	0.962006	-0.543352	0.817156
1619	-0.883964	-0.542698	0.817009
1620	7.872328	-0.035413	0.768610
1621	6.942974	-0.066545	0.770991
1623	0.110145	0.130629	0.773627
1624	1.180002	0.174792	0.776288
1625	-0.986595	0.176736	0.776397
1626	-0.001037	1.678013	0.913729
1627	1.031521	2.201403	0.918493
1628	-1.034744	2.200388	0.918488
1629	-0.001819	7.524947	0.907639
1630	1.100180	7.872117	0.910484
1631	-1.103654	7.871786	0.910484
1632	7.244146	10.000000	0.405801
1633	5.863796	10.000000	0.374038
1634	5.883653	10.000000	0.465655
1635	10.000000	-8.892126	0.385294
1636	10.000000	-8.273679	0.357945
1637	10.000000	-8.367854	0.439137
1638	-10.000000	-6.415115	0.121862
1639	-10.000000	-6.591537	0.186326
1640	-10.000000	-5.833276	0.183352
1641	10.000000	6.406475	0.122377
1642	10.000000	6.581100	0.186938
1643	10.000000	5.820435	0.184235
1644	-10.000000	8.891902	0.385190
1645	-10.000000	8.272937	0.357788
1646	-10.000000	8.367774	0.438999
1647	-10.000000	-1.387914	0.317490
1648	-10.000000	-1.195388	0.278612
1649	-10.000000	-0.866218	0.370830
1650	10.000000	-1.400652	0.318076
1651	10.000000	-1.204770	0.279274
1652	10.000000	-0.885835	0.372809
1653	7.247163	-6.485709	-0.000000
1654	5.811194	-6.719158	0.000000
1655	5.885219	-5.936504	-0.000000
1656	7.674208	0.000089	-0.000000
1657	6.360475	-0.347873	-0.000000
1658	6.360429	0.347890	-0.000000
1659	0.000005	8.943056	-0.000000
1660	1.057722	8.367238	0.000000
1661	-1.057716	8.367238	0.000000
1662	5.883654	-10.000000	0.465657
1663	5.863813	-10.000000	0.374040
1664	7.244156	-10.000000	0.405806
1665	-1.175582	-10.000000	0.677985
1666	1.175280	-10.000000	0.677985
1667	-0.000288	-10.000000	0.725578
1668	-5.863832	-10.000000	0.374038
1669	-5.883696	-10.000000	0.465655
1670	-7.244188	-10.000000	0.405803
1671	6.397964	-8.291598	0.916728
1672	6.652756	-8.645181	0.918071
1673	7.791650	-8.255689	0.918021
1674	-1.103158	-7.871835	0.910484
1675	1.100684	-7.872073	0.910484
1676	-0.001285	-7.524950	0.907639
1677	-6.653752	-8.644499	0.918071
1678	-6.399146	-8.290723	0.916727
1679	-7.792392	-8.254680	0.918020
1680	5.587363	-0.406853	0.800873
1681	5.415401	-0.461087	0.807532
1682	6.856181	-0.484758	0.811976
1683	-1.144064	-0.187642	0.776882
1684	0.971165	-0.189646	0.777102
1685	-0.052579	-0.145290	0.774133
1686	-5.276114	-0.454222	0.805795
1687	-5.482528	-0.398088	0.798812
1688	-6.657466	-0.474056	0.808770
1689	-2.335662	-0.039346	0.769972
1690	1.639164	-0.046971	0.770060
1691	-0.167926	-0.050697	0.771186
1692	-6.902538	0.042388	0.769162
1694	-7.872021	0.017689	0.766385
1695	2.535346	0.020834	0.770415
1696	-1.217754	0.026505	0.770608
1697	0.399093	0.032058	0.769602
1698	5.404160	0.452193	0.805923
1699	5.570859	0.391870	0.798565
1700	6.779026	0.472430	0.810238
1701	-0.860979	0.541140	0.816876
1702	0.988830	0.541828	0.816959
1703	0.049685	0.588499	0.823329
1704	-5.483808	0.400558	0.799313
1705	-5.279686	0.454583	0.805966
1706	-6.742988	0.485509	0.810771
1707	6.652559	8.645312	0.918070
1708	6.397725	8.291768	0.916728
1709	7.791498	8.255887	0.918021
1710	-1.375697	9.540488	0.909746
1711	1.373314	9.540557	0.909744
1712	-0.001138	9.655909	0.905829
1713	-6.399373	8.290554	0.916727
1714	-6.653942	8.644368	0.918071
1715	-7.792533	8.254489	0.918020
1716	-1.101415	10.000000	0.187269
1717	1.101425	10.000000	0.187269
1718	0.000007	10.000000	0.132058
1719	-5.883701	10.000000	0.465654
1720	-5.863822	10.000000	0.374036
1721	-7.244182	10.000000	0.405800
1722	1.175233	10.000000	0.677985
1723	-1.175640	10.000000	0.677985
1724	-0.000393	10.000000	0.725578
1725	10.000000	-5.839001	0.183322
1726	10.000000	-6.594407	0.186449
1727	10.000000	-6.418577	0.121866
1728	10.000000	-2.971038	0.407865
1729	10.000000	-3.437292	0.331985
1730	10.000000	-2.812423	0.353090
1731	10.000000	-2.417041	0.698187
1732	10.000000	-2.207812	0.666218
1733	10.000000	-1.629149	0.745585
1734	10.000000	-4.738845	0.754781
1735	10.000000	-4.111675	0.753450
1736	10.000000	-4.110370	0.803371
1737	10.000000	-7.644199	0.689770
1738	10.000000	-7.126561	0.717387
1739	10.000000	-7.677940	0.765018
1740	-10.000000	-8.369140	0.439044
1741	-10.000000	-8.274717	0.357803
1742	-10.000000	-8.892894	0.385222
1743	-10.000000	-7.125754	0.717403
1744	-10.000000	-7.644396	0.689808
1745	-10.000000	-7.676961	0.765056
1746	-10.000000	-4.104429	0.752768
1747	-10.000000	-4.731965	0.754406
1748	-10.000000	-4.100070	0.803002
1749	-10.000000	-2.176393	0.666742
1750	-10.000000	-2.413680	0.696342
1751	-10.000000	-1.619777	0.744622
1752	-10.000000	-3.404894	0.335142
1753	-10.000000	-2.918429	0.413224
1754	-10.000000	-2.774069	0.357854
1755	10.000000	8.364629	0.439036
1756	10.000000	8.269466	0.357900
1757	10.000000	8.889880	0.385227
1758	10.000000	7.125481	0.717240
1759	10.000000	7.642785	0.689617
1760	10.000000	7.677429	0.764917
1761	10.000000	4.114190	0.753399
1762	10.000000	4.740509	0.754656
1763	10.000000	4.114516	0.803307
1764	10.000000	2.154748	0.672912
1765	10.000000	2.400468	0.701643
1766	10.000000	1.625758	0.749443
1767	10.000000	3.378158	0.338560
1768	10.000000	2.889940	0.417693
1769	10.000000	2.743826	0.362326
1770	-10.000000	5.827495	0.183618
1771	-10.000000	6.586991	0.186497
1772	-10.000000	6.411013	0.122025
1773	-10.000000	2.913321	0.414459
1774	-10.000000	3.396029	0.336151
1775	-10.000000	2.764537	0.359338
1776	-10.000000	2.467923	0.693311
1777	-10.000000	2.216242	0.665250
1778	-10.000000	1.684305	0.741230
1779	-10.000000	4.736344	0.754500
1780	-10.000000	4.112266	0.752984
1781	-10.000000	4.104715	0.803147
1782	-10.000000	7.644213	0.689746
1783	-10.000000	7.126012	0.717354
1784	-10.000000	7.677069	0.765022
1785	-10.000000	0.341496	0.110666
1786	-10.000000	-0.329019	0.110327
1787	-10.000000	0.005624	0.070066
1788	-10.000000	0.812952	0.393842
1789	-10.000000	1.176574	0.289980
1790	-10.000000	1.340353	0.331457
1791	-10.000000	0.049818	0.563014
1794	10.000000	0.342358	0.111147
1795	10.000000	-0.327710	0.110603
1796	10.000000	0.007864	0.070279
1797	10.000000	0.785944	0.397153
1798	10.000000	1.161505	0.292461
1799	10.000000	1.320253	0.334542
1800	10.000000	-0.008395	0.566424
1803	-1.057722	-8.367251	0.000000
1804	1.057685	-8.367253	0.000000
1805	-0.000018	-8.943066	-0.000000
1806	-5.885252	-5.936452	-0.000000
1807	-5.811236	-6.719117	0.000000
1808	-7.247198	-6.485632	-0.000000
1809	1.173315	-4.007597	-0.000000
1810	-1.173330	-4.007586	-0.000000
1811	0.000006	-3.618434	-0.000000
1812	-1.177402	-1.648360	0.000000
1813	1.177540	-1.648369	0.000000
1814	0.000071	-2.074815	-0.000000
1815	-6.360415	0.347865	-0.000000
1816	-6.360433	-0.347888	-0.000000
1817	-7.674190	0.000033	-0.000000
1818	1.177431	1.648241	0.000000
1819	-1.177446	1.648240	0.000000
1820	-0.000013	2.074667	-0.000000
1821	5.885253	5.936348	-0.000000
1822	5.811262	6.719036	0.000000
1823	7.247216	6.485491	-0.000000
1824	-1.173312	4.007471	-0.000000
1825	1.173287	4.007472	-0.000000
1826	-0.000016	3.618288	-0.000000
1827	-5.811262	6.719042	0.000000
1828	-5.885261	5.936354	-0.000000
1829	-7.247218	6.485511	-0.000000
1830	5.702219	-3.608569	0.919512
1831	5.780501	-4.268541	0.919526
1832	7.144476	-3.739013	0.919490
1833	-1.034090	-2.200459	0.918488
1834	1.032291	-2.201085	0.918492
1835	-0.000548	-1.677858	0.913726
1836	-5.781966	-4.265793	0.919526
1837	-5.703651	-3.605603	0.919511
1838	-7.145545	-3.735261	0.919490
1839	5.779911	4.269346	0.919526
1840	5.701530	3.609528	0.919512
1841	7.143907	3.740218	0.919491
1842	-1.159711	6.004720	0.919619
1843	1.156736	6.005323	0.919619
1844	-0.001566	6.299330	0.919492
1845	-5.704077	3.604934	0.919511
1846	-5.782373	4.265191	0.919526
1847	-7.145831	3.734476	0.919490
1848	-0.000002	-10.000000	0.350852
1849	-0.960376	-10.000000	0.299524
1850	0.960377	-10.000000	0.299525
1851	-4.568591	-10.000000	0.139779
1852	-6.077716	-10.000000	0.075480
1853	-3.727297	-10.000000	0.073524
1854	4.568606	-10.000000	0.139779
1855	3.727288	-10.000000	0.073524
1856	6.077719	-10.000000	0.075480
1857	-0.000908	-9.217652	0.915336
1858	-1.317895	-9.310278	0.914407
1859	1.316113	-9.310363	0.914406
1860	-4.727619	-9.610696	0.908374
1863	4.726521	-9.610794	0.908371
1866	-0.000873	-5.052571	0.919529
1867	-0.981393	-5.365320	0.919531
1868	0.979647	-5.365691	0.919531
1869	-4.768208	-5.930086	0.919212
1870	-6.272267	-6.005284	0.918957
1871	-3.924105	-6.323987	0.917306
1872	4.766480	-5.931832	0.919212
1873	3.922164	-6.325339	0.917301
1874	6.270759	-6.007529	0.918948
1875	0.035057	-0.413639	0.799927
1876	-0.782016	-0.453029	0.804972
1877	0.866787	-0.453702	0.805126
1878	-3.885707	-0.596302	0.824623
1879	-5.413476	-0.654029	0.832431
1880	-3.317616	-0.641355	0.830698
1881	3.944157	-0.599041	0.825315
1882	3.347533	-0.643629	0.831214
1883	5.441041	-0.657516	0.833535
1887	8.192920	0.094571	0.769235
1888	9.266922	0.192339	0.766103
1889	8.980383	0.070206	0.759662
1890	8.024438	-0.166388	0.773738
1891	8.886282	-0.151399	0.762694
1892	9.219749	-0.262522	0.767152
1893	0.081727	0.284899	0.785422
1894	-0.835487	0.253483	0.782479
1895	1.006206	0.252704	0.782412
1896	-4.396789	0.194898	0.778191
1897	-5.967180	0.199749	0.778789
1898	-3.666166	0.124570	0.773521
1899	4.536741	0.181918	0.777414
1900	3.829888	0.112767	0.773094
1901	6.088565	0.177094	0.777645
1902	-0.001782	3.674496	0.919525
1903	-0.900596	3.219545	0.919503
1904	0.896878	3.220254	0.919503
1905	-4.347798	1.731058	0.914327
1906	-5.825412	1.216084	0.896223
1907	-3.545939	1.186482	0.894559
1908	4.346235	1.735730	0.914430
1909	3.546249	1.190552	0.894824
1910	5.825707	1.222692	0.896771
1911	-0.001438	8.702284	0.915458
1912	-1.020205	8.468256	0.914373
1913	1.017129	8.468463	0.914373
1914	-4.535719	7.320194	0.908355
1915	-6.002479	6.751840	0.904814
1916	-3.683959	6.988182	0.904474
1917	4.532839	7.321813	0.908355
1918	3.680756	6.989705	0.904474
1919	6.000077	6.754347	0.904814
1920	2.046980	10.000000	0.437652
1921	3.236549	10.000000	0.475536
1922	3.214671	10.000000	0.393049
1923	6.998239	10.000000	0.595945
1924	8.366615	10.000000	0.623802
1925	8.519819	10.000000	0.527800
1926	6.950353	10.000000	0.226189
1927	8.529944	10.000000	0.245902
1928	8.400221	10.000000	0.160521
1929	10.000000	-6.546469	0.444485
1930	10.000000	-7.221913	0.463026
1931	10.000000	-7.069664	0.391227
1932	10.000000	-8.999653	0.561377
1933	10.000000	-9.476151	0.611084
1934	10.000000	-9.483422	0.510290
1935	10.000000	-8.762252	0.219914
1936	10.000000	-9.404951	0.240105
1937	10.000000	-9.370883	0.156144
1938	-10.000000	-5.663448	0.370508
1939	-10.000000	-5.474949	0.308246
1940	-10.000000	-6.198109	0.311645
1941	-10.000000	-4.870807	0.122316
1942	-10.000000	-4.610392	0.060908
1943	-10.000000	-5.399000	0.059477
1944	-10.000000	-7.966441	0.132086
1945	-10.000000	-7.850328	0.063911
1946	-10.000000	-8.628070	0.068339
1947	10.000000	5.644796	0.371733
1948	10.000000	5.456492	0.309610
1949	10.000000	6.183196	0.312522
1950	10.000000	4.858657	0.123273
1951	10.000000	4.602769	0.061477
1952	10.000000	5.392473	0.059896
1953	10.000000	7.961374	0.132329
1954	10.000000	7.846836	0.064077
1955	10.000000	8.625616	0.068458
1956	-10.000000	6.544946	0.444081
1957	-10.000000	7.221651	0.462746
1958	-10.000000	7.067799	0.390930
1959	-10.000000	8.999836	0.561342
1960	-10.000000	9.476188	0.611087
1961	-10.000000	9.483482	0.510258
1962	-10.000000	8.761122	0.219834
1963	-10.000000	9.404554	0.240046
1964	-10.000000	9.370309	0.156108
1965	-10.000000	-0.239786	0.353120
1967	-10.000000	-0.550311	0.300545
1968	-10.000000	-0.589509	0.471296
1969	-10.000000	-0.618942	0.563832
1970	-10.000000	-1.043890	0.465344
1971	-10.000000	-1.934295	0.162983
1972	-10.000000	-2.249225	0.200222
1973	-10.000000	-2.546178	0.124742
1974	10.000000	-0.259379	0.355157
1976	10.000000	-0.563109	0.301933
1977	10.000000	-0.626072	0.475164
1978	10.000000	-0.672938	0.570520
1979	10.000000	-1.074837	0.468435
1980	10.000000	-1.936526	0.162723
1981	10.000000	-2.254626	0.199588
1982	10.000000	-2.548422	0.124285
1983	2.012137	-5.999446	-0.000000
1984	3.213234	-5.723138	0.000000
1985	3.148145	-6.440514	-0.000000
1986	7.109799	-4.916238	-0.000002
1987	8.534436	-4.626237	0.000003
1988	8.618686	-5.410828	-0.000001
1989	6.859237	-8.075345	-0.000000
1990	8.496667	-7.910171	0.000000
1991	8.329388	-8.695427	-0.000000
1992	2.334565	-0.000038	0.000000
1993	3.623125	0.270070	-0.000000
1994	3.623150	-0.270143	-0.000000
1995	7.278631	1.504264	0.000000
1996	8.571521	2.086955	0.000001
1997	8.761001	1.306252	0.000000
1998	7.278832	-1.504243	0.000000
1999	8.761126	-1.305932	0.000000
2000	8.571726	-2.086863	0.000001
2001	-0.000002	6.749759	-0.000000
2002	-0.922829	7.247738	-0.000000
2003	0.922828	7.247738	-0.000000
2004	-4.433864	8.877638	-0.000000
2005	-5.919650	9.460548	-0.000000
2006	-3.613516	9.488110	0.000000
2007	4.433881	8.877637	-0.000000
2008	3.613532	9.488110	0.000000
2009	5.919672	9.460546	-0.000000
2010	8.400263	-10.000000	0.160525
2011	8.529984	-10.000000	0.245910
2012	6.950397	-10.000000	0.226192
2013	8.519787	-10.000000	0.527811
2014	8.366568	-10.000000	0.623809
2015	6.998210	-10.000000	0.595949
2016	3.214678	-10.000000	0.393050
2017	3.236553	-10.000000	0.475536
2018	2.046984	-10.000000	0.437652
2019	6.123609	-10.000000	0.788549
2020	3.753863	-10.000000	0.780743
2021	4.813965	-10.000000	0.716763
2022	-3.754757	-10.000000	0.780745
2023	-6.124206	-10.000000	0.788550
2024	-4.814370	-10.000000	0.716761
2025	0.992194	-10.000000	0.575396
2026	-0.992281	-10.000000	0.575396
2027	-0.000024	-10.000000	0.527280
2028	-8.366666	-10.000000	0.623808
2029	-8.519836	-10.000000	0.527808
2030	-6.998319	-10.000000	0.595947
2031	-8.529983	-10.000000	0.245905
2032	-8.400240	-10.000000	0.160521
2033	-6.950385	-10.000000	0.226190
2034	-3.236587	-10.000000	0.475536
2035	-3.214692	-10.000000	0.393049
2036	-2.047003	-10.000000	0.437652
2037	8.733178	-9.271782	0.908801
2038	8.955610	-8.802439	0.918151
2039	7.643746	-9.118281	0.916292
2040	8.681735	-7.300975	0.915006
2041	8.434179	-6.859067	0.911876
2042	7.100620	-7.462679	0.913240
2043	3.950718	-8.930714	0.917026
2044	3.671826	-8.675741	0.916377
2045	2.480440	-8.914990	0.916439
2046	6.000471	-6.753970	0.904814
2047	3.681259	-6.989484	0.904474
2048	4.533284	-7.321580	0.908355
2049	-3.683491	-6.988394	0.904474
2050	-6.002138	-6.752180	0.904814
2051	-4.535312	-7.320418	0.908355
2052	1.017563	-8.468437	0.914373
2053	-1.019774	-8.468287	0.914373
2054	-0.001036	-8.702286	0.915458
2055	-8.434894	-6.856918	0.911873
2056	-8.682288	-7.299164	0.915002
2057	-7.101786	-7.461170	0.913238
2058	-8.955921	-8.801736	0.918157
2059	-8.733500	-9.271406	0.908820
2060	-7.644368	-9.117837	0.916299
2061	-3.673536	-8.675314	0.916377
2062	-3.952244	-8.930354	0.917027
2063	-2.482193	-8.914748	0.916440
2064	7.664275	-0.655110	0.835492
2065	7.931009	-0.627324	0.833416
2066	6.186398	-0.575238	0.822932
2067	8.222768	-0.438203	0.807715
2069	6.650084	-0.353433	0.795532
2070	2.926206	-0.402428	0.799066
2071	2.998075	-0.348435	0.792691
2072	1.876577	-0.360976	0.793807
2073	5.948874	-0.229492	0.781923
2074	3.755386	-0.146527	0.775017
2075	4.234129	-0.209155	0.779636
2076	-3.645921	-0.128052	0.773553
2077	-5.817026	-0.191150	0.777902
2078	-4.404882	-0.197037	0.778160
2079	0.861867	-0.263216	0.783235
2080	-0.963760	-0.262017	0.783045
2081	-0.025186	-0.292848	0.786055
2082	-8.002567	-0.348495	0.793355
2083	-8.066612	-0.430941	0.804752
2084	-6.694189	-0.341514	0.792505
2085	-7.825253	-0.620488	0.831071
2086	-7.611584	-0.650168	0.833671
2087	-6.086820	-0.570244	0.821202
2088	-2.979860	-0.344520	0.791941
2089	-2.855560	-0.399282	0.798395
2090	-1.843983	-0.358910	0.793390
2092	5.150475	-0.127090	0.773962
2093	6.065281	-0.134756	0.774576
2094	-5.090487	-0.095820	0.772119
2095	-7.202088	-0.165487	0.775567
2096	-6.339879	-0.104271	0.772608
2099	1.266191	-0.022554	0.770080
2100	-9.320389	-0.181767	0.756881
2101	-9.002487	-0.073948	0.754536
2102	-8.220601	-0.105227	0.766163
2103	-8.904609	0.138462	0.760572
2104	-9.222859	0.255741	0.766806
2105	-8.031865	0.139978	0.770370
2106	-4.337233	-0.001466	0.769936
2109	-6.907463	0.169669	0.775577
2110	-4.825766	0.092968	0.772144
2111	-5.988053	0.106549	0.772332
2112	5.060467	0.073762	0.771708
2113	6.973385	0.134908	0.774414
2114	6.220195	0.078654	0.771882
2116	2.363328	-0.004418	0.770145
2117	-0.088256	-0.003171	0.770008
2118	8.005866	0.331368	0.794757
2119	8.054399	0.414939	0.806068
2120	6.703408	0.325767	0.792019
2121	7.913249	0.626120	0.835379
2122	7.668130	0.656123	0.837138
2123	6.191234	0.573131	0.822365
2124	3.066979	0.338175	0.791405
2125	2.968444	0.395353	0.798050
2126	1.938505	0.353685	0.792954
2127	5.454425	0.658757	0.833273
2128	3.362836	0.644142	0.831062
2129	3.966274	0.598611	0.824948
2130	-3.306448	0.640493	0.830621
2131	-5.399604	0.652891	0.832332
2132	-3.866834	0.594907	0.824487
2133	0.902213	0.450396	0.804732
2134	-0.751152	0.450167	0.804710
2135	0.075434	0.409778	0.799540
2136	-7.581643	0.649391	0.832788
2137	-7.839570	0.624047	0.830803
2138	-6.065511	0.569293	0.821150
2139	-8.108221	0.457764	0.808163
2140	-8.005128	0.371921	0.797086
2141	-6.678438	0.350878	0.793976
2142	-2.816875	0.395607	0.798104
2143	-2.917878	0.339747	0.791588
2144	-1.787421	0.354073	0.793012
2145	8.434008	6.859527	0.911876
2146	8.681611	7.301352	0.915007
2147	7.100364	7.462986	0.913240
2148	8.955547	8.802578	0.918150
2149	8.733114	9.271855	0.908797
2150	7.643624	9.118366	0.916291
2151	3.671491	8.675821	0.916377
2152	3.950423	8.930781	0.917025
2153	2.480101	8.915035	0.916439
2156	4.726312	9.610812	0.908370
2159	-4.727826	9.610677	0.908375
2160	1.315774	9.310378	0.914406
2161	-1.318234	9.310260	0.914408
2162	-0.001254	9.217651	0.915336
2163	-8.733558	9.271336	0.908823
2164	-8.955978	8.801605	0.918158
2165	-7.644484	9.117753	0.916301
2166	-8.682395	7.298826	0.915002
2167	-8.435033	6.856515	0.911873
2168	-7.102013	7.460884	0.913238
2169	-3.952536	8.930284	0.917027
2170	-3.673865	8.675230	0.916377
2171	-2.482530	8.914700	0.916440
2172	6.077737	10.000000	0.075480
2173	3.727313	10.000000	0.073524
2174	4.568593	10.000000	0.139778
2175	-3.727294	10.000000	0.073524
2176	-6.077715	10.000000	0.075479
2177	-4.568578	10.000000	0.139778
2178	0.960373	10.000000	0.299524
2179	-0.960375	10.000000	0.299524
2180	-0.000003	10.000000	0.350852
2181	-8.400217	10.000000	0.160519
2182	-8.529960	10.000000	0.245900
2183	-6.950359	10.000000	0.226188
2184	-8.519862	10.000000	0.527802
2185	-8.366720	10.000000	0.623804
2186	-6.998364	10.000000	0.595945
2187	-3.214688	10.000000	0.393049
2188	-3.236590	10.000000	0.475535
2189	-2.047004	10.000000	0.437651
2190	-6.124323	10.000000	0.788550
2191	-3.754928	10.000000	0.780745
2192	-4.814463	10.000000	0.716760
2193	3.753696	10.000000	0.780743
2194	6.123499	10.000000	0.788549
2195	4.813917	10.000000	0.716763
2196	-0.992296	10.000000	0.575396
2197	0.992183	10.000000	0.575396
2198	-0.000031	10.000000	0.527280
2199	10.000000	-8.628338	0.068372
2200	10.000000	-7.851132	0.063939
2201	10.000000	-7.967051	0.132170
2202	10.000000	-5.402833	0.059326
2203	10.000000	-4.614620	0.060627
2204	10.000000	-4.878392	0.121885
2205	10.000000	-6.200300	0.312010
2206	10.000000	-5.481487	0.308463
2207	10.000000	-5.666529	0.371023
2208	10.000000	-3.493161	0.140409
2209	10.000000	-3.080946	0.218475
2210	10.000000	-3.714437	0.199270
2211	10.000000	-1.759285	0.473041
2212	10.000000	-1.330992	0.567000
2213	10.000000	-1.927857	0.517433
2214	10.000000	-4.271719	0.376567
2215	10.000000	-3.777574	0.444644
2216	10.000000	-4.456181	0.433916
2217	10.000000	-1.080974	0.692214
2218	10.000000	-0.668961	0.788972
2219	10.000000	-1.480272	0.668338
2220	10.000000	-1.437021	0.817737
2221	10.000000	-1.631103	0.832347
2222	10.000000	-2.186405	0.781886
2223	10.000000	-3.454660	0.564181
2224	10.000000	-3.649046	0.610710
2225	10.000000	-4.147605	0.550284
2226	10.000000	-2.178462	0.856287
2227	10.000000	-2.781020	0.853752
2228	10.000000	-2.895390	0.807296
2229	10.000000	-4.639218	0.853663
2230	10.000000	-5.236898	0.857043
2231	10.000000	-5.337143	0.810533
2232	10.000000	-4.526337	0.652060
2233	10.000000	-5.195953	0.654586
2234	10.000000	-5.030221	0.600081
2235	10.000000	-6.408868	0.852515
2236	10.000000	-6.982851	0.843679
2237	10.000000	-6.545483	0.800563
2238	10.000000	-8.710526	0.804505
2240	10.000000	-8.672526	0.708913
2241	10.000000	-6.382331	0.622702
2242	10.000000	-6.885391	0.580768
2243	10.000000	-6.217178	0.559804
2244	-10.000000	-9.370974	0.156096
2245	-10.000000	-9.405171	0.240051
2246	-10.000000	-8.762514	0.219817
2247	-10.000000	-9.483770	0.510294
2248	-10.000000	-9.476355	0.611117
2249	-10.000000	-9.000310	0.561394
2250	-10.000000	-7.071110	0.390897
2251	-10.000000	-7.224133	0.462770
2252	-10.000000	-6.548484	0.444032
2253	-10.000000	-9.267534	0.738182
2254	-10.000000	-8.710026	0.804564
2255	-10.000000	-8.672659	0.708976
2256	-10.000000	-6.980216	0.843671
2257	-10.000000	-6.405249	0.852491
2258	-10.000000	-6.541927	0.800543
2259	-10.000000	-6.887656	0.580599
2260	-10.000000	-6.384054	0.622487
2261	-10.000000	-6.220193	0.559379
2262	-10.000000	-5.231079	0.856987
2263	-10.000000	-4.631910	0.853562
2264	-10.000000	-5.330334	0.810428
2265	-10.000000	-2.769137	0.853351
2266	-10.000000	-2.165811	0.855740
2267	-10.000000	-2.883480	0.806422
2268	-10.000000	-5.196994	0.653961
2269	-10.000000	-4.528481	0.650931
2270	-10.000000	-5.033418	0.599102
2271	-10.000000	-1.623831	0.830855
2272	-10.000000	-1.429430	0.816195
2273	-10.000000	-2.182773	0.779983
2274	-10.000000	-0.593139	0.798809
2275	-10.000000	-0.549513	0.761537
2276	-10.000000	-1.287013	0.686848
2277	-10.000000	-3.647048	0.608965
2278	-10.000000	-3.435918	0.563467
2279	-10.000000	-4.142757	0.548949
2280	-10.000000	-1.266804	0.568292
2281	-10.000000	-1.713424	0.476584
2282	-10.000000	-1.810613	0.532418
2283	-10.000000	-3.067974	0.220231
2284	-10.000000	-3.485497	0.141396
2285	-10.000000	-3.700292	0.200817
2286	-10.000000	-3.748283	0.445683
2287	-10.000000	-4.251568	0.377188
2288	-10.000000	-4.442829	0.433599
2289	10.000000	9.369353	0.156170
2290	10.000000	9.403559	0.240095
2291	10.000000	8.759004	0.219948
2292	10.000000	9.482767	0.510222
2293	10.000000	9.475752	0.611023
2294	10.000000	8.998513	0.561276
2295	10.000000	7.060554	0.391240
2296	10.000000	7.215136	0.462912
2297	10.000000	6.535547	0.444484
2298	10.000000	9.267472	0.738054
2299	10.000000	8.710374	0.804444
2300	10.000000	8.671846	0.708812
2301	10.000000	6.983103	0.843638
2302	10.000000	6.409386	0.852482
2303	10.000000	6.545687	0.800485
2304	10.000000	6.880712	0.580561
2305	10.000000	6.378229	0.622488
2306	10.000000	6.209600	0.559632
2307	10.000000	5.238160	0.857012
2308	10.000000	4.641222	0.853633
2309	10.000000	5.338502	0.810457
2310	10.000000	2.790949	0.853821
2311	10.000000	2.197405	0.856479
2312	10.000000	2.905316	0.807447
2313	10.000000	5.191859	0.654442
2314	10.000000	4.520062	0.652146
2315	10.000000	5.020191	0.600107
2316	10.000000	1.627803	0.835966
2317	10.000000	1.396587	0.824379
2318	10.000000	2.170093	0.784857
2319	10.000000	0.575182	0.809155
2320	10.000000	0.535204	0.770597
2321	10.000000	1.262299	0.695855
2322	10.000000	3.624913	0.612362
2323	10.000000	3.408049	0.567619
2324	10.000000	4.117959	0.551745
2325	10.000000	1.244534	0.576301
2326	10.000000	1.682916	0.483729
2327	10.000000	1.785625	0.539109
2328	10.000000	3.041927	0.223674
2329	10.000000	3.468021	0.143444
2330	10.000000	3.679517	0.203104
2331	10.000000	3.719620	0.449269
2332	10.000000	4.225966	0.379886
2333	10.000000	4.416813	0.436165
2334	-10.000000	8.626970	0.068375
2335	-10.000000	7.848700	0.063964
2336	-10.000000	7.964211	0.132152
2337	-10.000000	5.395468	0.059633
2338	-10.000000	4.605956	0.061140
2339	-10.000000	4.864433	0.122660
2340	-10.000000	6.192803	0.311844
2341	-10.000000	5.468382	0.308588
2342	-10.000000	5.657717	0.370775
2343	-10.000000	3.475041	0.142380
2344	-10.000000	3.053531	0.221861
2345	-10.000000	3.689586	0.201707
2346	-10.000000	1.716744	0.479213
2347	-10.000000	1.288844	0.571398
2348	-10.000000	1.820269	0.534674
2349	-10.000000	4.244583	0.377840
2350	-10.000000	3.743692	0.446426
2351	-10.000000	4.437362	0.434131
2352	-10.000000	0.596671	0.769499
2353	-10.000000	0.632319	0.813795
2354	-10.000000	1.295499	0.693535
2355	-10.000000	1.562991	0.810360
2356	-10.000000	1.649698	0.830865
2357	-10.000000	2.252996	0.778288
2358	-10.000000	3.441444	0.563675
2359	-10.000000	3.657397	0.608902
2360	-10.000000	4.143540	0.549256
2361	-10.000000	2.170724	0.856093
2362	-10.000000	2.773303	0.853599
2363	-10.000000	2.894978	0.806876
2364	-10.000000	4.633037	0.853595
2365	-10.000000	5.231675	0.857002
2366	-10.000000	5.332155	0.810449
2367	-10.000000	4.533627	0.651067
2368	-10.000000	5.199008	0.654029
2369	-10.000000	5.033877	0.599238
2370	-10.000000	6.405500	0.852495
2371	-10.000000	6.980373	0.843669
2372	-10.000000	6.542704	0.800535
2373	-10.000000	8.709936	0.804544
2375	-10.000000	8.672455	0.708931
2376	-10.000000	6.383550	0.622446
2377	-10.000000	6.886370	0.580540
2378	-10.000000	6.218381	0.559380
2379	-10.000000	-2.095282	0.043741
2380	-10.000000	-1.309185	0.037276
2381	-10.000000	-1.483605	0.082132
2382	-10.000000	1.315031	0.037701
2383	-10.000000	2.096398	0.044459
2384	-10.000000	1.489034	0.083422
2385	-10.000000	-0.222146	0.200175
2386	-10.000000	0.241410	0.200194
2387	-10.000000	0.014031	0.243701
2388	-10.000000	2.535148	0.126962
2389	-10.000000	2.228971	0.204359
2390	-10.000000	1.923155	0.167028
2391	-10.000000	0.993003	0.479305
2392	-10.000000	0.635174	0.572680
2394	-10.000000	0.587015	0.302834
2395	-10.000000	0.459640	0.411063
2396	-10.000000	0.309952	0.351646
2397	-10.000000	0.255814	0.691394
2401	-10.000000	-0.172699	0.696193
2406	10.000000	-2.094252	0.043674
2407	10.000000	-1.307474	0.037276
2408	10.000000	-1.482175	0.082099
2409	10.000000	1.316142	0.037915
2410	10.000000	2.096291	0.044771
2411	10.000000	1.488832	0.083979
2412	10.000000	-0.226020	0.200931
2413	10.000000	0.237096	0.201209
2414	10.000000	0.006336	0.244884
2415	10.000000	2.530045	0.128035
2416	10.000000	2.219153	0.206205
2417	10.000000	1.916903	0.168447
2418	10.000000	0.955017	0.483664
2419	10.000000	0.582196	0.577236
2421	10.000000	0.571985	0.304993
2422	10.000000	0.430733	0.414168
2423	10.000000	0.289567	0.354077
2424	10.000000	0.175974	0.694194
2428	10.000000	-0.263641	0.705275
2433	5.919574	-9.460568	-0.000000
2434	3.613460	-9.488121	0.000000
2435	4.433789	-8.877664	-0.000000
2436	-3.613498	-9.488117	0.000000
2437	-5.919613	-9.460560	-0.000000
2438	-4.433831	-8.877654	-0.000000
2439	0.922799	-7.247763	-0.000000
2440	-0.922834	-7.247760	-0.000000
2441	-0.000016	-6.749785	-0.000000
2442	-8.329422	-8.695383	-0.000000
2443	-8.496700	-7.910095	0.000000
2444	-6.859282	-8.075307	-0.000000
2445	-8.618683	-5.410679	-0.000001
2446	-8.534399	-4.626104	0.000003
2447	-7.109785	-4.916143	-0.000002
2448	-3.148181	-6.440500	-0.000000
2449	-3.213269	-5.723121	0.000000
2450	-2.012171	-5.999437	-0.000000
2451	-6.316698	-3.636609	-0.000001
2452	-3.959374	-3.420435	-0.000000
2453	-4.814861	-3.911845	0.000001
2454	3.959443	-3.420483	-0.000000
2455	6.316778	-3.636683	-0.000001
2456	4.814902	-3.911902	0.000001
2457	-0.996162	-4.814461	-0.000000
2458	0.996124	-4.814467	-0.000000
2459	-0.000019	-5.193667	0.000000
2460	6.207731	-2.677511	-0.000002
2461	3.847553	-2.584032	0.000000
2462	4.760678	-2.120132	-0.000001
2463	-3.847433	-2.583991	0.000000
2464	-6.207628	-2.677460	-0.000002
2465	-4.760557	-2.120095	-0.000001
2466	1.074560	-0.865573	0.000000
2467	-1.074457	-0.865569	0.000000
2468	0.000041	-0.538331	-0.000000
2469	-8.571670	-2.086883	0.000001
2470	-8.761090	-1.306004	0.000000
2471	-7.278759	-1.504245	0.000000
2472	-8.761021	1.306144	0.000000
2473	-8.571559	2.086881	0.000001
2474	-7.278662	1.504217	0.000000
2475	-3.623092	-0.270140	-0.000000
2476	-3.623095	0.270068	-0.000000
2477	-2.334517	-0.000037	0.000000
2478	-6.207528	2.677295	-0.000002
2479	-3.847398	2.583825	0.000000
2480	-4.760487	2.119963	-0.000001
2481	3.847353	2.583833	0.000000
2482	6.207473	2.677311	-0.000002
2483	4.760445	2.119975	-0.000001
2484	-1.074492	0.865481	0.000000
2485	1.074504	0.865482	0.000000
2486	0.000013	0.538252	-0.000000
2487	8.329479	8.695294	-0.000000
2488	8.496743	7.909946	0.000000
2489	6.859341	8.075236	-0.000000
2490	8.618662	5.410420	-0.000001
2491	8.534345	4.625850	0.000003
2492	7.109734	4.915964	-0.000002
2493	3.148189	6.440458	-0.000000
2494	3.213262	5.723063	0.000000
2495	2.012165	5.999396	-0.000000
2496	6.316577	3.636421	-0.000001
2497	3.959278	3.420265	-0.000000
2498	4.814760	3.911694	0.000001
2499	-3.959318	3.420261	-0.000000
2500	-6.316619	3.636416	-0.000001
2501	-4.814795	3.911691	0.000001
2502	0.996131	4.814389	-0.000000
2503	-0.996146	4.814388	-0.000000
2504	-0.000006	5.193610	0.000000
2505	-8.534368	4.625876	0.000003
2506	-8.618674	5.410462	-0.000001
2507	-7.109756	4.915976	-0.000002
2508	-8.496731	7.909985	0.000000
2509	-8.329460	8.695318	-0.000000
2510	-6.859325	8.075249	-0.000000
2511	-3.213270	5.723062	0.000000
2512	-3.148194	6.440457	-0.000000
2513	-2.012172	5.999395	-0.000000
2514	8.489637	-5.070263	0.918582
2515	8.559263	-4.476216	0.918632
2516	7.029816	-5.002920	0.919579
2517	8.420953	-2.503089	0.918376
2518	8.249953	-1.861595	0.915655
2519	6.754580	-2.414147	0.918793
2520	3.144372	-4.548886	0.919528
2521	3.072571	-3.922242	0.919526
2522	1.963972	-4.332271	0.919528
2523	5.826248	-1.220606	0.896673
2524	3.546565	-1.189350	0.894786
2525	4.347021	-1.734483	0.914410
2526	-3.546188	-1.186976	0.894596
2527	-5.825578	-1.216932	0.896271
2528	-4.347559	-1.731696	0.914340
2529	0.897658	-3.220049	0.919503
2530	-0.899858	-3.219603	0.919503
2531	-0.001065	-3.674436	0.919525
2532	-8.249854	-1.856678	0.915521
2533	-8.421250	-2.498094	0.918364
2534	-6.755229	-2.410088	0.918764
2535	-8.559937	-4.472173	0.918632
2536	-8.490379	-5.066686	0.918582
2537	-7.031046	-4.999888	0.919580
2538	-3.074452	-3.920825	0.919526
2539	-3.146141	-4.547547	0.919528
2540	-1.965836	-4.331442	0.919528
2541	8.249260	1.864388	0.915726
2542	8.420383	2.505387	0.918387
2543	6.753759	2.415863	0.918800
2544	8.558968	4.477374	0.918633
2545	8.489379	5.071184	0.918583
2546	7.029393	5.003706	0.919579
2547	3.071878	3.922702	0.919526
2548	3.143755	4.549290	0.919528
2549	1.963330	4.332548	0.919528
2550	6.270366	6.008032	0.918945
2551	3.921664	6.325634	0.917300
2552	4.765999	5.932236	0.919212
2553	-3.924591	6.323715	0.917307
2554	-6.272614	6.004846	0.918958
2555	-4.768649	5.929728	0.919212
2556	0.979081	5.365813	0.919531
2557	-0.981949	5.365253	0.919531
2558	-0.001448	5.052603	0.919529
2559	-8.490531	5.066010	0.918582
2560	-8.560078	4.471406	0.918632
2561	-7.031334	4.999279	0.919580
2562	-8.421405	2.497071	0.918370
2563	-8.250043	1.855565	0.915557
2564	-6.755521	2.409173	0.918764
2565	-3.146691	4.547241	0.919528
2566	-3.075051	3.920495	0.919526
2567	-1.966440	4.331261	0.919528
