1862.0365111536926 6.274021639446812e-25
1860.1493628883425 2.831018714501583e-24
1887.2227210137385 1.3390270983069997e-23
1914.6901156261033 6.333386497291772e-23
2035.2478572136101 2.4813214312996433e-22
2302.0198506097863 8.052495120898021e-22
2813.864916805215 2.1646033344039316e-21
3954.863600000994 4.598081736517106e-21
5735.120933833413 6.393313066037567e-21
9128.497684053233 7.024667408703145e-21
14989.384431750497 6.099244926651713e-21
23135.44777298043 4.8197730044138e-21
36834.815121122825 3.4663890219110494e-21
53437.78731079377 2.6132316778533716e-21
75156.35823701243 2.0650397953621786e-21
96314.65565668774 1.710522669918652e-21
