105.26474851186387 7.718369442133338e-21
108.45422766287408 4.204572847686096e-20
118.89653555623336 1.9886964897187943e-19
138.70508572551822 7.091134884604704e-19
191.92702348272076 1.8185016583228345e-18
305.399978610694 3.052548526616551e-18
550.25187705812 3.3539947014823833e-18
917.6757551976725 2.7781953570858433e-18
1483.834813665368 2.0944181592172505e-18
2220.3463114082815 1.6550606222811529e-18
3761.375801442522 1.0833401180974262e-18
6372.157427528143 6.764969589692556e-19
9989.358664854779 4.865377746586355e-19
15905.441000041083 3.184692350006298e-19
29571.686799677795 1.897223997992789e-19
45648.368062060865 1.2418511094837884e-19
96079.94035483334 6.42348865095013e-20
