155.1949692324298 2.26896721595181e-21
162.40968652405255 1.0731856245833958e-20
169.98673236577326 4.011178452407774e-20
198.29450845314335 1.5715167648433853e-19
257.8830321389327 4.224417870708727e-19
373.89638665562927 7.79140073387232e-19
585.9185360712506 9.859730189380766e-19
863.1258329885686 9.859730189380766e-19
1352.9139601463053 8.560819443384511e-19
2088.16248651284 6.764969589692556e-19
3076.6899806696833 5.09995638682034e-19
4823.195294061789 3.6678973917049505e-19
6783.688066357814 2.7651442450722763e-19
10800.906742085352 1.897223997992789e-19
15669.817940528948 1.364486757514499e-19
23088.576623614634 9.81341219277302e-20
36762.51955532005 6.42348865095013e-20
54167.46083786885 4.6197840690076316e-20
97635.98469307035 2.75215444319097e-20
