8.28628840356858 2.074786507755114e-20
8.151386394443604 8.128687913276004e-20
8.270024933626603 3.844740882072704e-19
8.519793380723398 2.4121987492189965e-18
9.053943494448827 1.3773975453705514e-17
10.239724043440052 5.148212227064108e-17
14.166071368837782 1.7512727224804803e-16
23.249505836193705 3.229999491706474e-16
38.17063688405678 3.548969356756488e-16
65.66021794585697 3.081431772445364e-16
111.22106353237825 2.3230211814075746e-16
197.37298806312856 1.593874005331259e-16
319.1622645183438 1.0935906935344428e-16
540.6765657792679 7.158231276452838e-17
989.7794994113492 4.2643893564293986e-17
1527.874253351823 2.7913080686073186e-17
2358.4301001553126 1.9151755511453724e-17
3584.50285319782 1.3140424852979388e-17
6072.516463587757 8.20560164264603e-18
10611.271380239128 5.124027500718762e-18
17976.01535719703 3.3539947014823833e-18
29522.064675252474 2.301246760682719e-18
45567.436852285944 1.734857482977528e-18
71427.33147060794 1.4370246328306897e-18
95882.24934363562 1.3709269530106494e-18
