13.590497342501685 1.0286554671761798e-19
13.78960969136049 4.224417870708727e-19
14.208329692004147 2.0944181592172505e-18
15.818085920455479 1.1409318755687375e-17
20.250707650115707 4.2643893564293986e-17
29.357134150352305 9.495221768235777e-17
47.44943588479174 1.3202445905576452e-16
77.90413236314407 1.3838986780633083e-16
120.23775111126655 1.146316921840531e-16
177.15219214189037 9.058477599821119e-17
277.70511498085125 6.828979802136291e-17
442.15875190126314 4.68550759531258e-17
714.9934239647586 3.2148259420630077e-17
1192.6103696133514 2.1043035335690422e-17
2020.4046141745077 1.3140424852979388e-17
3476.332903152007 7.828175106095966e-18
6074.825977272687 4.663496513798503e-18
11649.926206447606 2.7781953570858433e-18
18839.126310467855 1.8185016583228345e-18
32413.804138294738 1.1355721265971905e-18
54908.837687657026 7.79140073387232e-19
97438.17953853299 5.603588788200565e-19
