8.495617924457674 118994.99659271706
13.759593328514843 31294.51879508038
13.597151853375893 78389.84734873369
104.92951484942806 462.01126829325835
105.0747961657072 2075.967469453219
153.76015861460158 762.3865512254908
157.74670909930285 900.912845884726
1875.0159107419888 2.83904453662268
1899.3131929497238 3.354901380370399
2023.7372640122146 2.83904453662268
2049.016516341489 2.0330923194437194
2101.6568130429146 1.8702657608692204
2125.048911873542 0.3107757547886492
2992.996605129212 0.10499002430364279
