0.00010987768739015327 16.047426876477324
0.0001095514465301654 45.651963299821915
0.00010924937598785538 120.52609368708414
0.00010882094184364648 479.82302135630755
0.00010825614087940348 2990.0308943587825
0.00010765996605288886 20841.017531282996
0.00010720360509725881 92804.18637179058
0.00011545214135691853 445295.85099426506
0.00012952430156300675 1220355.8475429544
0.00015724200838237328 2990030.8943587765
0.00028289081987991325 6309573.444801917
0.0005302956118589538 7057463.628719894
0.001119507074968563 5640938.324264619
0.0025585163283732295 3471686.8189265598
0.007407326200606745 1645190.5877536607
0.015654222111551822 905225.45273355
0.03722564001338488 479823.02135630755
0.07561517897084663 295304.63956586004
0.1869589020330244 175082.70317357196
0.4441623473987909 129871.3974003654
1.0545340402076187 120526.09368708414
3.2953005294427786 125111.51909536125
8.134678146824644 129871.3974003654
22.59573024397376 129871.3974003654
62.7642564392952 129871.3974003654
174.34054327269246 129871.3974003654
465.6070583837471 129871.3974003654
1293.3187153859353 129871.3974003654
4203.886235118125 129871.3974003654
12146.409792689501 125111.51909536125
31189.20056468476 125111.51909536125
83287.39568854556 129871.3974003654
