0.001860675737296626 14.892683946322888
0.0018551511538519568 42.36693310314834
0.0017764862423835413 175.08270317357199
0.0018416069173004617 557.1164036475425
0.0020641018037759317 2136.632006214964
0.0025060778482608364 5043.159487171349
0.003564714239612741 7894.0031852292095
0.006176580215178503 9165.62663564108
0.010712394105034544 7604.682401337341
0.019325732563347315 6078.323128297224
0.03352839658214695 4508.728185104215
0.06293779732050259 3103.7868721317213
0.12780268767718833 2136.632006214964
0.24946598983546794 1584.8931924611109
0.50624770350933 1365.0078065460139
1.2499730655508767 1314.9793077803465
2.852135716761145 1416.9396437702667
7.321298897726932 1584.8931924611109
16.701882634778805 1840.1993156842086
42.87750429646553 1982.8839491270674
119.07573298302194 2136.632006214964
344.0124155955468 2136.632006214964
816.4970439108306 2217.92035125063
2015.7937034830998 2217.92035125063
4784.898232954685 2217.92035125063
12780.268767718831 2136.632006214964
32816.80534991196 2136.632006214964
87643.04571785686 2136.632006214964
