0.000009938594465822564 134812365.67727807
0.00001528460501246675 254334576.13046482
0.000028633647348552406 355919146.5454546
0.00006284429269064742 330307868.0929302
0.00015533332672102657 219048629.6136786
0.00043234152810693263 107753759.7273697
0.0012038537995787333 45651963.299822
0.0033528396582146883 17949570.205666464
0.007975571817824142 8506085.225082828
0.01753804509976785 4030931.3831665586
0.045143817782724735 1707782.0025399914
0.0992277518576922 939664.8314954671
0.2015151585980863 623152.8628840916
0.49808850779562625 413253.19146256865
0.9718369235653198 355919.1465454546
2.5960126134006183 330307.8680929315
6.665966277256198 330307.8680929315
21.667485008408534 330307.8680929315
60.18586568252344 330307.8680929315
173.89675824259223 318201.85178157326
543.4078537591615 330307.8680929315
2067.172935089239 318201.85178157326
6988.549556902557 318201.85178157326
22713.61815431215 330307.8680929315
89867.3770631059 318201.85178157326
