1.7353121924907473 0.002488116642133856
2.956673090310683 0.006657064311196954
4.531041029296715 0.01306971751675205
7.867224599313234 0.029158802279010583
12.059774938468529 0.05420876354197534
16.621181636913953 0.07952779197208273
19.861348821857984 0.100813080038881
22.492237480605546 0.1254612552547357
24.151193982854878 0.13996661062486193
24.574270856880432 0.15610923392157217
25.910491320117654 0.18390356483902814
27.319368471187957 0.2166465128993826
30.952770219653257 0.24619075181972927
36.360286830636014 0.264960978400041
42.720571705878626 0.2749812093507971
50.19816026230066 0.2802396447648515
60.06887300907216 0.27046395366132003
71.88051286592456 0.2610292711850006
86.0309718519517 0.24292932526861916
102.96710224642757 0.22608444182354084
132.4518387379852 0.19571801435986194
173.4624447846748 0.1694446321537043
223.1546563598681 0.14404341085062408
319.8447399334728 0.11186844641135013
418.99578314541907 0.09171090796054099
579.2752751505906 0.0738500013960232
845.4505301739462 0.05531112896974135
1279.111311970508 0.04068682269336561
1970.5997694783825 0.02886309073662017
2774.761726042431 0.021613797044335716
4274.799829010297 0.015332752570902471
5806.656303334552 0.011690393336334856
9790.435193357913 0.007439356618700555
