4.76635514018691  9.296569463260804
9.532710280373834  2.8763295882612976
14.57943925233645  0.9450263214201226
19.626168224299057  0.3832065935074427
24.67289719626168  0.2162843891272443
29.719626168224302  0.14187031302406028
34.76635514018691  0.08503415272914015
39.53271028037383  0.06104422254965333
44.85981308411214  0.045155422092010455
49.90654205607476  0.03241460619875885
59.7196261682243  0.01721383365294054
69.81308411214954  0.012723226318023076
80.18691588785046  0.009986337257267055
90  0.007838913545237459
100.09345794392524  0.0073690952069676635
109.90654205607478  0.006927759379953467
120  0.006916091788466223
130.09345794392522  0.007115141349493086
139.90654205607476  0.007320262427480578
