0,29457364341085235 0,20735285673270165
0,4031007751937983 0,2073327591157048
0,5116279069767442 0,20731266149870797
0,6046511627906974 0,2054435831180017
0,7286821705426352 0,20542061441286247
0,8527131782945734 0,2035457938558714
0,9767441860465111 0,20167097329888023
1,1007751937984493 0,19794430089003728
1,224806201550387 0,1923657766293425
1,333333333333333 0,18493827160493825
1,4263565891472867 0,1775136376686764
1,51937984496124 0,1682371518805627
1,5968992248062013 0,1608153890324433
1,6744186046511627 0,14968992248062013
1,7674418604651159 0,14041343669250644
1,8449612403100772 0,12928797014068327
1,9224806201550386 0,11816250358886016
2 0,10703703703703704
2,046511627906977 0,09591731266149872
2,108527131782945 0,08294286534596607
2,170542635658915 0,07367212173413729
2,2635658914728687 0,06254378409417172
2,341085271317829 0,05141831754234849
2,4186046511627906 0,040292850990525375
2,511627906976744 0,03286821705426346
2,6201550387596892 0,025440712029859203
2,728682170542635 0,019865058857306828
2,837209302325581 0,017993109388458217
2,9612403100775193 0,017970140683319036
3,0697674418604644 0,023505598621877732
3,1782945736434103 0,03274476026414008
3,271317829457364 0,041986792994544886
3,37984496124031 0,05307780648865923
3,4728682170542626 0,06787539477461957
3,550387596899225 0,08082400229687048
3,65891472868217 0,0937668676428366
3,767441860465116 0,10670973298880282
3,8604651162790695 0,1178036175710595
3,953488372093023 0,12889750215331608
4,062015503875968 0,13998851564743037
4,170542635658915 0,14922767728969277
4,294573643410852 0,15846396784381278
4,4186046511627906 0,16955211024978467
4,542635658914729 0,17878840080390468
4,651162790697674 0,1861757105943152
4,775193798449612 0,19170829744473156
4,89922480620155 0,19724088429514786
5,023255813953488 0,20092161929371233
5,1317829457364335 0,2046052253804192
5,271317829457364 0,2064312374389894
5,395348837209302 0,20826012058570198
5,51937984496124 0,20823715188056274
5,627906976744185 0,2100689061154178
5,736434108527131 0,21004880849842095
5,844961240310077 0,2100287108814241
5,953488372093023 0,21000861326442727
