4.373897707231039 0.9392033542976941
4.462081128747794 0.9392033542976941
4.567901234567902 0.9392033542976941
4.656084656084655 0.9371069182389938
4.761904761904761 0.9308176100628932
4.850088183421516 0.9224318658280923
4.93827160493827 0.9140461215932916
5.008818342151676 0.9035639412997905
5.061728395061728 0.8951781970649897
5.114638447971782 0.8867924528301888
5.167548500881834 0.8763102725366878
5.202821869488535 0.8658280922431867
5.2557319223985886 0.8553459119496857
5.291005291005291 0.8448637316561847
5.326278659611992 0.8322851153039834
5.343915343915343 0.8218029350104823
5.379188712522044 0.809224318658281
5.396825396825395 0.7966457023060798
5.414462081128747 0.7861635220125787
5.432098765432098 0.7735849056603774
5.449735449735449 0.7610062893081762
5.467372134038801 0.7505241090146753
5.5026455026455015 0.737945492662474
5.520282186948853 0.7253668763102727
5.537918871252204 0.708595387840671
5.555555555555555 0.6960167714884697
5.573192239858907 0.6813417190775682
5.6084656084656075 0.6666666666666667
5.626102292768959 0.6519916142557654
5.626102292768959 0.6373165618448638
5.64373897707231 0.6226415094339623
5.661375661375661 0.607966457023061
5.679012345679011 0.5932914046121595
5.696649029982362 0.5765199161425578
5.696649029982362 0.5618448637316563
5.7142857142857135 0.5471698113207548
5.731922398589065 0.5303983228511532
5.749559082892416 0.5115303983228513
5.767195767195767 0.4968553459119498
5.784832451499117 0.48008385744234816
5.784832451499117 0.4633123689727464
5.802469135802468 0.44444444444444453
5.82010582010582 0.42976939203354303
5.837742504409171 0.41090146750524126
5.85537918871252 0.3941299790356395
5.85537918871252 0.379454926624738
5.85537918871252 0.3626834381551364
5.890652557319223 0.3438155136268345
5.890652557319223 0.318658280922432
5.908289241622574 0.2997903563941301
5.925925925925926 0.27882599580712797
5.943562610229277 0.26205450733752633
5.961199294532626 0.2410901467505242
5.978835978835978 0.22012578616352207
6.01410934744268 0.2012578616352202
6.03174603174603 0.1823899371069183
6.049382716049381 0.16561844863731667
6.0670194003527325 0.15094339622641528
6.102292768959435 0.13417190775681354
6.119929453262786 0.1174004192872119
6.155202821869487 0.10062893081761015
6.19047619047619 0.08385744234800852
6.225749559082891 0.06708595387840677
6.261022927689593 0.05241090146750538
6.313932980599645 0.03773584905660399
6.384479717813049 0.027253668763102867
6.490299823633157 0.018867924528302105
6.613756613756612 0.018867924528302105
6.701940035273367 0.02096436058700224
6.790123456790122 0.03144654088050336
6.878306878306878 0.044025157232704504
6.966490299823633 0.058700209643606005
7.037037037037036 0.0733752620545075
7.10758377425044 0.09014675052410903
7.178130511463845 0.10482180293501053
7.231040564373897 0.12159329140461228
7.283950617283949 0.13626834381551378
7.319223985890652 0.15513626834381566
7.354497354497353 0.1719077568134173
7.4074074074074066 0.1907756813417193
7.442680776014107 0.20964360587002107
7.4955908289241595 0.22851153039832295
7.530864197530864 0.24528301886792458
7.548500881834215 0.26205450733752633
7.583774250440916 0.2809224318658282
7.619047619047619 0.2997903563941301
7.6543209876543195 0.32285115303983236
7.689594356261022 0.34171907756813424
7.707231040564372 0.3605870020964361
7.742504409171074 0.38574423480083864
7.777777777777775 0.4088050314465409
7.813051146384478 0.4318658280922434
7.848324514991182 0.4570230607966458
7.901234567901234 0.4821802935010483
7.936507936507935 0.5031446540880504
7.971781305114638 0.5262054507337528
8.007054673721338 0.5450733752620547
8.077601410934742 0.5890985324947591
8.042328042328041 0.5660377358490567
8.130511463844796 0.6100628930817611
8.165784832451497 0.6310272536687632
8.201058201058201 0.6540880503144655
8.253968253968253 0.6750524109014676
8.289241622574956 0.6939203354297695
8.359788359788359 0.7127882599580714
8.412698412698411 0.7358490566037738
8.483245149911815 0.758909853249476
8.571428571428571 0.779874213836478
8.659611992945324 0.8029350104821804
8.730158730158728 0.8238993710691825
8.835978835978834 0.8448637316561847
8.92416225749559 0.8637316561844866
9.029982363315694 0.8805031446540882
9.1358024691358 0.8951781970649897
9.223985890652557 0.9098532494758911
9.347442680776012 0.9224318658280923
9.470899470899468 0.928721174004193
9.576719576719576 0.9371069182389938
9.68253968253968 0.9392033542976941
9.770723104056435 0.9392033542976941
9.858906525573191 0.9392033542976941

7.724867724867723 0.3731656184486375
7.7601410934744255 0.40041928721174014
7.795414462081126 0.419287211740042
7.830687830687829 0.44444444444444453
7.883597883597883 0.4716981132075473
7.954144620811286 0.5157232704402517
