4.318181818181818 0.6846830723340791
4.454545454545455 0.6846586672090028
4.53030303030303 0.6846451088061827
4.636363636363637 0.6792569995254559
4.7272727272727275 0.6756613110975528
4.833333333333334 0.6720629109890855
4.924242424242424 0.6648878042166633
5 0.6577154091248052
5.090909090909091 0.6505403023523829
5.151515151515151 0.6415809097688293
5.212121212121212 0.6344112263575351
5.287878787878788 0.6254491220934175
5.348484848484849 0.6147000203376043
5.393939393939394 0.6039536302623552
5.4393939393939394 0.5949969493593654
5.46969696969697 0.5842532709646804
5.515151515151515 0.5752965900616908
5.545454545454545 0.5663426208392652
5.575757575757576 0.5555989424445801
5.621212121212121 0.5448525523693308
5.651515151515151 0.5341088739746458
5.681818181818182 0.5269446139244798
5.712121212121213 0.5126215171852756
5.757575757575758 0.4965059995932479
5.787878787878788 0.4821829028540438
5.8181818181818175 0.4678598061148397
5.863636363636363 0.451744288522812
5.878787878787878 0.4374239034641719
5.909090909090908 0.4248905158972273
5.93939393939394 0.41056741915802325
5.969696969696971 0.3962443224188191
5.984848484848485 0.389082774049217
6 0.3783418073350959
6.03030303030303 0.3640187105958918
6.045454545454546 0.34969832553725166
6.075757575757575 0.3371649379703071
6.1060606060606055 0.32463155040336245
6.121212121212121 0.312100874516982
6.136363636363636 0.3013599078028607
6.181818181818181 0.28882380855535217
6.196969696969696 0.2762931326689716
6.2272727272727275 0.26375974510202693
6.257575757575758 0.24943664836282287
6.272727272727273 0.23690597247644218
6.303030303030303 0.22616229408175725
6.318181818181818 0.21363161819537657
6.333333333333334 0.201100942308996
6.363636363636363 0.18856755474205145
6.3939393939393945 0.17603416717510678
6.409090909090908 0.16708290963324512
6.4393939393939394 0.15633923123856008
6.454545454545453 0.14559826452443891
6.484848484848484 0.13485458612975398
6.515151515151516 0.1205314893905498
6.545454545454547 0.10978781099586465
6.575757575757576 0.09725442342891999
6.6060606060606055 0.08472103586197544
6.651515151515152 0.07218493661446679
6.681818181818182 0.05965154904752212
6.727272727272727 0.05069486814453261
6.772727272727272 0.03994847806928348
6.8030303030303045 0.03278421801911735
6.8484848484848495 0.027406955460646643
6.8939393939393945 0.022029692902176046
6.969696969696969 0.020226425327096398
7.015151515151514 0.02200799945766385
7.0606060606060606 0.02736899193275033
7.106060606060607 0.036309402752355724
7.151515151515152 0.043460104399701605
7.181818181818182 0.0524032268998712
7.212121212121213 0.06313605857230009
7.242424242424242 0.07386889024472909
7.272727272727272 0.0846017219171582
7.303030303030303 0.09891397193410612
7.348484848484848 0.11143380109823053
7.378787878787879 0.12574605111517867
7.3939393939393945 0.14006101281269057
7.424242424242424 0.15258355365737908
7.454545454545455 0.1651060945020677
7.484848484848484 0.17941834451901562
7.515151515151516 0.19194088536370413
7.545454545454545 0.20804284455291167
7.575757575757576 0.2241448037421192
7.6060606060606055 0.23845705375906712
7.636363636363635 0.25455901294827465
7.651515151515152 0.26529455630126764
7.666666666666668 0.2724506813097418
7.696969696969697 0.28855264049894924
7.712121212121213 0.2957087655074232
7.727272727272728 0.3064443088604163
7.742424242424242 0.3243386889024472
7.742424242424242 0.3189695613856688
7.757575757575758 0.3314948139109213
7.787878787878787 0.3422276455833503
7.803030303030303 0.35296318893634326
7.818181818181818 0.36190902311707684
7.848484848484848 0.3708521456172463
7.863636363636363 0.3780082706257203
7.878787878787879 0.38874381397871327
7.893939393939393 0.39589993898718734
7.9393939393939394 0.41199918649583084
7.969696969696971 0.42810114568503826
8.015151515151516 0.4442003931936818
8.06060606060606 0.46029964070232526
8.09090909090909 0.46924276320249475
8.121212121212121 0.4763961765304047
8.15151515151515 0.4871290082028337
8.166666666666666 0.4942851332113077
8.212121212121211 0.5014358348586536
8.227272727272728 0.5085919598671277
8.272727272727273 0.5175323706867332
8.287878787878789 0.5246884956952071
8.333333333333334 0.5318391973425531
8.363636363636363 0.538992610670463
8.409090909090908 0.549722730662328
8.43939393939394 0.556876143990238
8.484848484848484 0.5658165548098435
8.515151515151516 0.5729699681377534
8.56060606060606 0.5837000881296184
8.590909090909092 0.5908535014575285
8.666666666666666 0.6051576164327842
8.727272727272727 0.6158850247440851
8.803030303030305 0.6266097213748221
8.863636363636363 0.6391268388583825
8.954545454545455 0.651638532980815
9.03030303030303 0.6623632296115518
9.121212121212121 0.6712955053894651
9.227272727272727 0.678435360314555
9.333333333333332 0.6855752152396448
9.43939393939394 0.6873459426479561
9.53030303030303 0.690909090909091
9.621212121212121 0.6908928208257068
9.696969696969697 0.6908792624228867
9.803030303030303 0.6908602806589385
9.863636363636363 0.6926391431089418
