Mott cross-section (Ioffe Inst. Sep 25 1997)

Atomic number of the target Z= 10


 33 theta-points ---->
 49 E-points
|
|
|
|
V
 theta [grad]=          .1            .5           1.0           2.0           3.0           4.0           5.0           6.0           7.0           8.0           9.0          10.0          15.0          20.0          25.0          30.0          35.0          40.0          45.0          50.0          60.0          70.0          80.0          90.0         100.0         110.0         120.0         130.0         140.0         150.0         160.0         170.0         180.0
      E [eV],                              Differential cross section [cm**2/str]                                                                                                                                                                                                                                                                                                                                                                                                               Total cross section [cm**2]
     .3000E+05     .1098E-14     .9751E-15     .6885E-15     .2413E-15     .8972E-16     .3908E-16     .1974E-16     .1090E-16     .6621E-17     .4147E-17     .2775E-17     .1916E-17     .4383E-18     .1497E-18     .6390E-19     .3221E-19     .1788E-19     .1088E-19     .6940E-20     .4733E-20     .2422E-20     .1396E-20     .8800E-21     .5969E-21     .4302E-21     .3257E-21     .2589E-21     .2134E-21     .1840E-21     .1636E-21     .1503E-21     .1429E-21     .1442E-21   |        .3958E-17
     .2900E+05     .1099E-14     .9791E-15     .6983E-15     .2495E-15     .9366E-16     .4089E-16     .2085E-16     .1148E-16     .6928E-17     .4408E-17     .2948E-17     .2009E-17     .4669E-18     .1581E-18     .6858E-19     .3434E-19     .1922E-19     .1153E-19     .7484E-20     .5024E-20     .2580E-20     .1491E-20     .9426E-21     .6382E-21     .4617E-21     .3491E-21     .2774E-21     .2293E-21     .1970E-21     .1754E-21     .1615E-21     .1542E-21     .1494E-21   |        .4086E-17
     .2800E+05     .1099E-14     .9822E-15     .7071E-15     .2584E-15     .9790E-16     .4302E-16     .2188E-16     .1220E-16     .7361E-17     .4641E-17     .3112E-17     .2152E-17     .4975E-18     .1691E-18     .7301E-19     .3658E-19     .2050E-19     .1238E-19     .7987E-20     .5374E-20     .2763E-20     .1596E-20     .1009E-20     .6843E-21     .4946E-21     .3749E-21     .2972E-21     .2469E-21     .2109E-21     .1888E-21     .1737E-21     .1652E-21     .1628E-21   |        .4225E-17
     .2700E+05     .1092E-14     .9802E-15     .7129E-15     .2672E-15     .1023E-15     .4530E-16     .2305E-16     .1285E-16     .7797E-17     .4919E-17     .3316E-17     .2280E-17     .5309E-18     .1807E-18     .7830E-19     .3916E-19     .2202E-19     .1322E-19     .8570E-20     .5766E-20     .2970E-20     .1718E-20     .1087E-20     .7372E-21     .5328E-21     .4040E-21     .3209E-21     .2659E-21     .2279E-21     .2025E-21     .1860E-21     .1779E-21     .1819E-21   |        .4361E-17
     .2600E+05     .1088E-14     .9802E-15     .7207E-15     .2766E-15     .1072E-15     .4772E-16     .2446E-16     .1358E-16     .8275E-17     .5285E-17     .3521E-17     .2428E-17     .5661E-18     .1946E-18     .8363E-19     .4238E-19     .2353E-19     .1429E-19     .9217E-20     .6217E-20     .3191E-20     .1855E-20     .1171E-20     .7978E-21     .5743E-21     .4360E-21     .3463E-21     .2868E-21     .2459E-21     .2200E-21     .2030E-21     .1921E-21     .2115E-21   |        .4513E-17
     .2500E+05     .1090E-14     .9854E-15     .7310E-15     .2871E-15     .1125E-15     .5037E-16     .2586E-16     .1453E-16     .8788E-17     .5585E-17     .3773E-17     .2610E-17     .6068E-18     .2092E-18     .9019E-19     .4551E-19     .2538E-19     .1540E-19     .9900E-20     .6724E-20     .3457E-20     .1997E-20     .1267E-20     .8619E-21     .6220E-21     .4724E-21     .3755E-21     .3106E-21     .2687E-21     .2365E-21     .2171E-21     .2080E-21     .2134E-21   |        .4687E-17
     .2400E+05     .1089E-14     .9873E-15     .7396E-15     .2978E-15     .1181E-15     .5332E-16     .2738E-16     .1536E-16     .9392E-17     .5983E-17     .4034E-17     .2789E-17     .6519E-18     .2253E-18     .9730E-19     .4918E-19     .2747E-19     .1664E-19     .1078E-19     .7283E-20     .3753E-20     .2173E-20     .1375E-20     .9333E-21     .6752E-21     .5127E-21     .4063E-21     .3370E-21     .2911E-21     .2569E-21     .2370E-21     .2277E-21     .2286E-21   |        .4866E-17
     .2300E+05     .1086E-14     .9878E-15     .7469E-15     .3091E-15     .1244E-15     .5650E-16     .2926E-16     .1642E-16     .1001E-16     .6443E-17     .4329E-17     .2990E-17     .7065E-18     .2444E-18     .1053E-18     .5324E-19     .2981E-19     .1804E-19     .1167E-19     .7918E-20     .4075E-20     .2364E-20     .1496E-20     .1020E-20     .7343E-21     .5576E-21     .4441E-21     .3679E-21     .3172E-21     .2800E-21     .2602E-21     .2541E-21     .2882E-21   |        .5062E-17
     .2200E+05     .1103E-14     .1003E-14     .7607E-15     .3233E-15     .1317E-15     .6033E-16     .3118E-16     .1780E-16     .1074E-16     .6851E-17     .4623E-17     .3225E-17     .7632E-18     .2645E-18     .1146E-18     .5810E-19     .3239E-19     .1973E-19     .1271E-19     .8632E-20     .4435E-20     .2574E-20     .1637E-20     .1112E-20     .8023E-21     .6096E-21     .4879E-21     .4008E-21     .3515E-21     .3237E-21     .2856E-21     .2714E-21     .2762E-21   |        .5307E-17
     .2100E+05     .1109E-14     .1010E-14     .7699E-15     .3342E-15     .1389E-15     .6430E-16     .3328E-16     .1862E-16     .1161E-16     .7438E-17     .4997E-17     .3482E-17     .8318E-18     .2882E-18     .1254E-18     .6330E-19     .3542E-19     .2161E-19     .1386E-19     .9445E-20     .4866E-20     .2830E-20     .1795E-20     .1224E-20     .8883E-21     .6700E-21     .5365E-21     .4442E-21     .3819E-21     .3455E-21     .3233E-21     .3173E-21     .3057E-21   |        .5529E-17
     .2000E+05     .1108E-14     .1012E-14     .7783E-15     .3455E-15     .1463E-15     .6770E-16     .3612E-16     .2034E-16     .1238E-16     .7988E-17     .5440E-17     .3795E-17     .9055E-18     .3131E-18     .1374E-18     .6925E-19     .3885E-19     .2368E-19     .1527E-19     .1037E-19     .5350E-20     .3112E-20     .1977E-20     .1346E-20     .9787E-21     .7411E-21     .6017E-21     .4922E-21     .4196E-21     .3834E-21     .3446E-21     .3252E-21     .2914E-21   |        .5768E-17
     .1900E+05     .1119E-14     .1026E-14     .7960E-15     .3610E-15     .1567E-15     .7255E-16     .3816E-16     .2200E-16     .1354E-16     .8697E-17     .5913E-17     .4113E-17     .9866E-18     .3467E-18     .1509E-18     .7672E-19     .4298E-19     .2611E-19     .1693E-19     .1147E-19     .5922E-20     .3448E-20     .2188E-20     .1493E-20     .1083E-20     .8297E-21     .6567E-21     .5471E-21     .4657E-21     .4198E-21     .3879E-21     .3832E-21     .3840E-21   |        .6075E-17
     .1800E+05     .1126E-14     .1036E-14     .8112E-15     .3752E-15     .1663E-15     .7897E-16     .4140E-16     .2365E-16     .1464E-16     .9474E-17     .6417E-17     .4511E-17     .1086E-17     .3832E-18     .1672E-18     .8454E-19     .4761E-19     .2903E-19     .1874E-19     .1276E-19     .6596E-20     .3835E-20     .2435E-20     .1669E-20     .1203E-20     .9171E-21     .7349E-21     .6092E-21     .5289E-21     .4617E-21     .4323E-21     .4132E-21     .4487E-21   |        .6402E-17
     .1700E+05     .1133E-14     .1047E-14     .8279E-15     .3922E-15     .1755E-15     .8473E-16     .4512E-16     .2583E-16     .1594E-16     .1037E-16     .7077E-17     .4963E-17     .1201E-17     .4241E-18     .1861E-18     .9421E-19     .5321E-19     .3237E-19     .2094E-19     .1426E-19     .7375E-20     .4295E-20     .2736E-20     .1864E-20     .1345E-20     .1037E-20     .8260E-21     .6883E-21     .5950E-21     .5303E-21     .4903E-21     .4548E-21     .4864E-21   |        .6762E-17
     .1600E+05     .1132E-14     .1050E-14     .8412E-15     .4114E-15     .1871E-15     .9104E-16     .4894E-16     .2830E-16     .1757E-16     .1141E-16     .7724E-17     .5456E-17     .1332E-17     .4732E-18     .2083E-18     .1057E-18     .5960E-19     .3639E-19     .2356E-19     .1600E-19     .8309E-20     .4843E-20     .3085E-20     .2109E-20     .1533E-20     .1164E-20     .9269E-21     .7750E-21     .6661E-21     .5908E-21     .5611E-21     .5291E-21     .4825E-21   |        .7160E-17
     .1500E+05     .1129E-14     .1053E-14     .8546E-15     .4323E-15     .2012E-15     .9881E-16     .5330E-16     .3111E-16     .1924E-16     .1264E-16     .8576E-17     .6081E-17     .1497E-17     .5294E-18     .2340E-18     .1192E-18     .6746E-19     .4122E-19     .2671E-19     .1816E-19     .9436E-20     .5497E-20     .3509E-20     .2398E-20     .1736E-20     .1331E-20     .1056E-20     .8780E-21     .7641E-21     .6891E-21     .6226E-21     .5992E-21     .5707E-21   |        .7621E-17
     .1400E+05     .1124E-14     .1052E-14     .8649E-15     .4526E-15     .2162E-15     .1079E-15     .5847E-16     .3436E-16     .2131E-16     .1405E-16     .9593E-17     .6803E-17     .1688E-17     .6027E-18     .2659E-18     .1357E-18     .7678E-19     .4702E-19     .3049E-19     .2077E-19     .1080E-19     .6312E-20     .4029E-20     .2754E-20     .2003E-20     .1533E-20     .1221E-20     .1027E-20     .8789E-21     .7830E-21     .7283E-21     .7128E-21     .7471E-21   |        .8130E-17
     .1300E+05     .1117E-14     .1051E-14     .8750E-15     .4740E-15     .2325E-15     .1184E-15     .6455E-16     .3817E-16     .2383E-16     .1575E-16     .1076E-16     .7598E-17     .1912E-17     .6871E-18     .3049E-18     .1563E-18     .8855E-19     .5422E-19     .3521E-19     .2401E-19     .1250E-19     .7308E-20     .4684E-20     .3208E-20     .2335E-20     .1779E-20     .1412E-20     .1184E-20     .1012E-20     .9292E-21     .8427E-21     .7993E-21     .8497E-21   |        .8704E-17
     .1200E+05     .1112E-14     .1051E-14     .8868E-15     .4981E-15     .2507E-15     .1302E-15     .7183E-16     .4271E-16     .2677E-16     .1770E-16     .1218E-16     .8600E-17     .2188E-17     .7900E-18     .3525E-18     .1810E-18     .1029E-18     .6306E-19     .4107E-19     .2803E-19     .1461E-19     .8552E-20     .5471E-20     .3761E-20     .2744E-20     .2089E-20     .1687E-20     .1394E-20     .1206E-20     .1091E-20     .9951E-21     .9666E-21     .9330E-21   |        .9376E-17
     .1100E+05     .1106E-14     .1050E-14     .8977E-15     .5239E-15     .2718E-15     .1439E-15     .8032E-16     .4815E-16     .3042E-16     .2013E-16     .1392E-16     .9870E-17     .2541E-17     .9230E-18     .4143E-18     .2132E-18     .1213E-18     .7454E-19     .4857E-19     .3321E-19     .1737E-19     .1019E-19     .6524E-20     .4477E-20     .3269E-20     .2499E-20     .2004E-20     .1684E-20     .1443E-20     .1299E-20     .1193E-20     .1143E-20     .1136E-20   |        .1017E-16
     .1000E+05     .1099E-14     .1048E-14     .9078E-15     .5510E-15     .2957E-15     .1602E-15     .9078E-16     .5477E-16     .3485E-16     .2314E-16     .1608E-16     .1147E-16     .2981E-17     .1093E-17     .4910E-18     .2538E-18     .1450E-18     .8934E-19     .5834E-19     .3993E-19     .2094E-19     .1233E-19     .7879E-20     .5434E-20     .3970E-20     .3042E-20     .2446E-20     .2030E-20     .1760E-20     .1581E-20     .1450E-20     .1411E-20     .1340E-20   |        .1111E-16
     .9000E+04     .1091E-14     .1045E-14     .9175E-15     .5805E-15     .3233E-15     .1795E-15     .1034E-15     .6290E-16     .4041E-16     .2698E-16     .1877E-16     .1349E-16     .3546E-17     .1309E-17     .5926E-18     .3084E-18     .1767E-18     .1091E-18     .7138E-19     .4894E-19     .2574E-19     .1518E-19     .9734E-20     .6724E-20     .4910E-20     .3785E-20     .3038E-20     .2522E-20     .2177E-20     .1982E-20     .1816E-20     .1770E-20     .1667E-20   |        .1224E-16
     .8000E+04     .1083E-14     .1043E-14     .9281E-15     .6124E-15     .3551E-15     .2028E-15     .1192E-15     .7334E-16     .4754E-16     .3199E-16     .2229E-16     .1609E-16     .4286E-17     .1602E-17     .7320E-18     .3820E-18     .2200E-18     .1361E-18     .8935E-19     .6145E-19     .3242E-19     .1913E-19     .1236E-19     .8525E-20     .6218E-20     .4794E-20     .3865E-20     .3227E-20     .2808E-20     .2492E-20     .2331E-20     .2228E-20     .2220E-20   |        .1365E-16
     .7000E+04     .1074E-14     .1038E-14     .9365E-15     .6457E-15     .3913E-15     .2310E-15     .1391E-15     .8685E-16     .5680E-16     .3859E-16     .2702E-16     .1956E-16     .5306E-17     .2010E-17     .9238E-18     .4864E-18     .2811E-18     .1748E-18     .1151E-18     .7942E-19     .4211E-19     .2495E-19     .1610E-19     .1113E-19     .8178E-20     .6315E-20     .5110E-20     .4272E-20     .3694E-20     .3319E-20     .3090E-20     .2966E-20     .3197E-20   |        .1542E-16
     .6000E+04     .1065E-14     .1034E-14     .9450E-15     .6804E-15     .4336E-15     .2663E-15     .1648E-15     .1047E-15     .6928E-16     .4757E-16     .3357E-16     .2440E-16     .6767E-17     .2590E-17     .1206E-17     .6391E-18     .3721E-18     .2326E-18     .1537E-18     .1064E-18     .5674E-19     .3376E-19     .2188E-19     .1525E-19     .1115E-19     .8692E-20     .6982E-20     .5842E-20     .5103E-20     .4621E-20     .4210E-20     .4081E-20     .4029E-20   |        .1774E-16
     .5000E+04     .1057E-14     .1031E-14     .9545E-15     .7189E-15     .4824E-15     .3100E-15     .1991E-15     .1298E-15     .8694E-16     .6032E-16     .4310E-16     .3151E-16     .8919E-17     .3483E-17     .1640E-17     .8782E-18     .5155E-18     .3245E-18     .2158E-18     .1502E-18     .8088E-19     .4849E-19     .3145E-19     .2204E-19     .1634E-19     .1259E-19     .1020E-19     .8570E-20     .7443E-20     .6707E-20     .6270E-20     .6102E-20     .5438E-20   |        .2093E-16
     .4000E+04     .1045E-14     .1024E-14     .9621E-15     .7611E-15     .5412E-15     .3653E-15     .2441E-15     .1646E-15     .1129E-15     .7947E-16     .5750E-16     .4253E-16     .1239E-16     .4928E-17     .2362E-17     .1281E-17     .7605E-18     .4833E-18     .3237E-18     .2271E-18     .1235E-18     .7480E-19     .4910E-19     .3469E-19     .2560E-19     .2003E-19     .1613E-19     .1379E-19     .1181E-19     .1080E-19     .9864E-20     .9638E-20     .9289E-20   |        .2555E-16
     .3000E+04     .1016E-14     .1001E-14     .9541E-15     .7957E-15     .6059E-15     .4369E-15     .3081E-15     .2170E-15     .1540E-15     .1109E-15     .8145E-16     .6111E-16     .1855E-16     .7565E-17     .3698E-17     .2041E-17     .1231E-17     .7932E-18     .5380E-18     .3808E-18     .2113E-18     .1305E-18     .8671E-19     .6150E-19     .4605E-19     .3630E-19     .2978E-19     .2501E-19     .2195E-19     .1994E-19     .1871E-19     .1757E-19     .1681E-19   |        .3280E-16
     .2000E+04     .9676E-15     .9575E-15     .9268E-15     .8170E-15     .6719E-15     .5255E-15     .3987E-15     .2985E-15     .2229E-15     .1672E-15     .1265E-15     .9696E-16     .3131E-16     .1321E-16     .6643E-17     .3759E-17     .2317E-17     .1524E-17     .1055E-17     .7611E-18     .4359E-18     .2757E-18     .1886E-18     .1370E-18     .1048E-18     .8388E-19     .6956E-19     .5984E-19     .5303E-19     .4842E-19     .4523E-19     .4348E-19     .4072E-19   |        .4595E-16
     .1000E+04     .8685E-15     .8635E-15     .8488E-15     .7930E-15     .7111E-15     .6157E-15     .5186E-15     .4281E-15     .3489E-15     .2823E-15     .2277E-15     .1837E-15     .6801E-16     .3024E-16     .1578E-16     .9227E-17     .5880E-17     .3998E-17     .2853E-17     .2125E-17     .1304E-17     .8846E-18     .6423E-18     .5006E-18     .4034E-18     .3407E-18     .2967E-18     .2645E-18     .2435E-18     .2271E-18     .2174E-18     .2119E-18     .2094E-18   |        .7827E-16
     .8000E+03     .8306E-15     .8267E-15     .8152E-15     .7712E-15     .7050E-15     .6254E-15     .5410E-15     .4588E-15     .3837E-15     .3179E-15     .2622E-15     .2156E-15     .8442E-16     .3829E-16     .2012E-16     .1186E-16     .7602E-17     .5201E-17     .3750E-17     .2817E-17     .1761E-17     .1221E-17     .9122E-18     .7268E-18     .6057E-18     .5234E-18     .4667E-18     .4266E-18     .3981E-18     .3783E-18     .3652E-18     .3577E-18     .3555E-18   |        .9172E-16
     .6000E+03     .7800E-15     .7774E-15     .7690E-15     .7368E-15     .6871E-15     .6254E-15     .5570E-15     .4873E-15     .4202E-15     .3586E-15     .3039E-15     .2562E-15     .1090E-15     .5091E-16     .2701E-16     .1599E-16     .1031E-16     .7094E-17     .5145E-17     .3895E-17     .2483E-17     .1767E-17     .1369E-17     .1132E-17     .9833E-18     .8874E-18     .8230E-18     .7791E-18     .7493E-18     .7296E-18     .7168E-18     .7104E-18     .7114E-18   |        .1116E-15
     .4000E+03     .7073E-15     .7055E-15     .7003E-15     .6797E-15     .6473E-15     .6054E-15     .5571E-15     .5051E-15     .4523E-15     .4007E-15     .3521E-15     .3072E-15     .1488E-15     .7369E-16     .3983E-16     .2367E-16     .1525E-16     .1051E-16     .7613E-17     .5769E-17     .3697E-17     .2686E-17     .2170E-17     .1906E-17     .1782E-17     .1736E-17     .1736E-17     .1757E-17     .1788E-17     .1821E-17     .1849E-17     .1865E-17     .1880E-17   |        .1452E-15
     .3500E+03     .6833E-15     .6818E-15     .6773E-15     .6596E-15     .6317E-15     .5951E-15     .5525E-15     .5058E-15     .4578E-15     .4099E-15     .3641E-15     .3212E-15     .1627E-15     .8258E-16     .4505E-16     .2683E-16     .1728E-16     .1188E-16     .8595E-17     .6484E-17     .4129E-17     .2996E-17     .2440E-17     .2188E-17     .2104E-17     .2116E-17     .2179E-17     .2267E-17     .2359E-17     .2443E-17     .2511E-17     .2553E-17     .2565E-17   |        .1579E-15
     .3000E+03     .6558E-15     .6546E-15     .6509E-15     .6360E-15     .6124E-15     .5813E-15     .5444E-15     .5037E-15     .4609E-15     .4177E-15     .3753E-15     .3349E-15     .1786E-15     .9365E-16     .5179E-16     .3094E-16     .1994E-16     .1367E-16     .9867E-17     .7414E-17     .4657E-17     .3348E-17     .2735E-17     .2504E-17     .2493E-17     .2610E-17     .2796E-17     .3012E-17     .3219E-17     .3415E-17     .3552E-17     .3655E-17     .3659E-17   |        .1737E-15
     .2500E+03     .6247E-15     .6236E-15     .6205E-15     .6083E-15     .5887E-15     .5628E-15     .5318E-15     .4972E-15     .4600E-15     .4222E-15     .3843E-15     .3476E-15     .1970E-15     .1076E-15     .6077E-16     .3661E-16     .2362E-16     .1616E-16     .1162E-16     .8700E-17     .5337E-17     .3741E-17     .3021E-17     .2821E-17     .2939E-17     .3252E-17     .3679E-17     .4143E-17     .4605E-17     .5010E-17     .5318E-17     .5514E-17     .5580E-17   |        .1941E-15
     .2000E+03     .5837E-15     .5829E-15     .5805E-15     .5711E-15     .5561E-15     .5359E-15     .5115E-15     .4836E-15     .4533E-15     .4217E-15     .3893E-15     .3574E-15     .2174E-15     .1255E-15     .7317E-16     .4478E-16     .2908E-16     .1997E-16     .1432E-16     .1064E-16     .6351E-17     .4205E-17     .3248E-17     .3048E-17     .3375E-17     .4055E-17     .4966E-17     .5963E-17     .6967E-17     .7854E-17     .8542E-17     .8986E-17     .9126E-17   |        .2216E-15
     .1500E+03     .5301E-15     .5297E-15     .5279E-15     .5213E-15     .5106E-15     .4961E-15     .4782E-15     .4576E-15     .4348E-15     .4105E-15     .3850E-15     .3592E-15     .2377E-15     .1476E-15     .9066E-16     .5723E-16     .3786E-16     .2630E-16     .1904E-16     .1418E-16     .8248E-17     .4985E-17     .3343E-17     .2935E-17     .3518E-17     .4888E-17     .6818E-17     .9062E-17     .1136E-16     .1346E-16     .1514E-16     .1624E-16     .1655E-16   |        .2616E-15
     .1000E+03     .4496E-15     .4493E-15     .4484E-15     .4444E-15     .4380E-15     .4292E-15     .4181E-15     .4052E-15     .3905E-15     .3746E-15     .3576E-15     .3398E-15     .2487E-15     .1704E-15     .1136E-15     .7629E-16     .5283E-16     .3814E-16     .2862E-16     .2204E-16     .1329E-16     .7520E-17     .3776E-17     .2065E-17     .2474E-17     .4927E-17     .9107E-17     .1449E-16     .2035E-16     .2599E-16     .3060E-16     .3369E-16     .3470E-16   |        .3257E-15
     .5000E+02     .2871E-15     .2869E-15     .2865E-15     .2851E-15     .2827E-15     .2793E-15     .2753E-15     .2702E-15     .2645E-15     .2581E-15     .2513E-15     .2437E-15     .2018E-15     .1588E-15     .1219E-15     .9335E-16     .7307E-16     .5933E-16     .4997E-16     .4318E-16     .3257E-16     .2237E-16     .1229E-16     .4211E-17     .1746E-18     .1690E-17     .9113E-17     .2162E-16     .3724E-16     .5364E-16     .6771E-16     .7736E-16     .8105E-16   |        .4378E-15
     .4500E+02     .2596E-15     .2595E-15     .2592E-15     .2580E-15     .2560E-15     .2534E-15     .2498E-15     .2457E-15     .2410E-15     .2356E-15     .2298E-15     .2234E-15     .1877E-15     .1506E-15     .1180E-15     .9251E-16     .7416E-16     .6162E-16     .5306E-16     .4679E-16     .3661E-16     .2613E-16     .1509E-16     .5738E-17     .5340E-18     .1328E-17     .8685E-17     .2185E-16     .3877E-16     .5649E-16     .7220E-16     .8281E-16     .8637E-16   |        .4523E-15
     .4000E+02     .2293E-15     .2292E-15     .2290E-15     .2280E-15     .2264E-15     .2243E-15     .2214E-15     .2182E-15     .2143E-15     .2100E-15     .2052E-15     .2001E-15     .1709E-15     .1400E-15     .1125E-15     .9057E-16     .7468E-16     .6378E-16     .5632E-16     .5080E-16     .4134E-16     .3066E-16     .1865E-16     .7917E-17     .1320E-17     .1122E-17     .8169E-17     .2177E-16     .3976E-16     .5884E-16     .7593E-16     .8749E-16     .9137E-16   |        .4671E-15
     .3500E+02     .1959E-15     .1959E-15     .1956E-15     .1949E-15     .1937E-15     .1921E-15     .1900E-15     .1874E-15     .1845E-15     .1812E-15     .1776E-15     .1737E-15     .1511E-15     .1269E-15     .1050E-15     .8743E-16     .7459E-16     .6579E-16     .5980E-16     .5528E-16     .4679E-16     .3607E-16     .2317E-16     .1089E-16     .2704E-17     .1199E-17     .7602E-17     .2122E-16     .3989E-16     .6023E-16     .7818E-16     .9075E-16     .9541E-16   |        .4819E-15
     .3000E+02     .1605E-15     .1605E-15     .1603E-15     .1597E-15     .1590E-15     .1578E-15     .1563E-15     .1545E-15     .1524E-15     .1502E-15     .1476E-15     .1448E-15     .1289E-15     .1116E-15     .9587E-16     .8319E-16     .7398E-16     .6774E-16     .6354E-16     .6027E-16     .5309E-16     .4242E-16     .2869E-16     .1486E-16     .4849E-17     .1721E-17     .6952E-17     .2013E-16     .3883E-16     .5960E-16     .7850E-16     .9141E-16     .9590E-16   |        .4967E-15
     .2500E+02     .1249E-15     .1249E-15     .1248E-15     .1245E-15     .1240E-15     .1233E-15     .1224E-15     .1213E-15     .1201E-15     .1187E-15     .1172E-15     .1155E-15     .1059E-15     .9553E-16     .8610E-16     .7863E-16     .7341E-16     .7006E-16     .6783E-16     .6591E-16     .6014E-16     .4960E-16     .3509E-16     .1983E-16     .7906E-17     .2829E-17     .6332E-17     .1816E-16     .3616E-16     .5650E-16     .7505E-16     .8820E-16     .9302E-16   |        .5115E-15
     .2000E+02     .9432E-16     .9430E-16     .9427E-16     .9414E-16     .9392E-16     .9362E-16     .9323E-16     .9277E-16     .9223E-16     .9162E-16     .9096E-16     .9025E-16     .8616E-16     .8190E-16     .7826E-16     .7569E-16     .7426E-16     .7362E-16     .7325E-16     .7249E-16     .6770E-16     .5710E-16     .4193E-16     .2545E-16     .1176E-16     .4559E-17     .5775E-17     .1533E-16     .3126E-16     .4987E-16     .6710E-16     .7950E-16     .8407E-16   |        .5271E-15
     .1500E+02     .7736E-16     .7736E-16     .7736E-16     .7735E-16     .7733E-16     .7730E-16     .7726E-16     .7721E-16     .7717E-16     .7711E-16     .7706E-16     .7701E-16     .7680E-16     .7686E-16     .7730E-16     .7814E-16     .7920E-16     .8015E-16     .8061E-16     .8018E-16     .7520E-16     .6397E-16     .4805E-16     .3075E-16     .1587E-16     .6701E-17     .5276E-17     .1159E-16     .2390E-16     .3925E-16     .5380E-16     .6394E-16     .6752E-16   |        .5452E-15
     .1000E+02     .8594E-16     .8594E-16     .8594E-16     .8597E-16     .8601E-16     .8607E-16     .8615E-16     .8625E-16     .8635E-16     .8649E-16     .8662E-16     .8677E-16     .8774E-16     .8892E-16     .9013E-16     .9117E-16     .9180E-16     .9178E-16     .9087E-16     .8886E-16     .8102E-16     .6800E-16     .5133E-16     .3388E-16     .1879E-16     .8568E-17     .4681E-17     .7235E-17     .1482E-16     .2502E-16     .3516E-16     .4265E-16     .4542E-16   |        .5662E-15
     .5000E+01     .1196E-15     .1196E-15     .1196E-15     .1196E-15     .1195E-15     .1195E-15     .1194E-15     .1193E-15     .1192E-15     .1191E-15     .1190E-15     .1188E-15     .1178E-15     .1163E-15     .1143E-15     .1116E-15     .1082E-15     .1041E-15     .9924E-16     .9357E-16     .8008E-16     .6440E-16     .4787E-16     .3215E-16     .1888E-16     .9336E-17     .4123E-17     .3096E-17     .5380E-17     .9591E-17     .1413E-16     .1754E-16     .1880E-16   |        .5653E-15
