Mott cross-section (Ioffe Inst. Oct 18 1997)

Atomic number of the target Z= 80


 33 theta-points ---->
 49 E-points
|
|
|
|
V
 theta [grad]=          .1            .5           1.0           2.0           3.0           4.0           5.0           6.0           7.0           8.0           9.0          10.0          15.0          20.0          25.0          30.0          35.0          40.0          45.0          50.0          60.0          70.0          80.0          90.0         100.0         110.0         120.0         130.0         140.0         150.0         160.0         170.0         180.0
      E [eV],                              Differential cross section [cm**2/str]                                                                                                                                                                                                                                                                                                                                                                                                               Total cross section [cm**2]
     .3000E+05     .1246E-13     .1103E-13     .7774E-14     .2871E-14     .1119E-14     .5182E-15     .2753E-15     .1613E-15     .1016E-15     .6783E-16     .4727E-16     .3419E-16     .9843E-17     .4008E-17     .1968E-17     .1088E-17     .6554E-18     .4231E-18     .2885E-18     .2067E-18     .1199E-18     .7893E-19     .5750E-19     .4557E-19     .3873E-19     .3469E-19     .3237E-19     .3090E-19     .3021E-19     .2991E-19     .2973E-19     .2960E-19     .3096E-19   |        .5157E-16
     .2900E+05     .1236E-13     .1097E-13     .7809E-14     .2933E-14     .1151E-14     .5343E-15     .2841E-15     .1666E-15     .1051E-15     .7010E-16     .4888E-16     .3549E-16     .1023E-16     .4186E-17     .2059E-17     .1142E-17     .6901E-18     .4453E-18     .3047E-18     .2183E-18     .1261E-18     .8291E-19     .6044E-19     .4797E-19     .4077E-19     .3673E-19     .3439E-19     .3299E-19     .3242E-19     .3212E-19     .3197E-19     .3190E-19     .3152E-19   |        .5267E-16
     .2800E+05     .1225E-13     .1091E-13     .7841E-14     .2999E-14     .1186E-14     .5513E-15     .2935E-15     .1724E-15     .1088E-15     .7265E-16     .5072E-16     .3673E-16     .1065E-16     .4375E-17     .2158E-17     .1198E-17     .7249E-18     .4690E-18     .3202E-18     .2293E-18     .1327E-18     .8725E-19     .6352E-19     .5067E-19     .4320E-19     .3879E-19     .3649E-19     .3536E-19     .3471E-19     .3460E-19     .3455E-19     .3442E-19     .3480E-19   |        .5382E-16
     .2700E+05     .1212E-13     .1083E-13     .7860E-14     .3066E-14     .1222E-14     .5696E-15     .3035E-15     .1783E-15     .1126E-15     .7532E-16     .5253E-16     .3816E-16     .1109E-16     .4575E-17     .2264E-17     .1261E-17     .7642E-18     .4946E-18     .3385E-18     .2429E-18     .1401E-18     .9193E-19     .6686E-19     .5330E-19     .4550E-19     .4135E-19     .3907E-19     .3789E-19     .3743E-19     .3734E-19     .3729E-19     .3734E-19     .3771E-19   |        .5501E-16
     .2600E+05     .1200E-13     .1076E-13     .7881E-14     .3137E-14     .1260E-14     .5890E-15     .3143E-15     .1849E-15     .1169E-15     .7809E-16     .5461E-16     .3967E-16     .1156E-16     .4787E-17     .2378E-17     .1329E-17     .8073E-18     .5237E-18     .3583E-18     .2571E-18     .1481E-18     .9709E-19     .7076E-19     .5635E-19     .4836E-19     .4405E-19     .4183E-19     .4084E-19     .4046E-19     .4044E-19     .4053E-19     .4066E-19     .4072E-19   |        .5629E-16
     .2500E+05     .1189E-13     .1070E-13     .7909E-14     .3212E-14     .1301E-14     .6099E-15     .3258E-15     .1919E-15     .1214E-15     .8123E-16     .5672E-16     .4122E-16     .1207E-16     .5012E-17     .2502E-17     .1403E-17     .8548E-18     .5556E-18     .3807E-18     .2730E-18     .1570E-18     .1026E-18     .7478E-19     .5956E-19     .5137E-19     .4694E-19     .4484E-19     .4395E-19     .4378E-19     .4395E-19     .4418E-19     .4433E-19     .4474E-19   |        .5767E-16
     .2400E+05     .1177E-13     .1063E-13     .7927E-14     .3290E-14     .1344E-14     .6324E-15     .3381E-15     .1994E-15     .1262E-15     .8451E-16     .5904E-16     .4298E-16     .1261E-16     .5261E-17     .2636E-17     .1483E-17     .9057E-18     .5907E-18     .4046E-18     .2905E-18     .1670E-18     .1089E-18     .7906E-19     .6323E-19     .5443E-19     .5028E-19     .4802E-19     .4746E-19     .4761E-19     .4793E-19     .4834E-19     .4858E-19     .4891E-19   |        .5912E-16
     .2300E+05     .1164E-13     .1055E-13     .7939E-14     .3369E-14     .1391E-14     .6566E-15     .3515E-15     .2074E-15     .1314E-15     .8797E-16     .6159E-16     .4485E-16     .1317E-16     .5522E-17     .2781E-17     .1570E-17     .9639E-18     .6293E-18     .4320E-18     .3102E-18     .1777E-18     .1159E-18     .8422E-19     .6722E-19     .5828E-19     .5365E-19     .5186E-19     .5146E-19     .5179E-19     .5245E-19     .5304E-19     .5349E-19     .5337E-19   |        .6066E-16
     .2200E+05     .1155E-13     .1050E-13     .7969E-14     .3455E-14     .1443E-14     .6831E-15     .3662E-15     .2162E-15     .1372E-15     .9195E-16     .6442E-16     .4682E-16     .1380E-16     .5802E-17     .2939E-17     .1669E-17     .1025E-17     .6694E-18     .4603E-18     .3309E-18     .1903E-18     .1235E-18     .8950E-19     .7132E-19     .6205E-19     .5740E-19     .5610E-19     .5605E-19     .5675E-19     .5753E-19     .5851E-19     .5935E-19     .5841E-19   |        .6238E-16
     .2100E+05     .1143E-13     .1043E-13     .7985E-14     .3536E-14     .1496E-14     .7113E-15     .3816E-15     .2256E-15     .1431E-15     .9591E-16     .6736E-16     .4896E-16     .1446E-16     .6115E-17     .3111E-17     .1772E-17     .1093E-17     .7195E-18     .4943E-18     .3552E-18     .2040E-18     .1319E-18     .9562E-19     .7644E-19     .6648E-19     .6218E-19     .6069E-19     .6127E-19     .6226E-19     .6367E-19     .6482E-19     .6563E-19     .6557E-19   |        .6413E-16
     .2000E+05     .1129E-13     .1033E-13     .7990E-14     .3619E-14     .1552E-14     .7404E-15     .3990E-15     .2359E-15     .1500E-15     .1006E-15     .7058E-16     .5121E-16     .1521E-16     .6464E-17     .3299E-17     .1888E-17     .1169E-17     .7690E-18     .5318E-18     .3826E-18     .2195E-18     .1418E-18     .1026E-18     .8158E-19     .7132E-19     .6707E-19     .6619E-19     .6698E-19     .6871E-19     .7046E-19     .7216E-19     .7335E-19     .7222E-19   |        .6599E-16
     .1900E+05     .1117E-13     .1027E-13     .8017E-14     .3715E-14     .1618E-14     .7738E-15     .4172E-15     .2472E-15     .1572E-15     .1055E-15     .7411E-16     .5388E-16     .1603E-16     .6827E-17     .3503E-17     .2015E-17     .1253E-17     .8287E-18     .5743E-18     .4132E-18     .2370E-18     .1530E-18     .1098E-18     .8735E-19     .7686E-19     .7244E-19     .7226E-19     .7374E-19     .7623E-19     .7893E-19     .8075E-19     .8197E-19     .8501E-19   |        .6812E-16
     .1800E+05     .1104E-13     .1018E-13     .8030E-14     .3807E-14     .1685E-14     .8123E-15     .4381E-15     .2598E-15     .1652E-15     .1110E-15     .7803E-16     .5674E-16     .1691E-16     .7225E-17     .3729E-17     .2155E-17     .1348E-17     .8929E-18     .6202E-18     .4481E-18     .2574E-18     .1657E-18     .1183E-18     .9426E-19     .8279E-19     .7875E-19     .7906E-19     .8157E-19     .8488E-19     .8846E-19     .9099E-19     .9308E-19     .9181E-19   |        .7038E-16
     .1700E+05     .1090E-13     .1009E-13     .8043E-14     .3907E-14     .1754E-14     .8519E-15     .4611E-15     .2735E-15     .1742E-15     .1171E-15     .8222E-16     .5992E-16     .1788E-16     .7672E-17     .3978E-17     .2311E-17     .1452E-17     .9675E-18     .6742E-18     .4876E-18     .2808E-18     .1800E-18     .1280E-18     .1015E-18     .8931E-19     .8574E-19     .8691E-19     .9055E-19     .9517E-19     .9972E-19     .1037E-18     .1060E-18     .1076E-18   |        .7283E-16
     .1600E+05     .1073E-13     .9972E-14     .8042E-14     .4014E-14     .1833E-14     .8955E-15     .4863E-15     .2888E-15     .1840E-15     .1239E-15     .8710E-16     .6352E-16     .1895E-16     .8173E-17     .4253E-17     .2483E-17     .1570E-17     .1049E-17     .7356E-18     .5331E-18     .3079E-18     .1971E-18     .1396E-18     .1100E-18     .9705E-19     .9366E-19     .9600E-19     .1012E-18     .1076E-18     .1136E-18     .1181E-18     .1215E-18     .1221E-18   |        .7551E-16
     .1500E+05     .1054E-13     .9842E-14     .8029E-14     .4126E-14     .1919E-14     .9448E-15     .5145E-15     .3058E-15     .1950E-15     .1315E-15     .9241E-16     .6745E-16     .2015E-16     .8720E-17     .4559E-17     .2677E-17     .1698E-17     .1146E-17     .8033E-18     .5865E-18     .3397E-18     .2171E-18     .1525E-18     .1199E-18     .1054E-18     .1025E-18     .1064E-18     .1139E-18     .1221E-18     .1300E-18     .1368E-18     .1413E-18     .1422E-18   |        .7846E-16
     .1400E+05     .1034E-13     .9693E-14     .7999E-14     .4235E-14     .2013E-14     .1000E-14     .5462E-15     .3252E-15     .2076E-15     .1400E-15     .9846E-16     .7183E-16     .2153E-16     .9323E-17     .4902E-17     .2891E-17     .1849E-17     .1250E-17     .8838E-18     .6479E-18     .3771E-18     .2408E-18     .1682E-18     .1310E-18     .1153E-18     .1128E-18     .1184E-18     .1286E-18     .1401E-18     .1512E-18     .1597E-18     .1651E-18     .1684E-18   |        .8169E-16
     .1300E+05     .1013E-13     .9530E-14     .7957E-14     .4347E-14     .2115E-14     .1063E-14     .5823E-15     .3471E-15     .2219E-15     .1497E-15     .1055E-15     .7696E-16     .2310E-16     .1002E-16     .5286E-17     .3133E-17     .2013E-17     .1373E-17     .9757E-18     .7186E-18     .4217E-18     .2698E-18     .1870E-18     .1443E-18     .1263E-18     .1244E-18     .1328E-18     .1465E-18     .1618E-18     .1767E-18     .1889E-18     .1958E-18     .2001E-18   |        .8527E-16
     .1200E+05     .9902E-14     .9359E-14     .7909E-14     .4463E-14     .2225E-14     .1133E-14     .6236E-15     .3725E-15     .2383E-15     .1608E-15     .1134E-15     .8278E-16     .2484E-16     .1082E-16     .5725E-17     .3412E-17     .2207E-17     .1511E-17     .1082E-17     .8015E-18     .4752E-18     .3042E-18     .2103E-18     .1599E-18     .1390E-18     .1377E-18     .1491E-18     .1681E-18     .1895E-18     .2095E-18     .2264E-18     .2368E-18     .2398E-18   |        .8931E-16
     .1100E+05     .9658E-14     .9169E-14     .7842E-14     .4579E-14     .2346E-14     .1212E-14     .6710E-15     .4017E-15     .2572E-15     .1737E-15     .1227E-15     .8962E-16     .2690E-16     .1174E-16     .6232E-17     .3728E-17     .2420E-17     .1669E-17     .1205E-17     .8993E-18     .5403E-18     .3483E-18     .2389E-18     .1792E-18     .1537E-18     .1528E-18     .1688E-18     .1943E-18     .2241E-18     .2523E-18     .2757E-18     .2903E-18     .2948E-18   |        .9385E-16
     .1000E+05     .9394E-14     .8956E-14     .7757E-14     .4693E-14     .2478E-14     .1304E-14     .7268E-15     .4362E-15     .2794E-15     .1891E-15     .1335E-15     .9769E-16     .2942E-16     .1283E-16     .6821E-17     .4093E-17     .2671E-17     .1854E-17     .1347E-17     .1014E-17     .6196E-18     .4034E-18     .2756E-18     .2032E-18     .1712E-18     .1701E-18     .1915E-18     .2271E-18     .2690E-18     .3091E-18     .3430E-18     .3644E-18     .3746E-18   |        .9907E-16
     .9000E+04     .9110E-14     .8722E-14     .7648E-14     .4805E-14     .2623E-14     .1409E-14     .7924E-15     .4770E-15     .3060E-15     .2073E-15     .1464E-15     .1073E-15     .3237E-16     .1412E-16     .7528E-17     .4532E-17     .2967E-17     .2070E-17     .1514E-17     .1150E-17     .7164E-18     .4739E-18     .3243E-18     .2349E-18     .1925E-18     .1897E-18     .2176E-18     .2671E-18     .3264E-18     .3858E-18     .4356E-18     .4687E-18     .4812E-18   |        .1051E-15
     .8000E+04     .8801E-14     .8463E-14     .7516E-14     .4909E-14     .2783E-14     .1531E-14     .8715E-15     .5268E-15     .3385E-15     .2293E-15     .1622E-15     .1189E-15     .3597E-16     .1572E-16     .8389E-17     .5055E-17     .3316E-17     .2319E-17     .1709E-17     .1309E-17     .8346E-18     .5653E-18     .3901E-18     .2780E-18     .2195E-18     .2113E-18     .2472E-18     .3163E-18     .4043E-18     .4942E-18     .5714E-18     .6232E-18     .6432E-18   |        .1122E-15
     .7000E+04     .8457E-14     .8167E-14     .7346E-14     .4998E-14     .2954E-14     .1675E-14     .9678E-15     .5886E-15     .3789E-15     .2569E-15     .1819E-15     .1334E-15     .4053E-16     .1773E-16     .9475E-17     .5719E-17     .3753E-17     .2626E-17     .1939E-17     .1496E-17     .9779E-18     .6830E-18     .4827E-18     .3409E-18     .2566E-18     .2358E-18     .2789E-18     .3764E-18     .5091E-18     .6514E-18     .7769E-18     .8627E-18     .8932E-18   |        .1207E-15
     .6000E+04     .8072E-14     .7830E-14     .7134E-14     .5067E-14     .3137E-14     .1843E-14     .1088E-14     .6670E-15     .4307E-15     .2921E-15     .2070E-15     .1520E-15     .4644E-16     .2032E-16     .1089E-16     .6573E-17     .4317E-17     .3014E-17     .2225E-17     .1719E-17     .1147E-17     .8349E-18     .6139E-18     .4383E-18     .3137E-18     .2642E-18     .3087E-18     .4457E-18     .6522E-18     .8893E-18     .1107E-17     .1260E-17     .1317E-17   |        .1311E-15
     .5000E+04     .7639E-14     .7444E-14     .6873E-14     .5104E-14     .3328E-14     .2041E-14     .1240E-14     .7714E-15     .5003E-15     .3395E-15     .2405E-15     .1766E-15     .5420E-16     .2383E-16     .1279E-16     .7751E-17     .5094E-17     .3546E-17     .2601E-17     .1998E-17     .1341E-17     .1020E-17     .8005E-18     .5980E-18     .4163E-18     .3064E-18     .3272E-18     .5113E-18     .8454E-18     .1266E-17     .1678E-17     .1976E-17     .2082E-17   |        .1444E-15
     .4000E+04     .7128E-14     .6977E-14     .6531E-14     .5089E-14     .3519E-14     .2274E-14     .1436E-14     .9137E-15     .5984E-15     .4072E-15     .2882E-15     .2115E-15     .6521E-16     .2871E-16     .1548E-16     .9442E-17     .6236E-17     .4347E-17     .3169E-17     .2398E-17     .1563E-17     .1217E-17     .1043E-17     .8653E-18     .6302E-18     .4026E-18     .3239E-18     .5310E-18     .1077E-17     .1885E-17     .2751E-17     .3419E-17     .3658E-17   |        .1621E-15
     .3000E+04     .6472E-14     .6366E-14     .6047E-14     .4964E-14     .3676E-14     .2539E-14     .1693E-14     .1119E-14     .7478E-15     .5130E-15     .3634E-15     .2660E-15     .8203E-16     .3630E-16     .1952E-16     .1195E-16     .7988E-17     .5649E-17     .4151E-17     .3130E-17     .1909E-17     .1382E-17     .1259E-17     .1256E-17     .1109E-17     .7404E-18     .3597E-18     .3907E-18     .1220E-17     .2891E-17     .4990E-17     .6736E-17     .7387E-17   |        .1874E-15
     .2000E+04     .5602E-14     .5537E-14     .5340E-14     .4638E-14     .3716E-14     .2796E-14     .2016E-14     .1419E-14     .9924E-15     .6982E-15     .4997E-15     .3662E-15     .1120E-15     .5019E-16     .2692E-16     .1625E-16     .1076E-16     .7677E-17     .5813E-17     .4585E-17     .2945E-17     .1786E-17     .1194E-17     .1359E-17     .1922E-17     .2040E-17     .1227E-17     .1988E-18     .6865E-18     .4056E-17     .9805E-17     .1536E-16     .1761E-16   |        .2280E-15
     .1000E+04     .4302E-14     .4275E-14     .4189E-14     .3870E-14     .3403E-14     .2866E-14     .2325E-14     .1833E-14     .1413E-14     .1074E-14     .8109E-15     .6124E-15     .1798E-15     .7951E-16     .4509E-16     .2902E-16     .1994E-16     .1375E-16     .9153E-17     .6041E-17     .4104E-17     .5188E-17     .4420E-17     .1312E-17     .3521E-18     .3938E-17     .7857E-17     .6558E-17     .1646E-17     .1937E-17     .1305E-16     .2900E-16     .3656E-16   |        .3117E-15
     .8000E+03     .3953E-14     .3932E-14     .3868E-14     .3624E-14     .3258E-14     .2820E-14     .2362E-14     .1925E-14     .1534E-14     .1202E-14     .9327E-15     .7198E-15     .2137E-15     .8858E-16     .4882E-16     .3261E-16     .2444E-16     .1851E-16     .1290E-16     .7836E-17     .2951E-17     .5497E-17     .7620E-17     .4080E-17     .1613E-18     .2917E-17     .9567E-17     .1073E-16     .4432E-17     .8555E-18     .9723E-17     .2624E-16     .3466E-16   |        .3445E-15
     .6000E+03     .3577E-14     .3562E-14     .3518E-14     .3343E-14     .3078E-14     .2748E-14     .2389E-14     .2027E-14     .1684E-14     .1376E-14     .1111E-14     .8882E-15     .2853E-15     .1079E-15     .5139E-16     .3257E-16     .2765E-16     .2569E-16     .2167E-16     .1494E-16     .2507E-17     .3436E-17     .1129E-16     .1095E-16     .3164E-17     .1182E-17     .8550E-17     .1364E-16     .8055E-17     .4751E-18     .4824E-17     .1952E-16     .2778E-16   |        .3960E-15
     .4000E+03     .3187E-14     .3178E-14     .3151E-14     .3045E-14     .2879E-14     .2665E-14     .2419E-14     .2156E-14     .1892E-14     .1637E-14     .1401E-14     .1187E-14     .4791E-15     .1879E-15     .7149E-16     .2829E-16     .2110E-16     .2851E-16     .3555E-16     .3479E-16     .1388E-16     .1452E-18     .8977E-17     .1839E-16     .1218E-16     .1871E-17     .2153E-17     .7778E-17     .6363E-17     .1117E-17     .5734E-17     .2067E-16     .2918E-16   |        .4992E-15
     .3500E+03     .3096E-14     .3088E-14     .3064E-14     .2975E-14     .2833E-14     .2648E-14     .2434E-14     .2201E-14     .1961E-14     .1727E-14     .1503E-14     .1297E-14     .5708E-15     .2370E-15     .9072E-16     .3102E-16     .1755E-16     .2592E-16     .3750E-16     .4123E-16     .2171E-16     .1357E-17     .6047E-17     .1727E-16     .1382E-16     .2978E-17     .6130E-18     .4730E-17     .4157E-17     .1093E-17     .7935E-17     .2446E-16     .3358E-16   |        .5440E-15
     .3000E+03     .3011E-14     .3005E-14     .2985E-14     .2911E-14     .2793E-14     .2638E-14     .2453E-14     .2252E-14     .2040E-14     .1828E-14     .1621E-14     .1426E-14     .6907E-15     .3093E-15     .1245E-15     .4061E-16     .1524E-16     .2135E-16     .3676E-16     .4624E-16     .3191E-16     .5162E-17     .2513E-17     .1323E-16     .1331E-16     .4111E-17     .2117E-18     .2443E-17     .1968E-17     .8146E-18     .9942E-17     .2799E-16     .3776E-16   |        .6028E-15
     .2500E+03     .2932E-14     .2927E-14     .2912E-14     .2853E-14     .2756E-14     .2629E-14     .2475E-14     .2305E-14     .2123E-14     .1937E-14     .1752E-14     .1572E-14     .8419E-15     .4117E-15     .1803E-15     .6355E-16     .1834E-16     .1608E-16     .3202E-16     .4694E-16     .4259E-16     .1266E-16     .2168E-18     .6466E-17     .9400E-17     .4401E-17     .1582E-17     .2624E-17     .1354E-17     .4286E-18     .9715E-17     .2736E-16     .3665E-16   |        .6806E-15
     .2000E+03     .2827E-14     .2823E-14     .2812E-14     .2766E-14     .2692E-14     .2592E-14     .2472E-14     .2334E-14     .2185E-14     .2028E-14     .1868E-14     .1710E-14     .1011E-14     .5431E-15     .2641E-15     .1088E-15     .3558E-16     .1578E-16     .2434E-16     .4026E-16     .4834E-16     .2358E-16     .3533E-17     .1132E-17     .3123E-17     .2686E-17     .3832E-17     .5980E-17     .3959E-17     .6233E-18     .5177E-17     .1728E-16     .2405E-16   |        .7812E-15
     .1500E+03     .2578E-14     .2575E-14     .2568E-14     .2535E-14     .2483E-14     .2411E-14     .2323E-14     .2222E-14     .2110E-14     .1989E-14     .1862E-14     .1734E-14     .1126E-14     .6649E-15     .3640E-15     .1822E-15     .8197E-16     .3674E-16     .2525E-16     .2981E-16     .4122E-16     .3285E-16     .1822E-16     .8950E-17     .3200E-17     .2580E-18     .2627E-17     .7241E-17     .7310E-17     .2659E-17     .3304E-19     .2295E-17     .4392E-17   |        .8959E-15
     .1000E+03     .1882E-14     .1880E-14     .1876E-14     .1858E-14     .1828E-14     .1789E-14     .1740E-14     .1682E-14     .1616E-14     .1546E-14     .1470E-14     .1391E-14     .9903E-15     .6524E-15     .4131E-15     .2581E-15     .1610E-15     .1007E-15     .6388E-16     .4257E-16     .2726E-16     .2929E-16     .3446E-16     .3357E-16     .2410E-16     .1159E-16     .3327E-17     .1248E-17     .2607E-17     .5459E-17     .1004E-16     .1536E-16     .1775E-16   |        .9731E-15
     .5000E+02     .8146E-15     .8142E-15     .8128E-15     .8073E-15     .7981E-15     .7854E-15     .7695E-15     .7505E-15     .7287E-15     .7047E-15     .6785E-15     .6505E-15     .4975E-15     .3519E-15     .2398E-15     .1679E-15     .1298E-15     .1126E-15     .1042E-15     .9606E-16     .6825E-16     .3190E-16     .1124E-16     .1995E-16     .4751E-16     .6721E-16     .5995E-16     .3155E-16     .9696E-17     .2076E-16     .6649E-16     .1190E-15     .1417E-15   |        .9260E-15
     .4500E+02     .6809E-15     .6804E-15     .6792E-15     .6746E-15     .6669E-15     .6561E-15     .6426E-15     .6266E-15     .6081E-15     .5875E-15     .5653E-15     .5415E-15     .4107E-15     .2859E-15     .1907E-15     .1328E-15     .1066E-15     .1000E-15     .1004E-15     .9891E-16     .7565E-16     .3501E-16     .8825E-17     .1599E-16     .4568E-16     .6757E-16     .6039E-16     .3145E-16     .1193E-16     .3033E-16     .8695E-16     .1493E-15     .1757E-15   |        .8756E-15
     .4000E+02     .5291E-15     .5288E-15     .5279E-15     .5242E-15     .5179E-15     .5092E-15     .4985E-15     .4855E-15     .4708E-15     .4542E-15     .4363E-15     .4172E-15     .3118E-15     .2115E-15     .1367E-15     .9465E-16     .8078E-16     .8407E-16     .9242E-16     .9663E-16     .7823E-16     .3637E-16     .7049E-17     .1241E-16     .4107E-16     .6214E-16     .5434E-16     .2733E-16     .1401E-16     .4292E-16     .1108E-15     .1824E-15     .2132E-15   |        .7899E-15
     .3500E+02     .3691E-15     .3689E-15     .3682E-15     .3655E-15     .3609E-15     .3546E-15     .3467E-15     .3373E-15     .3264E-15     .3143E-15     .3012E-15     .2871E-15     .2100E-15     .1371E-15     .8476E-16     .5860E-16     .5513E-16     .6514E-16     .7809E-16     .8571E-16     .7210E-16     .3363E-16     .5662E-17     .9432E-17     .3375E-16     .5019E-16     .4159E-16     .1949E-16     .1610E-16     .5620E-16     .1339E-15     .2107E-15     .2422E-15   |        .6635E-15
     .3000E+02     .2243E-15     .2241E-15     .2237E-15     .2220E-15     .2191E-15     .2150E-15     .2098E-15     .2038E-15     .1968E-15     .1889E-15     .1806E-15     .1715E-15     .1220E-15     .7586E-16     .4399E-16     .3041E-16     .3269E-16     .4412E-16     .5683E-16     .6448E-16     .5531E-16     .2563E-16     .4242E-17     .7401E-17     .2483E-16     .3430E-16     .2510E-16     .1042E-16     .1833E-16     .6733E-16     .1483E-15     .2240E-15     .2544E-15   |        .5066E-15
     .2500E+02     .1195E-15     .1194E-15     .1191E-15     .1182E-15     .1166E-15     .1143E-15     .1115E-15     .1081E-15     .1043E-15     .9997E-16     .9529E-16     .9028E-16     .6285E-16     .3734E-16     .1992E-16     .1308E-16     .1546E-16     .2320E-16     .3157E-16     .3668E-16     .3143E-16     .1403E-16     .2903E-17     .6603E-17     .1693E-16     .1939E-16     .1061E-16     .4022E-17     .2110E-16     .7307E-16     .1481E-15     .2164E-15     .2443E-15   |        .3506E-15
     .2000E+02     .6302E-16     .6299E-16     .6287E-16     .6239E-16     .6160E-16     .6053E-16     .5916E-16     .5752E-16     .5564E-16     .5353E-16     .5124E-16     .4878E-16     .3501E-16     .2162E-16     .1156E-16     .6221E-17     .5274E-17     .7162E-17     .9863E-17     .1164E-16     .9696E-17     .4216E-17     .2960E-17     .7544E-17     .1207E-16     .9942E-17     .2882E-17     .2988E-17     .2446E-16     .7252E-16     .1358E-15     .1895E-15     .2103E-15   |        .2385E-15
     .1500E+02     .4726E-16     .4724E-16     .4718E-16     .4696E-16     .4660E-16     .4608E-16     .4544E-16     .4465E-16     .4375E-16     .4272E-16     .4160E-16     .4038E-16     .3324E-16     .2542E-16     .1822E-16     .1244E-16     .8333E-17     .5741E-17     .4254E-17     .3454E-17     .3023E-17     .4395E-17     .7912E-17     .1136E-16     .1125E-16     .6682E-17     .2134E-17     .6710E-17     .2854E-16     .6795E-16     .1156E-15     .1554E-15     .1710E-15   |        .2206E-15
     .1000E+02     .7778E-16     .7777E-16     .7774E-16     .7762E-16     .7742E-16     .7715E-16     .7681E-16     .7638E-16     .7589E-16     .7533E-16     .7471E-16     .7402E-16     .6977E-16     .6458E-16     .5896E-16     .5337E-16     .4815E-16     .4353E-16     .3959E-16     .3637E-16     .3188E-16     .2920E-16     .2666E-16     .2214E-16     .1490E-16     .7134E-17     .3740E-17     .1019E-16     .2973E-16     .6050E-16     .9444E-16     .1206E-15     .1303E-15   |        .3941E-15
     .5000E+01     .2214E-15     .2214E-15     .2214E-15     .2213E-15     .2211E-15     .2210E-15     .2208E-15     .2205E-15     .2201E-15     .2198E-15     .2194E-15     .2189E-15     .2158E-15     .2115E-15     .2061E-15     .1998E-15     .1924E-15     .1842E-15     .1751E-15     .1652E-15     .1430E-15     .1179E-15     .9062E-16     .6285E-16     .3740E-16     .1788E-16     .7853E-17     .9436E-17     .2214E-16     .4238E-16     .6414E-16     .8075E-16     .8694E-16   |        .1081E-14