Mott cross-section (Ioffe Inst. Sep 25 1997)

Atomic number of the target Z=  1


 33 theta-points ---->
 49 E-points
|
|
|
|
V
 theta [grad]=          .1            .5           1.0           2.0           3.0           4.0           5.0           6.0           7.0           8.0           9.0          10.0          15.0          20.0          25.0          30.0          35.0          40.0          45.0          50.0          60.0          70.0          80.0          90.0         100.0         110.0         120.0         130.0         140.0         150.0         160.0         170.0         180.0
      E [eV],                              Differential cross section [cm**2/str]                                                                                                                                                                                                                                                                                                                                                                                                               Total cross section [cm**2]
     .3000E+05     .1141E-16     .1074E-16     .8904E-17     .4351E-17     .1564E-17     .5859E-18     .2900E-18     .1572E-18     .8331E-19     .5049E-19     .3466E-19     .2256E-19     .4703E-20     .1628E-20     .6124E-21     .3222E-21     .1764E-21     .1031E-21     .7083E-22     .4673E-22     .2271E-22     .1371E-22     .7692E-23     .4852E-23     .4247E-23     .3099E-23     .2150E-23     .1431E-23     .1323E-23     .1084E-23     .8747E-24     .2466E-23     .2249E-23   |        .5854E-19
     .2900E+05     .1191E-16     .1120E-16     .9248E-17     .4481E-17     .1627E-17     .6282E-18     .3091E-18     .1615E-18     .8652E-19     .5455E-19     .3667E-19     .2323E-19     .4972E-20     .1639E-20     .6727E-21     .3507E-21     .1803E-21     .1199E-21     .6874E-22     .4961E-22     .2296E-22     .1386E-22     .8671E-23     .6915E-23     .5728E-23     .3530E-23     .2824E-23     .1739E-23     .1991E-23     .1435E-23     .1754E-23     .1385E-23     .1275E-24   |        .6094E-19
     .2800E+05     .1194E-16     .1126E-16     .9396E-17     .4694E-17     .1728E-17     .6527E-18     .3260E-18     .1810E-18     .9563E-19     .5550E-19     .3800E-19     .2605E-19     .5307E-20     .1780E-20     .7050E-21     .3712E-21     .2214E-21     .1220E-21     .8017E-22     .5215E-22     .2641E-22     .1431E-22     .1028E-22     .7061E-23     .4037E-23     .4029E-23     .2893E-23     .2517E-23     .1673E-23     .1698E-23     .2273E-23     .1794E-23     .1560E-24   |        .6362E-19
     .2700E+05     .1167E-16     .1103E-16     .9257E-17     .4742E-17     .1810E-17     .6964E-18     .3410E-18     .1873E-18     .1015E-18     .6021E-19     .4043E-19     .2715E-19     .5507E-20     .1895E-20     .7715E-21     .3804E-21     .2262E-21     .1221E-21     .8324E-22     .5874E-22     .3057E-22     .1795E-22     .8524E-23     .6891E-23     .5048E-23     .3898E-23     .2689E-23     .2757E-23     .1791E-23     .2399E-23     .2839E-23     .4579E-23     .3164E-24   |        .6485E-19
     .2600E+05     .1163E-16     .1101E-16     .9290E-17     .4866E-17     .1918E-17     .7490E-18     .3612E-18     .1974E-18     .1103E-18     .6679E-19     .4402E-19     .2930E-19     .6081E-20     .2007E-20     .8260E-21     .4308E-21     .2416E-21     .1284E-21     .9222E-22     .5923E-22     .3142E-22     .1812E-22     .1108E-22     .7836E-23     .5447E-23     .3562E-23     .3202E-23     .3097E-23     .2202E-23     .2419E-23     .2973E-23     .2614E-23     .2481E-23   |        .6725E-19
     .2500E+05     .1198E-16     .1136E-16     .9629E-17     .5103E-17     .2022E-17     .7896E-18     .3892E-18     .2182E-18     .1180E-18     .6824E-19     .4693E-19     .3291E-19     .6429E-20     .2132E-20     .9636E-21     .4718E-21     .2420E-21     .1502E-21     .9484E-22     .6276E-22     .3451E-22     .1906E-22     .1146E-22     .8281E-23     .5328E-23     .4788E-23     .3820E-23     .2721E-23     .2808E-23     .2237E-23     .3291E-23     .2050E-23     .1848E-23   |        .7075E-19
     .2400E+05     .1204E-16     .1143E-16     .9733E-17     .5258E-17     .2140E-17     .8440E-18     .4062E-18     .2253E-18     .1266E-18     .7601E-19     .5076E-19     .3422E-19     .6898E-20     .2287E-20     .9922E-21     .4858E-21     .2796E-21     .1697E-21     .9961E-22     .6894E-22     .3567E-22     .2043E-22     .1333E-22     .7541E-23     .6609E-23     .4666E-23     .2969E-23     .3388E-23     .3315E-23     .2368E-23     .2155E-23     .1602E-23     .1409E-23   |        .7340E-19
     .2300E+05     .1190E-16     .1133E-16     .9718E-17     .5401E-17     .2282E-17     .9189E-18     .4401E-18     .2438E-18     .1385E-18     .8298E-19     .5501E-19     .3756E-19     .7559E-20     .2544E-20     .1137E-20     .5210E-21     .2806E-21     .1825E-21     .1087E-21     .6698E-22     .3806E-22     .2161E-22     .1311E-22     .1082E-22     .6030E-23     .5653E-23     .4259E-23     .3542E-23     .3221E-23     .2669E-23     .2900E-23     .2162E-23     .4080E-23   |        .7653E-19
     .2200E+05     .1291E-16     .1229E-16     .1056E-16     .5883E-17     .2478E-17     .1000E-17     .4952E-18     .2842E-18     .1551E-18     .8352E-19     .5423E-19     .4107E-19     .8692E-20     .2762E-20     .1133E-20     .5841E-21     .3126E-21     .1885E-21     .1361E-21     .8637E-22     .4199E-22     .2198E-22     .8656E-23     .1067E-22     .9037E-23     .5717E-23     .3652E-23     .4144E-23     .2850E-23     .1564E-23     .1290E-23     .2192E-24     .9359E-23   |        .8353E-19
     .2100E+05     .1282E-16     .1222E-16     .1053E-16     .5960E-17     .2596E-17     .1073E-17     .5100E-18     .2765E-18     .1587E-18     .9857E-19     .6596E-19     .4409E-19     .8811E-20     .3139E-20     .1360E-20     .6248E-21     .3160E-21     .2112E-21     .1413E-21     .8944E-22     .4614E-22     .3216E-22     .1511E-22     .9111E-23     .7155E-23     .5482E-23     .3998E-23     .5755E-23     .4943E-23     .3166E-23     .3704E-23     .8237E-25     .7381E-23   |        .8584E-19
     .2000E+05     .1307E-16     .1243E-16     .1064E-16     .5905E-17     .2565E-17     .1122E-17     .5834E-18     .3211E-18     .1694E-18     .9910E-19     .7029E-19     .5036E-19     .9964E-20     .3145E-20     .1451E-20     .6730E-21     .3721E-21     .2371E-21     .1554E-21     .1014E-21     .4611E-22     .2235E-22     .2073E-22     .9618E-23     .1252E-22     .5927E-23     .6998E-23     .7073E-23     .3266E-23     .4292E-23     .6466E-23     .1563E-23     .6952E-23   |        .8806E-19
     .1900E+05     .1386E-16     .1323E-16     .1145E-16     .6569E-17     .2881E-17     .1192E-17     .5841E-18     .3388E-18     .2001E-18     .1183E-18     .7580E-19     .5216E-19     .1101E-19     .3618E-20     .1545E-20     .8103E-21     .4239E-21     .2517E-21     .1754E-21     .1209E-21     .5201E-22     .2930E-22     .2095E-22     .1685E-22     .8972E-23     .6907E-23     .6053E-23     .8121E-23     .3971E-23     .5039E-23     .4551E-23     .1251E-22     .9435E-23   |        .9611E-19
     .1800E+05     .1537E-16     .1453E-16     .1225E-16     .6661E-17     .3064E-17     .1425E-17     .6739E-18     .3448E-18     .2116E-18     .1334E-18     .8124E-19     .5710E-19     .1239E-19     .4342E-20     .1718E-20     .8889E-21     .4368E-21     .2966E-21     .1891E-21     .1317E-21     .5839E-22     .3263E-22     .2100E-22     .1675E-22     .1019E-22     .9778E-23     .6345E-23     .5158E-23     .2881E-23     .5747E-23     .5643E-23     .5579E-23     .5896E-23   |        .1031E-18
     .1700E+05     .1666E-16     .1573E-16     .1318E-16     .6962E-17     .3090E-17     .1489E-17     .7766E-18     .3989E-18     .2258E-18     .1481E-18     .9778E-19     .6454E-19     .1444E-19     .4420E-20     .2013E-20     .9471E-21     .5541E-21     .3087E-21     .2009E-21     .1306E-21     .6718E-22     .3707E-22     .2517E-22     .1543E-22     .1248E-22     .9706E-23     .7071E-23     .4905E-23     .3762E-23     .3431E-23     .4802E-23     .6120E-23     .2085E-22   |        .1101E-18
     .1600E+05     .1715E-16     .1624E-16     .1374E-16     .7441E-17     .3307E-17     .1557E-17     .8282E-18     .4559E-18     .2632E-18     .1631E-18     .1025E-18     .6842E-19     .1582E-19     .4875E-20     .2207E-20     .1069E-20     .6153E-21     .3495E-21     .2419E-21     .1593E-21     .7784E-22     .5006E-22     .3245E-22     .1903E-22     .1520E-22     .1133E-22     .9084E-23     .7636E-23     .7401E-23     .7122E-23     .3378E-23     .3278E-23     .1135E-22   |        .1175E-18
     .1500E+05     .1734E-16     .1651E-16     .1420E-16     .8069E-17     .3676E-17     .1694E-17     .8975E-18     .5045E-18     .2872E-18     .1792E-18     .1215E-18     .8130E-19     .1721E-19     .5792E-20     .2449E-20     .1204E-20     .6876E-21     .4019E-21     .2548E-21     .1879E-21     .8978E-22     .5127E-22     .3501E-22     .2137E-22     .1652E-22     .1256E-22     .1087E-22     .8814E-23     .6103E-23     .5075E-23     .7984E-23     .8485E-23     .2126E-22   |        .1272E-18
     .1400E+05     .1719E-16     .1643E-16     .1428E-16     .8428E-17     .4020E-17     .1897E-17     .1000E-17     .5604E-18     .3219E-18     .2034E-18     .1401E-18     .9466E-19     .1947E-19     .6867E-20     .2789E-20     .1378E-20     .7775E-21     .4937E-21     .2929E-21     .1925E-21     .1042E-21     .6247E-22     .3823E-22     .2613E-22     .2050E-22     .1335E-22     .1171E-22     .8944E-23     .8471E-23     .1007E-22     .5814E-23     .5765E-23     .4099E-23   |        .1364E-18
     .1300E+05     .1718E-16     .1645E-16     .1438E-16     .8715E-17     .4333E-17     .2115E-17     .1122E-17     .6303E-18     .3712E-18     .2365E-18     .1567E-18     .1024E-18     .2264E-19     .7903E-20     .3227E-20     .1609E-20     .9387E-21     .5237E-21     .3463E-21     .2462E-21     .1212E-21     .6375E-22     .4096E-22     .3003E-22     .2047E-22     .1758E-22     .1396E-22     .1335E-22     .6627E-23     .7517E-23     .4360E-23     .7089E-23     .1425E-23   |        .1459E-18
     .1200E+05     .1739E-16     .1669E-16     .1469E-16     .9132E-17     .4685E-17     .2344E-17     .1266E-17     .7207E-18     .4228E-18     .2660E-18     .1777E-18     .1194E-18     .2598E-19     .9052E-20     .3893E-20     .1836E-20     .1039E-20     .6537E-21     .3977E-21     .2708E-21     .1421E-21     .8665E-22     .5294E-22     .3556E-22     .2708E-22     .1865E-22     .1558E-22     .1142E-22     .1048E-22     .9239E-23     .1269E-22     .5371E-23     .8698E-23   |        .1578E-18
     .1100E+05     .1736E-16     .1672E-16     .1489E-16     .9611E-17     .5119E-17     .2601E-17     .1417E-17     .8278E-18     .4967E-18     .3100E-18     .2061E-18     .1412E-18     .3167E-19     .1039E-19     .4609E-20     .2299E-20     .1234E-20     .7255E-21     .4958E-21     .3260E-21     .1661E-21     .9575E-22     .6065E-22     .4181E-22     .2990E-22     .2346E-22     .1766E-22     .1458E-22     .1296E-22     .1282E-22     .1455E-22     .7147E-23     .2559E-23   |        .1720E-18
     .1000E+05     .1733E-16     .1673E-16     .1505E-16     .1007E-16     .5608E-17     .2947E-17     .1628E-17     .9608E-18     .5808E-18     .3624E-18     .2420E-18     .1698E-18     .3817E-19     .1248E-19     .5215E-20     .2635E-20     .1528E-20     .9138E-21     .5781E-21     .3899E-21     .2035E-21     .1155E-21     .6862E-22     .5155E-22     .3403E-22     .2805E-22     .1983E-22     .2106E-22     .1837E-22     .1484E-22     .1287E-22     .1118E-22     .1709E-22   |        .1888E-18
     .9000E+04     .1721E-16     .1669E-16     .1518E-16     .1059E-16     .6185E-17     .3345E-17     .1860E-17     .1109E-17     .6880E-18     .4359E-18     .2885E-18     .2025E-18     .4618E-19     .1587E-19     .6545E-20     .3209E-20     .1806E-20     .1084E-20     .7122E-21     .4885E-21     .2551E-21     .1405E-21     .8794E-22     .6341E-22     .4700E-22     .3366E-22     .2702E-22     .2392E-22     .2313E-22     .1661E-22     .1483E-22     .1663E-22     .2353E-22   |        .2089E-18
     .8000E+04     .1739E-16     .1693E-16     .1554E-16     .1120E-16     .6840E-17     .3849E-17     .2191E-17     .1324E-17     .8370E-18     .5388E-18     .3562E-18     .2474E-18     .5683E-19     .1953E-19     .8351E-20     .4259E-20     .2367E-20     .1393E-20     .8885E-21     .5865E-21     .3030E-21     .1821E-21     .1172E-21     .7953E-22     .5640E-22     .4102E-22     .3328E-22     .3096E-22     .2507E-22     .2286E-22     .1974E-22     .1831E-22     .2123E-22   |        .2356E-18
     .7000E+04     .1731E-16     .1690E-16     .1567E-16     .1174E-16     .7554E-17     .4456E-17     .2608E-17     .1599E-17     .1028E-17     .6751E-18     .4502E-18     .3111E-18     .7164E-19     .2463E-19     .1053E-19     .5356E-20     .2960E-20     .1786E-20     .1147E-20     .7845E-21     .4056E-21     .2332E-21     .1500E-21     .1025E-21     .7539E-22     .5729E-22     .4602E-22     .3880E-22     .3460E-22     .2991E-22     .2598E-22     .2684E-22     .2568E-22   |        .2679E-18
     .6000E+04     .1740E-16     .1704E-16     .1597E-16     .1241E-16     .8413E-17     .5225E-17     .3167E-17     .1973E-17     .1285E-17     .8604E-18     .5847E-18     .4062E-18     .9597E-19     .3278E-19     .1417E-19     .7205E-20     .4017E-20     .2432E-20     .1599E-20     .1079E-20     .5525E-21     .3246E-21     .2068E-21     .1368E-21     .1019E-21     .7696E-22     .6077E-22     .5233E-22     .4132E-22     .4072E-22     .3463E-22     .3661E-22     .3795E-22   |        .3125E-18
     .5000E+04     .1810E-16     .1776E-16     .1675E-16     .1334E-16     .9423E-17     .6175E-17     .3950E-17     .2559E-17     .1697E-17     .1144E-17     .7853E-18     .5535E-18     .1310E-18     .4651E-19     .2015E-19     .9934E-20     .5696E-20     .3375E-20     .2232E-20     .1548E-20     .7766E-21     .4714E-21     .2887E-21     .2141E-21     .1459E-21     .1141E-21     .8236E-22     .8051E-22     .5829E-22     .5271E-22     .6054E-22     .5259E-22     .1722E-22   |        .3772E-18
     .4000E+04     .1943E-16     .1910E-16     .1813E-16     .1481E-16     .1086E-16     .7413E-17     .4925E-17     .3301E-17     .2262E-17     .1578E-17     .1111E-17     .7944E-18     .2012E-18     .7111E-19     .3142E-19     .1590E-19     .8940E-20     .5443E-20     .3477E-20     .2358E-20     .1195E-20     .7035E-21     .4612E-21     .3176E-21     .2282E-21     .1698E-21     .1397E-21     .1127E-21     .1046E-21     .9494E-22     .8791E-22     .8049E-22     .6245E-22   |        .4761E-18
     .3000E+04     .1942E-16     .1918E-16     .1843E-16     .1582E-16     .1244E-16     .9171E-17     .6514E-17     .4584E-17     .3255E-17     .2346E-17     .1707E-17     .1253E-17     .3370E-18     .1209E-18     .5335E-19     .2689E-19     .1537E-19     .9465E-20     .6136E-20     .4089E-20     .2155E-20     .1256E-20     .7958E-21     .5582E-21     .4004E-21     .3039E-21     .2496E-21     .1989E-21     .1846E-21     .1706E-21     .1367E-21     .1613E-21     .1299E-21   |        .6366E-18
     .2000E+04     .1942E-16     .1925E-16     .1874E-16     .1690E-16     .1430E-16     .1149E-16     .8890E-17     .6728E-17     .5054E-17     .3807E-17     .2893E-17     .2216E-17     .6607E-18     .2507E-18     .1147E-18     .5857E-19     .3315E-19     .2059E-19     .1330E-19     .9014E-20     .4787E-20     .2832E-20     .1764E-20     .1251E-20     .9060E-21     .6721E-21     .5756E-21     .4554E-21     .4037E-21     .3713E-21     .3181E-21     .3090E-21     .4351E-21   |        .9498E-18
     .1000E+04     .2003E-16     .1994E-16     .1965E-16     .1857E-16     .1694E-16     .1497E-16     .1288E-16     .1085E-16     .9007E-17     .7408E-17     .6069E-17     .4970E-17     .1897E-17     .8114E-18     .3920E-18     .2112E-18     .1222E-18     .7708E-19     .4985E-19     .3498E-19     .1857E-19     .1096E-19     .7088E-20     .4887E-20     .3540E-20     .2733E-20     .2171E-20     .1791E-20     .1517E-20     .1396E-20     .1240E-20     .1170E-20     .8938E-21   |        .1903E-17
     .8000E+03     .2003E-16     .1995E-16     .1971E-16     .1885E-16     .1751E-16     .1584E-16     .1399E-16     .1213E-16     .1035E-16     .8746E-17     .7341E-17     .6144E-17     .2572E-17     .1150E-17     .5743E-18     .3115E-18     .1849E-18     .1155E-18     .7736E-19     .5267E-19     .2829E-19     .1666E-19     .1087E-19     .7489E-20     .5514E-20     .4263E-20     .3448E-20     .2868E-20     .2516E-20     .2267E-20     .2109E-20     .2016E-20     .1955E-20   |        .2381E-17
     .6000E+03     .2010E-16     .2004E-16     .1986E-16     .1919E-16     .1813E-16     .1678E-16     .1523E-16     .1361E-16     .1200E-16     .1047E-16     .9065E-17     .7809E-17     .3650E-17     .1754E-17     .9150E-18     .5137E-18     .3078E-18     .1970E-18     .1308E-18     .9178E-19     .4931E-19     .2936E-19     .1904E-19     .1320E-19     .9746E-20     .7536E-20     .6094E-20     .5163E-20     .4454E-20     .4049E-20     .3673E-20     .3567E-20     .3677E-20   |        .3173E-17
     .4000E+03     .2010E-16     .2006E-16     .1994E-16     .1949E-16     .1874E-16     .1779E-16     .1666E-16     .1540E-16     .1409E-16     .1277E-16     .1148E-16     .1026E-16     .5589E-17     .3020E-17     .1684E-17     .9973E-18     .6194E-18     .4025E-18     .2753E-18     .1939E-18     .1064E-18     .6440E-19     .4193E-19     .2942E-19     .2188E-19     .1698E-19     .1364E-19     .1153E-19     .1007E-19     .9093E-20     .8415E-20     .7963E-20     .8269E-20   |        .4761E-17
     .3500E+03     .2018E-16     .2015E-16     .2004E-16     .1964E-16     .1898E-16     .1810E-16     .1707E-16     .1593E-16     .1471E-16     .1346E-16     .1223E-16     .1105E-16     .6321E-17     .3548E-17     .2032E-17     .1225E-17     .7729E-18     .5066E-18     .3483E-18     .2475E-18     .1365E-18     .8287E-19     .5449E-19     .3847E-19     .2844E-19     .2200E-19     .1789E-19     .1511E-19     .1317E-19     .1178E-19     .1110E-19     .1068E-19     .1010E-19   |        .5444E-17
     .3000E+03     .2024E-16     .2021E-16     .2012E-16     .1977E-16     .1919E-16     .1845E-16     .1752E-16     .1649E-16     .1539E-16     .1424E-16     .1309E-16     .1195E-16     .7201E-17     .4229E-17     .2510E-17     .1537E-17     .9902E-18     .6607E-18     .4545E-18     .3260E-18     .1819E-18     .1112E-18     .7366E-19     .5170E-19     .3853E-19     .3009E-19     .2428E-19     .2071E-19     .1777E-19     .1646E-19     .1481E-19     .1471E-19     .1333E-19   |        .6357E-17
     .2500E+03     .2044E-16     .2043E-16     .2034E-16     .2004E-16     .1955E-16     .1888E-16     .1807E-16     .1715E-16     .1615E-16     .1511E-16     .1404E-16     .1298E-16     .8307E-17     .5137E-17     .3169E-17     .1992E-17     .1309E-17     .8925E-18     .6220E-18     .4474E-18     .2547E-18     .1569E-18     .1048E-18     .7390E-19     .5552E-19     .4293E-19     .3528E-19     .2960E-19     .2601E-19     .2352E-19     .2176E-19     .2088E-19     .1997E-19   |        .7646E-17
     .2000E+03     .2044E-16     .2043E-16     .2037E-16     .2013E-16     .1973E-16     .1919E-16     .1854E-16     .1777E-16     .1694E-16     .1605E-16     .1511E-16     .1416E-16     .9699E-17     .6352E-17     .4126E-17     .2704E-17     .1818E-17     .1264E-17     .9017E-18     .6582E-18     .3801E-18     .2381E-18     .1602E-18     .1142E-18     .8595E-19     .6718E-19     .5514E-19     .4642E-19     .4099E-19     .3688E-19     .3442E-19     .3291E-19     .3146E-19   |        .9573E-17
     .1500E+03     .2059E-16     .2058E-16     .2053E-16     .2034E-16     .2004E-16     .1962E-16     .1910E-16     .1849E-16     .1782E-16     .1709E-16     .1630E-16     .1549E-16     .1147E-16     .8094E-17     .5595E-17     .3861E-17     .2702E-17     .1936E-17     .1416E-17     .1056E-17     .6297E-18     .4019E-18     .2759E-18     .1983E-18     .1509E-18     .1192E-18     .9800E-19     .8349E-19     .7331E-19     .6664E-19     .6206E-19     .5974E-19     .5783E-19   |        .1280E-16
     .1000E+03     .2077E-16     .2076E-16     .2073E-16     .2061E-16     .2040E-16     .2012E-16     .1977E-16     .1936E-16     .1888E-16     .1836E-16     .1777E-16     .1718E-16     .1387E-16     .1069E-16     .8030E-17     .5978E-17     .4453E-17     .3342E-17     .2542E-17     .1968E-17     .1233E-17     .8205E-18     .5784E-18     .4272E-18     .3299E-18     .2647E-18     .2208E-18     .1894E-18     .1679E-18     .1528E-18     .1430E-18     .1381E-18     .1362E-18   |        .1930E-16
     .5000E+02     .2159E-16     .2159E-16     .2158E-16     .2152E-16     .2141E-16     .2126E-16     .2107E-16     .2085E-16     .2059E-16     .2030E-16     .1997E-16     .1961E-16     .1752E-16     .1515E-16     .1279E-16     .1065E-16     .8788E-17     .7229E-17     .5951E-17     .4921E-17     .3448E-17     .2505E-17     .1882E-17     .1471E-17     .1192E-17     .9910E-18     .8504E-18     .7519E-18     .6783E-18     .6279E-18     .5969E-18     .5756E-18     .5664E-18   |        .3925E-16
     .4500E+02     .2179E-16     .2179E-16     .2177E-16     .2171E-16     .2162E-16     .2149E-16     .2131E-16     .2110E-16     .2086E-16     .2059E-16     .2030E-16     .1997E-16     .1803E-16     .1579E-16     .1354E-16     .1144E-16     .9581E-17     .7985E-17     .6652E-17     .5561E-17     .3971E-17     .2929E-17     .2226E-17     .1758E-17     .1435E-17     .1202E-17     .1038E-17     .9214E-18     .8336E-18     .7739E-18     .7380E-18     .7129E-18     .7019E-18   |        .4376E-16
     .4000E+02     .2201E-16     .2200E-16     .2200E-16     .2194E-16     .2185E-16     .2173E-16     .2158E-16     .2140E-16     .2119E-16     .2095E-16     .2068E-16     .2038E-16     .1862E-16     .1654E-16     .1440E-16     .1235E-16     .1050E-16     .8880E-17     .7502E-17     .6349E-17     .4621E-17     .3467E-17     .2680E-17     .2134E-17     .1758E-17     .1490E-17     .1292E-17     .1151E-17     .1051E-17     .9781E-18     .9286E-18     .9052E-18     .8999E-18   |        .4944E-16
     .3500E+02     .2232E-16     .2232E-16     .2231E-16     .2226E-16     .2219E-16     .2208E-16     .2195E-16     .2179E-16     .2159E-16     .2138E-16     .2115E-16     .2088E-16     .1928E-16     .1737E-16     .1537E-16     .1341E-16     .1159E-16     .9960E-17     .8539E-17     .7326E-17     .5462E-17     .4180E-17     .3282E-17     .2648E-17     .2207E-17     .1888E-17     .1649E-17     .1479E-17     .1359E-17     .1269E-17     .1207E-17     .1179E-17     .1173E-17   |        .5681E-16
     .3000E+02     .2283E-16     .2282E-16     .2282E-16     .2277E-16     .2270E-16     .2261E-16     .2249E-16     .2234E-16     .2217E-16     .2198E-16     .2177E-16     .2153E-16     .2010E-16     .1837E-16     .1652E-16     .1467E-16     .1291E-16     .1130E-16     .9849E-17     .8580E-17     .6570E-17     .5142E-17     .4117E-17     .3379E-17     .2851E-17     .2463E-17     .2174E-17     .1965E-17     .1816E-17     .1701E-17     .1625E-17     .1594E-17     .1590E-17   |        .6675E-16
     .2500E+02     .2349E-16     .2349E-16     .2347E-16     .2344E-16     .2338E-16     .2331E-16     .2320E-16     .2308E-16     .2293E-16     .2277E-16     .2259E-16     .2238E-16     .2115E-16     .1962E-16     .1795E-16     .1624E-16     .1457E-16     .1299E-16     .1155E-16     .1025E-16     .8096E-17     .6499E-17     .5330E-17     .4462E-17     .3817E-17     .3345E-17     .2991E-17     .2723E-17     .2528E-17     .2393E-17     .2301E-17     .2237E-17     .2213E-17   |        .8082E-16
     .2000E+02     .2454E-16     .2454E-16     .2454E-16     .2452E-16     .2447E-16     .2440E-16     .2432E-16     .2422E-16     .2410E-16     .2396E-16     .2381E-16     .2365E-16     .2262E-16     .2132E-16     .1986E-16     .1831E-16     .1678E-16     .1527E-16     .1387E-16     .1257E-16     .1032E-16     .8549E-17     .7199E-17     .6174E-17     .5386E-17     .4787E-17     .4342E-17     .4008E-17     .3753E-17     .3562E-17     .3440E-17     .3379E-17     .3363E-17   |        .1022E-15
     .1500E+02     .2650E-16     .2650E-16     .2648E-16     .2647E-16     .2644E-16     .2638E-16     .2632E-16     .2624E-16     .2616E-16     .2605E-16     .2593E-16     .2581E-16     .2499E-16     .2395E-16     .2274E-16     .2141E-16     .2006E-16     .1868E-16     .1737E-16     .1610E-16     .1383E-16     .1191E-16     .1037E-16     .9147E-17     .8188E-17     .7431E-17     .6839E-17     .6391E-17     .6062E-17     .5822E-17     .5646E-17     .5532E-17     .5492E-17   |        .1385E-15
     .1000E+02     .3079E-16     .3079E-16     .3079E-16     .3078E-16     .3075E-16     .3072E-16     .3067E-16     .3061E-16     .3055E-16     .3048E-16     .3039E-16     .3030E-16     .2972E-16     .2896E-16     .2803E-16     .2701E-16     .2592E-16     .2477E-16     .2364E-16     .2250E-16     .2032E-16     .1837E-16     .1667E-16     .1524E-16     .1406E-16     .1311E-16     .1234E-16     .1172E-16     .1123E-16     .1088E-16     .1065E-16     .1053E-16     .1049E-16   |        .2116E-15
     .5000E+01     .4462E-16     .4462E-16     .4462E-16     .4460E-16     .4459E-16     .4457E-16     .4456E-16     .4453E-16     .4448E-16     .4445E-16     .4441E-16     .4435E-16     .4403E-16     .4359E-16     .4304E-16     .4239E-16     .4168E-16     .4089E-16     .4007E-16     .3920E-16     .3744E-16     .3571E-16     .3407E-16     .3257E-16     .3123E-16     .3006E-16     .2908E-16     .2824E-16     .2759E-16     .2709E-16     .2674E-16     .2653E-16     .2647E-16   |        .4212E-15
