Mott cross-section (Ioffe Inst. Sep 23 1997)

Atomic number of the target Z=  8


 33 theta-points ---->
 49 E-points
|
|
|
|
V
 theta [grad]=          .1            .5           1.0           2.0           3.0           4.0           5.0           6.0           7.0           8.0           9.0          10.0          15.0          20.0          25.0          30.0          35.0          40.0          45.0          50.0          60.0          70.0          80.0          90.0         100.0         110.0         120.0         130.0         140.0         150.0         160.0         170.0         180.0
      E [eV],                              Differential cross section [cm**2/str]                                                                                                                                                                                                                                                                                                                                                                                                               Total cross section [cm**2]
     .3000E+05     .7738E-15     .6889E-15     .4894E-15     .1710E-15     .6266E-16     .2695E-16     .1345E-16     .7341E-17     .4444E-17     .2756E-17     .1843E-17     .1266E-17     .2871E-18     .9651E-19     .4138E-19     .2050E-19     .1157E-19     .6943E-20     .4441E-20     .3000E-20     .1540E-20     .8917E-21     .5619E-21     .3798E-21     .2732E-21     .2061E-21     .1651E-21     .1353E-21     .1134E-21     .1004E-21     .9541E-22     .9275E-22     .8592E-22   |        .2765E-17
     .2900E+05     .7753E-15     .6925E-15     .4966E-15     .1770E-15     .6542E-16     .2823E-16     .1421E-16     .7751E-17     .4638E-17     .2945E-17     .1956E-17     .1328E-17     .3047E-18     .1029E-18     .4392E-19     .2226E-19     .1220E-19     .7437E-20     .4740E-20     .3202E-20     .1642E-20     .9394E-21     .5978E-21     .4043E-21     .2924E-21     .2217E-21     .1728E-21     .1465E-21     .1249E-21     .1109E-21     .9994E-22     .9833E-22     .9162E-22   |        .2855E-17
     .2800E+05     .7751E-15     .6949E-15     .5031E-15     .1836E-15     .6848E-16     .2972E-16     .1493E-16     .8261E-17     .4942E-17     .3096E-17     .2065E-17     .1427E-17     .3249E-18     .1100E-18     .4687E-19     .2368E-19     .1305E-19     .7966E-20     .5063E-20     .3425E-20     .1746E-20     .1010E-20     .6420E-21     .4305E-21     .3175E-21     .2344E-21     .1910E-21     .1533E-21     .1357E-21     .1195E-21     .1103E-21     .1089E-21     .9925E-22   |        .2954E-17
     .2700E+05     .7702E-15     .6930E-15     .5072E-15     .1898E-15     .7159E-16     .3136E-16     .1575E-16     .8709E-17     .5237E-17     .3285E-17     .2202E-17     .1512E-17     .3463E-18     .1177E-18     .5031E-19     .2528E-19     .1408E-19     .8422E-20     .5461E-20     .3670E-20     .1891E-20     .1087E-20     .6810E-21     .4655E-21     .3391E-21     .2545E-21     .2016E-21     .1652E-21     .1453E-21     .1304E-21     .1203E-21     .1145E-21     .1061E-21   |        .3049E-17
     .2600E+05     .7680E-15     .6934E-15     .5127E-15     .1967E-15     .7510E-16     .3307E-16     .1672E-16     .9217E-17     .5555E-17     .3551E-17     .2335E-17     .1616E-17     .3689E-18     .1264E-18     .5452E-19     .2704E-19     .1509E-19     .9154E-20     .5871E-20     .3964E-20     .2022E-20     .1181E-20     .7411E-21     .5006E-21     .3650E-21     .2741E-21     .2188E-21     .1813E-21     .1552E-21     .1387E-21     .1284E-21     .1235E-21     .1167E-21   |        .3157E-17
     .2500E+05     .7699E-15     .6974E-15     .5204E-15     .2043E-15     .7893E-16     .3497E-16     .1770E-16     .9896E-17     .5904E-17     .3747E-17     .2507E-17     .1742E-17     .3952E-18     .1362E-18     .5854E-19     .2908E-19     .1627E-19     .9860E-20     .6305E-20     .4263E-20     .2198E-20     .1272E-20     .8014E-21     .5494E-21     .3913E-21     .2990E-21     .2383E-21     .1970E-21     .1676E-21     .1514E-21     .1400E-21     .1334E-21     .1377E-21   |        .3280E-17
     .2400E+05     .7692E-15     .6991E-15     .5267E-15     .2120E-15     .8297E-16     .3709E-16     .1877E-16     .1047E-16     .6320E-17     .4023E-17     .2681E-17     .1862E-17     .4260E-18     .1459E-18     .6342E-19     .3155E-19     .1757E-19     .1068E-19     .6865E-20     .4624E-20     .2387E-20     .1368E-20     .8723E-21     .5926E-21     .4289E-21     .3240E-21     .2601E-21     .2138E-21     .1828E-21     .1652E-21     .1563E-21     .1436E-21     .1392E-21   |        .3407E-17
     .2300E+05     .7672E-15     .6997E-15     .5321E-15     .2202E-15     .8755E-16     .3935E-16     .2012E-16     .1120E-16     .6740E-17     .4345E-17     .2878E-17     .1998E-17     .4639E-18     .1578E-18     .6858E-19     .3425E-19     .1904E-19     .1153E-19     .7451E-20     .5046E-20     .2589E-20     .1506E-20     .9411E-21     .6440E-21     .4667E-21     .3540E-21     .2811E-21     .2346E-21     .1994E-21     .1812E-21     .1660E-21     .1555E-21     .2024E-21   |        .3546E-17
     .2200E+05     .7788E-15     .7111E-15     .5435E-15     .2304E-15     .9307E-16     .4196E-16     .2155E-16     .1215E-16     .7293E-17     .4588E-17     .3097E-17     .2144E-17     .5006E-18     .1731E-18     .7426E-19     .3756E-19     .2091E-19     .1251E-19     .8121E-20     .5540E-20     .2830E-20     .1618E-20     .1030E-20     .7144E-21     .5085E-21     .3855E-21     .3070E-21     .2571E-21     .2214E-21     .1943E-21     .1834E-21     .1701E-21     .1795E-21   |        .3720E-17
     .2100E+05     .7871E-15     .7183E-15     .5497E-15     .2383E-15     .9815E-16     .4491E-16     .2301E-16     .1267E-16     .7891E-17     .5006E-17     .3355E-17     .2314E-17     .5486E-18     .1871E-18     .8155E-19     .4089E-19     .2273E-19     .1382E-19     .8850E-20     .6004E-20     .3105E-20     .1804E-20     .1113E-20     .7706E-21     .5525E-21     .4363E-21     .3395E-21     .2826E-21     .2459E-21     .2146E-21     .1982E-21     .1886E-21     .2092E-21   |        .3878E-17
     .2000E+05     .7872E-15     .7204E-15     .5555E-15     .2463E-15     .1034E-15     .4726E-16     .2504E-16     .1394E-16     .8392E-17     .5386E-17     .3649E-17     .2545E-17     .5957E-18     .2052E-18     .8899E-19     .4487E-19     .2493E-19     .1500E-19     .9793E-20     .6594E-20     .3415E-20     .1947E-20     .1253E-20     .8562E-21     .6144E-21     .4749E-21     .3710E-21     .3090E-21     .2662E-21     .2375E-21     .2226E-21     .2101E-21     .2037E-21   |        .4046E-17
     .1900E+05     .7979E-15     .7323E-15     .5693E-15     .2580E-15     .1111E-15     .5079E-16     .2641E-16     .1512E-16     .9201E-17     .5883E-17     .3967E-17     .2760E-17     .6496E-18     .2265E-18     .9808E-19     .4934E-19     .2763E-19     .1675E-19     .1078E-19     .7316E-20     .3737E-20     .2204E-20     .1382E-20     .9481E-21     .6845E-21     .5182E-21     .4172E-21     .3430E-21     .2959E-21     .2629E-21     .2438E-21     .2338E-21     .2413E-21   |        .4269E-17
     .1800E+05     .8049E-15     .7413E-15     .5811E-15     .2681E-15     .1180E-15     .5555E-16     .2871E-16     .1627E-16     .9975E-17     .6437E-17     .4310E-17     .3035E-17     .7189E-18     .2495E-18     .1093E-18     .5461E-19     .3047E-19     .1849E-19     .1203E-19     .8120E-20     .4169E-20     .2422E-20     .1536E-20     .1046E-20     .7641E-21     .5814E-21     .4644E-21     .3834E-21     .3303E-21     .2957E-21     .2721E-21     .2589E-21     .2736E-21   |        .4503E-17
     .1700E+05     .8109E-15     .7498E-15     .5944E-15     .2806E-15     .1246E-15     .5969E-16     .3139E-16     .1785E-16     .1085E-16     .7068E-17     .4764E-17     .3349E-17     .7990E-18     .2760E-18     .1205E-18     .6124E-19     .3433E-19     .2079E-19     .1336E-19     .9069E-20     .4699E-20     .2711E-20     .1727E-20     .1183E-20     .8576E-21     .6509E-21     .5195E-21     .4318E-21     .3716E-21     .3340E-21     .3061E-21     .2935E-21     .2888E-21   |        .4762E-17
     .1600E+05     .8115E-15     .7535E-15     .6047E-15     .2948E-15     .1330E-15     .6418E-16     .3410E-16     .1961E-16     .1203E-16     .7797E-17     .5209E-17     .3682E-17     .8867E-18     .3093E-18     .1351E-18     .6848E-19     .3856E-19     .2344E-19     .1506E-19     .1019E-19     .5289E-20     .3069E-20     .1949E-20     .1334E-20     .9660E-21     .7386E-21     .5883E-21     .4885E-21     .4217E-21     .3753E-21     .3469E-21     .3299E-21     .3324E-21   |        .5046E-17
     .1500E+05     .8114E-15     .7566E-15     .6150E-15     .3105E-15     .1433E-15     .6980E-16     .3725E-16     .2159E-16     .1322E-16     .8638E-17     .5822E-17     .4107E-17     .9976E-18     .3480E-18     .1530E-18     .7714E-19     .4324E-19     .2645E-19     .1710E-19     .1163E-19     .5995E-20     .3492E-20     .2217E-20     .1515E-20     .1101E-20     .8388E-21     .6698E-21     .5567E-21     .4817E-21     .4304E-21     .3967E-21     .3814E-21     .3779E-21   |        .5379E-17
     .1400E+05     .8072E-15     .7562E-15     .6226E-15     .3254E-15     .1543E-15     .7653E-16     .4098E-16     .2393E-16     .1469E-16     .9623E-17     .6546E-17     .4599E-17     .1123E-17     .3967E-18     .1739E-18     .8837E-19     .4978E-19     .3035E-19     .1959E-19     .1328E-19     .6868E-20     .4002E-20     .2547E-20     .1743E-20     .1265E-20     .9649E-21     .7720E-21     .6409E-21     .5526E-21     .4939E-21     .4576E-21     .4380E-21     .4389E-21   |        .5742E-17
     .1300E+05     .8038E-15     .7562E-15     .6302E-15     .3412E-15     .1663E-15     .8407E-16     .4541E-16     .2665E-16     .1651E-16     .1082E-16     .7358E-17     .5154E-17     .1273E-17     .4527E-18     .1992E-18     .1012E-18     .5726E-19     .3485E-19     .2252E-19     .1536E-19     .7939E-20     .4632E-20     .2950E-20     .2027E-20     .1468E-20     .1121E-20     .8950E-21     .7451E-21     .6469E-21     .5755E-21     .5332E-21     .5012E-21     .4927E-21   |        .6153E-17
     .1200E+05     .8008E-15     .7569E-15     .6393E-15     .3589E-15     .1797E-15     .9278E-16     .5072E-16     .2990E-16     .1861E-16     .1220E-16     .8361E-17     .5863E-17     .1465E-17     .5237E-18     .2316E-18     .1183E-18     .6675E-19     .4071E-19     .2641E-19     .1795E-19     .9309E-20     .5434E-20     .3464E-20     .2374E-20     .1725E-20     .1322E-20     .1056E-20     .8798E-21     .7574E-21     .6851E-21     .6302E-21     .5999E-21     .5853E-21   |        .6638E-17
     .1100E+05     .7969E-15     .7568E-15     .6478E-15     .3782E-15     .1952E-15     .1027E-15     .5690E-16     .3384E-16     .2126E-16     .1394E-16     .9585E-17     .6761E-17     .1712E-17     .6150E-18     .2727E-18     .1392E-18     .7851E-19     .4794E-19     .3118E-19     .2128E-19     .1106E-19     .6460E-20     .4126E-20     .2829E-20     .2059E-20     .1575E-20     .1256E-20     .1050E-20     .9053E-21     .8139E-21     .7496E-21     .7143E-21     .7535E-21   |        .7209E-17
     .1000E+05     .7929E-15     .7563E-15     .6560E-15     .3984E-15     .2129E-15     .1148E-15     .6461E-16     .3864E-16     .2446E-16     .1610E-16     .1112E-16     .7903E-17     .2015E-17     .7267E-18     .3231E-18     .1660E-18     .9451E-19     .5781E-19     .3753E-19     .2560E-19     .1334E-19     .7805E-20     .4991E-20     .3422E-20     .2495E-20     .1912E-20     .1536E-20     .1270E-20     .1102E-20     .9891E-21     .9052E-21     .8811E-21     .8491E-21   |        .7888E-17
     .9000E+04     .7878E-15     .7550E-15     .6639E-15     .4205E-15     .2334E-15     .1290E-15     .7389E-16     .4459E-16     .2848E-16     .1889E-16     .1304E-16     .9339E-17     .2401E-17     .8756E-18     .3928E-18     .2024E-18     .1151E-18     .7067E-19     .4603E-19     .3145E-19     .1642E-19     .9627E-20     .6157E-20     .4235E-20     .3087E-20     .2368E-20     .1903E-20     .1573E-20     .1363E-20     .1234E-20     .1136E-20     .1086E-20     .1064E-20   |        .8707E-17
     .8000E+04     .7841E-15     .7548E-15     .6727E-15     .4447E-15     .2571E-15     .1463E-15     .8561E-16     .5230E-16     .3370E-16     .2256E-16     .1560E-16     .1120E-16     .2923E-17     .1080E-17     .4861E-18     .2517E-18     .1442E-18     .8840E-19     .5777E-19     .3955E-19     .2070E-19     .1217E-19     .7811E-20     .5371E-20     .3913E-20     .3006E-20     .2422E-20     .2010E-20     .1739E-20     .1566E-20     .1452E-20     .1390E-20     .1367E-20   |        .9734E-17
     .7000E+04     .7787E-15     .7531E-15     .6803E-15     .4699E-15     .2845E-15     .1675E-15     .1005E-15     .6238E-16     .4052E-16     .2741E-16     .1907E-16     .1371E-16     .3649E-17     .1361E-17     .6182E-18     .3225E-18     .1846E-18     .1142E-18     .7462E-19     .5122E-19     .2692E-19     .1585E-19     .1019E-19     .7037E-20     .5145E-20     .3952E-20     .3185E-20     .2663E-20     .2299E-20     .2067E-20     .1916E-20     .1827E-20     .1813E-20   |        .1103E-16
     .6000E+04     .7751E-15     .7528E-15     .6885E-15     .4967E-15     .3166E-15     .1940E-15     .1197E-15     .7574E-16     .4984E-16     .3407E-16     .2392E-16     .1727E-16     .4699E-17     .1766E-17     .8146E-18     .4262E-18     .2463E-18     .1527E-18     .1003E-18     .6898E-19     .3644E-19     .2153E-19     .1389E-19     .9611E-20     .7018E-20     .5419E-20     .4357E-20     .3622E-20     .3163E-20     .2850E-20     .2601E-20     .2502E-20     .2429E-20   |        .1275E-16
     .5000E+04     .7729E-15     .7539E-15     .6986E-15     .5270E-15     .3539E-15     .2273E-15     .1457E-15     .9477E-16     .6320E-16     .4365E-16     .3108E-16     .2262E-16     .6256E-17     .2410E-17     .1118E-17     .5919E-18     .3440E-18     .2146E-18     .1417E-18     .9785E-19     .5197E-19     .3091E-19     .2000E-19     .1394E-19     .1019E-19     .7851E-20     .6364E-20     .5327E-20     .4627E-20     .4119E-20     .3929E-20     .3668E-20     .3378E-20   |        .1513E-16
     .4000E+04     .7698E-15     .7542E-15     .7089E-15     .5613E-15     .3995E-15     .2698E-15     .1803E-15     .1214E-15     .8306E-16     .5828E-16     .4202E-16     .3099E-16     .8849E-17     .3461E-17     .1637E-17     .8770E-18     .5145E-18     .3237E-18     .2152E-18     .1494E-18     .8027E-19     .4793E-19     .3127E-19     .2174E-19     .1608E-19     .1240E-19     .1002E-19     .8455E-20     .7316E-20     .6573E-20     .6124E-20     .5781E-20     .6247E-20   |        .1861E-16
     .3000E+04     .7539E-15     .7425E-15     .7083E-15     .5917E-15     .4514E-15     .3258E-15     .2301E-15     .1621E-15     .1151E-15     .8276E-16     .6066E-16     .4541E-16     .1357E-16     .5452E-17     .2627E-17     .1431E-17     .8516E-18     .5425E-18     .3643E-18     .2556E-18     .1391E-18     .8425E-19     .5535E-19     .3905E-19     .2897E-19     .2252E-19     .1824E-19     .1531E-19     .1351E-19     .1208E-19     .1136E-19     .1061E-19     .9891E-20   |        .2417E-16
     .2000E+04     .7268E-15     .7194E-15     .6965E-15     .6153E-15     .5073E-15     .3978E-15     .3026E-15     .2271E-15     .1700E-15     .1277E-15     .9672E-16     .7411E-16     .2378E-16     .9913E-17     .4919E-17     .2748E-17     .1672E-17     .1085E-17     .7411E-18     .5277E-18     .2956E-18     .1833E-18     .1233E-18     .8802E-19     .6606E-19     .5194E-19     .4241E-19     .3615E-19     .3184E-19     .2912E-19     .2723E-19     .2593E-19     .2338E-19   |        .3454E-16
     .1000E+04     .6686E-15     .6651E-15     .6539E-15     .6118E-15     .5500E-15     .4776E-15     .4037E-15     .3345E-15     .2738E-15     .2223E-15     .1801E-15     .1459E-15     .5476E-16     .2441E-16     .1268E-16     .7366E-17     .4651E-17     .3127E-17     .2207E-17     .1625E-17     .9647E-18     .6370E-18     .4472E-18     .3354E-18     .2654E-18     .2143E-18     .1840E-18     .1600E-18     .1428E-18     .1340E-18     .1241E-18     .1212E-18     .1282E-18   |        .6124E-16
     .8000E+03     .6440E-15     .6412E-15     .6326E-15     .5992E-15     .5491E-15     .4884E-15     .4239E-15     .3610E-15     .3032E-15     .2523E-15     .2089E-15     .1727E-15     .6886E-16     .3151E-16     .1657E-16     .9724E-17     .6199E-17     .4211E-17     .3006E-17     .2234E-17     .1358E-17     .9131E-18     .6579E-18     .5039E-18     .4047E-18     .3373E-18     .2905E-18     .2583E-18     .2346E-18     .2180E-18     .2079E-18     .2025E-18     .2019E-18   |        .7269E-16
     .6000E+03     .6102E-15     .6081E-15     .6018E-15     .5772E-15     .5394E-15     .4921E-15     .4396E-15     .3861E-15     .3343E-15     .2866E-15     .2440E-15     .2067E-15     .8992E-16     .4263E-16     .2277E-16     .1351E-16     .8700E-17     .5971E-17     .4313E-17     .3245E-17     .2030E-17     .1403E-17     .1047E-17     .8269E-18     .6852E-18     .5898E-18     .5233E-18     .4763E-18     .4423E-18     .4187E-18     .4031E-18     .3935E-18     .3892E-18   |        .8982E-16
     .4000E+03     .5587E-15     .5574E-15     .5534E-15     .5377E-15     .5128E-15     .4808E-15     .4435E-15     .4034E-15     .3624E-15     .3222E-15     .2842E-15     .2492E-15     .1236E-15     .6238E-16     .3415E-16     .2044E-16     .1324E-16     .9157E-17     .6669E-17     .5079E-17     .3272E-17     .2355E-17     .1846E-17     .1543E-17     .1356E-17     .1235E-17     .1156E-17     .1102E-17     .1067E-17     .1043E-17     .1028E-17     .1019E-17     .1017E-17   |        .1189E-15
     .3500E+03     .5416E-15     .5404E-15     .5370E-15     .5234E-15     .5019E-15     .4739E-15     .4409E-15     .4050E-15     .3676E-15     .3304E-15     .2945E-15     .2608E-15     .1351E-15     .6998E-16     .3868E-16     .2320E-16     .1503E-16     .1038E-16     .7574E-17     .5763E-17     .3734E-17     .2718E-17     .2167E-17     .1851E-17     .1666E-17     .1551E-17     .1483E-17     .1442E-17     .1418E-17     .1404E-17     .1396E-17     .1392E-17     .1391E-17   |        .1298E-15
     .3000E+03     .5221E-15     .5210E-15     .5182E-15     .5069E-15     .4885E-15     .4645E-15     .4360E-15     .4044E-15     .3712E-15     .3375E-15     .3044E-15     .2726E-15     .1485E-15     .7939E-16     .4448E-16     .2678E-16     .1733E-16     .1194E-16     .8688E-17     .6615E-17     .4287E-17     .3152E-17     .2557E-17     .2241E-17     .2074E-17     .1992E-17     .1959E-17     .1952E-17     .1958E-17     .1971E-17     .1982E-17     .1992E-17     .1989E-17   |        .1435E-15
     .2500E+03     .5004E-15     .4997E-15     .4973E-15     .4878E-15     .4726E-15     .4524E-15     .4283E-15     .4011E-15     .3722E-15     .3425E-15     .3129E-15     .2839E-15     .1642E-15     .9131E-16     .5221E-16     .3161E-16     .2041E-16     .1400E-16     .1013E-16     .7683E-17     .4942E-17     .3655E-17     .3020E-17     .2732E-17     .2627E-17     .2629E-17     .2683E-17     .2760E-17     .2845E-17     .2923E-17     .2982E-17     .3020E-17     .3032E-17   |        .1611E-15
     .2000E+03     .4721E-15     .4715E-15     .4696E-15     .4623E-15     .4505E-15     .4347E-15     .4156E-15     .3937E-15     .3698E-15     .3449E-15     .3194E-15     .2941E-15     .1821E-15     .1069E-15     .6305E-16     .3867E-16     .2498E-16     .1701E-16     .1218E-16     .9110E-17     .5743E-17     .4192E-17     .3522E-17     .3313E-17     .3366E-17     .3567E-17     .3841E-17     .4137E-17     .4424E-17     .4672E-17     .4858E-17     .4978E-17     .5012E-17   |        .1851E-15
     .1500E+03     .4374E-15     .4371E-15     .4357E-15     .4305E-15     .4220E-15     .4104E-15     .3962E-15     .3798E-15     .3618E-15     .3422E-15     .3219E-15     .3012E-15     .2027E-15     .1280E-15     .7941E-16     .5006E-16     .3264E-16     .2214E-16     .1564E-16     .1145E-16     .6812E-17     .4709E-17     .3896E-17     .3847E-17     .4260E-17     .4961E-17     .5814E-17     .6710E-17     .7566E-17     .8307E-17     .8876E-17     .9242E-17     .9335E-17   |        .2211E-15
     .1000E+03     .3914E-15     .3911E-15     .3904E-15     .3871E-15     .3817E-15     .3746E-15     .3655E-15     .3549E-15     .3430E-15     .3297E-15     .3157E-15     .3009E-15     .2243E-15     .1567E-15     .1061E-15     .7126E-16     .4836E-16     .3346E-16     .2364E-16     .1700E-16     .9163E-17     .5288E-17     .3677E-17     .3646E-17     .4784E-17     .6776E-17     .9327E-17     .1212E-16     .1490E-16     .1736E-16     .1931E-16     .2053E-16     .2101E-16   |        .2843E-15
     .5000E+02     .3214E-15     .3212E-15     .3209E-15     .3196E-15     .3173E-15     .3142E-15     .3102E-15     .3055E-15     .3000E-15     .2941E-15     .2874E-15     .2800E-15     .2387E-15     .1947E-15     .1539E-15     .1196E-15     .9225E-16     .7104E-16     .5470E-16     .4196E-16     .2370E-16     .1165E-16     .4216E-17     .1037E-17     .1988E-17     .6749E-17     .1464E-16     .2463E-16     .3539E-16     .4569E-16     .5401E-16     .5953E-16     .6163E-16   |        .4490E-15
     .4500E+02     .3124E-15     .3123E-15     .3120E-15     .3109E-15     .3090E-15     .3061E-15     .3029E-15     .2987E-15     .2939E-15     .2887E-15     .2827E-15     .2765E-15     .2396E-15     .1994E-15     .1612E-15     .1282E-15     .1010E-15     .7941E-16     .6227E-16     .4857E-16     .2824E-16     .1428E-16     .5212E-17     .9038E-18     .1360E-17     .6333E-17     .1506E-16     .2641E-16     .3888E-16     .5073E-16     .6063E-16     .6706E-16     .6918E-16   |        .4841E-15
     .4000E+02     .3039E-15     .3039E-15     .3036E-15     .3027E-15     .3009E-15     .2987E-15     .2959E-15     .2923E-15     .2882E-15     .2836E-15     .2787E-15     .2732E-15     .2410E-15     .2049E-15     .1697E-15     .1383E-15     .1117E-15     .8980E-16     .7188E-16     .5714E-16     .3440E-16     .1803E-16     .6900E-17     .1060E-17     .7468E-18     .5772E-17     .1539E-16     .2821E-16     .4254E-16     .5643E-16     .6785E-16     .7550E-16     .7827E-16   |        .5280E-15
     .3500E+02     .2970E-15     .2969E-15     .2967E-15     .2959E-15     .2945E-15     .2926E-15     .2902E-15     .2874E-15     .2839E-15     .2800E-15     .2759E-15     .2712E-15     .2437E-15     .2120E-15     .1804E-15     .1511E-15     .1252E-15     .1031E-15     .8443E-16     .6852E-16     .4289E-16     .2350E-16     .9660E-17     .1749E-17     .2545E-18     .5106E-17     .1554E-16     .2996E-16     .4639E-16     .6248E-16     .7580E-16     .8476E-16     .8802E-16   |        .5849E-15
     .3000E+02     .2938E-15     .2938E-15     .2935E-15     .2929E-15     .2918E-15     .2902E-15     .2882E-15     .2859E-15     .2832E-15     .2800E-15     .2766E-15     .2727E-15     .2499E-15     .2229E-15     .1949E-15     .1678E-15     .1431E-15     .1210E-15     .1014E-15     .8415E-16     .5491E-16     .3158E-16     .1414E-16     .3363E-17     .6940E-19     .4345E-17     .1540E-16     .3152E-16     .5016E-16     .6865E-16     .8433E-16     .9465E-16     .9817E-16   |        .6620E-15
     .2500E+02     .2990E-15     .2988E-15     .2988E-15     .2982E-15     .2973E-15     .2962E-15     .2947E-15     .2927E-15     .2906E-15     .2881E-15     .2854E-15     .2824E-15     .2639E-15     .2414E-15     .2170E-15     .1924E-15     .1687E-15     .1464E-15     .1258E-15     .1066E-15     .7256E-16     .4387E-16     .2138E-16     .6531E-17     .4791E-18     .3558E-17     .1488E-16     .3252E-16     .5365E-16     .7480E-16     .9271E-16     .1049E-15     .1092E-15   |        .7729E-15
     .2000E+02     .3237E-15     .3237E-15     .3236E-15     .3233E-15     .3225E-15     .3216E-15     .3205E-15     .3190E-15     .3173E-15     .3154E-15     .3131E-15     .3108E-15     .2959E-15     .2769E-15     .2554E-15     .2326E-15     .2092E-15     .1861E-15     .1633E-15     .1413E-15     .9986E-16     .6317E-16     .3322E-16     .1225E-16     .1894E-17     .2699E-17     .1377E-16     .3273E-16     .5622E-16     .8036E-16     .1010E-15     .1148E-15     .1196E-15   |        .9458E-15
     .1500E+02     .3955E-15     .3955E-15     .3953E-15     .3950E-15     .3944E-15     .3937E-15     .3926E-15     .3914E-15     .3899E-15     .3883E-15     .3864E-15     .3843E-15     .3709E-15     .3533E-15     .3321E-15     .3084E-15     .2827E-15     .2559E-15     .2283E-15     .2004E-15     .1457E-15     .9544E-16     .5313E-16     .2216E-16     .4745E-17     .1593E-17     .1160E-16     .3185E-16     .5823E-16     .8591E-16     .1099E-15     .1259E-15     .1316E-15   |        .1249E-14
     .1000E+02     .5929E-15     .5929E-15     .5927E-15     .5923E-15     .5917E-15     .5907E-15     .5895E-15     .5880E-15     .5862E-15     .5841E-15     .5817E-15     .5792E-15     .5625E-15     .5397E-15     .5116E-15     .4790E-15     .4424E-15     .4031E-15     .3618E-15     .3193E-15     .2344E-15     .1555E-15     .8879E-16     .3902E-16     .9242E-17     .2851E-19     .9475E-17     .3345E-16     .6615E-16     .1010E-15     .1314E-15     .1521E-15     .1594E-15   |        .1889E-14
     .5000E+01     .1020E-14     .1020E-14     .1020E-14     .1019E-14     .1018E-14     .1016E-14     .1014E-14     .1011E-14     .1008E-14     .1004E-14     .9997E-15     .9951E-15     .9647E-15     .9233E-15     .8722E-15     .8127E-15     .7465E-15     .6754E-15     .6011E-15     .5255E-15     .3777E-15     .2457E-15     .1404E-15     .6883E-16     .3418E-16     .3521E-16     .6675E-16     .1204E-15     .1858E-15     .2519E-15     .3078E-15     .3451E-15     .3582E-15   |        .3449E-14