9.876968209156463 0.000008411397551646957
10.837927377053571 0.00000591284442538679
11.709770599391826 0.000004407950370552045
13.04942566637241 0.000003190579702169862
14.542343829607006 0.0000023781615508306687
16.458787931432667 0.0000017724698824993863
18.627788157529366 0.0000013210412401420053
20.758898291588803 9.84664160632252e-7
22.08442119885749 7.128920399913356e-7
24.23307922522121 5.314100519300985e-7
27.005462091056003 3.7352855987362597e-7
29.17788198935216 2.784607940701927e-7
31.04098428019674 2.0160425399746714e-7
33.02305168809186 1.4174131997669272e-7
35.67954889401941 9.964580262479918e-8
39.15091671561022 7.004663909243862e-8
44.31036998530555 5.536082078321227e-8
53.3519795119629 5.0649484447333116e-8
65.24032698070648 4.9135004551336264e-8
77.34653454338 5.055372569102164e-8
94.58155537233921 5.200520900430362e-8
113.88108937271446 5.509518203985014e-8
137.1187274903812 6.189536176086399e-8
165.09804684996462 7.160468562898897e-8
195.73417814876615 7.812343245826021e-8
235.6740840992068 8.776589776047835e-8
288.1890128193502 9.574082932983201e-8
369.1512140702456 1.14020357527965e-7
480.23257195111563 1.3577923816104447e-7
596.3999994886599 1.5705371575064179e-7
740.6681265807188 1.8706904005946193e-7
948.7472665094209 2.2278560755423615e-7
1234.234976241226 2.7319764643666266e-7
1556.6977620983878 3.25384162954842e-7
1963.408888234665 3.9907518374675615e-7
2364.045951623515 4.754194141576769e-7
2981.689154197824 5.66234556358233e-7
3878.9097711234663 7.150312885941323e-7
