10.359654424715577 0.013071895424835667
13.034354067336059 0.013071895424837443
16.39961904012488 0.026143790849673998
20.272409524493597 0.07843137254902022
25.50642644120243 0.13071895424836644
30.435185919942437 0.24836601307189543
34.44168567945092 0.3660130718954253
37.62249302337917 0.535947712418301
41.097058792877796 0.7450980392156867
43.33398658075275 0.9281045751633994
45.69267115792458 1.1633986928104578
48.179739790512656 1.34640522875817
49.91254545024296 1.5424836601307192
52.62930336822242 1.751633986928105
55.493935403186406 1.9346405228758172
58.514490396855166 2.1568627450980395
62.799178730166034 2.366013071895425
66.21736076273467 2.5359477124183005
71.06608714142288 2.718954248366013
76.26985859023443 2.888888888888889
81.8546730706903 3.045751633986928
87.84843222939281 3.215686274509804
97.6719415816811 3.372549019607843
114.50475699382812 3.4640522875816995
136.63119668521898 3.4901960784313726
160.17826328489022 3.4248366013071894
187.783439298086 3.30718954248366
212.50332457713324 3.2026143790849675
244.76358357933586 3.0326797385620914
276.9843573024383 2.888888888888889
313.44668626073434 2.7320261437908497
348.49735678249914 2.588235294117647
380.682278336868 2.457516339869281
423.2514605816632 2.3398692810457518
470.5808730239539 2.2222222222222223
514.0406244065588 2.0915032679738563
571.5223887723466 1.973856209150327
635.4319587973062 1.843137254901961
706.4881134898372 1.7254901960784315
799.4904846348059 1.6078431372549025
904.7357242349293 1.4901960784313726
1023.8354882745133 1.3725490196078436
1158.613591760984 1.2549019607843142
1334.503426087386 1.1503267973856213
1510.1779782240637 1.058823529411765
1801.9987098312367 0.9411764705882355
2188.534779557458 0.8235294117647065
2657.984412087166 0.7320261437908502
3116.0623437069826 0.6274509803921573
3784.4704201318414 0.5490196078431375
4515.766295633444 0.4705882352941182
5681.66604497956 0.3921568627450984
6900.406574893147 0.33986928104575176
8529.946191401086 0.27450980392156943
10178.238759586842 0.23529411764705976
