40.32444933856686 30.792776150894824
43.68891202404029 26.45100905743631
46.581498676935254 22.72142910168381
50.468017072168195 19.517718182388375
55.562219056905704 16.7657290103686
61.17062578688205 14.184537556496382
69.53882981483325 12.560585988318842
80.32900540856843 11.292894750044127
95.81610557635862 10.626803258762312
118.01188681231511 10.789549214908131
143.0383317077267 11.122556497987162
170.61553074964178 11.641437226092481
206.79748066963683 12.371126305091645
246.66718005515543 13.552306068905185
298.97718674943627 15.073628992941215
350.94868502736034 16.7657290103686
411.9544399407779 18.366499978528413
483.56488520163373 20.428243368146248
576.7941960421347 23.06940022847624
677.0588981494668 25.659070741590522
794.7527119879053 28.976518526871864
918.0726087819902 31.743160501549788
1077.6620728647804 36.953601033657016
1285.4308655268765 41.101851530092716
1558.0285299819147 47.848462446374754
1828.8621609464515 54.03476503583494
2112.642372748934 61.955406088757115
2479.885073206905 69.96558801565776
2864.6829690506675 79.01140215857723
3416.982003067068 90.59322277297497
3884.428627875581 99.24295108704513
3884.428627875581 99.24295108704513
4559.662674791488 115.53305852120029
5267.174737335654 130.47026700306037
6084.4697716362525 145.1162916049009
7257.5303907980015 168.93621992017853
8519.114033042391 196.66603994141144
9684.537525917138 218.74291404837462
