296.9317659097176 19.27198424247058
398.19980016438933 22.231020310892966
499.7463811868007 25.33552899679627
603.8617844598236 28.86797760383435
709.2697852153051 31.746400228875377
802.1122801627381 34.49636868369221
898.5529788823007 37.482730888870165
1006.5890721613741 40.727623471616035
1497.7067227532234 54.78340744205326
1989.2176291596322 68.6224477152617
2987.8688162931066 93.40330903132897
3968.3184953066366 118.38439577056262
4979.692407904979 143.1001936410678
5960.108598825141 166.93047390917872
6933.959953033311 190.168162994248
7915.879391283726 211.57669352809864
8951.623855747113 235.38391979926843
9933.336891504 255.74878865358323
11776.632227405378 301.85819889659535
13830.979159760638 347.96955403527625
16397.54663397378 410.7056123507796
19258.911544973562 462.4223712428688
24167.27783277587 558.9649753930723
