10.237040432804172 610540.2296585302
12.101768398060562 1279802.2139979447
14.068759770470882 2371373.7056616405
17.197492007297082 4393970.560760768
20.330100937463804 8396671.115018325
23.242298245944365 16548170.999431679
27.020043664711988 31622776.601683598
29.873815720104776 62322211.68523715
33.58634855294511 126671400.272881
39.045390212096024 234712227.07771763
52.76959012708068 350463551.07869714
77.54162244108024 384433679.67576635
115.86532612437642 350463551.07869714
167.43151590411256 309792877.47911626
237.93234689502594 265526054.86803454
349.6267483795763 234712227.07771763
513.7547070739676 220673406.90845716
730.0827596429424 195064649.37330902
1055.0081484365535 167191535.24051878
1550.2686930355358 134729992.53342053
2316.464139442771 108571111.94021973
3130.6861711067486 87491182.3736034
