1.5375766784115883 33.31644162842964
1.637514850037331 54.977029296353386
1.905758710361752 98.61834362474708
2.1084434068166256 156.08223466355707
2.516695123731909 304.3572741034053
2.646890721662664 425.009650550974
3.0809543225702107 645.1603572360061
3.1993693228234785 939.311561063475
3.449234622983281 2557.731693082227
3.8162201242563483 3882.610878796678
4.278125150969556 3571.6598405027803
4.443915223468822 3723.891157391325
5.106290269216867 7261.514189391782
6.4961423175451545 10140.10135685406
8.803132814102213 18964.684379467675
9.990805617284842 26482.606353573286
10.369629394861363 66336.45601157352
10.77519961467941 47504.763478168374
12.228933393490264 66336.45601157352
14.226174973122266 188332.1530185689
15.937074239271608 367243.9777807748
17.196226471071547 399216.47832607816
18.79823901630192 298071.35489913943
23.05441757658716 88846.53261140874
27.908191354772896 38556.954152570004
32.09993900196782 25400.007032203845
100.79846755914306 1684.9464491854553
112.92956889031161 3022.4737502520984
141.8996172224458 3022.4737502520984
205.10546349266264 1756.762251445637
499.4029937401254 236.9312558978171
512.3934727696084 169.6708559475573
546.053286538233 137.71232471884161
604.8463569645545 59.76336537129401
696.5466990694568 10.353942293947192
724.5667490611581 2.3042933386242774
