10 0.09150326797385677
12.14504076843885 0.09150326797385677
14.750201526704174 0.10457516339869333
18.233480008684424 0.13071895424836644
21.756844507838615 0.1960784313725492
25.961049822239694 0.3006535947712421
30.435185919942437 0.44444444444444464
33.83855153428233 0.6013071895424842
36.963657379271694 0.7712418300653598
40.37737742609809 0.9150326797385624
42.575132696643266 1.084967320261438
44.89251258218603 1.2549019607843142
47.33602829382668 1.450980392156863
49.91254545024296 1.6339869281045751
52.62930336822242 1.8169934640522878
55.493935403186406 1.986928104575164
59.557445415474206 2.169934640522876
62.799178730166034 2.366013071895425
66.21736076273467 2.5620915032679736
71.06608714142288 2.758169934640523
74.93423999156656 2.9150326797385624
81.8546730706903 3.0980392156862746
89.41423178861447 3.241830065359477
101.1847561777223 3.3333333333333335
116.54567557916539 3.411764705882353
136.63119668521898 3.411764705882353
157.37326178757496 3.34640522875817
174.97127315485238 3.241830065359477
198.00455987962522 3.1372549019607847
224.06995746339643 3.019607843137255
249.12621933225645 2.901960784313726
276.9843573024383 2.784313725490196
307.9576866533025 2.6535947712418304
342.3945586403656 2.522875816993464
380.682278336868 2.3921568627450984
430.79544211440174 2.2614379084967324
478.96844813326214 2.1437908496732025
532.528322911697 2.0130718954248366
581.7091329374358 1.9084967320261441
646.757819211093 1.7908496732026147
731.8972710923961 1.6339869281045751
843.0070411415484 1.5163398692810461
970.9844529868652 1.3986928104575167
1079.563224545768 1.2679738562091507
1243.452374526846 1.1503267973856213
1457.7493768722154 1.058823529411765
1679.051196746226 0.9542483660130721
1968.4194472866113 0.8627450980392162
2227.542951999561 0.7843137254901964
2705.359996548329 0.679738562091504
3344.23413294072 0.5882352941176472
4133.97919322934 0.4967320261437913
5294.014984743658 0.405228758169935
6660.846290809168 0.33986928104575176
8233.813447532315 0.28758169934640554
10000 0.2614379084967329
