39.68330990588251 29.87084613180923
42.31069079633107 24.145615682151046
44.394767567242795 20.428243368146248
47.33408800746612 17.547870569073286
50.468017072168195 14.846263408505678
53.809439547983104 13.146552533350818
58.29901980152618 11.641437226092481
65.22065421521653 10.626803258762312
74.14290626493194 9.700601850717238
88.43735209076826 8.990738776476155
108.92384659277693 8.990738776476155
138.5260091068061 9.2682278015682
165.23325100491752 9.849163340465651
200.27379618102196 10.789549214908131
231.34980699931444 11.641437226092481
271.5655713751414 12.560585988318842
318.7720816059533 13.759855127211699
374.18454591587556 15.304476605653045
446.3257795134242 17.022490571849897
523.91102852045 19.223319441151947
645.2749109929816 22.041153719473463
757.443683099212 24.890842912355758
889.1108631265837 28.10896692491157
1027.0720908461044 31.26435727223814
1167.576600928423 34.77395801337245
1370.5375892373747 38.09413230471338
1583.200662301214 43.678128978115396
1888.4352051423912 50.08065115563309
2252.517706023227 57.42168171692668
2644.075073166724 65.83879113219469
3054.349942595163 73.22956741270112
3472.1881314907027 82.69737973828958
4010.9593436757573 91.98062783746246
4708.188349303429 105.46353160210003
5706.640449882547 122.77470827878668
6592.126338392709 140.77153669117243
7738.042140091502 163.878300761086
9530.558017280964 193.69959509055008
