0.000637082688606949 1.043554568283383
0.0009376223953405636 1.009977620063826
0.0013799397974013417 1.0416988596212098
0.0021660293429393482 1.0406178872031753
0.0033999186945035515 1.0395380365117877
0.005003808716375802 1.0386133421253472
0.007854253154040628 1.037535571553295
0.011559447129234724 1.036612658408176
0.014482354062368896 1.0036311475235935
0.02131431248872949 1.0027383931889027
0.02848035868435802 0.9402945666955339
0.03805568822445454 0.8817393232001041
0.04923882631706741 0.7759162517495539
0.05784126230174995 0.6013376638556891
0.06579332246575682 0.4660732429956965
0.0748386378309054 0.3612350945119837
0.08512750994298024 0.2799791566414525
0.09683090391711541 0.2544169809069118
0.11374807507229377 0.2797923496588746
0.12938624582652167 0.34948254239464155
0.14717436403597428 0.4506424124409621
0.16210268552735171 0.5999123090330434
0.1785452298523703 0.7736179837347766
0.196655589013403 1.029869666323559
0.20973857918781244 1.2865786262002517
0.23101297000831605 1.7127423719742993
0.2463816683094559 1.6588636917935866
0.2627728065517946 1.9446028404081823
0.2713728736609968 2.5080380117334107
0.28025440503300975 3.234724611931208
0.28025440503300975 4.172273013401173
0.28942661247167517 5.212655115323454
0.32921720043347785 5.21110906228081
0.36261065343566534 6.719994947731014
0.38673420690208427 5.551405835179425
0.4259617762560518 4.7339288581963075
0.5167574104914816 4.1663982523586425
0.626906535241184 3.7854434215463755
0.8376776400682916 3.6644598541202873
1.119311714305903 3.5473429469390267
1.6473398971098758 3.433205216084842
2.424462017082326 3.4301512964789125
3.455107294592218 3.427354256633719
4.923882631706742 3.4245594975718543
7.246692949092184 3.4215132685429843
10.665274261466223 3.418469749208982
15.199110829529332 3.415682234819182
21.660293429393484 3.412896993445393
30.8681420057751 3.4101140232341356
43.99027159972228 3.4073333223334394
62.690653524118275 3.4045548888928487
89.34061774026108 3.401778721063413
123.28467394420659 3.3992568965991703
170.12542798525857 3.3967369416270827
234.76284862679475 3.394218854761246
313.6920385392781 3.391954172668219
