10.36632928437698 1.1135484801785487
12.634629176544678 1.4080560972604164
16.253148373118638 2.0819549965238835
18.768842935762187 2.7375830523868774
21.673921695684175 3.5996748158479637
26.416483203860924 5.755524748302333
28.387359647587534 8.025250525479047
31.622776601683793 12.583101093662316
34.598916608699305 18.60540233069297
41.41784514364403 30.934696525253578
45.31583637600818 37.615908025786545
51.3969680077151 43.13398002815525
64.9381631576211 47.564438901845776
88.16830667755704 45.74011370854512
130.97472643005898 40.676335982123106
232.9096592460546 33.45154152609131
429.3510210083482 28.0532392035755
865.9643233600635 20.92158002070638
1746.576047662118 13.875560353451736
2641.648320386087 10.76086377974632
4293.510210083473 7.71744353659827
6378.043838892165 5.644069548772302
9139.816994654886 4.37712510562821
15399.265260594888 2.902986462668818
21673.92169568413 2.2513427265988377
27384.196342643558 1.8156132963373688
42169.65034285814 1.2769006631842377
62643.353665688424 0.9338476032520494
91398.16994654886 0.682959427654217
130974.72643005871 0.4994750516009873
245824.40689201924 0.2888829220743759
421696.5034285814 0.1842437571567303
673170.3824144969 0.1221937047605739
982171.8891880357 0.08936505525699295
