1.	0.0000001
10.66350917222725  0.00001
15.208457513733892  0.003676470588235281
19.59825154005296  0.013505882352941346
23.603744797693764  0.022058823529411686
27.02203559186525  0.03676470588235281
30.93536274800669  0.0625
34.821720097215696  0.09558823529411775
38.53923446737671  0.1286764705882354
41.938587884314046  0.17279411764705888
45.637781290627025  0.22426470588235292
48.830716678727455  0.27941176470588247
53.13783034840461  0.34191176470588236
55.90237377069869  0.40441176470588247
58.810745051293324  0.4632352941176472
60.833242998347565  0.5183823529411765
63.99814718591472  0.5808823529411765
67.32770836072736  0.6507352941176472
70.8304929506588  0.7426470588235294
74.51551305969812  0.823529411764706
77.07809702382728  0.9080882352941178
79.72880809469663  1.0
494.95625100937485  1.0
96675.34090347754  1.0
