1.0 0.22058823529411598
1.4277072840416287 0.367647058823529
2.004077814132003 0.5211764705882355
2.5410157899047974 0.6617647058823515
3.167644073987585 0.8088235294117609
4.154862931544807 1.0294117647058805
5.2680451025890624 1.3235294117647065
6.679474066932484 1.617647058823529
8.613880088983437 2.132352941176471
10.738109667130532 2.7205882352941195
14.32557059983517 3.6764705882352935
20.108854619441914 5.0735294117647065
17.26288597992512 4.338235294117645
12.508400184943369 3.1617647058823515
23.030188695065398 5.73529411764706
25.932470233875996 6.544117647058824
29.20049945465522 7.352941176470589
32.32755813110249 8.161764705882353
36.40150109357712 9.117647058823529
40.299709410429365 10.147058823529411
44.615373810823655 11.102941176470587
48.56276290902936 12.205882352941178
53.7633112538531 13.455882352941176
57.53618867003099 14.558823529411764
64.7869420356052 16.176470588235293
231.0841989575965 16.176470588235293
1280.8876716572563 16.176470588235293
19972.93212917751 16.176470588235293
99999.9999999998 16.176470588235293
