1.7721518987341796  57.49305477684476
3.797468354430382  44.8169510555472
3.0379746835443058  51.46813856756963
4.810126582278482  37.960062873175545
5.822784810126581  32.15226246759784
6.835443037974684  26.48969287610539
8.10126582278481  21.82439974099944
9.113924050632914  17.980745427387685
10.37974683544304  14.814025126068257
11.898734177215193  10.337679817852973
13.924050632911399  7.416385697403609
15.949367088607598  5.175380768765508
17.974683544303804  3.611538988740139
20.000000000000004  2.5909649528370426
24.810126582278482  0.98353192511888
29.873417721518987  0.29103304798722374
32.911392405063296  0.13043213867190082
33.9240506329114  0.11357649484942238
34.936708860759495  0.08853508011505454
36.45569620253164  0.08853508011505454
37.9746835443038  0.10452754953204368
40  0.14172364311981636
44.810126582278485  0.2605345863024367
50.8860759493671  0.3342246379719884
52.15189873417722  0.34360358966652604
53.67088607594938  0.3342246379719884
55.18987341772153  0.3162277660168389
49.36708860759495  0.325101692726551
59.746835443037995  0.23977709393694163
64.55696202531647  0.13409230189458207
69.873417721519  0.050901522107271384
74.93670886075951  0.00865964323360068
76.70886075949369  0.005717570633229643
79.74683544303798  0.014650936451923164
84.8101265822785  0.049512121846680884
89.87341772151899  0.08853508011505454
93.92405063291142  0.10746078283213197
95.94936708860762  0.1104763279976689
98.22784810126585  0.10746078283213197
100.00000000000001  0.1016743813251547
104.81012658227849  0.07095149298539785
110.12658227848102  0.03651741272548388
114.68354430379749  0.010510771998177352
119.746835443038  0.001473225511315964
124.8101265822785  0.0051184046275350795
129.873417721519  0.012757607330635152
132.91139240506328  0.0163659909879322
135.18987341772154  0.0163659909879322
