 #
 # Subroutine ELSEPA. Elastic scattering of electrons and positrons
 #                    by neutral atoms and positive ions
 #
 # Projectile: electron
 # Kinetic energy = 1.80000E+03 eV = 6.61488E+01 a.u.
 #
 # Element:  H,  Z =   1,  atomic weight = 1.00790E+00 g/mol
 #
 # Nuclear model: Fermi distribution
 #                Average radius = 1.07281E-13 cm
 #                Skin thickness = 5.46000E-14 cm
 #
 # Number of electrons =  1
 #
 # Electron density: Read from file z_001.den   
 #                   Number of data points =  751
 #                   Volume integral = 1.00000E+00
 #
 # Furness-McCarthy exchange potential
 #
 # Total elastic cross section = 1.57722E-18 cm**2 = 5.63236E-02 a0**2
 # 1st transport cross section = 5.16621E-20 cm**2 = 1.84489E-03 a0**2
 # 2nd transport cross section = 1.24746E-19 cm**2 = 4.45477E-03 a0**2
 #
 #
 # Differential cross section:                       MU=(1-COS(THETA))/2
 #
 #  THETA        MU          DCS          DCS        Sherman      error
 #  (deg)                 (cm**2/sr)   (a0**2/sr)    function
 #----------------------------------------------------------------------
  0.000E+00  0.00000E+00  2.86614E-17  1.02352E+00  0.00000E+00  1.0E-07
  1.000E-04  7.61557E-13  2.86614E-17  1.02352E+00 -5.90661E-12  1.0E-07
  1.250E-04  1.18994E-12  2.86614E-17  1.02352E+00 -7.38326E-12  1.0E-07
  1.500E-04  1.71346E-12  2.86614E-17  1.02352E+00 -8.85991E-12  1.0E-07
  1.750E-04  2.33225E-12  2.86614E-17  1.02352E+00 -1.03366E-11  1.0E-07
  2.000E-04  3.04617E-12  2.86614E-17  1.02352E+00 -1.18132E-11  1.0E-07
  2.250E-04  3.85530E-12  2.86614E-17  1.02352E+00 -1.32899E-11  1.0E-07
  2.500E-04  4.75964E-12  2.86614E-17  1.02352E+00 -1.47665E-11  1.0E-07
  2.750E-04  5.75917E-12  2.86614E-17  1.02352E+00 -1.62432E-11  1.0E-07
  3.000E-04  6.85391E-12  2.86614E-17  1.02352E+00 -1.77198E-11  1.0E-07
  3.250E-04  8.04379E-12  2.86614E-17  1.02352E+00 -1.91965E-11  1.0E-07
  3.500E-04  9.32893E-12  2.86614E-17  1.02352E+00 -2.06731E-11  1.0E-07
  3.750E-04  1.07092E-11  2.86614E-17  1.02352E+00 -2.21498E-11  1.0E-07
  4.000E-04  1.21847E-11  2.86614E-17  1.02352E+00 -2.36264E-11  1.0E-07
  4.250E-04  1.37554E-11  2.86614E-17  1.02352E+00 -2.51031E-11  1.0E-07
  4.500E-04  1.54213E-11  2.86614E-17  1.02352E+00 -2.65797E-11  1.0E-07
  4.750E-04  1.71823E-11  2.86614E-17  1.02352E+00 -2.80564E-11  1.0E-07
  5.000E-04  1.90386E-11  2.86614E-17  1.02352E+00 -2.95330E-11  1.0E-07
  5.250E-04  2.09900E-11  2.86614E-17  1.02352E+00 -3.10097E-11  1.0E-07
  5.500E-04  2.30367E-11  2.86614E-17  1.02352E+00 -3.24863E-11  1.0E-07
  5.750E-04  2.51785E-11  2.86614E-17  1.02352E+00 -3.39630E-11  1.0E-07
  6.000E-04  2.74156E-11  2.86614E-17  1.02352E+00 -3.54396E-11  1.0E-07
  6.250E-04  2.97478E-11  2.86614E-17  1.02352E+00 -3.69163E-11  1.0E-07
  6.500E-04  3.21752E-11  2.86614E-17  1.02352E+00 -3.83929E-11  1.0E-07
  6.750E-04  3.46979E-11  2.86614E-17  1.02352E+00 -3.98696E-11  1.0E-07
  7.000E-04  3.73157E-11  2.86614E-17  1.02352E+00 -4.13462E-11  1.0E-07
  7.250E-04  4.00286E-11  2.86614E-17  1.02352E+00 -4.28229E-11  1.0E-07
  7.500E-04  4.28368E-11  2.86614E-17  1.02352E+00 -4.42995E-11  1.0E-07
  7.750E-04  4.57402E-11  2.86614E-17  1.02352E+00 -4.57762E-11  1.0E-07
  8.000E-04  4.87388E-11  2.86614E-17  1.02352E+00 -4.72528E-11  1.0E-07
  8.250E-04  5.18325E-11  2.86614E-17  1.02352E+00 -4.87295E-11  1.0E-07
  8.500E-04  5.50215E-11  2.86614E-17  1.02352E+00 -5.02061E-11  1.0E-07
  8.750E-04  5.83057E-11  2.86614E-17  1.02352E+00 -5.16828E-11  1.0E-07
  9.000E-04  6.16850E-11  2.86614E-17  1.02352E+00 -5.31594E-11  1.0E-07
  9.250E-04  6.51595E-11  2.86614E-17  1.02352E+00 -5.46361E-11  1.0E-07
  9.500E-04  6.87293E-11  2.86614E-17  1.02352E+00 -5.61127E-11  1.0E-07
  9.750E-04  7.23943E-11  2.86614E-17  1.02352E+00 -5.75894E-11  1.0E-07
  1.000E-03  7.61544E-11  2.86614E-17  1.02352E+00 -5.90661E-11  1.0E-07
  1.250E-03  1.18991E-10  2.86614E-17  1.02352E+00 -7.38326E-11  1.0E-07
  1.500E-03  1.71347E-10  2.86614E-17  1.02352E+00 -8.85991E-11  1.0E-07
  1.750E-03  2.33223E-10  2.86614E-17  1.02352E+00 -1.03366E-10  1.0E-07
  2.000E-03  3.04617E-10  2.86614E-17  1.02352E+00 -1.18132E-10  1.0E-07
  2.250E-03  3.85531E-10  2.86614E-17  1.02352E+00 -1.32899E-10  1.0E-07
  2.500E-03  4.75965E-10  2.86614E-17  1.02352E+00 -1.47665E-10  1.0E-07
  2.750E-03  5.75917E-10  2.86614E-17  1.02352E+00 -1.62432E-10  1.0E-07
  3.000E-03  6.85389E-10  2.86614E-17  1.02352E+00 -1.77198E-10  1.0E-07
  3.250E-03  8.04380E-10  2.86614E-17  1.02352E+00 -1.91965E-10  1.0E-07
  3.500E-03  9.32891E-10  2.86614E-17  1.02352E+00 -2.06731E-10  1.0E-07
  3.750E-03  1.07092E-09  2.86614E-17  1.02352E+00 -2.21498E-10  1.0E-07
  4.000E-03  1.21847E-09  2.86614E-17  1.02352E+00 -2.36264E-10  1.0E-07
  4.250E-03  1.37554E-09  2.86614E-17  1.02352E+00 -2.51031E-10  1.0E-07
  4.500E-03  1.54213E-09  2.86614E-17  1.02352E+00 -2.65797E-10  1.0E-07
  4.750E-03  1.71823E-09  2.86614E-17  1.02352E+00 -2.80564E-10  1.0E-07
  5.000E-03  1.90386E-09  2.86614E-17  1.02352E+00 -2.95330E-10  1.0E-07
  5.250E-03  2.09900E-09  2.86614E-17  1.02352E+00 -3.10097E-10  1.0E-07
  5.500E-03  2.30367E-09  2.86614E-17  1.02352E+00 -3.24863E-10  1.0E-07
  5.750E-03  2.51785E-09  2.86614E-17  1.02352E+00 -3.39630E-10  1.0E-07
  6.000E-03  2.74156E-09  2.86614E-17  1.02352E+00 -3.54397E-10  1.0E-07
  6.250E-03  2.97478E-09  2.86614E-17  1.02352E+00 -3.69163E-10  1.0E-07
  6.500E-03  3.21752E-09  2.86614E-17  1.02352E+00 -3.83930E-10  1.0E-07
  6.750E-03  3.46978E-09  2.86614E-17  1.02352E+00 -3.98696E-10  1.0E-07
  7.000E-03  3.73156E-09  2.86614E-17  1.02352E+00 -4.13463E-10  1.0E-07
  7.250E-03  4.00286E-09  2.86614E-17  1.02352E+00 -4.28229E-10  1.0E-07
  7.500E-03  4.28368E-09  2.86614E-17  1.02352E+00 -4.42996E-10  1.0E-07
  7.750E-03  4.57402E-09  2.86613E-17  1.02352E+00 -4.57762E-10  1.0E-07
  8.000E-03  4.87388E-09  2.86613E-17  1.02352E+00 -4.72529E-10  1.0E-07
  8.250E-03  5.18326E-09  2.86613E-17  1.02352E+00 -4.87295E-10  1.0E-07
  8.500E-03  5.50215E-09  2.86613E-17  1.02352E+00 -5.02062E-10  1.0E-07
  8.750E-03  5.83057E-09  2.86613E-17  1.02351E+00 -5.16829E-10  1.0E-07
  9.000E-03  6.16850E-09  2.86613E-17  1.02351E+00 -5.31595E-10  1.0E-07
  9.250E-03  6.51596E-09  2.86613E-17  1.02351E+00 -5.46362E-10  1.0E-07
  9.500E-03  6.87293E-09  2.86613E-17  1.02351E+00 -5.61128E-10  1.0E-07
  9.750E-03  7.23942E-09  2.86613E-17  1.02351E+00 -5.75895E-10  1.0E-07
  1.000E-02  7.61544E-09  2.86613E-17  1.02351E+00 -5.90661E-10  1.0E-07
  1.250E-02  1.18991E-08  2.86613E-17  1.02351E+00 -7.38327E-10  1.0E-07
  1.500E-02  1.71347E-08  2.86612E-17  1.02351E+00 -8.85994E-10  1.0E-07
  1.750E-02  2.33223E-08  2.86611E-17  1.02351E+00 -1.03366E-09  1.0E-07
  2.000E-02  3.04617E-08  2.86611E-17  1.02350E+00 -1.18133E-09  1.0E-07
  2.250E-02  3.85531E-08  2.86610E-17  1.02350E+00 -1.32900E-09  1.0E-07
  2.500E-02  4.75965E-08  2.86609E-17  1.02350E+00 -1.47667E-09  1.0E-07
  2.750E-02  5.75917E-08  2.86607E-17  1.02349E+00 -1.62434E-09  1.0E-07
  3.000E-02  6.85389E-08  2.86606E-17  1.02349E+00 -1.77201E-09  1.0E-07
  3.250E-02  8.04380E-08  2.86605E-17  1.02348E+00 -1.91968E-09  1.0E-07
  3.500E-02  9.32891E-08  2.86603E-17  1.02348E+00 -2.06735E-09  1.0E-07
  3.750E-02  1.07092E-07  2.86602E-17  1.02347E+00 -2.21503E-09  1.0E-07
  4.000E-02  1.21847E-07  2.86600E-17  1.02347E+00 -2.36270E-09  1.0E-07
  4.250E-02  1.37554E-07  2.86598E-17  1.02346E+00 -2.51038E-09  1.0E-07
  4.500E-02  1.54213E-07  2.86596E-17  1.02345E+00 -2.65806E-09  1.0E-07
  4.750E-02  1.71823E-07  2.86594E-17  1.02345E+00 -2.80574E-09  1.0E-07
  5.000E-02  1.90386E-07  2.86592E-17  1.02344E+00 -2.95342E-09  1.0E-07
  5.250E-02  2.09900E-07  2.86590E-17  1.02343E+00 -3.10111E-09  1.0E-07
  5.500E-02  2.30367E-07  2.86588E-17  1.02342E+00 -3.24879E-09  1.0E-07
  5.750E-02  2.51785E-07  2.86585E-17  1.02341E+00 -3.39648E-09  1.0E-07
  6.000E-02  2.74156E-07  2.86583E-17  1.02341E+00 -3.54417E-09  1.0E-07
  6.250E-02  2.97478E-07  2.86580E-17  1.02340E+00 -3.69186E-09  1.0E-07
  6.500E-02  3.21752E-07  2.86577E-17  1.02339E+00 -3.83956E-09  1.0E-07
  6.750E-02  3.46978E-07  2.86574E-17  1.02338E+00 -3.98725E-09  1.0E-07
  7.000E-02  3.73156E-07  2.86571E-17  1.02337E+00 -4.13495E-09  1.0E-07
  7.250E-02  4.00286E-07  2.86568E-17  1.02335E+00 -4.28265E-09  1.0E-07
  7.500E-02  4.28368E-07  2.86565E-17  1.02334E+00 -4.43036E-09  1.0E-07
  7.750E-02  4.57402E-07  2.86562E-17  1.02333E+00 -4.57806E-09  1.0E-07
  8.000E-02  4.87388E-07  2.86558E-17  1.02332E+00 -4.72577E-09  1.0E-07
  8.250E-02  5.18325E-07  2.86555E-17  1.02331E+00 -4.87349E-09  1.0E-07
  8.500E-02  5.50215E-07  2.86551E-17  1.02329E+00 -5.02120E-09  1.0E-07
  8.750E-02  5.83057E-07  2.86547E-17  1.02328E+00 -5.16892E-09  1.0E-07
  9.000E-02  6.16850E-07  2.86544E-17  1.02327E+00 -5.31664E-09  1.0E-07
  9.250E-02  6.51596E-07  2.86540E-17  1.02325E+00 -5.46436E-09  1.0E-07
  9.500E-02  6.87293E-07  2.86536E-17  1.02324E+00 -5.61209E-09  1.0E-07
  9.750E-02  7.23942E-07  2.86531E-17  1.02322E+00 -5.75982E-09  1.0E-07
  1.000E-01  7.61543E-07  2.86527E-17  1.02321E+00 -5.90756E-09  1.0E-07
  1.250E-01  1.18991E-06  2.86478E-17  1.02303E+00 -7.38512E-09  1.0E-07
  1.500E-01  1.71347E-06  2.86418E-17  1.02282E+00 -8.86313E-09  1.0E-07
  1.750E-01  2.33223E-06  2.86348E-17  1.02257E+00 -1.03417E-08  1.0E-07
  2.000E-01  3.04617E-06  2.86267E-17  1.02228E+00 -1.18208E-08  1.0E-07
  2.250E-01  3.85531E-06  2.86174E-17  1.02195E+00 -1.33007E-08  1.0E-07
  2.500E-01  4.75964E-06  2.86071E-17  1.02158E+00 -1.47814E-08  1.0E-07
  2.750E-01  5.75916E-06  2.85958E-17  1.02117E+00 -1.62630E-08  1.0E-07
  3.000E-01  6.85388E-06  2.85833E-17  1.02073E+00 -1.77456E-08  1.0E-07
  3.250E-01  8.04378E-06  2.85698E-17  1.02025E+00 -1.92292E-08  1.0E-07
  3.500E-01  9.32888E-06  2.85552E-17  1.01972E+00 -2.07140E-08  1.0E-07
  3.750E-01  1.07092E-05  2.85395E-17  1.01916E+00 -2.22001E-08  1.0E-07
  4.000E-01  1.21846E-05  2.85228E-17  1.01857E+00 -2.36875E-08  1.0E-07
  4.250E-01  1.37553E-05  2.85050E-17  1.01793E+00 -2.51764E-08  1.0E-07
  4.500E-01  1.54212E-05  2.84861E-17  1.01726E+00 -2.66667E-08  1.0E-07
  4.750E-01  1.71822E-05  2.84662E-17  1.01655E+00 -2.81587E-08  1.0E-07
  5.000E-01  1.90385E-05  2.84452E-17  1.01580E+00 -2.96524E-08  1.0E-07
  5.250E-01  2.09899E-05  2.84231E-17  1.01501E+00 -3.11478E-08  1.0E-07
  5.500E-01  2.30365E-05  2.84001E-17  1.01418E+00 -3.26452E-08  1.0E-07
  5.750E-01  2.51783E-05  2.83759E-17  1.01332E+00 -3.41445E-08  1.0E-07
  6.000E-01  2.74153E-05  2.83508E-17  1.01242E+00 -3.56459E-08  1.0E-07
  6.250E-01  2.97475E-05  2.83246E-17  1.01149E+00 -3.71494E-08  1.0E-07
  6.500E-01  3.21749E-05  2.82973E-17  1.01052E+00 -3.86552E-08  1.0E-07
  6.750E-01  3.46974E-05  2.82690E-17  1.00951E+00 -4.01633E-08  1.0E-07
  7.000E-01  3.73152E-05  2.82397E-17  1.00846E+00 -4.16739E-08  1.0E-07
  7.250E-01  4.00281E-05  2.82094E-17  1.00738E+00 -4.31869E-08  1.0E-07
  7.500E-01  4.28362E-05  2.81781E-17  1.00626E+00 -4.47026E-08  1.0E-07
  7.750E-01  4.57395E-05  2.81457E-17  1.00510E+00 -4.62210E-08  1.0E-07
  8.000E-01  4.87380E-05  2.81124E-17  1.00391E+00 -4.77421E-08  1.0E-07
  8.250E-01  5.18317E-05  2.80780E-17  1.00268E+00 -4.92661E-08  1.0E-07
  8.500E-01  5.50205E-05  2.80427E-17  1.00142E+00 -5.07931E-08  1.0E-07
  8.750E-01  5.83045E-05  2.80063E-17  1.00012E+00 -5.23231E-08  1.0E-07
  9.000E-01  6.16838E-05  2.79690E-17  9.98792E-01 -5.38563E-08  1.0E-07
  9.250E-01  6.51582E-05  2.79307E-17  9.97424E-01 -5.53928E-08  1.0E-07
  9.500E-01  6.87277E-05  2.78914E-17  9.96021E-01 -5.69325E-08  1.0E-07
  9.750E-01  7.23925E-05  2.78512E-17  9.94584E-01 -5.84757E-08  1.0E-07
  1.000E+00  7.61524E-05  2.78100E-17  9.93112E-01 -6.00224E-08  1.0E-07
  1.100E+00  9.21439E-05  2.76357E-17  9.86887E-01 -6.62461E-08  1.0E-07
  1.200E+00  1.09658E-04  2.74465E-17  9.80131E-01 -7.25334E-08  1.0E-07
  1.300E+00  1.28695E-04  2.72429E-17  9.72861E-01 -7.88902E-08  1.0E-07
  1.400E+00  1.49255E-04  2.70253E-17  9.65093E-01 -8.53222E-08  1.0E-07
  1.500E+00  1.71338E-04  2.67944E-17  9.56845E-01 -9.18357E-08  1.0E-07
  1.600E+00  1.94942E-04  2.65505E-17  9.48136E-01 -9.84364E-08  1.0E-07
  1.700E+00  2.20070E-04  2.62943E-17  9.38987E-01 -1.05130E-07  1.0E-07
  1.800E+00  2.46720E-04  2.60263E-17  9.29416E-01 -1.11924E-07  1.0E-07
  1.900E+00  2.74892E-04  2.57471E-17  9.19446E-01 -1.18823E-07  1.0E-07
  2.000E+00  3.04586E-04  2.54573E-17  9.09097E-01 -1.25834E-07  1.0E-07
  2.100E+00  3.35803E-04  2.51575E-17  8.98392E-01 -1.32962E-07  1.0E-07
  2.200E+00  3.68542E-04  2.48484E-17  8.87353E-01 -1.40215E-07  1.0E-07
  2.300E+00  4.02802E-04  2.45305E-17  8.76001E-01 -1.47598E-07  1.0E-07
  2.400E+00  4.38585E-04  2.42045E-17  8.64360E-01 -1.55118E-07  1.0E-07
  2.500E+00  4.75889E-04  2.38711E-17  8.52452E-01 -1.62781E-07  1.0E-07
  2.600E+00  5.14715E-04  2.35308E-17  8.40299E-01 -1.70594E-07  1.0E-07
  2.700E+00  5.55063E-04  2.31842E-17  8.27925E-01 -1.78562E-07  1.0E-07
  2.800E+00  5.96931E-04  2.28321E-17  8.15350E-01 -1.86694E-07  1.0E-07
  2.900E+00  6.40321E-04  2.24750E-17  8.02598E-01 -1.94995E-07  1.0E-07
  3.000E+00  6.85233E-04  2.21136E-17  7.89690E-01 -2.03472E-07  1.0E-07
  3.100E+00  7.31665E-04  2.17483E-17  7.76648E-01 -2.12132E-07  1.0E-07
  3.200E+00  7.79618E-04  2.13799E-17  7.63491E-01 -2.20981E-07  1.0E-07
  3.300E+00  8.29092E-04  2.10089E-17  7.50241E-01 -2.30027E-07  1.0E-07
  3.400E+00  8.80086E-04  2.06358E-17  7.36917E-01 -2.39277E-07  1.0E-07
  3.500E+00  9.32601E-04  2.02612E-17  7.23539E-01 -2.48737E-07  1.0E-07
  3.600E+00  9.86636E-04  1.98855E-17  7.10126E-01 -2.58414E-07  1.0E-07
  3.700E+00  1.04219E-03  1.95094E-17  6.96694E-01 -2.68316E-07  1.0E-07
  3.800E+00  1.09927E-03  1.91333E-17  6.83262E-01 -2.78450E-07  1.0E-07
  3.900E+00  1.15786E-03  1.87576E-17  6.69846E-01 -2.88823E-07  1.0E-07
  4.000E+00  1.21797E-03  1.83828E-17  6.56463E-01 -2.99443E-07  1.0E-07
  4.100E+00  1.27961E-03  1.80094E-17  6.43126E-01 -3.10316E-07  1.0E-07
  4.200E+00  1.34276E-03  1.76376E-17  6.29851E-01 -3.21451E-07  1.0E-07
  4.300E+00  1.40743E-03  1.72680E-17  6.16650E-01 -3.32854E-07  1.0E-07
  4.400E+00  1.47362E-03  1.69008E-17  6.03538E-01 -3.44534E-07  1.0E-07
  4.500E+00  1.54133E-03  1.65364E-17  5.90526E-01 -3.56498E-07  1.0E-07
  4.600E+00  1.61056E-03  1.61752E-17  5.77625E-01 -3.68753E-07  1.0E-07
  4.700E+00  1.68131E-03  1.58173E-17  5.64846E-01 -3.81308E-07  1.0E-07
  4.800E+00  1.75357E-03  1.54631E-17  5.52199E-01 -3.94170E-07  1.0E-07
  4.900E+00  1.82735E-03  1.51129E-17  5.39692E-01 -4.07347E-07  1.0E-07
  5.000E+00  1.90265E-03  1.47669E-17  5.27335E-01 -4.20847E-07  1.0E-07
  5.100E+00  1.97947E-03  1.44252E-17  5.15135E-01 -4.34678E-07  1.0E-07
  5.200E+00  2.05780E-03  1.40882E-17  5.03098E-01 -4.48848E-07  1.0E-07
  5.300E+00  2.13765E-03  1.37559E-17  4.91231E-01 -4.63365E-07  1.0E-07
  5.400E+00  2.21902E-03  1.34285E-17  4.79540E-01 -4.78238E-07  1.0E-07
  5.500E+00  2.30190E-03  1.31062E-17  4.68030E-01 -4.93473E-07  1.0E-07
  5.600E+00  2.38630E-03  1.27891E-17  4.56706E-01 -5.09080E-07  1.0E-07
  5.700E+00  2.47222E-03  1.24772E-17  4.45570E-01 -5.25068E-07  1.0E-07
  5.800E+00  2.55965E-03  1.21708E-17  4.34627E-01 -5.41443E-07  1.0E-07
  5.900E+00  2.64859E-03  1.18698E-17  4.23879E-01 -5.58215E-07  1.0E-07
  6.000E+00  2.73905E-03  1.15744E-17  4.13329E-01 -5.75391E-07  1.0E-07
  6.100E+00  2.83103E-03  1.12845E-17  4.02978E-01 -5.92982E-07  1.0E-07
  6.200E+00  2.92452E-03  1.10003E-17  3.92828E-01 -6.10994E-07  1.0E-07
  6.300E+00  3.01952E-03  1.07217E-17  3.82879E-01 -6.29436E-07  1.0E-07
  6.400E+00  3.11604E-03  1.04488E-17  3.73133E-01 -6.48317E-07  1.0E-07
  6.500E+00  3.21407E-03  1.01815E-17  3.63590E-01 -6.67646E-07  1.0E-07
  6.600E+00  3.31362E-03  9.91996E-18  3.54248E-01 -6.87430E-07  1.0E-07
  6.700E+00  3.41468E-03  9.66402E-18  3.45109E-01 -7.07680E-07  1.0E-07
  6.800E+00  3.51725E-03  9.41371E-18  3.36170E-01 -7.28402E-07  1.0E-07
  6.900E+00  3.62133E-03  9.16900E-18  3.27431E-01 -7.49607E-07  1.0E-07
  7.000E+00  3.72692E-03  8.92985E-18  3.18891E-01 -7.71302E-07  1.0E-07
  7.100E+00  3.83403E-03  8.69620E-18  3.10547E-01 -7.93496E-07  1.0E-07
  7.200E+00  3.94265E-03  8.46803E-18  3.02399E-01 -8.16199E-07  1.0E-07
  7.300E+00  4.05278E-03  8.24525E-18  2.94443E-01 -8.39418E-07  1.0E-07
  7.400E+00  4.16442E-03  8.02782E-18  2.86679E-01 -8.63162E-07  1.0E-07
  7.500E+00  4.27757E-03  7.81567E-18  2.79103E-01 -8.87440E-07  1.0E-07
  7.600E+00  4.39223E-03  7.60873E-18  2.71713E-01 -9.12262E-07  1.0E-07
  7.700E+00  4.50840E-03  7.40692E-18  2.64506E-01 -9.37634E-07  1.0E-07
  7.800E+00  4.62608E-03  7.21016E-18  2.57480E-01 -9.63566E-07  1.0E-07
  7.900E+00  4.74527E-03  7.01838E-18  2.50631E-01 -9.90068E-07  1.0E-07
  8.000E+00  4.86597E-03  6.83150E-18  2.43957E-01 -1.01715E-06  1.0E-07
  8.100E+00  4.98817E-03  6.64942E-18  2.37455E-01 -1.04481E-06  1.0E-07
  8.200E+00  5.11188E-03  6.47205E-18  2.31121E-01 -1.07307E-06  1.0E-07
  8.300E+00  5.23711E-03  6.29932E-18  2.24953E-01 -1.10193E-06  1.0E-07
  8.400E+00  5.36383E-03  6.13114E-18  2.18947E-01 -1.13141E-06  1.0E-07
  8.500E+00  5.49207E-03  5.96740E-18  2.13100E-01 -1.16150E-06  1.0E-07
  8.600E+00  5.62181E-03  5.80802E-18  2.07408E-01 -1.19222E-06  1.0E-07
  8.700E+00  5.75306E-03  5.65291E-18  2.01869E-01 -1.22358E-06  1.0E-07
  8.800E+00  5.88581E-03  5.50198E-18  1.96479E-01 -1.25559E-06  1.0E-07
  8.900E+00  6.02007E-03  5.35512E-18  1.91235E-01 -1.28825E-06  1.0E-07
  9.000E+00  6.15583E-03  5.21226E-18  1.86133E-01 -1.32157E-06  1.0E-07
  9.100E+00  6.29310E-03  5.07331E-18  1.81171E-01 -1.35556E-06  1.0E-07
  9.200E+00  6.43187E-03  4.93816E-18  1.76345E-01 -1.39023E-06  1.0E-07
  9.300E+00  6.57214E-03  4.80672E-18  1.71651E-01 -1.42559E-06  1.0E-07
  9.400E+00  6.71392E-03  4.67892E-18  1.67087E-01 -1.46164E-06  1.0E-07
  9.500E+00  6.85720E-03  4.55466E-18  1.62650E-01 -1.49840E-06  1.0E-07
  9.600E+00  7.00198E-03  4.43384E-18  1.58335E-01 -1.53587E-06  1.0E-07
  9.700E+00  7.14827E-03  4.31640E-18  1.54141E-01 -1.57406E-06  1.0E-07
  9.800E+00  7.29605E-03  4.20223E-18  1.50064E-01 -1.61297E-06  1.0E-07
  9.900E+00  7.44534E-03  4.09126E-18  1.46101E-01 -1.65262E-06  1.0E-07
  1.000E+01  7.59612E-03  3.98339E-18  1.42250E-01 -1.69302E-06  1.0E-07
  1.025E+01  7.97965E-03  3.72682E-18  1.33087E-01 -1.79730E-06  1.0E-07
  1.050E+01  8.37255E-03  3.48795E-18  1.24557E-01 -1.90641E-06  1.0E-07
  1.075E+01  8.77480E-03  3.26560E-18  1.16617E-01 -2.02043E-06  1.0E-07
  1.100E+01  9.18641E-03  3.05864E-18  1.09226E-01 -2.13951E-06  1.0E-07
  1.125E+01  9.60736E-03  2.86603E-18  1.02348E-01 -2.26373E-06  1.0E-07
  1.150E+01  1.00376E-02  2.68676E-18  9.59460E-02 -2.39322E-06  1.0E-07
  1.175E+01  1.04773E-02  2.51989E-18  8.99870E-02 -2.52807E-06  1.0E-07
  1.200E+01  1.09262E-02  2.36455E-18  8.44396E-02 -2.66838E-06  1.0E-07
  1.225E+01  1.13844E-02  2.21991E-18  7.92743E-02 -2.81426E-06  1.0E-07
  1.250E+01  1.18520E-02  2.08520E-18  7.44638E-02 -2.96579E-06  1.0E-07
  1.275E+01  1.23288E-02  1.95971E-18  6.99825E-02 -3.12307E-06  1.0E-07
  1.300E+01  1.28150E-02  1.84277E-18  6.58065E-02 -3.28617E-06  1.0E-07
  1.325E+01  1.33104E-02  1.73376E-18  6.19139E-02 -3.45520E-06  1.0E-07
  1.350E+01  1.38150E-02  1.63212E-18  5.82840E-02 -3.63021E-06  1.0E-07
  1.375E+01  1.43290E-02  1.53729E-18  5.48978E-02 -3.81130E-06  1.0E-07
  1.400E+01  1.48521E-02  1.44880E-18  5.17376E-02 -3.99854E-06  1.0E-07
  1.425E+01  1.53845E-02  1.36618E-18  4.87872E-02 -4.19198E-06  1.0E-07
  1.450E+01  1.59262E-02  1.28901E-18  4.60313E-02 -4.39170E-06  1.0E-07
  1.475E+01  1.64770E-02  1.21689E-18  4.34559E-02 -4.59776E-06  1.0E-07
  1.500E+01  1.70371E-02  1.14946E-18  4.10481E-02 -4.81022E-06  1.0E-07
  1.525E+01  1.76063E-02  1.08639E-18  3.87958E-02 -5.02913E-06  1.0E-07
  1.550E+01  1.81848E-02  1.02737E-18  3.66880E-02 -5.25454E-06  1.0E-07
  1.575E+01  1.87724E-02  9.72102E-19  3.47144E-02 -5.48650E-06  1.0E-07
  1.600E+01  1.93692E-02  9.20327E-19  3.28655E-02 -5.72506E-06  1.0E-07
  1.625E+01  1.99751E-02  8.71798E-19  3.11325E-02 -5.97027E-06  1.0E-07
  1.650E+01  2.05901E-02  8.26288E-19  2.95073E-02 -6.22216E-06  1.0E-07
  1.675E+01  2.12143E-02  7.83586E-19  2.79823E-02 -6.48076E-06  1.0E-07
  1.700E+01  2.18476E-02  7.43497E-19  2.65508E-02 -6.74612E-06  1.0E-07
  1.725E+01  2.24900E-02  7.05842E-19  2.52061E-02 -7.01827E-06  1.0E-07
  1.750E+01  2.31415E-02  6.70455E-19  2.39424E-02 -7.29724E-06  1.0E-07
  1.775E+01  2.38021E-02  6.37180E-19  2.27541E-02 -7.58304E-06  1.0E-07
  1.800E+01  2.44717E-02  6.05875E-19  2.16362E-02 -7.87571E-06  1.0E-07
  1.825E+01  2.51504E-02  5.76408E-19  2.05839E-02 -8.17527E-06  1.0E-07
  1.850E+01  2.58382E-02  5.48655E-19  1.95928E-02 -8.48173E-06  1.0E-07
  1.875E+01  2.65349E-02  5.22505E-19  1.86590E-02 -8.79511E-06  1.0E-07
  1.900E+01  2.72407E-02  4.97850E-19  1.77785E-02 -9.11544E-06  1.0E-07
  1.925E+01  2.79555E-02  4.74593E-19  1.69480E-02 -9.44271E-06  1.0E-07
  1.950E+01  2.86793E-02  4.52645E-19  1.61642E-02 -9.77696E-06  1.0E-07
  1.975E+01  2.94120E-02  4.31919E-19  1.54241E-02 -1.01182E-05  1.0E-07
  2.000E+01  3.01537E-02  4.12339E-19  1.47249E-02 -1.04664E-05  1.0E-07
  2.025E+01  3.09043E-02  3.93831E-19  1.40640E-02 -1.08216E-05  1.0E-07
  2.050E+01  3.16639E-02  3.76328E-19  1.34389E-02 -1.11838E-05  1.0E-07
  2.075E+01  3.24324E-02  3.59767E-19  1.28475E-02 -1.15529E-05  1.0E-07
  2.100E+01  3.32098E-02  3.44089E-19  1.22877E-02 -1.19291E-05  1.0E-07
  2.125E+01  3.39961E-02  3.29241E-19  1.17574E-02 -1.23123E-05  1.0E-07
  2.150E+01  3.47912E-02  3.15171E-19  1.12550E-02 -1.27025E-05  1.0E-07
  2.175E+01  3.55952E-02  3.01833E-19  1.07787E-02 -1.30996E-05  1.0E-07
  2.200E+01  3.64081E-02  2.89182E-19  1.03269E-02 -1.35038E-05  1.0E-07
  2.225E+01  3.72297E-02  2.77177E-19  9.89817E-03 -1.39149E-05  1.0E-07
  2.250E+01  3.80602E-02  2.65780E-19  9.49118E-03 -1.43330E-05  1.0E-07
  2.275E+01  3.88995E-02  2.54955E-19  9.10462E-03 -1.47581E-05  1.0E-07
  2.300E+01  3.97476E-02  2.44669E-19  8.73730E-03 -1.51902E-05  1.0E-07
  2.325E+01  4.06044E-02  2.34891E-19  8.38810E-03 -1.56291E-05  1.0E-07
  2.350E+01  4.14700E-02  2.25591E-19  8.05599E-03 -1.60751E-05  1.0E-07
  2.375E+01  4.23443E-02  2.16742E-19  7.73999E-03 -1.65279E-05  1.0E-07
  2.400E+01  4.32273E-02  2.08319E-19  7.43919E-03 -1.69877E-05  1.0E-07
  2.425E+01  4.41190E-02  2.00297E-19  7.15273E-03 -1.74544E-05  1.0E-07
  2.450E+01  4.50194E-02  1.92655E-19  6.87983E-03 -1.79279E-05  1.0E-07
  2.475E+01  4.59284E-02  1.85371E-19  6.61972E-03 -1.84083E-05  1.0E-07
  2.500E+01  4.68461E-02  1.78426E-19  6.37170E-03 -1.88956E-05  1.0E-07
  2.550E+01  4.87074E-02  1.65479E-19  5.90937E-03 -1.98905E-05  1.0E-07
  2.600E+01  5.06030E-02  1.53680E-19  5.48803E-03 -2.09127E-05  1.0E-07
  2.650E+01  5.25328E-02  1.42911E-19  5.10345E-03 -2.19618E-05  1.0E-07
  2.700E+01  5.44967E-02  1.33067E-19  4.75190E-03 -2.30378E-05  1.0E-07
  2.750E+01  5.64946E-02  1.24055E-19  4.43007E-03 -2.41403E-05  1.0E-07
  2.800E+01  5.85262E-02  1.15792E-19  4.13502E-03 -2.52693E-05  1.0E-07
  2.850E+01  6.05914E-02  1.08207E-19  3.86415E-03 -2.64245E-05  1.0E-07
  2.900E+01  6.26901E-02  1.01234E-19  3.61514E-03 -2.76057E-05  1.0E-07
  2.950E+01  6.48222E-02  9.48155E-20  3.38592E-03 -2.88126E-05  1.0E-07
  3.000E+01  6.69873E-02  8.88992E-20  3.17465E-03 -3.00450E-05  1.0E-07
  3.050E+01  6.91854E-02  8.34394E-20  2.97967E-03 -3.13027E-05  1.0E-07
  3.100E+01  7.14163E-02  7.83945E-20  2.79952E-03 -3.25854E-05  1.0E-07
  3.150E+01  7.36799E-02  7.37277E-20  2.63286E-03 -3.38927E-05  1.0E-07
  3.200E+01  7.59760E-02  6.94054E-20  2.47851E-03 -3.52245E-05  1.0E-07
  3.250E+01  7.83043E-02  6.53978E-20  2.33540E-03 -3.65805E-05  1.0E-07
  3.300E+01  8.06647E-02  6.16778E-20  2.20256E-03 -3.79603E-05  1.0E-07
  3.350E+01  8.30571E-02  5.82212E-20  2.07912E-03 -3.93637E-05  1.0E-07
  3.400E+01  8.54812E-02  5.50059E-20  1.96430E-03 -4.07903E-05  1.0E-07
  3.450E+01  8.79369E-02  5.20120E-20  1.85738E-03 -4.22398E-05  1.0E-07
  3.500E+01  9.04240E-02  4.92215E-20  1.75773E-03 -4.37119E-05  1.0E-07
  3.550E+01  9.29422E-02  4.66181E-20  1.66476E-03 -4.52062E-05  1.0E-07
  3.600E+01  9.54915E-02  4.41869E-20  1.57794E-03 -4.67225E-05  1.0E-07
  3.650E+01  9.80716E-02  4.19144E-20  1.49679E-03 -4.82605E-05  1.0E-07
  3.700E+01  1.00682E-01  3.97884E-20  1.42087E-03 -4.98196E-05  1.0E-07
  3.750E+01  1.03323E-01  3.77976E-20  1.34978E-03 -5.13995E-05  1.0E-07
  3.800E+01  1.05995E-01  3.59319E-20  1.28315E-03 -5.30000E-05  1.0E-07
  3.850E+01  1.08696E-01  3.41820E-20  1.22066E-03 -5.46206E-05  1.0E-07
  3.900E+01  1.11427E-01  3.25393E-20  1.16200E-03 -5.62610E-05  1.0E-07
  3.950E+01  1.14188E-01  3.09960E-20  1.10689E-03 -5.79208E-05  1.0E-07
  4.000E+01  1.16978E-01  2.95449E-20  1.05507E-03 -5.95996E-05  1.0E-07
  4.050E+01  1.19797E-01  2.81796E-20  1.00631E-03 -6.12970E-05  1.0E-07
  4.100E+01  1.22645E-01  2.68940E-20  9.60400E-04 -6.30126E-05  1.0E-07
  4.150E+01  1.25522E-01  2.56825E-20  9.17137E-04 -6.47460E-05  1.0E-07
  4.200E+01  1.28428E-01  2.45400E-20  8.76340E-04 -6.64968E-05  1.0E-07
  4.250E+01  1.31361E-01  2.34619E-20  8.37841E-04 -6.82646E-05  1.0E-07
  4.300E+01  1.34323E-01  2.24439E-20  8.01486E-04 -7.00490E-05  1.0E-07
  4.350E+01  1.37313E-01  2.14819E-20  7.67134E-04 -7.18496E-05  1.0E-07
  4.400E+01  1.40330E-01  2.05723E-20  7.34652E-04 -7.36658E-05  1.0E-07
  4.450E+01  1.43375E-01  1.97117E-20  7.03919E-04 -7.54974E-05  1.0E-07
  4.500E+01  1.46447E-01  1.88969E-20  6.74822E-04 -7.73439E-05  1.0E-07
  4.550E+01  1.49545E-01  1.81251E-20  6.47257E-04 -7.92049E-05  1.0E-07
  4.600E+01  1.52671E-01  1.73934E-20  6.21129E-04 -8.10798E-05  1.0E-07
  4.650E+01  1.55823E-01  1.66994E-20  5.96347E-04 -8.29684E-05  1.0E-07
  4.700E+01  1.59001E-01  1.60408E-20  5.72829E-04 -8.48699E-05  1.0E-07
  4.750E+01  1.62205E-01  1.54155E-20  5.50497E-04 -8.67842E-05  1.0E-07
  4.800E+01  1.65435E-01  1.48214E-20  5.29280E-04 -8.87107E-05  1.0E-07
  4.850E+01  1.68690E-01  1.42566E-20  5.09112E-04 -9.06491E-05  1.0E-07
  4.900E+01  1.71970E-01  1.37194E-20  4.89929E-04 -9.25988E-05  1.0E-07
  4.950E+01  1.75276E-01  1.32083E-20  4.71676E-04 -9.45592E-05  1.0E-07
  5.000E+01  1.78606E-01  1.27216E-20  4.54296E-04 -9.65301E-05  1.0E-07
  5.050E+01  1.81961E-01  1.22580E-20  4.37741E-04 -9.85108E-05  1.0E-07
  5.100E+01  1.85340E-01  1.18162E-20  4.21964E-04 -1.00501E-04  1.0E-07
  5.150E+01  1.88743E-01  1.13949E-20  4.06920E-04 -1.02500E-04  1.0E-07
  5.200E+01  1.92169E-01  1.09931E-20  3.92569E-04 -1.04508E-04  1.0E-07
  5.250E+01  1.95619E-01  1.06095E-20  3.78872E-04 -1.06524E-04  1.0E-07
  5.300E+01  1.99092E-01  1.02433E-20  3.65794E-04 -1.08548E-04  1.0E-07
  5.350E+01  2.02589E-01  9.89345E-21  3.53301E-04 -1.10578E-04  1.0E-07
  5.400E+01  2.06107E-01  9.55911E-21  3.41362E-04 -1.12615E-04  1.0E-07
  5.450E+01  2.09649E-01  9.23945E-21  3.29947E-04 -1.14659E-04  1.0E-07
  5.500E+01  2.13212E-01  8.93368E-21  3.19028E-04 -1.16708E-04  1.0E-07
  5.550E+01  2.16797E-01  8.64110E-21  3.08579E-04 -1.18762E-04  1.0E-07
  5.600E+01  2.20404E-01  8.36100E-21  2.98577E-04 -1.20821E-04  1.0E-07
  5.650E+01  2.24032E-01  8.09275E-21  2.88997E-04 -1.22884E-04  1.0E-07
  5.700E+01  2.27680E-01  7.83575E-21  2.79820E-04 -1.24951E-04  1.0E-07
  5.750E+01  2.31350E-01  7.58943E-21  2.71023E-04 -1.27021E-04  1.0E-07
  5.800E+01  2.35040E-01  7.35325E-21  2.62589E-04 -1.29094E-04  1.1E-07
  5.850E+01  2.38751E-01  7.12670E-21  2.54499E-04 -1.31169E-04  1.0E-07
  5.900E+01  2.42481E-01  6.90933E-21  2.46737E-04 -1.33247E-04  1.0E-07
  5.950E+01  2.46231E-01  6.70067E-21  2.39285E-04 -1.35325E-04  1.1E-07
  6.000E+01  2.50000E-01  6.50031E-21  2.32130E-04 -1.37404E-04  1.0E-07
  6.050E+01  2.53788E-01  6.30785E-21  2.25257E-04 -1.39484E-04  1.0E-07
  6.100E+01  2.57595E-01  6.12291E-21  2.18653E-04 -1.41563E-04  1.1E-07
  6.150E+01  2.61421E-01  5.94513E-21  2.12305E-04 -1.43643E-04  1.0E-07
  6.200E+01  2.65264E-01  5.77419E-21  2.06200E-04 -1.45720E-04  1.0E-07
  6.250E+01  2.69126E-01  5.60977E-21  2.00328E-04 -1.47797E-04  1.1E-07
  6.300E+01  2.73005E-01  5.45156E-21  1.94679E-04 -1.49871E-04  1.1E-07
  6.350E+01  2.76901E-01  5.29928E-21  1.89241E-04 -1.51943E-04  1.0E-07
  6.400E+01  2.80814E-01  5.15266E-21  1.84005E-04 -1.54011E-04  1.1E-07
  6.450E+01  2.84744E-01  5.01145E-21  1.78962E-04 -1.56077E-04  1.2E-07
  6.500E+01  2.88691E-01  4.87541E-21  1.74104E-04 -1.58138E-04  1.0E-07
  6.550E+01  2.92653E-01  4.74430E-21  1.69422E-04 -1.60195E-04  1.0E-07
  6.600E+01  2.96632E-01  4.61792E-21  1.64909E-04 -1.62247E-04  1.3E-07
  6.650E+01  3.00625E-01  4.49605E-21  1.60557E-04 -1.64293E-04  1.0E-07
  6.700E+01  3.04634E-01  4.37850E-21  1.56359E-04 -1.66334E-04  1.0E-07
  6.750E+01  3.08658E-01  4.26508E-21  1.52309E-04 -1.68368E-04  1.3E-07
  6.800E+01  3.12697E-01  4.15563E-21  1.48400E-04 -1.70396E-04  1.0E-07
  6.850E+01  3.16749E-01  4.04996E-21  1.44627E-04 -1.72416E-04  1.0E-07
  6.900E+01  3.20816E-01  3.94793E-21  1.40983E-04 -1.74429E-04  1.4E-07
  6.950E+01  3.24896E-01  3.84937E-21  1.37464E-04 -1.76433E-04  1.0E-07
  7.000E+01  3.28990E-01  3.75415E-21  1.34063E-04 -1.78429E-04  1.0E-07
  7.050E+01  3.33097E-01  3.66213E-21  1.30777E-04 -1.80415E-04  1.5E-07
  7.100E+01  3.37216E-01  3.57318E-21  1.27601E-04 -1.82392E-04  1.0E-07
  7.150E+01  3.41348E-01  3.48718E-21  1.24529E-04 -1.84359E-04  1.0E-07
  7.200E+01  3.45492E-01  3.40400E-21  1.21559E-04 -1.86315E-04  1.5E-07
  7.250E+01  3.49647E-01  3.32353E-21  1.18686E-04 -1.88261E-04  1.0E-07
  7.300E+01  3.53814E-01  3.24568E-21  1.15905E-04 -1.90195E-04  1.0E-07
  7.350E+01  3.57992E-01  3.17032E-21  1.13214E-04 -1.92117E-04  1.5E-07
  7.400E+01  3.62181E-01  3.09737E-21  1.10609E-04 -1.94027E-04  1.2E-07
  7.450E+01  3.66381E-01  3.02674E-21  1.08087E-04 -1.95924E-04  1.0E-07
  7.500E+01  3.70590E-01  2.95832E-21  1.05644E-04 -1.97808E-04  1.5E-07
  7.550E+01  3.74810E-01  2.89205E-21  1.03277E-04 -1.99678E-04  1.3E-07
  7.600E+01  3.79039E-01  2.82784E-21  1.00984E-04 -2.01535E-04  1.0E-07
  7.650E+01  3.83277E-01  2.76560E-21  9.87613E-05 -2.03377E-04  1.4E-07
  7.700E+01  3.87524E-01  2.70527E-21  9.66069E-05 -2.05204E-04  1.5E-07
  7.750E+01  3.91780E-01  2.64677E-21  9.45179E-05 -2.07015E-04  1.0E-07
  7.800E+01  3.96044E-01  2.59004E-21  9.24921E-05 -2.08811E-04  1.4E-07
  7.850E+01  4.00316E-01  2.53502E-21  9.05271E-05 -2.10591E-04  1.6E-07
  7.900E+01  4.04596E-01  2.48163E-21  8.86206E-05 -2.12354E-04  1.0E-07
  7.950E+01  4.08882E-01  2.42982E-21  8.67705E-05 -2.14100E-04  1.3E-07
  8.000E+01  4.13176E-01  2.37954E-21  8.49748E-05 -2.15829E-04  1.7E-07
  8.050E+01  4.17476E-01  2.33072E-21  8.32316E-05 -2.17540E-04  1.0E-07
  8.100E+01  4.21783E-01  2.28333E-21  8.15391E-05 -2.19232E-04  1.2E-07
  8.150E+01  4.26095E-01  2.23730E-21  7.98953E-05 -2.20906E-04  1.8E-07
  8.200E+01  4.30413E-01  2.19258E-21  7.82986E-05 -2.22562E-04  1.0E-07
  8.250E+01  4.34737E-01  2.14915E-21  7.67474E-05 -2.24197E-04  1.0E-07
  8.300E+01  4.39065E-01  2.10693E-21  7.52400E-05 -2.25814E-04  1.9E-07
  8.350E+01  4.43398E-01  2.06591E-21  7.37750E-05 -2.27409E-04  1.0E-07
  8.400E+01  4.47736E-01  2.02603E-21  7.23510E-05 -2.28985E-04  1.0E-07
  8.450E+01  4.52077E-01  1.98726E-21  7.09665E-05 -2.30539E-04  1.9E-07
  8.500E+01  4.56422E-01  1.94956E-21  6.96202E-05 -2.32072E-04  1.2E-07
  8.550E+01  4.60770E-01  1.91290E-21  6.83108E-05 -2.33584E-04  1.0E-07
  8.600E+01  4.65122E-01  1.87723E-21  6.70370E-05 -2.35074E-04  1.9E-07
  8.650E+01  4.69476E-01  1.84253E-21  6.57978E-05 -2.36541E-04  1.4E-07
  8.700E+01  4.73832E-01  1.80876E-21  6.45920E-05 -2.37985E-04  1.0E-07
  8.750E+01  4.78190E-01  1.77590E-21  6.34184E-05 -2.39407E-04  1.9E-07
  8.800E+01  4.82550E-01  1.74391E-21  6.22761E-05 -2.40805E-04  1.6E-07
  8.850E+01  4.86912E-01  1.71276E-21  6.11639E-05 -2.42179E-04  1.0E-07
  8.900E+01  4.91274E-01  1.68244E-21  6.00810E-05 -2.43530E-04  1.9E-07
  8.950E+01  4.95637E-01  1.65291E-21  5.90264E-05 -2.44856E-04  1.8E-07
  9.000E+01  5.00000E-01  1.62414E-21  5.79993E-05 -2.46157E-04  1.0E-07
  9.050E+01  5.04363E-01  1.59612E-21  5.69986E-05 -2.47433E-04  1.8E-07
  9.100E+01  5.08726E-01  1.56882E-21  5.60237E-05 -2.48684E-04  2.0E-07
  9.150E+01  5.13088E-01  1.54222E-21  5.50737E-05 -2.49909E-04  1.0E-07
  9.200E+01  5.17450E-01  1.51629E-21  5.41478E-05 -2.51109E-04  1.7E-07
  9.250E+01  5.21810E-01  1.49102E-21  5.32453E-05 -2.52282E-04  2.1E-07
  9.300E+01  5.26168E-01  1.46638E-21  5.23655E-05 -2.53428E-04  1.0E-07
  9.350E+01  5.30524E-01  1.44236E-21  5.15077E-05 -2.54548E-04  1.6E-07
  9.400E+01  5.34878E-01  1.41894E-21  5.06712E-05 -2.55640E-04  2.2E-07
  9.450E+01  5.39230E-01  1.39609E-21  4.98553E-05 -2.56705E-04  1.0E-07
  9.500E+01  5.43578E-01  1.37381E-21  4.90595E-05 -2.57742E-04  1.4E-07
  9.550E+01  5.47923E-01  1.35207E-21  4.82832E-05 -2.58752E-04  2.3E-07
  9.600E+01  5.52264E-01  1.33086E-21  4.75258E-05 -2.59733E-04  1.1E-07
  9.650E+01  5.56602E-01  1.31016E-21  4.67867E-05 -2.60686E-04  1.2E-07
  9.700E+01  5.60935E-01  1.28996E-21  4.60654E-05 -2.61610E-04  2.4E-07
  9.750E+01  5.65263E-01  1.27025E-21  4.53613E-05 -2.62504E-04  1.3E-07
  9.800E+01  5.69587E-01  1.25100E-21  4.46740E-05 -2.63370E-04  1.0E-07
  9.850E+01  5.73905E-01  1.23221E-21  4.40031E-05 -2.64207E-04  2.4E-07
  9.900E+01  5.78217E-01  1.21387E-21  4.33479E-05 -2.65013E-04  1.6E-07
  9.950E+01  5.82524E-01  1.19595E-21  4.27081E-05 -2.65790E-04  1.0E-07
  1.000E+02  5.86824E-01  1.17845E-21  4.20833E-05 -2.66536E-04  2.4E-07
  1.005E+02  5.91118E-01  1.16136E-21  4.14730E-05 -2.67252E-04  1.9E-07
  1.010E+02  5.95404E-01  1.14467E-21  4.08768E-05 -2.67937E-04  1.0E-07
  1.015E+02  5.99684E-01  1.12836E-21  4.02943E-05 -2.68592E-04  2.4E-07
  1.020E+02  6.03956E-01  1.11242E-21  3.97252E-05 -2.69216E-04  2.1E-07
  1.025E+02  6.08220E-01  1.09684E-21  3.91690E-05 -2.69808E-04  1.0E-07
  1.030E+02  6.12476E-01  1.08162E-21  3.86255E-05 -2.70369E-04  2.3E-07
  1.035E+02  6.16723E-01  1.06675E-21  3.80942E-05 -2.70899E-04  2.3E-07
  1.040E+02  6.20961E-01  1.05220E-21  3.75749E-05 -2.71397E-04  1.0E-07
  1.045E+02  6.25190E-01  1.03799E-21  3.70672E-05 -2.71863E-04  2.2E-07
  1.050E+02  6.29410E-01  1.02409E-21  3.65708E-05 -2.72297E-04  2.5E-07
  1.055E+02  6.33619E-01  1.01049E-21  3.60854E-05 -2.72698E-04  1.0E-07
  1.060E+02  6.37819E-01  9.97204E-22  3.56108E-05 -2.73067E-04  2.1E-07
  1.065E+02  6.42008E-01  9.84205E-22  3.51466E-05 -2.73403E-04  2.7E-07
  1.070E+02  6.46186E-01  9.71490E-22  3.46925E-05 -2.73707E-04  1.0E-07
  1.075E+02  6.50353E-01  9.59053E-22  3.42484E-05 -2.73979E-04  1.9E-07
  1.080E+02  6.54508E-01  9.46885E-22  3.38139E-05 -2.74217E-04  2.8E-07
  1.085E+02  6.58652E-01  9.34982E-22  3.33888E-05 -2.74422E-04  1.1E-07
  1.090E+02  6.62784E-01  9.23334E-22  3.29729E-05 -2.74593E-04  1.7E-07
  1.095E+02  6.66903E-01  9.11937E-22  3.25658E-05 -2.74732E-04  2.9E-07
  1.100E+02  6.71010E-01  9.00783E-22  3.21675E-05 -2.74836E-04  1.5E-07
  1.105E+02  6.75104E-01  8.89866E-22  3.17777E-05 -2.74908E-04  1.4E-07
  1.110E+02  6.79184E-01  8.79181E-22  3.13961E-05 -2.74946E-04  3.0E-07
  1.115E+02  6.83251E-01  8.68721E-22  3.10226E-05 -2.74950E-04  1.8E-07
  1.120E+02  6.87303E-01  8.58482E-22  3.06569E-05 -2.74920E-04  1.1E-07
  1.125E+02  6.91342E-01  8.48457E-22  3.02990E-05 -2.74856E-04  3.0E-07
  1.130E+02  6.95366E-01  8.38642E-22  2.99485E-05 -2.74758E-04  2.1E-07
  1.135E+02  6.99375E-01  8.29032E-22  2.96053E-05 -2.74627E-04  1.0E-07
  1.140E+02  7.03368E-01  8.19620E-22  2.92692E-05 -2.74461E-04  3.0E-07
  1.145E+02  7.07347E-01  8.10404E-22  2.89400E-05 -2.74261E-04  2.4E-07
  1.150E+02  7.11309E-01  8.01377E-22  2.86177E-05 -2.74027E-04  1.0E-07
  1.155E+02  7.15256E-01  7.92536E-22  2.83020E-05 -2.73758E-04  2.9E-07
  1.160E+02  7.19186E-01  7.83876E-22  2.79927E-05 -2.73455E-04  2.7E-07
  1.165E+02  7.23099E-01  7.75392E-22  2.76898E-05 -2.73118E-04  1.0E-07
  1.170E+02  7.26995E-01  7.67081E-22  2.73930E-05 -2.72747E-04  2.8E-07
  1.175E+02  7.30874E-01  7.58939E-22  2.71022E-05 -2.72341E-04  3.0E-07
  1.180E+02  7.34736E-01  7.50962E-22  2.68173E-05 -2.71900E-04  1.0E-07
  1.185E+02  7.38579E-01  7.43146E-22  2.65382E-05 -2.71425E-04  2.6E-07
  1.190E+02  7.42405E-01  7.35487E-22  2.62647E-05 -2.70916E-04  3.2E-07
  1.195E+02  7.46212E-01  7.27981E-22  2.59967E-05 -2.70373E-04  1.0E-07
  1.200E+02  7.50000E-01  7.20626E-22  2.57340E-05 -2.69795E-04  2.4E-07
  1.205E+02  7.53769E-01  7.13417E-22  2.54766E-05 -2.69182E-04  3.4E-07
  1.210E+02  7.57519E-01  7.06352E-22  2.52243E-05 -2.68535E-04  1.2E-07
  1.215E+02  7.61249E-01  6.99428E-22  2.49770E-05 -2.67854E-04  2.2E-07
  1.220E+02  7.64960E-01  6.92640E-22  2.47346E-05 -2.67138E-04  3.5E-07
  1.225E+02  7.68650E-01  6.85987E-22  2.44971E-05 -2.66389E-04  1.6E-07
  1.230E+02  7.72320E-01  6.79465E-22  2.42642E-05 -2.65605E-04  1.9E-07
  1.235E+02  7.75968E-01  6.73072E-22  2.40358E-05 -2.64787E-04  3.6E-07
  1.240E+02  7.79596E-01  6.66804E-22  2.38120E-05 -2.63934E-04  2.0E-07
  1.245E+02  7.83203E-01  6.60660E-22  2.35926E-05 -2.63047E-04  1.5E-07
  1.250E+02  7.86788E-01  6.54635E-22  2.33775E-05 -2.62127E-04  3.7E-07
  1.255E+02  7.90351E-01  6.48729E-22  2.31665E-05 -2.61172E-04  2.4E-07
  1.260E+02  7.93893E-01  6.42938E-22  2.29597E-05 -2.60184E-04  1.2E-07
  1.265E+02  7.97411E-01  6.37259E-22  2.27569E-05 -2.59162E-04  3.7E-07
  1.270E+02  8.00908E-01  6.31692E-22  2.25581E-05 -2.58106E-04  2.8E-07
  1.275E+02  8.04381E-01  6.26232E-22  2.23632E-05 -2.57016E-04  1.0E-07
  1.280E+02  8.07831E-01  6.20879E-22  2.21720E-05 -2.55893E-04  3.6E-07
  1.285E+02  8.11257E-01  6.15629E-22  2.19845E-05 -2.54736E-04  3.1E-07
  1.290E+02  8.14660E-01  6.10482E-22  2.18007E-05 -2.53546E-04  1.0E-07
  1.295E+02  8.18039E-01  6.05434E-22  2.16204E-05 -2.52324E-04  3.5E-07
  1.300E+02  8.21394E-01  6.00483E-22  2.14436E-05 -2.51068E-04  3.5E-07
  1.305E+02  8.24724E-01  5.95629E-22  2.12703E-05 -2.49778E-04  1.0E-07
  1.310E+02  8.28030E-01  5.90868E-22  2.11003E-05 -2.48456E-04  3.4E-07
  1.315E+02  8.31310E-01  5.86200E-22  2.09336E-05 -2.47102E-04  3.8E-07
  1.320E+02  8.34565E-01  5.81622E-22  2.07701E-05 -2.45715E-04  1.0E-07
  1.325E+02  8.37795E-01  5.77132E-22  2.06098E-05 -2.44295E-04  3.1E-07
  1.330E+02  8.40999E-01  5.72729E-22  2.04525E-05 -2.42844E-04  4.0E-07
  1.335E+02  8.44177E-01  5.68411E-22  2.02983E-05 -2.41360E-04  1.1E-07
  1.340E+02  8.47329E-01  5.64177E-22  2.01471E-05 -2.39844E-04  2.9E-07
  1.345E+02  8.50455E-01  5.60025E-22  1.99988E-05 -2.38296E-04  4.2E-07
  1.350E+02  8.53553E-01  5.55953E-22  1.98534E-05 -2.36717E-04  1.7E-07
  1.355E+02  8.56625E-01  5.51960E-22  1.97109E-05 -2.35107E-04  2.5E-07
  1.360E+02  8.59670E-01  5.48045E-22  1.95710E-05 -2.33465E-04  4.4E-07
  1.365E+02  8.62687E-01  5.44205E-22  1.94339E-05 -2.31792E-04  2.2E-07
  1.370E+02  8.65677E-01  5.40441E-22  1.92995E-05 -2.30089E-04  2.1E-07
  1.375E+02  8.68639E-01  5.36750E-22  1.91677E-05 -2.28354E-04  4.5E-07
  1.380E+02  8.71572E-01  5.33131E-22  1.90384E-05 -2.26590E-04  2.7E-07
  1.385E+02  8.74478E-01  5.29582E-22  1.89117E-05 -2.24795E-04  1.7E-07
  1.390E+02  8.77355E-01  5.26103E-22  1.87875E-05 -2.22970E-04  4.6E-07
  1.395E+02  8.80203E-01  5.22693E-22  1.86657E-05 -2.21116E-04  3.2E-07
  1.400E+02  8.83022E-01  5.19350E-22  1.85463E-05 -2.19231E-04  1.2E-07
  1.405E+02  8.85812E-01  5.16072E-22  1.84293E-05 -2.17318E-04  4.5E-07
  1.410E+02  8.88573E-01  5.12860E-22  1.83146E-05 -2.15375E-04  3.6E-07
  1.415E+02  8.91304E-01  5.09711E-22  1.82021E-05 -2.13404E-04  1.0E-07
  1.420E+02  8.94005E-01  5.06625E-22  1.80919E-05 -2.11404E-04  4.5E-07
  1.425E+02  8.96677E-01  5.03601E-22  1.79839E-05 -2.09375E-04  4.1E-07
  1.430E+02  8.99318E-01  5.00637E-22  1.78781E-05 -2.07319E-04  1.0E-07
  1.435E+02  9.01928E-01  4.97733E-22  1.77744E-05 -2.05234E-04  4.3E-07
  1.440E+02  9.04508E-01  4.94888E-22  1.76728E-05 -2.03122E-04  4.5E-07
  1.445E+02  9.07058E-01  4.92101E-22  1.75732E-05 -2.00983E-04  1.0E-07
  1.450E+02  9.09576E-01  4.89370E-22  1.74757E-05 -1.98817E-04  4.1E-07
  1.455E+02  9.12063E-01  4.86696E-22  1.73802E-05 -1.96623E-04  4.9E-07
  1.460E+02  9.14519E-01  4.84077E-22  1.72867E-05 -1.94404E-04  1.1E-07
  1.465E+02  9.16943E-01  4.81512E-22  1.71951E-05 -1.92157E-04  3.8E-07
  1.470E+02  9.19335E-01  4.79000E-22  1.71054E-05 -1.89885E-04  5.2E-07
  1.475E+02  9.21696E-01  4.76541E-22  1.70176E-05 -1.87588E-04  1.7E-07
  1.480E+02  9.24024E-01  4.74134E-22  1.69316E-05 -1.85265E-04  3.4E-07
  1.485E+02  9.26320E-01  4.71778E-22  1.68475E-05 -1.82917E-04  5.4E-07
  1.490E+02  9.28584E-01  4.69473E-22  1.67652E-05 -1.80545E-04  2.4E-07
  1.495E+02  9.30815E-01  4.67218E-22  1.66846E-05 -1.78147E-04  3.0E-07
  1.500E+02  9.33013E-01  4.65011E-22  1.66058E-05 -1.75726E-04  5.6E-07
  1.505E+02  9.35178E-01  4.62853E-22  1.65288E-05 -1.73281E-04  3.0E-07
  1.510E+02  9.37310E-01  4.60742E-22  1.64534E-05 -1.70813E-04  2.5E-07
  1.515E+02  9.39409E-01  4.58678E-22  1.63797E-05 -1.68321E-04  5.8E-07
  1.520E+02  9.41474E-01  4.56661E-22  1.63076E-05 -1.65806E-04  3.7E-07
  1.525E+02  9.43505E-01  4.54689E-22  1.62372E-05 -1.63269E-04  1.9E-07
  1.530E+02  9.45503E-01  4.52763E-22  1.61685E-05 -1.60710E-04  5.8E-07
  1.535E+02  9.47467E-01  4.50881E-22  1.61013E-05 -1.58129E-04  4.3E-07
  1.540E+02  9.49397E-01  4.49043E-22  1.60356E-05 -1.55526E-04  1.3E-07
  1.545E+02  9.51293E-01  4.47249E-22  1.59715E-05 -1.52903E-04  5.8E-07
  1.550E+02  9.53154E-01  4.45497E-22  1.59090E-05 -1.50258E-04  5.0E-07
  1.555E+02  9.54981E-01  4.43789E-22  1.58480E-05 -1.47593E-04  1.0E-07
  1.560E+02  9.56773E-01  4.42122E-22  1.57885E-05 -1.44908E-04  5.7E-07
  1.565E+02  9.58530E-01  4.40496E-22  1.57304E-05 -1.42203E-04  5.6E-07
  1.570E+02  9.60252E-01  4.38912E-22  1.56738E-05 -1.39479E-04  1.0E-07
  1.575E+02  9.61940E-01  4.37367E-22  1.56187E-05 -1.36735E-04  5.5E-07
  1.580E+02  9.63592E-01  4.35863E-22  1.55650E-05 -1.33974E-04  6.1E-07
  1.585E+02  9.65209E-01  4.34399E-22  1.55127E-05 -1.31193E-04  1.0E-07
  1.590E+02  9.66790E-01  4.32974E-22  1.54618E-05 -1.28395E-04  5.3E-07
  1.595E+02  9.68336E-01  4.31587E-22  1.54123E-05 -1.25579E-04  6.7E-07
  1.600E+02  9.69846E-01  4.30239E-22  1.53641E-05 -1.22747E-04  1.8E-07
  1.605E+02  9.71321E-01  4.28929E-22  1.53173E-05 -1.19897E-04  4.9E-07
  1.610E+02  9.72759E-01  4.27657E-22  1.52719E-05 -1.17031E-04  7.2E-07
  1.615E+02  9.74162E-01  4.26422E-22  1.52278E-05 -1.14149E-04  2.7E-07
  1.620E+02  9.75528E-01  4.25224E-22  1.51850E-05 -1.11252E-04  4.4E-07
  1.625E+02  9.76858E-01  4.24062E-22  1.51435E-05 -1.08339E-04  7.6E-07
  1.630E+02  9.78152E-01  4.22937E-22  1.51033E-05 -1.05412E-04  3.7E-07
  1.635E+02  9.79410E-01  4.21847E-22  1.50644E-05 -1.02470E-04  3.9E-07
  1.640E+02  9.80631E-01  4.20793E-22  1.50268E-05 -9.95138E-05  8.0E-07
  1.645E+02  9.81815E-01  4.19775E-22  1.49904E-05 -9.65441E-05  4.7E-07
  1.650E+02  9.82963E-01  4.18792E-22  1.49553E-05 -9.35611E-05  3.2E-07
  1.655E+02  9.84074E-01  4.17843E-22  1.49214E-05 -9.05654E-05  8.3E-07
  1.660E+02  9.85148E-01  4.16929E-22  1.48888E-05 -8.75575E-05  5.7E-07
  1.665E+02  9.86185E-01  4.16049E-22  1.48574E-05 -8.45375E-05  2.4E-07
  1.670E+02  9.87185E-01  4.15203E-22  1.48272E-05 -8.15059E-05  8.6E-07
  1.675E+02  9.88148E-01  4.14391E-22  1.47982E-05 -7.84630E-05  6.8E-07
  1.680E+02  9.89074E-01  4.13613E-22  1.47704E-05 -7.54093E-05  1.5E-07
  1.685E+02  9.89962E-01  4.12868E-22  1.47438E-05 -7.23453E-05  8.7E-07
  1.690E+02  9.90814E-01  4.12156E-22  1.47184E-05 -6.92716E-05  8.0E-07
  1.695E+02  9.91627E-01  4.11478E-22  1.46941E-05 -6.61883E-05  1.0E-07
  1.700E+02  9.92404E-01  4.10831E-22  1.46711E-05 -6.30960E-05  8.9E-07
  1.705E+02  9.93143E-01  4.10218E-22  1.46491E-05 -5.99948E-05  9.2E-07
  1.710E+02  9.93844E-01  4.09637E-22  1.46284E-05 -5.68854E-05  1.0E-07
  1.715E+02  9.94508E-01  4.09088E-22  1.46088E-05 -5.37682E-05  8.9E-07
  1.720E+02  9.95134E-01  4.08572E-22  1.45904E-05 -5.06437E-05  1.1E-06
  1.725E+02  9.95722E-01  4.08087E-22  1.45731E-05 -4.75124E-05  2.2E-07
  1.730E+02  9.96273E-01  4.07634E-22  1.45569E-05 -4.43745E-05  8.9E-07
  1.735E+02  9.96786E-01  4.07213E-22  1.45419E-05 -4.12304E-05  1.2E-06
  1.740E+02  9.97261E-01  4.06824E-22  1.45280E-05 -3.80805E-05  3.9E-07
  1.745E+02  9.97698E-01  4.06466E-22  1.45152E-05 -3.49255E-05  8.9E-07
  1.750E+02  9.98097E-01  4.06140E-22  1.45035E-05 -3.17658E-05  1.4E-06
  1.755E+02  9.98459E-01  4.05845E-22  1.44930E-05 -2.86018E-05  6.2E-07
  1.760E+02  9.98782E-01  4.05581E-22  1.44836E-05 -2.54338E-05  9.0E-07
  1.765E+02  9.99067E-01  4.05348E-22  1.44753E-05 -2.22621E-05  1.7E-06
  1.770E+02  9.99315E-01  4.05147E-22  1.44681E-05 -1.90874E-05  9.4E-07
  1.775E+02  9.99524E-01  4.04977E-22  1.44620E-05 -1.59101E-05  9.5E-07
  1.780E+02  9.99695E-01  4.04838E-22  1.44570E-05 -1.27307E-05  2.3E-06
  1.785E+02  9.99829E-01  4.04730E-22  1.44532E-05 -9.54973E-06  1.5E-06
  1.790E+02  9.99924E-01  4.04652E-22  1.44504E-05 -6.36738E-06  1.2E-06
  1.795E+02  9.99981E-01  4.04605E-22  1.44487E-05 -3.18398E-06  4.4E-06
  1.800E+02  1.00000E+00  4.04589E-22  1.44481E-05 -4.46836E-20  5.8E-06
