 #
 # Subroutine ELSEPA. Elastic scattering of electrons and positrons
 #                    by neutral atoms and positive ions
 #
 # Projectile: electron
 # Kinetic energy = 1.20000E+03 eV = 4.40992E+01 a.u.
 #
 # Element:  H,  Z =   1,  atomic weight = 1.00790E+00 g/mol
 #
 # Nuclear model: Fermi distribution
 #                Average radius = 1.07281E-13 cm
 #                Skin thickness = 5.46000E-14 cm
 #
 # Number of electrons =  1
 #
 # Electron density: Read from file z_001.den   
 #                   Number of data points =  751
 #                   Volume integral = 1.00000E+00
 #
 # Furness-McCarthy exchange potential
 #
 # Total elastic cross section = 2.37469E-18 cm**2 = 8.48019E-02 a0**2
 # 1st transport cross section = 1.07562E-19 cm**2 = 3.84113E-03 a0**2
 # 2nd transport cross section = 2.54579E-19 cm**2 = 9.09118E-03 a0**2
 #
 #
 # Differential cross section:                       MU=(1-COS(THETA))/2
 #
 #  THETA        MU          DCS          DCS        Sherman      error
 #  (deg)                 (cm**2/sr)   (a0**2/sr)    function
 #----------------------------------------------------------------------
  0.000E+00  0.00000E+00  2.88246E-17  1.02934E+00  0.00000E+00  1.0E-07
  1.000E-04  7.61557E-13  2.88246E-17  1.02934E+00 -6.71792E-12  1.0E-07
  1.250E-04  1.18994E-12  2.88246E-17  1.02934E+00 -8.39740E-12  1.0E-07
  1.500E-04  1.71346E-12  2.88246E-17  1.02934E+00 -1.00769E-11  1.0E-07
  1.750E-04  2.33225E-12  2.88246E-17  1.02934E+00 -1.17564E-11  1.0E-07
  2.000E-04  3.04617E-12  2.88246E-17  1.02934E+00 -1.34358E-11  1.0E-07
  2.250E-04  3.85530E-12  2.88246E-17  1.02934E+00 -1.51153E-11  1.0E-07
  2.500E-04  4.75964E-12  2.88246E-17  1.02934E+00 -1.67948E-11  1.0E-07
  2.750E-04  5.75917E-12  2.88246E-17  1.02934E+00 -1.84743E-11  1.0E-07
  3.000E-04  6.85391E-12  2.88246E-17  1.02934E+00 -2.01538E-11  1.0E-07
  3.250E-04  8.04379E-12  2.88246E-17  1.02934E+00 -2.18332E-11  1.0E-07
  3.500E-04  9.32893E-12  2.88246E-17  1.02934E+00 -2.35127E-11  1.0E-07
  3.750E-04  1.07092E-11  2.88246E-17  1.02934E+00 -2.51922E-11  1.0E-07
  4.000E-04  1.21847E-11  2.88246E-17  1.02934E+00 -2.68717E-11  1.0E-07
  4.250E-04  1.37554E-11  2.88246E-17  1.02934E+00 -2.85512E-11  1.0E-07
  4.500E-04  1.54213E-11  2.88246E-17  1.02934E+00 -3.02307E-11  1.0E-07
  4.750E-04  1.71823E-11  2.88246E-17  1.02934E+00 -3.19101E-11  1.0E-07
  5.000E-04  1.90386E-11  2.88246E-17  1.02934E+00 -3.35896E-11  1.0E-07
  5.250E-04  2.09900E-11  2.88246E-17  1.02934E+00 -3.52691E-11  1.0E-07
  5.500E-04  2.30367E-11  2.88246E-17  1.02934E+00 -3.69486E-11  1.0E-07
  5.750E-04  2.51785E-11  2.88246E-17  1.02934E+00 -3.86281E-11  1.0E-07
  6.000E-04  2.74156E-11  2.88246E-17  1.02934E+00 -4.03075E-11  1.0E-07
  6.250E-04  2.97478E-11  2.88246E-17  1.02934E+00 -4.19870E-11  1.0E-07
  6.500E-04  3.21752E-11  2.88246E-17  1.02934E+00 -4.36665E-11  1.0E-07
  6.750E-04  3.46979E-11  2.88246E-17  1.02934E+00 -4.53460E-11  1.0E-07
  7.000E-04  3.73157E-11  2.88246E-17  1.02934E+00 -4.70255E-11  1.0E-07
  7.250E-04  4.00286E-11  2.88246E-17  1.02934E+00 -4.87049E-11  1.0E-07
  7.500E-04  4.28368E-11  2.88246E-17  1.02934E+00 -5.03844E-11  1.0E-07
  7.750E-04  4.57402E-11  2.88246E-17  1.02934E+00 -5.20639E-11  1.0E-07
  8.000E-04  4.87388E-11  2.88246E-17  1.02934E+00 -5.37434E-11  1.0E-07
  8.250E-04  5.18325E-11  2.88246E-17  1.02934E+00 -5.54229E-11  1.0E-07
  8.500E-04  5.50215E-11  2.88246E-17  1.02934E+00 -5.71023E-11  1.0E-07
  8.750E-04  5.83057E-11  2.88246E-17  1.02934E+00 -5.87818E-11  1.0E-07
  9.000E-04  6.16850E-11  2.88246E-17  1.02934E+00 -6.04613E-11  1.0E-07
  9.250E-04  6.51595E-11  2.88246E-17  1.02934E+00 -6.21408E-11  1.0E-07
  9.500E-04  6.87293E-11  2.88246E-17  1.02934E+00 -6.38203E-11  1.0E-07
  9.750E-04  7.23943E-11  2.88246E-17  1.02934E+00 -6.54997E-11  1.0E-07
  1.000E-03  7.61544E-11  2.88246E-17  1.02934E+00 -6.71792E-11  1.0E-07
  1.250E-03  1.18991E-10  2.88246E-17  1.02934E+00 -8.39740E-11  1.0E-07
  1.500E-03  1.71347E-10  2.88246E-17  1.02934E+00 -1.00769E-10  1.0E-07
  1.750E-03  2.33223E-10  2.88246E-17  1.02934E+00 -1.17564E-10  1.0E-07
  2.000E-03  3.04617E-10  2.88246E-17  1.02934E+00 -1.34358E-10  1.0E-07
  2.250E-03  3.85531E-10  2.88246E-17  1.02934E+00 -1.51153E-10  1.0E-07
  2.500E-03  4.75965E-10  2.88246E-17  1.02934E+00 -1.67948E-10  1.0E-07
  2.750E-03  5.75917E-10  2.88246E-17  1.02934E+00 -1.84743E-10  1.0E-07
  3.000E-03  6.85389E-10  2.88246E-17  1.02934E+00 -2.01538E-10  1.0E-07
  3.250E-03  8.04380E-10  2.88246E-17  1.02934E+00 -2.18333E-10  1.0E-07
  3.500E-03  9.32891E-10  2.88246E-17  1.02934E+00 -2.35127E-10  1.0E-07
  3.750E-03  1.07092E-09  2.88246E-17  1.02934E+00 -2.51922E-10  1.0E-07
  4.000E-03  1.21847E-09  2.88246E-17  1.02934E+00 -2.68717E-10  1.0E-07
  4.250E-03  1.37554E-09  2.88246E-17  1.02934E+00 -2.85512E-10  1.0E-07
  4.500E-03  1.54213E-09  2.88246E-17  1.02934E+00 -3.02307E-10  1.0E-07
  4.750E-03  1.71823E-09  2.88246E-17  1.02934E+00 -3.19101E-10  1.0E-07
  5.000E-03  1.90386E-09  2.88246E-17  1.02934E+00 -3.35896E-10  1.0E-07
  5.250E-03  2.09900E-09  2.88246E-17  1.02934E+00 -3.52691E-10  1.0E-07
  5.500E-03  2.30367E-09  2.88246E-17  1.02934E+00 -3.69486E-10  1.0E-07
  5.750E-03  2.51785E-09  2.88246E-17  1.02934E+00 -3.86281E-10  1.0E-07
  6.000E-03  2.74156E-09  2.88246E-17  1.02934E+00 -4.03076E-10  1.0E-07
  6.250E-03  2.97478E-09  2.88246E-17  1.02934E+00 -4.19870E-10  1.0E-07
  6.500E-03  3.21752E-09  2.88246E-17  1.02934E+00 -4.36665E-10  1.0E-07
  6.750E-03  3.46978E-09  2.88246E-17  1.02934E+00 -4.53460E-10  1.0E-07
  7.000E-03  3.73156E-09  2.88246E-17  1.02934E+00 -4.70255E-10  1.0E-07
  7.250E-03  4.00286E-09  2.88246E-17  1.02934E+00 -4.87050E-10  1.0E-07
  7.500E-03  4.28368E-09  2.88246E-17  1.02934E+00 -5.03845E-10  1.0E-07
  7.750E-03  4.57402E-09  2.88246E-17  1.02934E+00 -5.20639E-10  1.0E-07
  8.000E-03  4.87388E-09  2.88246E-17  1.02934E+00 -5.37434E-10  1.0E-07
  8.250E-03  5.18326E-09  2.88246E-17  1.02934E+00 -5.54229E-10  1.0E-07
  8.500E-03  5.50215E-09  2.88246E-17  1.02934E+00 -5.71024E-10  1.0E-07
  8.750E-03  5.83057E-09  2.88246E-17  1.02934E+00 -5.87819E-10  1.0E-07
  9.000E-03  6.16850E-09  2.88245E-17  1.02934E+00 -6.04614E-10  1.0E-07
  9.250E-03  6.51596E-09  2.88245E-17  1.02934E+00 -6.21408E-10  1.0E-07
  9.500E-03  6.87293E-09  2.88245E-17  1.02934E+00 -6.38203E-10  1.0E-07
  9.750E-03  7.23942E-09  2.88245E-17  1.02934E+00 -6.54998E-10  1.0E-07
  1.000E-02  7.61544E-09  2.88245E-17  1.02934E+00 -6.71793E-10  1.0E-07
  1.250E-02  1.18991E-08  2.88245E-17  1.02934E+00 -8.39742E-10  1.0E-07
  1.500E-02  1.71347E-08  2.88245E-17  1.02934E+00 -1.00769E-09  1.0E-07
  1.750E-02  2.33223E-08  2.88244E-17  1.02934E+00 -1.17564E-09  1.0E-07
  2.000E-02  3.04617E-08  2.88244E-17  1.02934E+00 -1.34359E-09  1.0E-07
  2.250E-02  3.85531E-08  2.88243E-17  1.02933E+00 -1.51154E-09  1.0E-07
  2.500E-02  4.75965E-08  2.88242E-17  1.02933E+00 -1.67949E-09  1.0E-07
  2.750E-02  5.75917E-08  2.88242E-17  1.02933E+00 -1.84744E-09  1.0E-07
  3.000E-02  6.85389E-08  2.88241E-17  1.02933E+00 -2.01540E-09  1.0E-07
  3.250E-02  8.04380E-08  2.88240E-17  1.02932E+00 -2.18335E-09  1.0E-07
  3.500E-02  9.32891E-08  2.88239E-17  1.02932E+00 -2.35130E-09  1.0E-07
  3.750E-02  1.07092E-07  2.88238E-17  1.02932E+00 -2.51926E-09  1.0E-07
  4.000E-02  1.21847E-07  2.88237E-17  1.02931E+00 -2.68722E-09  1.0E-07
  4.250E-02  1.37554E-07  2.88235E-17  1.02931E+00 -2.85517E-09  1.0E-07
  4.500E-02  1.54213E-07  2.88234E-17  1.02930E+00 -3.02313E-09  1.0E-07
  4.750E-02  1.71823E-07  2.88233E-17  1.02930E+00 -3.19109E-09  1.0E-07
  5.000E-02  1.90386E-07  2.88231E-17  1.02929E+00 -3.35905E-09  1.0E-07
  5.250E-02  2.09900E-07  2.88230E-17  1.02929E+00 -3.52701E-09  1.0E-07
  5.500E-02  2.30367E-07  2.88228E-17  1.02928E+00 -3.69498E-09  1.0E-07
  5.750E-02  2.51785E-07  2.88227E-17  1.02928E+00 -3.86294E-09  1.0E-07
  6.000E-02  2.74156E-07  2.88225E-17  1.02927E+00 -4.03091E-09  1.0E-07
  6.250E-02  2.97478E-07  2.88223E-17  1.02926E+00 -4.19888E-09  1.0E-07
  6.500E-02  3.21752E-07  2.88221E-17  1.02926E+00 -4.36685E-09  1.0E-07
  6.750E-02  3.46978E-07  2.88219E-17  1.02925E+00 -4.53482E-09  1.0E-07
  7.000E-02  3.73156E-07  2.88217E-17  1.02924E+00 -4.70279E-09  1.0E-07
  7.250E-02  4.00286E-07  2.88215E-17  1.02924E+00 -4.87077E-09  1.0E-07
  7.500E-02  4.28368E-07  2.88213E-17  1.02923E+00 -5.03875E-09  1.0E-07
  7.750E-02  4.57402E-07  2.88211E-17  1.02922E+00 -5.20673E-09  1.0E-07
  8.000E-02  4.87388E-07  2.88209E-17  1.02921E+00 -5.37471E-09  1.0E-07
  8.250E-02  5.18325E-07  2.88206E-17  1.02920E+00 -5.54269E-09  1.0E-07
  8.500E-02  5.50215E-07  2.88204E-17  1.02919E+00 -5.71068E-09  1.0E-07
  8.750E-02  5.83057E-07  2.88201E-17  1.02919E+00 -5.87867E-09  1.0E-07
  9.000E-02  6.16850E-07  2.88199E-17  1.02918E+00 -6.04666E-09  1.0E-07
  9.250E-02  6.51596E-07  2.88196E-17  1.02917E+00 -6.21465E-09  1.0E-07
  9.500E-02  6.87293E-07  2.88193E-17  1.02916E+00 -6.38265E-09  1.0E-07
  9.750E-02  7.23942E-07  2.88191E-17  1.02915E+00 -6.55065E-09  1.0E-07
  1.000E-01  7.61543E-07  2.88188E-17  1.02914E+00 -6.71865E-09  1.0E-07
  1.250E-01  1.18991E-06  2.88155E-17  1.02902E+00 -8.39882E-09  1.0E-07
  1.500E-01  1.71347E-06  2.88115E-17  1.02888E+00 -1.00793E-08  1.0E-07
  1.750E-01  2.33223E-06  2.88067E-17  1.02871E+00 -1.17603E-08  1.0E-07
  2.000E-01  3.04617E-06  2.88013E-17  1.02851E+00 -1.34416E-08  1.0E-07
  2.250E-01  3.85531E-06  2.87951E-17  1.02829E+00 -1.51236E-08  1.0E-07
  2.500E-01  4.75964E-06  2.87882E-17  1.02804E+00 -1.68061E-08  1.0E-07
  2.750E-01  5.75916E-06  2.87805E-17  1.02777E+00 -1.84894E-08  1.0E-07
  3.000E-01  6.85388E-06  2.87722E-17  1.02747E+00 -2.01733E-08  1.0E-07
  3.250E-01  8.04378E-06  2.87631E-17  1.02715E+00 -2.18581E-08  1.0E-07
  3.500E-01  9.32888E-06  2.87533E-17  1.02680E+00 -2.35438E-08  1.0E-07
  3.750E-01  1.07092E-05  2.87428E-17  1.02642E+00 -2.52304E-08  1.0E-07
  4.000E-01  1.21846E-05  2.87315E-17  1.02602E+00 -2.69181E-08  1.0E-07
  4.250E-01  1.37553E-05  2.87195E-17  1.02559E+00 -2.86068E-08  1.0E-07
  4.500E-01  1.54212E-05  2.87068E-17  1.02514E+00 -3.02967E-08  1.0E-07
  4.750E-01  1.71822E-05  2.86934E-17  1.02466E+00 -3.19878E-08  1.0E-07
  5.000E-01  1.90385E-05  2.86793E-17  1.02416E+00 -3.36803E-08  1.0E-07
  5.250E-01  2.09899E-05  2.86645E-17  1.02363E+00 -3.53740E-08  1.0E-07
  5.500E-01  2.30365E-05  2.86489E-17  1.02307E+00 -3.70692E-08  1.0E-07
  5.750E-01  2.51783E-05  2.86327E-17  1.02249E+00 -3.87659E-08  1.0E-07
  6.000E-01  2.74153E-05  2.86157E-17  1.02189E+00 -4.04642E-08  1.0E-07
  6.250E-01  2.97475E-05  2.85981E-17  1.02126E+00 -4.21641E-08  1.0E-07
  6.500E-01  3.21749E-05  2.85797E-17  1.02060E+00 -4.38657E-08  1.0E-07
  6.750E-01  3.46974E-05  2.85606E-17  1.01992E+00 -4.55691E-08  1.0E-07
  7.000E-01  3.73152E-05  2.85408E-17  1.01921E+00 -4.72743E-08  1.0E-07
  7.250E-01  4.00281E-05  2.85203E-17  1.01848E+00 -4.89814E-08  1.0E-07
  7.500E-01  4.28362E-05  2.84992E-17  1.01772E+00 -5.06905E-08  1.0E-07
  7.750E-01  4.57395E-05  2.84773E-17  1.01694E+00 -5.24016E-08  1.0E-07
  8.000E-01  4.87380E-05  2.84547E-17  1.01614E+00 -5.41149E-08  1.0E-07
  8.250E-01  5.18317E-05  2.84315E-17  1.01531E+00 -5.58303E-08  1.0E-07
  8.500E-01  5.50205E-05  2.84075E-17  1.01445E+00 -5.75480E-08  1.0E-07
  8.750E-01  5.83045E-05  2.83829E-17  1.01357E+00 -5.92680E-08  1.0E-07
  9.000E-01  6.16838E-05  2.83576E-17  1.01267E+00 -6.09904E-08  1.0E-07
  9.250E-01  6.51582E-05  2.83316E-17  1.01174E+00 -6.27152E-08  1.0E-07
  9.500E-01  6.87277E-05  2.83049E-17  1.01079E+00 -6.44426E-08  1.0E-07
  9.750E-01  7.23925E-05  2.82776E-17  1.00981E+00 -6.61726E-08  1.0E-07
  1.000E+00  7.61524E-05  2.82496E-17  1.00881E+00 -6.79052E-08  1.0E-07
  1.100E+00  9.21439E-05  2.81308E-17  1.00457E+00 -7.48637E-08  1.0E-07
  1.200E+00  1.09658E-04  2.80016E-17  9.99955E-01 -8.18704E-08  1.0E-07
  1.300E+00  1.28695E-04  2.78621E-17  9.94972E-01 -8.89296E-08  1.0E-07
  1.400E+00  1.49255E-04  2.77124E-17  9.89629E-01 -9.60459E-08  1.0E-07
  1.500E+00  1.71338E-04  2.75530E-17  9.83935E-01 -1.03224E-07  1.0E-07
  1.600E+00  1.94942E-04  2.73839E-17  9.77898E-01 -1.10467E-07  1.0E-07
  1.700E+00  2.20070E-04  2.72056E-17  9.71528E-01 -1.17781E-07  1.0E-07
  1.800E+00  2.46720E-04  2.70181E-17  9.64835E-01 -1.25171E-07  1.0E-07
  1.900E+00  2.74892E-04  2.68220E-17  9.57829E-01 -1.32639E-07  1.0E-07
  2.000E+00  3.04586E-04  2.66173E-17  9.50521E-01 -1.40192E-07  1.0E-07
  2.100E+00  3.35803E-04  2.64045E-17  9.42922E-01 -1.47834E-07  1.0E-07
  2.200E+00  3.68542E-04  2.61839E-17  9.35043E-01 -1.55569E-07  1.0E-07
  2.300E+00  4.02802E-04  2.59557E-17  9.26895E-01 -1.63401E-07  1.0E-07
  2.400E+00  4.38585E-04  2.57203E-17  9.18490E-01 -1.71337E-07  1.0E-07
  2.500E+00  4.75889E-04  2.54781E-17  9.09840E-01 -1.79380E-07  1.0E-07
  2.600E+00  5.14715E-04  2.52294E-17  9.00957E-01 -1.87535E-07  1.0E-07
  2.700E+00  5.55063E-04  2.49744E-17  8.91853E-01 -1.95807E-07  1.0E-07
  2.800E+00  5.96931E-04  2.47137E-17  8.82541E-01 -2.04200E-07  1.0E-07
  2.900E+00  6.40321E-04  2.44474E-17  8.73033E-01 -2.12720E-07  1.0E-07
  3.000E+00  6.85233E-04  2.41760E-17  8.63341E-01 -2.21371E-07  1.0E-07
  3.100E+00  7.31665E-04  2.38998E-17  8.53477E-01 -2.30158E-07  1.0E-07
  3.200E+00  7.79618E-04  2.36191E-17  8.43455E-01 -2.39087E-07  1.0E-07
  3.300E+00  8.29092E-04  2.33344E-17  8.33285E-01 -2.48161E-07  1.0E-07
  3.400E+00  8.80086E-04  2.30458E-17  8.22981E-01 -2.57387E-07  1.0E-07
  3.500E+00  9.32601E-04  2.27539E-17  8.12555E-01 -2.66768E-07  1.0E-07
  3.600E+00  9.86636E-04  2.24588E-17  8.02018E-01 -2.76311E-07  1.0E-07
  3.700E+00  1.04219E-03  2.21609E-17  7.91382E-01 -2.86020E-07  1.0E-07
  3.800E+00  1.09927E-03  2.18607E-17  7.80659E-01 -2.95901E-07  1.0E-07
  3.900E+00  1.15786E-03  2.15583E-17  7.69860E-01 -3.05958E-07  1.0E-07
  4.000E+00  1.21797E-03  2.12541E-17  7.58996E-01 -3.16197E-07  1.0E-07
  4.100E+00  1.27961E-03  2.09483E-17  7.48079E-01 -3.26623E-07  1.0E-07
  4.200E+00  1.34276E-03  2.06414E-17  7.37118E-01 -3.37242E-07  1.0E-07
  4.300E+00  1.40743E-03  2.03336E-17  7.26125E-01 -3.48058E-07  1.0E-07
  4.400E+00  1.47362E-03  2.00251E-17  7.15110E-01 -3.59077E-07  1.0E-07
  4.500E+00  1.54133E-03  1.97163E-17  7.04082E-01 -3.70305E-07  1.0E-07
  4.600E+00  1.61056E-03  1.94074E-17  6.93051E-01 -3.81746E-07  1.0E-07
  4.700E+00  1.68131E-03  1.90987E-17  6.82026E-01 -3.93408E-07  1.0E-07
  4.800E+00  1.75357E-03  1.87904E-17  6.71016E-01 -4.05294E-07  1.0E-07
  4.900E+00  1.82735E-03  1.84827E-17  6.60030E-01 -4.17410E-07  1.0E-07
  5.000E+00  1.90265E-03  1.81760E-17  6.49075E-01 -4.29763E-07  1.0E-07
  5.100E+00  1.97947E-03  1.78703E-17  6.38161E-01 -4.42358E-07  1.0E-07
  5.200E+00  2.05780E-03  1.75660E-17  6.27293E-01 -4.55200E-07  1.0E-07
  5.300E+00  2.13765E-03  1.72632E-17  6.16480E-01 -4.68295E-07  1.0E-07
  5.400E+00  2.21902E-03  1.69621E-17  6.05729E-01 -4.81649E-07  1.0E-07
  5.500E+00  2.30190E-03  1.66630E-17  5.95045E-01 -4.95268E-07  1.0E-07
  5.600E+00  2.38630E-03  1.63659E-17  5.84436E-01 -5.09158E-07  1.0E-07
  5.700E+00  2.47222E-03  1.60710E-17  5.73906E-01 -5.23323E-07  1.0E-07
  5.800E+00  2.55965E-03  1.57785E-17  5.63462E-01 -5.37772E-07  1.0E-07
  5.900E+00  2.64859E-03  1.54886E-17  5.53109E-01 -5.52508E-07  1.0E-07
  6.000E+00  2.73905E-03  1.52014E-17  5.42851E-01 -5.67539E-07  1.0E-07
  6.100E+00  2.83103E-03  1.49169E-17  5.32693E-01 -5.82870E-07  1.0E-07
  6.200E+00  2.92452E-03  1.46354E-17  5.22640E-01 -5.98507E-07  1.0E-07
  6.300E+00  3.01952E-03  1.43569E-17  5.12695E-01 -6.14456E-07  1.0E-07
  6.400E+00  3.11604E-03  1.40815E-17  5.02861E-01 -6.30724E-07  1.0E-07
  6.500E+00  3.21407E-03  1.38094E-17  4.93143E-01 -6.47316E-07  1.0E-07
  6.600E+00  3.31362E-03  1.35406E-17  4.83543E-01 -6.64239E-07  1.0E-07
  6.700E+00  3.41468E-03  1.32751E-17  4.74064E-01 -6.81499E-07  1.0E-07
  6.800E+00  3.51725E-03  1.30132E-17  4.64709E-01 -6.99102E-07  1.0E-07
  6.900E+00  3.62133E-03  1.27547E-17  4.55479E-01 -7.17054E-07  1.0E-07
  7.000E+00  3.72692E-03  1.24998E-17  4.46377E-01 -7.35361E-07  1.0E-07
  7.100E+00  3.83403E-03  1.22486E-17  4.37404E-01 -7.54030E-07  1.0E-07
  7.200E+00  3.94265E-03  1.20010E-17  4.28562E-01 -7.73068E-07  1.0E-07
  7.300E+00  4.05278E-03  1.17571E-17  4.19853E-01 -7.92480E-07  1.0E-07
  7.400E+00  4.16442E-03  1.15169E-17  4.11277E-01 -8.12273E-07  1.0E-07
  7.500E+00  4.27757E-03  1.12805E-17  4.02835E-01 -8.32452E-07  1.0E-07
  7.600E+00  4.39223E-03  1.10479E-17  3.94527E-01 -8.53026E-07  1.0E-07
  7.700E+00  4.50840E-03  1.08191E-17  3.86356E-01 -8.73999E-07  1.0E-07
  7.800E+00  4.62608E-03  1.05940E-17  3.78319E-01 -8.95379E-07  1.0E-07
  7.900E+00  4.74527E-03  1.03728E-17  3.70419E-01 -9.17171E-07  1.0E-07
  8.000E+00  4.86597E-03  1.01553E-17  3.62654E-01 -9.39383E-07  1.0E-07
  8.100E+00  4.98817E-03  9.94171E-18  3.55025E-01 -9.62020E-07  1.0E-07
  8.200E+00  5.11188E-03  9.73186E-18  3.47531E-01 -9.85090E-07  1.0E-07
  8.300E+00  5.23711E-03  9.52578E-18  3.40172E-01 -1.00860E-06  1.0E-07
  8.400E+00  5.36383E-03  9.32346E-18  3.32947E-01 -1.03255E-06  1.0E-07
  8.500E+00  5.49207E-03  9.12487E-18  3.25855E-01 -1.05696E-06  1.0E-07
  8.600E+00  5.62181E-03  8.93000E-18  3.18896E-01 -1.08182E-06  1.0E-07
  8.700E+00  5.75306E-03  8.73882E-18  3.12069E-01 -1.10715E-06  1.0E-07
  8.800E+00  5.88581E-03  8.55130E-18  3.05373E-01 -1.13295E-06  1.0E-07
  8.900E+00  6.02007E-03  8.36742E-18  2.98806E-01 -1.15922E-06  1.0E-07
  9.000E+00  6.15583E-03  8.18712E-18  2.92367E-01 -1.18598E-06  1.0E-07
  9.100E+00  6.29310E-03  8.01039E-18  2.86056E-01 -1.21324E-06  1.0E-07
  9.200E+00  6.43187E-03  7.83719E-18  2.79871E-01 -1.24098E-06  1.0E-07
  9.300E+00  6.57214E-03  7.66746E-18  2.73810E-01 -1.26924E-06  1.0E-07
  9.400E+00  6.71392E-03  7.50119E-18  2.67872E-01 -1.29800E-06  1.0E-07
  9.500E+00  6.85720E-03  7.33831E-18  2.62056E-01 -1.32728E-06  1.0E-07
  9.600E+00  7.00198E-03  7.17879E-18  2.56359E-01 -1.35708E-06  1.0E-07
  9.700E+00  7.14827E-03  7.02259E-18  2.50781E-01 -1.38741E-06  1.0E-07
  9.800E+00  7.29605E-03  6.86965E-18  2.45320E-01 -1.41827E-06  1.0E-07
  9.900E+00  7.44534E-03  6.71993E-18  2.39973E-01 -1.44968E-06  1.0E-07
  1.000E+01  7.59612E-03  6.57339E-18  2.34740E-01 -1.48164E-06  1.0E-07
  1.025E+01  7.97965E-03  6.22059E-18  2.22141E-01 -1.56398E-06  1.0E-07
  1.050E+01  8.37255E-03  5.88656E-18  2.10213E-01 -1.64988E-06  1.0E-07
  1.075E+01  8.77480E-03  5.57049E-18  1.98926E-01 -1.73945E-06  1.0E-07
  1.100E+01  9.18641E-03  5.27162E-18  1.88253E-01 -1.83277E-06  1.0E-07
  1.125E+01  9.60736E-03  4.98915E-18  1.78166E-01 -1.92996E-06  1.0E-07
  1.150E+01  1.00376E-02  4.72231E-18  1.68637E-01 -2.03110E-06  1.0E-07
  1.175E+01  1.04773E-02  4.47033E-18  1.59638E-01 -2.13628E-06  1.0E-07
  1.200E+01  1.09262E-02  4.23246E-18  1.51144E-01 -2.24560E-06  1.0E-07
  1.225E+01  1.13844E-02  4.00798E-18  1.43128E-01 -2.35914E-06  1.0E-07
  1.250E+01  1.18520E-02  3.79618E-18  1.35564E-01 -2.47700E-06  1.0E-07
  1.275E+01  1.23288E-02  3.59638E-18  1.28429E-01 -2.59925E-06  1.0E-07
  1.300E+01  1.28150E-02  3.40792E-18  1.21699E-01 -2.72599E-06  1.0E-07
  1.325E+01  1.33104E-02  3.23018E-18  1.15352E-01 -2.85730E-06  1.0E-07
  1.350E+01  1.38150E-02  3.06255E-18  1.09366E-01 -2.99325E-06  1.0E-07
  1.375E+01  1.43290E-02  2.90446E-18  1.03720E-01 -3.13392E-06  1.0E-07
  1.400E+01  1.48521E-02  2.75537E-18  9.83961E-02 -3.27939E-06  1.0E-07
  1.425E+01  1.53845E-02  2.61476E-18  9.33747E-02 -3.42974E-06  1.0E-07
  1.450E+01  1.59262E-02  2.48213E-18  8.86383E-02 -3.58502E-06  1.0E-07
  1.475E+01  1.64770E-02  2.35701E-18  8.41704E-02 -3.74531E-06  1.0E-07
  1.500E+01  1.70371E-02  2.23897E-18  7.99551E-02 -3.91068E-06  1.0E-07
  1.525E+01  1.76063E-02  2.12759E-18  7.59776E-02 -4.08119E-06  1.0E-07
  1.550E+01  1.81848E-02  2.02247E-18  7.22237E-02 -4.25689E-06  1.0E-07
  1.575E+01  1.87724E-02  1.92324E-18  6.86802E-02 -4.43785E-06  1.0E-07
  1.600E+01  1.93692E-02  1.82955E-18  6.53346E-02 -4.62413E-06  1.0E-07
  1.625E+01  1.99751E-02  1.74108E-18  6.21750E-02 -4.81577E-06  1.0E-07
  1.650E+01  2.05901E-02  1.65750E-18  5.91905E-02 -5.01283E-06  1.0E-07
  1.675E+01  2.12143E-02  1.57854E-18  5.63705E-02 -5.21536E-06  1.0E-07
  1.700E+01  2.18476E-02  1.50390E-18  5.37053E-02 -5.42340E-06  1.0E-07
  1.725E+01  2.24900E-02  1.43335E-18  5.11857E-02 -5.63700E-06  1.0E-07
  1.750E+01  2.31415E-02  1.36662E-18  4.88030E-02 -5.85620E-06  1.0E-07
  1.775E+01  2.38021E-02  1.30351E-18  4.65491E-02 -6.08104E-06  1.0E-07
  1.800E+01  2.44717E-02  1.24378E-18  4.44163E-02 -6.31155E-06  1.0E-07
  1.825E+01  2.51504E-02  1.18725E-18  4.23976E-02 -6.54776E-06  1.0E-07
  1.850E+01  2.58382E-02  1.13373E-18  4.04861E-02 -6.78972E-06  1.0E-07
  1.875E+01  2.65349E-02  1.08303E-18  3.86756E-02 -7.03745E-06  1.0E-07
  1.900E+01  2.72407E-02  1.03499E-18  3.69602E-02 -7.29097E-06  1.0E-07
  1.925E+01  2.79555E-02  9.89461E-19  3.53343E-02 -7.55031E-06  1.0E-07
  1.950E+01  2.86793E-02  9.46293E-19  3.37927E-02 -7.81550E-06  1.0E-07
  1.975E+01  2.94120E-02  9.05350E-19  3.23306E-02 -8.08656E-06  1.0E-07
  2.000E+01  3.01537E-02  8.66502E-19  3.09434E-02 -8.36351E-06  1.0E-07
  2.025E+01  3.09043E-02  8.29631E-19  2.96267E-02 -8.64636E-06  1.0E-07
  2.050E+01  3.16639E-02  7.94623E-19  2.83765E-02 -8.93513E-06  1.0E-07
  2.075E+01  3.24324E-02  7.61372E-19  2.71891E-02 -9.22984E-06  1.0E-07
  2.100E+01  3.32098E-02  7.29779E-19  2.60609E-02 -9.53050E-06  1.0E-07
  2.125E+01  3.39961E-02  6.99749E-19  2.49885E-02 -9.83711E-06  1.0E-07
  2.150E+01  3.47912E-02  6.71197E-19  2.39689E-02 -1.01497E-05  1.0E-07
  2.175E+01  3.55952E-02  6.44038E-19  2.29990E-02 -1.04683E-05  1.0E-07
  2.200E+01  3.64081E-02  6.18197E-19  2.20762E-02 -1.07928E-05  1.0E-07
  2.225E+01  3.72297E-02  5.93600E-19  2.11978E-02 -1.11233E-05  1.0E-07
  2.250E+01  3.80602E-02  5.70179E-19  2.03614E-02 -1.14598E-05  1.0E-07
  2.275E+01  3.88995E-02  5.47869E-19  1.95648E-02 -1.18023E-05  1.0E-07
  2.300E+01  3.97476E-02  5.26612E-19  1.88057E-02 -1.21508E-05  1.0E-07
  2.325E+01  4.06044E-02  5.06349E-19  1.80821E-02 -1.25052E-05  1.0E-07
  2.350E+01  4.14700E-02  4.87028E-19  1.73921E-02 -1.28656E-05  1.0E-07
  2.375E+01  4.23443E-02  4.68599E-19  1.67340E-02 -1.32320E-05  1.0E-07
  2.400E+01  4.32273E-02  4.51013E-19  1.61060E-02 -1.36044E-05  1.0E-07
  2.425E+01  4.41190E-02  4.34228E-19  1.55066E-02 -1.39827E-05  1.0E-07
  2.450E+01  4.50194E-02  4.18200E-19  1.49342E-02 -1.43670E-05  1.0E-07
  2.475E+01  4.59284E-02  4.02891E-19  1.43875E-02 -1.47573E-05  1.0E-07
  2.500E+01  4.68461E-02  3.88263E-19  1.38651E-02 -1.51535E-05  1.0E-07
  2.550E+01  4.87074E-02  3.60913E-19  1.28884E-02 -1.59636E-05  1.0E-07
  2.600E+01  5.06030E-02  3.35893E-19  1.19950E-02 -1.67973E-05  1.0E-07
  2.650E+01  5.25328E-02  3.12976E-19  1.11766E-02 -1.76544E-05  1.0E-07
  2.700E+01  5.44967E-02  2.91957E-19  1.04260E-02 -1.85349E-05  1.0E-07
  2.750E+01  5.64946E-02  2.72655E-19  9.73669E-03 -1.94386E-05  1.0E-07
  2.800E+01  5.85262E-02  2.54908E-19  9.10293E-03 -2.03653E-05  1.0E-07
  2.850E+01  6.05914E-02  2.38571E-19  8.51952E-03 -2.13149E-05  1.0E-07
  2.900E+01  6.26901E-02  2.23513E-19  7.98181E-03 -2.22871E-05  1.0E-07
  2.950E+01  6.48222E-02  2.09620E-19  7.48565E-03 -2.32818E-05  1.0E-07
  3.000E+01  6.69873E-02  1.96785E-19  7.02731E-03 -2.42988E-05  1.0E-07
  3.050E+01  6.91854E-02  1.84915E-19  6.60343E-03 -2.53379E-05  1.0E-07
  3.100E+01  7.14163E-02  1.73925E-19  6.21099E-03 -2.63988E-05  1.0E-07
  3.150E+01  7.36799E-02  1.63740E-19  5.84726E-03 -2.74812E-05  1.0E-07
  3.200E+01  7.59760E-02  1.54290E-19  5.50980E-03 -2.85850E-05  1.0E-07
  3.250E+01  7.83043E-02  1.45514E-19  5.19639E-03 -2.97100E-05  1.0E-07
  3.300E+01  8.06647E-02  1.37354E-19  4.90501E-03 -3.08558E-05  1.0E-07
  3.350E+01  8.30571E-02  1.29761E-19  4.63386E-03 -3.20222E-05  1.0E-07
  3.400E+01  8.54812E-02  1.22689E-19  4.38129E-03 -3.32089E-05  1.0E-07
  3.450E+01  8.79369E-02  1.16094E-19  4.14580E-03 -3.44156E-05  1.0E-07
  3.500E+01  9.04240E-02  1.09940E-19  3.92603E-03 -3.56421E-05  1.0E-07
  3.550E+01  9.29422E-02  1.04192E-19  3.72075E-03 -3.68881E-05  1.0E-07
  3.600E+01  9.54915E-02  9.88176E-20  3.52884E-03 -3.81532E-05  1.0E-07
  3.650E+01  9.80716E-02  9.37891E-20  3.34927E-03 -3.94372E-05  1.0E-07
  3.700E+01  1.00682E-01  8.90800E-20  3.18110E-03 -4.07398E-05  1.0E-07
  3.750E+01  1.03323E-01  8.46663E-20  3.02349E-03 -4.20607E-05  1.0E-07
  3.800E+01  1.05995E-01  8.05262E-20  2.87564E-03 -4.33994E-05  1.0E-07
  3.850E+01  1.08696E-01  7.66396E-20  2.73685E-03 -4.47558E-05  1.0E-07
  3.900E+01  1.11427E-01  7.29882E-20  2.60646E-03 -4.61295E-05  1.0E-07
  3.950E+01  1.14188E-01  6.95552E-20  2.48386E-03 -4.75201E-05  1.0E-07
  4.000E+01  1.16978E-01  6.63250E-20  2.36851E-03 -4.89273E-05  1.0E-07
  4.050E+01  1.19797E-01  6.32835E-20  2.25989E-03 -5.03508E-05  1.0E-07
  4.100E+01  1.22645E-01  6.04176E-20  2.15755E-03 -5.17903E-05  1.0E-07
  4.150E+01  1.25522E-01  5.77153E-20  2.06105E-03 -5.32453E-05  1.0E-07
  4.200E+01  1.28428E-01  5.51656E-20  1.97000E-03 -5.47156E-05  1.0E-07
  4.250E+01  1.31361E-01  5.27581E-20  1.88403E-03 -5.62007E-05  1.0E-07
  4.300E+01  1.34323E-01  5.04835E-20  1.80280E-03 -5.77004E-05  1.0E-07
  4.350E+01  1.37313E-01  4.83330E-20  1.72600E-03 -5.92142E-05  1.0E-07
  4.400E+01  1.40330E-01  4.62987E-20  1.65336E-03 -6.07418E-05  1.0E-07
  4.450E+01  1.43375E-01  4.43729E-20  1.58459E-03 -6.22828E-05  1.0E-07
  4.500E+01  1.46447E-01  4.25489E-20  1.51945E-03 -6.38369E-05  1.0E-07
  4.550E+01  1.49545E-01  4.08202E-20  1.45772E-03 -6.54037E-05  1.0E-07
  4.600E+01  1.52671E-01  3.91809E-20  1.39918E-03 -6.69828E-05  1.0E-07
  4.650E+01  1.55823E-01  3.76255E-20  1.34363E-03 -6.85737E-05  1.0E-07
  4.700E+01  1.59001E-01  3.61488E-20  1.29090E-03 -7.01762E-05  1.0E-07
  4.750E+01  1.62205E-01  3.47462E-20  1.24081E-03 -7.17898E-05  1.0E-07
  4.800E+01  1.65435E-01  3.34131E-20  1.19320E-03 -7.34141E-05  1.0E-07
  4.850E+01  1.68690E-01  3.21454E-20  1.14793E-03 -7.50489E-05  1.0E-07
  4.900E+01  1.71970E-01  3.09394E-20  1.10487E-03 -7.66937E-05  1.1E-07
  4.950E+01  1.75276E-01  2.97914E-20  1.06387E-03 -7.83480E-05  1.0E-07
  5.000E+01  1.78606E-01  2.86981E-20  1.02483E-03 -8.00115E-05  1.0E-07
  5.050E+01  1.81961E-01  2.76564E-20  9.87627E-04 -8.16837E-05  1.0E-07
  5.100E+01  1.85340E-01  2.66633E-20  9.52164E-04 -8.33643E-05  1.2E-07
  5.150E+01  1.88743E-01  2.57162E-20  9.18341E-04 -8.50529E-05  1.0E-07
  5.200E+01  1.92169E-01  2.48124E-20  8.86068E-04 -8.67491E-05  1.0E-07
  5.250E+01  1.95619E-01  2.39497E-20  8.55260E-04 -8.84525E-05  1.0E-07
  5.300E+01  1.99092E-01  2.31258E-20  8.25836E-04 -9.01627E-05  1.2E-07
  5.350E+01  2.02589E-01  2.23385E-20  7.97723E-04 -9.18792E-05  1.0E-07
  5.400E+01  2.06107E-01  2.15860E-20  7.70850E-04 -9.36017E-05  1.0E-07
  5.450E+01  2.09649E-01  2.08664E-20  7.45152E-04 -9.53296E-05  1.0E-07
  5.500E+01  2.13212E-01  2.01779E-20  7.20566E-04 -9.70627E-05  1.3E-07
  5.550E+01  2.16797E-01  1.95190E-20  6.97036E-04 -9.88005E-05  1.0E-07
  5.600E+01  2.20404E-01  1.88881E-20  6.74506E-04 -1.00543E-04  1.0E-07
  5.650E+01  2.24032E-01  1.82838E-20  6.52925E-04 -1.02289E-04  1.1E-07
  5.700E+01  2.27680E-01  1.77047E-20  6.32246E-04 -1.04038E-04  1.4E-07
  5.750E+01  2.31350E-01  1.71496E-20  6.12423E-04 -1.05791E-04  1.0E-07
  5.800E+01  2.35040E-01  1.66173E-20  5.93414E-04 -1.07546E-04  1.0E-07
  5.850E+01  2.38751E-01  1.61066E-20  5.75177E-04 -1.09303E-04  1.2E-07
  5.900E+01  2.42481E-01  1.56165E-20  5.57676E-04 -1.11063E-04  1.4E-07
  5.950E+01  2.46231E-01  1.51460E-20  5.40875E-04 -1.12823E-04  1.0E-07
  6.000E+01  2.50000E-01  1.46942E-20  5.24740E-04 -1.14585E-04  1.0E-07
  6.050E+01  2.53788E-01  1.42601E-20  5.09238E-04 -1.16347E-04  1.3E-07
  6.100E+01  2.57595E-01  1.38430E-20  4.94341E-04 -1.18110E-04  1.5E-07
  6.150E+01  2.61421E-01  1.34419E-20  4.80020E-04 -1.19872E-04  1.0E-07
  6.200E+01  2.65264E-01  1.30562E-20  4.66247E-04 -1.21633E-04  1.0E-07
  6.250E+01  2.69126E-01  1.26852E-20  4.52998E-04 -1.23394E-04  1.5E-07
  6.300E+01  2.73005E-01  1.23282E-20  4.40248E-04 -1.25152E-04  1.5E-07
  6.350E+01  2.76901E-01  1.19845E-20  4.27976E-04 -1.26909E-04  1.0E-07
  6.400E+01  2.80814E-01  1.16536E-20  4.16158E-04 -1.28664E-04  1.0E-07
  6.450E+01  2.84744E-01  1.13349E-20  4.04775E-04 -1.30416E-04  1.6E-07
  6.500E+01  2.88691E-01  1.10277E-20  3.93807E-04 -1.32165E-04  1.5E-07
  6.550E+01  2.92653E-01  1.07317E-20  3.83237E-04 -1.33910E-04  1.0E-07
  6.600E+01  2.96632E-01  1.04464E-20  3.73046E-04 -1.35652E-04  1.0E-07
  6.650E+01  3.00625E-01  1.01712E-20  3.63219E-04 -1.37388E-04  1.7E-07
  6.700E+01  3.04634E-01  9.90571E-21  3.53739E-04 -1.39121E-04  1.5E-07
  6.750E+01  3.08658E-01  9.64957E-21  3.44592E-04 -1.40848E-04  1.0E-07
  6.800E+01  3.12697E-01  9.40234E-21  3.35764E-04 -1.42569E-04  1.0E-07
  6.850E+01  3.16749E-01  9.16366E-21  3.27240E-04 -1.44285E-04  1.8E-07
  6.900E+01  3.20816E-01  8.93317E-21  3.19009E-04 -1.45994E-04  1.5E-07
  6.950E+01  3.24896E-01  8.71052E-21  3.11058E-04 -1.47696E-04  1.0E-07
  7.000E+01  3.28990E-01  8.49540E-21  3.03376E-04 -1.49392E-04  1.2E-07
  7.050E+01  3.33097E-01  8.28749E-21  2.95952E-04 -1.51079E-04  1.9E-07
  7.100E+01  3.37216E-01  8.08651E-21  2.88774E-04 -1.52759E-04  1.4E-07
  7.150E+01  3.41348E-01  7.89216E-21  2.81834E-04 -1.54430E-04  1.0E-07
  7.200E+01  3.45492E-01  7.70420E-21  2.75122E-04 -1.56093E-04  1.4E-07
  7.250E+01  3.49647E-01  7.52235E-21  2.68628E-04 -1.57746E-04  2.0E-07
  7.300E+01  3.53814E-01  7.34639E-21  2.62344E-04 -1.59391E-04  1.4E-07
  7.350E+01  3.57992E-01  7.17607E-21  2.56262E-04 -1.61025E-04  1.0E-07
  7.400E+01  3.62181E-01  7.01119E-21  2.50374E-04 -1.62648E-04  1.6E-07
  7.450E+01  3.66381E-01  6.85152E-21  2.44672E-04 -1.64262E-04  2.1E-07
  7.500E+01  3.70590E-01  6.69687E-21  2.39150E-04 -1.65864E-04  1.3E-07
  7.550E+01  3.74810E-01  6.54705E-21  2.33799E-04 -1.67455E-04  1.0E-07
  7.600E+01  3.79039E-01  6.40187E-21  2.28615E-04 -1.69034E-04  1.8E-07
  7.650E+01  3.83277E-01  6.26117E-21  2.23590E-04 -1.70601E-04  2.1E-07
  7.700E+01  3.87524E-01  6.12476E-21  2.18719E-04 -1.72155E-04  1.2E-07
  7.750E+01  3.91780E-01  5.99250E-21  2.13996E-04 -1.73697E-04  1.0E-07
  7.800E+01  3.96044E-01  5.86423E-21  2.09415E-04 -1.75225E-04  1.9E-07
  7.850E+01  4.00316E-01  5.73980E-21  2.04972E-04 -1.76740E-04  2.2E-07
  7.900E+01  4.04596E-01  5.61907E-21  2.00661E-04 -1.78241E-04  1.1E-07
  7.950E+01  4.08882E-01  5.50192E-21  1.96477E-04 -1.79727E-04  1.0E-07
  8.000E+01  4.13176E-01  5.38820E-21  1.92416E-04 -1.81199E-04  2.1E-07
  8.050E+01  4.17476E-01  5.27780E-21  1.88474E-04 -1.82656E-04  2.2E-07
  8.100E+01  4.21783E-01  5.17061E-21  1.84646E-04 -1.84098E-04  1.0E-07
  8.150E+01  4.26095E-01  5.06650E-21  1.80928E-04 -1.85524E-04  1.0E-07
  8.200E+01  4.30413E-01  4.96537E-21  1.77317E-04 -1.86934E-04  2.3E-07
  8.250E+01  4.34737E-01  4.86712E-21  1.73808E-04 -1.88328E-04  2.2E-07
  8.300E+01  4.39065E-01  4.77164E-21  1.70398E-04 -1.89705E-04  1.0E-07
  8.350E+01  4.43398E-01  4.67884E-21  1.67084E-04 -1.91065E-04  1.2E-07
  8.400E+01  4.47736E-01  4.58863E-21  1.63863E-04 -1.92408E-04  2.4E-07
  8.450E+01  4.52077E-01  4.50093E-21  1.60731E-04 -1.93733E-04  2.2E-07
  8.500E+01  4.56422E-01  4.41564E-21  1.57685E-04 -1.95040E-04  1.0E-07
  8.550E+01  4.60770E-01  4.33269E-21  1.54723E-04 -1.96329E-04  1.4E-07
  8.600E+01  4.65122E-01  4.25199E-21  1.51841E-04 -1.97600E-04  2.6E-07
  8.650E+01  4.69476E-01  4.17348E-21  1.49038E-04 -1.98851E-04  2.1E-07
  8.700E+01  4.73832E-01  4.09709E-21  1.46310E-04 -2.00084E-04  1.0E-07
  8.750E+01  4.78190E-01  4.02273E-21  1.43654E-04 -2.01297E-04  1.7E-07
  8.800E+01  4.82550E-01  3.95035E-21  1.41070E-04 -2.02490E-04  2.7E-07
  8.850E+01  4.86912E-01  3.87988E-21  1.38553E-04 -2.03663E-04  2.1E-07
  8.900E+01  4.91274E-01  3.81127E-21  1.36103E-04 -2.04816E-04  1.0E-07
  8.950E+01  4.95637E-01  3.74445E-21  1.33717E-04 -2.05948E-04  1.9E-07
  9.000E+01  5.00000E-01  3.67936E-21  1.31392E-04 -2.07060E-04  2.8E-07
  9.050E+01  5.04363E-01  3.61595E-21  1.29128E-04 -2.08150E-04  2.0E-07
  9.100E+01  5.08726E-01  3.55417E-21  1.26922E-04 -2.09219E-04  1.0E-07
  9.150E+01  5.13088E-01  3.49397E-21  1.24772E-04 -2.10266E-04  2.2E-07
  9.200E+01  5.17450E-01  3.43529E-21  1.22677E-04 -2.11291E-04  2.9E-07
  9.250E+01  5.21810E-01  3.37810E-21  1.20634E-04 -2.12294E-04  1.8E-07
  9.300E+01  5.26168E-01  3.32234E-21  1.18643E-04 -2.13275E-04  1.0E-07
  9.350E+01  5.30524E-01  3.26798E-21  1.16702E-04 -2.14232E-04  2.4E-07
  9.400E+01  5.34878E-01  3.21496E-21  1.14808E-04 -2.15167E-04  3.0E-07
  9.450E+01  5.39230E-01  3.16326E-21  1.12962E-04 -2.16079E-04  1.7E-07
  9.500E+01  5.43578E-01  3.11282E-21  1.11161E-04 -2.16967E-04  1.0E-07
  9.550E+01  5.47923E-01  3.06362E-21  1.09404E-04 -2.17832E-04  2.6E-07
  9.600E+01  5.52264E-01  3.01561E-21  1.07689E-04 -2.18673E-04  3.0E-07
  9.650E+01  5.56602E-01  2.96876E-21  1.06016E-04 -2.19489E-04  1.5E-07
  9.700E+01  5.60935E-01  2.92304E-21  1.04384E-04 -2.20281E-04  1.0E-07
  9.750E+01  5.65263E-01  2.87841E-21  1.02790E-04 -2.21049E-04  2.9E-07
  9.800E+01  5.69587E-01  2.83485E-21  1.01234E-04 -2.21792E-04  3.0E-07
  9.850E+01  5.73905E-01  2.79232E-21  9.97155E-05 -2.22510E-04  1.3E-07
  9.900E+01  5.78217E-01  2.75079E-21  9.82325E-05 -2.23203E-04  1.2E-07
  9.950E+01  5.82524E-01  2.71023E-21  9.67842E-05 -2.23870E-04  3.1E-07
  1.000E+02  5.86824E-01  2.67063E-21  9.53698E-05 -2.24512E-04  3.0E-07
  1.005E+02  5.91118E-01  2.63194E-21  9.39882E-05 -2.25129E-04  1.1E-07
  1.010E+02  5.95404E-01  2.59414E-21  9.26385E-05 -2.25719E-04  1.6E-07
  1.015E+02  5.99684E-01  2.55722E-21  9.13199E-05 -2.26283E-04  3.3E-07
  1.020E+02  6.03956E-01  2.52114E-21  9.00314E-05 -2.26821E-04  3.0E-07
  1.025E+02  6.08220E-01  2.48588E-21  8.87723E-05 -2.27332E-04  1.0E-07
  1.030E+02  6.12476E-01  2.45142E-21  8.75418E-05 -2.27818E-04  1.9E-07
  1.035E+02  6.16723E-01  2.41774E-21  8.63390E-05 -2.28276E-04  3.4E-07
  1.040E+02  6.20961E-01  2.38481E-21  8.51633E-05 -2.28707E-04  2.9E-07
  1.045E+02  6.25190E-01  2.35263E-21  8.40138E-05 -2.29112E-04  1.0E-07
  1.050E+02  6.29410E-01  2.32116E-21  8.28900E-05 -2.29489E-04  2.2E-07
  1.055E+02  6.33619E-01  2.29038E-21  8.17911E-05 -2.29838E-04  3.6E-07
  1.060E+02  6.37819E-01  2.26029E-21  8.07164E-05 -2.30161E-04  2.8E-07
  1.065E+02  6.42008E-01  2.23086E-21  7.96654E-05 -2.30455E-04  1.0E-07
  1.070E+02  6.46186E-01  2.20207E-21  7.86373E-05 -2.30723E-04  2.5E-07
  1.075E+02  6.50353E-01  2.17391E-21  7.76317E-05 -2.30962E-04  3.7E-07
  1.080E+02  6.54508E-01  2.14636E-21  7.66479E-05 -2.31173E-04  2.7E-07
  1.085E+02  6.58652E-01  2.11941E-21  7.56854E-05 -2.31356E-04  1.0E-07
  1.090E+02  6.62784E-01  2.09303E-21  7.47436E-05 -2.31511E-04  2.8E-07
  1.095E+02  6.66903E-01  2.06723E-21  7.38220E-05 -2.31638E-04  3.8E-07
  1.100E+02  6.71010E-01  2.04197E-21  7.29200E-05 -2.31736E-04  2.5E-07
  1.105E+02  6.75104E-01  2.01725E-21  7.20373E-05 -2.31807E-04  1.0E-07
  1.110E+02  6.79184E-01  1.99305E-21  7.11732E-05 -2.31848E-04  3.1E-07
  1.115E+02  6.83251E-01  1.96937E-21  7.03274E-05 -2.31861E-04  3.9E-07
  1.120E+02  6.87303E-01  1.94618E-21  6.94994E-05 -2.31845E-04  2.3E-07
  1.125E+02  6.91342E-01  1.92348E-21  6.86888E-05 -2.31801E-04  1.0E-07
  1.130E+02  6.95366E-01  1.90126E-21  6.78951E-05 -2.31727E-04  3.4E-07
  1.135E+02  6.99375E-01  1.87949E-21  6.71179E-05 -2.31625E-04  4.0E-07
  1.140E+02  7.03368E-01  1.85818E-21  6.63568E-05 -2.31494E-04  2.1E-07
  1.145E+02  7.07347E-01  1.83731E-21  6.56115E-05 -2.31334E-04  1.2E-07
  1.150E+02  7.11309E-01  1.81687E-21  6.48815E-05 -2.31145E-04  3.7E-07
  1.155E+02  7.15256E-01  1.79684E-21  6.41665E-05 -2.30927E-04  4.0E-07
  1.160E+02  7.19186E-01  1.77723E-21  6.34661E-05 -2.30680E-04  1.8E-07
  1.165E+02  7.23099E-01  1.75802E-21  6.27800E-05 -2.30403E-04  1.6E-07
  1.170E+02  7.26995E-01  1.73920E-21  6.21079E-05 -2.30097E-04  4.0E-07
  1.175E+02  7.30874E-01  1.72076E-21  6.14494E-05 -2.29763E-04  4.0E-07
  1.180E+02  7.34736E-01  1.70269E-21  6.08042E-05 -2.29399E-04  1.5E-07
  1.185E+02  7.38579E-01  1.68499E-21  6.01721E-05 -2.29006E-04  2.0E-07
  1.190E+02  7.42405E-01  1.66764E-21  5.95526E-05 -2.28584E-04  4.2E-07
  1.195E+02  7.46212E-01  1.65064E-21  5.89456E-05 -2.28132E-04  3.9E-07
  1.200E+02  7.50000E-01  1.63399E-21  5.83507E-05 -2.27652E-04  1.2E-07
  1.205E+02  7.53769E-01  1.61766E-21  5.77677E-05 -2.27142E-04  2.4E-07
  1.210E+02  7.57519E-01  1.60166E-21  5.71963E-05 -2.26603E-04  4.5E-07
  1.215E+02  7.61249E-01  1.58598E-21  5.66362E-05 -2.26035E-04  3.8E-07
  1.220E+02  7.64960E-01  1.57060E-21  5.60873E-05 -2.25437E-04  1.0E-07
  1.225E+02  7.68650E-01  1.55553E-21  5.55491E-05 -2.24811E-04  2.8E-07
  1.230E+02  7.72320E-01  1.54076E-21  5.50216E-05 -2.24156E-04  4.7E-07
  1.235E+02  7.75968E-01  1.52628E-21  5.45045E-05 -2.23472E-04  3.7E-07
  1.240E+02  7.79596E-01  1.51209E-21  5.39976E-05 -2.22758E-04  1.0E-07
  1.245E+02  7.83203E-01  1.49817E-21  5.35006E-05 -2.22016E-04  3.2E-07
  1.250E+02  7.86788E-01  1.48452E-21  5.30133E-05 -2.21245E-04  4.9E-07
  1.255E+02  7.90351E-01  1.47114E-21  5.25355E-05 -2.20445E-04  3.5E-07
  1.260E+02  7.93893E-01  1.45803E-21  5.20671E-05 -2.19616E-04  1.0E-07
  1.265E+02  7.97411E-01  1.44517E-21  5.16078E-05 -2.18759E-04  3.6E-07
  1.270E+02  8.00908E-01  1.43255E-21  5.11574E-05 -2.17873E-04  5.0E-07
  1.275E+02  8.04381E-01  1.42019E-21  5.07158E-05 -2.16959E-04  3.3E-07
  1.280E+02  8.07831E-01  1.40806E-21  5.02828E-05 -2.16016E-04  1.0E-07
  1.285E+02  8.11257E-01  1.39617E-21  4.98582E-05 -2.15045E-04  4.0E-07
  1.290E+02  8.14660E-01  1.38451E-21  4.94418E-05 -2.14045E-04  5.1E-07
  1.295E+02  8.18039E-01  1.37308E-21  4.90334E-05 -2.13017E-04  3.1E-07
  1.300E+02  8.21394E-01  1.36186E-21  4.86330E-05 -2.11962E-04  1.0E-07
  1.305E+02  8.24724E-01  1.35087E-21  4.82403E-05 -2.10878E-04  4.4E-07
  1.310E+02  8.28030E-01  1.34008E-21  4.78552E-05 -2.09767E-04  5.2E-07
  1.315E+02  8.31310E-01  1.32951E-21  4.74776E-05 -2.08628E-04  2.8E-07
  1.320E+02  8.34565E-01  1.31914E-21  4.71072E-05 -2.07461E-04  1.4E-07
  1.325E+02  8.37795E-01  1.30897E-21  4.67440E-05 -2.06267E-04  4.8E-07
  1.330E+02  8.40999E-01  1.29899E-21  4.63879E-05 -2.05045E-04  5.3E-07
  1.335E+02  8.44177E-01  1.28921E-21  4.60386E-05 -2.03796E-04  2.5E-07
  1.340E+02  8.47329E-01  1.27962E-21  4.56960E-05 -2.02520E-04  1.9E-07
  1.345E+02  8.50455E-01  1.27021E-21  4.53601E-05 -2.01218E-04  5.2E-07
  1.350E+02  8.53553E-01  1.26099E-21  4.50307E-05 -1.99888E-04  5.3E-07
  1.355E+02  8.56625E-01  1.25194E-21  4.47077E-05 -1.98532E-04  2.1E-07
  1.360E+02  8.59670E-01  1.24307E-21  4.43910E-05 -1.97149E-04  2.5E-07
  1.365E+02  8.62687E-01  1.23438E-21  4.40804E-05 -1.95740E-04  5.5E-07
  1.370E+02  8.65677E-01  1.22585E-21  4.37759E-05 -1.94305E-04  5.2E-07
  1.375E+02  8.68639E-01  1.21749E-21  4.34772E-05 -1.92844E-04  1.6E-07
  1.380E+02  8.71572E-01  1.20929E-21  4.31845E-05 -1.91357E-04  3.0E-07
  1.385E+02  8.74478E-01  1.20125E-21  4.28974E-05 -1.89845E-04  5.9E-07
  1.390E+02  8.77355E-01  1.19337E-21  4.26159E-05 -1.88307E-04  5.1E-07
  1.395E+02  8.80203E-01  1.18564E-21  4.23400E-05 -1.86743E-04  1.2E-07
  1.400E+02  8.83022E-01  1.17807E-21  4.20696E-05 -1.85155E-04  3.6E-07
  1.405E+02  8.85812E-01  1.17064E-21  4.18044E-05 -1.83541E-04  6.2E-07
  1.410E+02  8.88573E-01  1.16337E-21  4.15445E-05 -1.81904E-04  5.0E-07
  1.415E+02  8.91304E-01  1.15623E-21  4.12898E-05 -1.80241E-04  1.0E-07
  1.420E+02  8.94005E-01  1.14924E-21  4.10401E-05 -1.78555E-04  4.1E-07
  1.425E+02  8.96677E-01  1.14239E-21  4.07954E-05 -1.76844E-04  6.4E-07
  1.430E+02  8.99318E-01  1.13567E-21  4.05557E-05 -1.75110E-04  4.8E-07
  1.435E+02  9.01928E-01  1.12910E-21  4.03207E-05 -1.73351E-04  1.0E-07
  1.440E+02  9.04508E-01  1.12265E-21  4.00906E-05 -1.71570E-04  4.7E-07
  1.445E+02  9.07058E-01  1.11634E-21  3.98651E-05 -1.69765E-04  6.7E-07
  1.450E+02  9.09576E-01  1.11015E-21  3.96441E-05 -1.67937E-04  4.5E-07
  1.455E+02  9.12063E-01  1.10409E-21  3.94278E-05 -1.66087E-04  1.0E-07
  1.460E+02  9.14519E-01  1.09816E-21  3.92158E-05 -1.64214E-04  5.3E-07
  1.465E+02  9.16943E-01  1.09234E-21  3.90083E-05 -1.62319E-04  6.9E-07
  1.470E+02  9.19335E-01  1.08665E-21  3.88051E-05 -1.60402E-04  4.2E-07
  1.475E+02  9.21696E-01  1.08108E-21  3.86062E-05 -1.58463E-04  1.1E-07
  1.480E+02  9.24024E-01  1.07563E-21  3.84114E-05 -1.56502E-04  5.8E-07
  1.485E+02  9.26320E-01  1.07029E-21  3.82208E-05 -1.54521E-04  7.0E-07
  1.490E+02  9.28584E-01  1.06507E-21  3.80343E-05 -1.52518E-04  3.9E-07
  1.495E+02  9.30815E-01  1.05996E-21  3.78518E-05 -1.50495E-04  1.8E-07
  1.500E+02  9.33013E-01  1.05496E-21  3.76733E-05 -1.48451E-04  6.4E-07
  1.505E+02  9.35178E-01  1.05007E-21  3.74986E-05 -1.46387E-04  7.2E-07
  1.510E+02  9.37310E-01  1.04529E-21  3.73279E-05 -1.44303E-04  3.5E-07
  1.515E+02  9.39409E-01  1.04061E-21  3.71609E-05 -1.42199E-04  2.5E-07
  1.520E+02  9.41474E-01  1.03604E-21  3.69977E-05 -1.40076E-04  7.0E-07
  1.525E+02  9.43505E-01  1.03157E-21  3.68382E-05 -1.37934E-04  7.3E-07
  1.530E+02  9.45503E-01  1.02721E-21  3.66823E-05 -1.35773E-04  3.0E-07
  1.535E+02  9.47467E-01  1.02294E-21  3.65300E-05 -1.33594E-04  3.2E-07
  1.540E+02  9.49397E-01  1.01878E-21  3.63813E-05 -1.31397E-04  7.6E-07
  1.545E+02  9.51293E-01  1.01472E-21  3.62361E-05 -1.29181E-04  7.3E-07
  1.550E+02  9.53154E-01  1.01075E-21  3.60944E-05 -1.26948E-04  2.4E-07
  1.555E+02  9.54981E-01  1.00688E-21  3.59562E-05 -1.24697E-04  4.0E-07
  1.560E+02  9.56773E-01  1.00310E-21  3.58213E-05 -1.22430E-04  8.1E-07
  1.565E+02  9.58530E-01  9.99415E-22  3.56898E-05 -1.20145E-04  7.3E-07
  1.570E+02  9.60252E-01  9.95825E-22  3.55615E-05 -1.17845E-04  1.8E-07
  1.575E+02  9.61940E-01  9.92326E-22  3.54366E-05 -1.15528E-04  4.9E-07
  1.580E+02  9.63592E-01  9.88918E-22  3.53149E-05 -1.13195E-04  8.7E-07
  1.585E+02  9.65209E-01  9.85600E-22  3.51964E-05 -1.10847E-04  7.2E-07
  1.590E+02  9.66790E-01  9.82371E-22  3.50811E-05 -1.08484E-04  1.2E-07
  1.595E+02  9.68336E-01  9.79229E-22  3.49689E-05 -1.06105E-04  5.8E-07
  1.600E+02  9.69846E-01  9.76175E-22  3.48598E-05 -1.03712E-04  9.3E-07
  1.605E+02  9.71321E-01  9.73207E-22  3.47538E-05 -1.01305E-04  7.1E-07
  1.610E+02  9.72759E-01  9.70323E-22  3.46509E-05 -9.88847E-05  1.0E-07
  1.615E+02  9.74162E-01  9.67525E-22  3.45509E-05 -9.64504E-05  6.7E-07
  1.620E+02  9.75528E-01  9.64809E-22  3.44540E-05 -9.40027E-05  9.8E-07
  1.625E+02  9.76858E-01  9.62177E-22  3.43600E-05 -9.15420E-05  6.9E-07
  1.630E+02  9.78152E-01  9.59628E-22  3.42689E-05 -8.90688E-05  1.0E-07
  1.635E+02  9.79410E-01  9.57160E-22  3.41808E-05 -8.65833E-05  7.8E-07
  1.640E+02  9.80631E-01  9.54772E-22  3.40955E-05 -8.40860E-05  1.0E-06
  1.645E+02  9.81815E-01  9.52464E-22  3.40131E-05 -8.15773E-05  6.6E-07
  1.650E+02  9.82963E-01  9.50236E-22  3.39335E-05 -7.90574E-05  1.5E-07
  1.655E+02  9.84074E-01  9.48086E-22  3.38568E-05 -7.65265E-05  8.9E-07
  1.660E+02  9.85148E-01  9.46015E-22  3.37828E-05 -7.39851E-05  1.1E-06
  1.665E+02  9.86185E-01  9.44022E-22  3.37116E-05 -7.14334E-05  6.3E-07
  1.670E+02  9.87185E-01  9.42106E-22  3.36432E-05 -6.88719E-05  2.6E-07
  1.675E+02  9.88148E-01  9.40266E-22  3.35775E-05 -6.63009E-05  1.0E-06
  1.680E+02  9.89074E-01  9.38503E-22  3.35145E-05 -6.37209E-05  1.2E-06
  1.685E+02  9.89962E-01  9.36814E-22  3.34542E-05 -6.11322E-05  5.9E-07
  1.690E+02  9.90814E-01  9.35201E-22  3.33966E-05 -5.85351E-05  3.9E-07
  1.695E+02  9.91627E-01  9.33663E-22  3.33417E-05 -5.59299E-05  1.2E-06
  1.700E+02  9.92404E-01  9.32199E-22  3.32894E-05 -5.33169E-05  1.3E-06
  1.705E+02  9.93143E-01  9.30809E-22  3.32398E-05 -5.06965E-05  5.4E-07
  1.710E+02  9.93844E-01  9.29493E-22  3.31928E-05 -4.80691E-05  5.5E-07
  1.715E+02  9.94508E-01  9.28250E-22  3.31484E-05 -4.54352E-05  1.4E-06
  1.720E+02  9.95134E-01  9.27079E-22  3.31066E-05 -4.27951E-05  1.3E-06
  1.725E+02  9.95722E-01  9.25981E-22  3.30674E-05 -4.01492E-05  4.8E-07
  1.730E+02  9.96273E-01  9.24955E-22  3.30307E-05 -3.74976E-05  7.5E-07
  1.735E+02  9.96786E-01  9.24000E-22  3.29967E-05 -3.48409E-05  1.6E-06
  1.740E+02  9.97261E-01  9.23118E-22  3.29652E-05 -3.21792E-05  1.5E-06
  1.745E+02  9.97698E-01  9.22308E-22  3.29362E-05 -2.95131E-05  4.0E-07
  1.750E+02  9.98097E-01  9.21569E-22  3.29098E-05 -2.68430E-05  1.0E-06
  1.755E+02  9.98459E-01  9.20901E-22  3.28860E-05 -2.41693E-05  2.0E-06
  1.760E+02  9.98782E-01  9.20303E-22  3.28646E-05 -2.14923E-05  1.7E-06
  1.765E+02  9.99067E-01  9.19775E-22  3.28458E-05 -1.88124E-05  3.0E-07
  1.770E+02  9.99315E-01  9.19318E-22  3.28295E-05 -1.61298E-05  1.5E-06
  1.775E+02  9.99524E-01  9.18932E-22  3.28157E-05 -1.34448E-05  2.7E-06
  1.780E+02  9.99695E-01  9.18616E-22  3.28044E-05 -1.07579E-05  2.2E-06
  1.785E+02  9.99829E-01  9.18372E-22  3.27957E-05 -8.06958E-06  1.0E-07
  1.790E+02  9.99924E-01  9.18198E-22  3.27894E-05 -5.38022E-06  3.0E-06
  1.795E+02  9.99981E-01  9.18093E-22  3.27857E-05 -2.69025E-06  5.7E-06
  1.800E+02  1.00000E+00  9.18059E-22  3.27845E-05 -3.77540E-20  6.8E-06
