 #
 # Subroutine ELSEPA. Elastic scattering of electrons and positrons
 #                    by neutral atoms and positive ions
 #
 # Projectile: electron
 # Kinetic energy = 1.40000E+03 eV = 5.14491E+01 a.u.
 #
 # Element:  H,  Z =   1,  atomic weight = 1.00790E+00 g/mol
 #
 # Nuclear model: Fermi distribution
 #                Average radius = 1.07281E-13 cm
 #                Skin thickness = 5.46000E-14 cm
 #
 # Number of electrons =  1
 #
 # Electron density: Read from file z_001.den   
 #                   Number of data points =  751
 #                   Volume integral = 1.00000E+00
 #
 # Furness-McCarthy exchange potential
 #
 # Total elastic cross section = 2.03188E-18 cm**2 = 7.25597E-02 a0**2
 # 1st transport cross section = 8.14285E-20 cm**2 = 2.90787E-03 a0**2
 # 2nd transport cross section = 1.94268E-19 cm**2 = 6.93744E-03 a0**2
 #
 #
 # Differential cross section:                       MU=(1-COS(THETA))/2
 #
 #  THETA        MU          DCS          DCS        Sherman      error
 #  (deg)                 (cm**2/sr)   (a0**2/sr)    function
 #----------------------------------------------------------------------
  0.000E+00  0.00000E+00  2.87484E-17  1.02662E+00  0.00000E+00  1.0E-07
  1.000E-04  7.61557E-13  2.87484E-17  1.02662E+00 -6.39843E-12  1.0E-07
  1.250E-04  1.18994E-12  2.87484E-17  1.02662E+00 -7.99804E-12  1.0E-07
  1.500E-04  1.71346E-12  2.87484E-17  1.02662E+00 -9.59765E-12  1.0E-07
  1.750E-04  2.33225E-12  2.87484E-17  1.02662E+00 -1.11973E-11  1.0E-07
  2.000E-04  3.04617E-12  2.87484E-17  1.02662E+00 -1.27969E-11  1.0E-07
  2.250E-04  3.85530E-12  2.87484E-17  1.02662E+00 -1.43965E-11  1.0E-07
  2.500E-04  4.75964E-12  2.87484E-17  1.02662E+00 -1.59961E-11  1.0E-07
  2.750E-04  5.75917E-12  2.87484E-17  1.02662E+00 -1.75957E-11  1.0E-07
  3.000E-04  6.85391E-12  2.87484E-17  1.02662E+00 -1.91953E-11  1.0E-07
  3.250E-04  8.04379E-12  2.87484E-17  1.02662E+00 -2.07949E-11  1.0E-07
  3.500E-04  9.32893E-12  2.87484E-17  1.02662E+00 -2.23945E-11  1.0E-07
  3.750E-04  1.07092E-11  2.87484E-17  1.02662E+00 -2.39941E-11  1.0E-07
  4.000E-04  1.21847E-11  2.87484E-17  1.02662E+00 -2.55937E-11  1.0E-07
  4.250E-04  1.37554E-11  2.87484E-17  1.02662E+00 -2.71933E-11  1.0E-07
  4.500E-04  1.54213E-11  2.87484E-17  1.02662E+00 -2.87930E-11  1.0E-07
  4.750E-04  1.71823E-11  2.87484E-17  1.02662E+00 -3.03926E-11  1.0E-07
  5.000E-04  1.90386E-11  2.87484E-17  1.02662E+00 -3.19922E-11  1.0E-07
  5.250E-04  2.09900E-11  2.87484E-17  1.02662E+00 -3.35918E-11  1.0E-07
  5.500E-04  2.30367E-11  2.87484E-17  1.02662E+00 -3.51914E-11  1.0E-07
  5.750E-04  2.51785E-11  2.87484E-17  1.02662E+00 -3.67910E-11  1.0E-07
  6.000E-04  2.74156E-11  2.87484E-17  1.02662E+00 -3.83906E-11  1.0E-07
  6.250E-04  2.97478E-11  2.87484E-17  1.02662E+00 -3.99902E-11  1.0E-07
  6.500E-04  3.21752E-11  2.87484E-17  1.02662E+00 -4.15898E-11  1.0E-07
  6.750E-04  3.46979E-11  2.87484E-17  1.02662E+00 -4.31894E-11  1.0E-07
  7.000E-04  3.73157E-11  2.87484E-17  1.02662E+00 -4.47890E-11  1.0E-07
  7.250E-04  4.00286E-11  2.87484E-17  1.02662E+00 -4.63887E-11  1.0E-07
  7.500E-04  4.28368E-11  2.87484E-17  1.02662E+00 -4.79883E-11  1.0E-07
  7.750E-04  4.57402E-11  2.87484E-17  1.02662E+00 -4.95879E-11  1.0E-07
  8.000E-04  4.87388E-11  2.87484E-17  1.02662E+00 -5.11875E-11  1.0E-07
  8.250E-04  5.18325E-11  2.87484E-17  1.02662E+00 -5.27871E-11  1.0E-07
  8.500E-04  5.50215E-11  2.87484E-17  1.02662E+00 -5.43867E-11  1.0E-07
  8.750E-04  5.83057E-11  2.87484E-17  1.02662E+00 -5.59863E-11  1.0E-07
  9.000E-04  6.16850E-11  2.87484E-17  1.02662E+00 -5.75859E-11  1.0E-07
  9.250E-04  6.51595E-11  2.87484E-17  1.02662E+00 -5.91855E-11  1.0E-07
  9.500E-04  6.87293E-11  2.87484E-17  1.02662E+00 -6.07851E-11  1.0E-07
  9.750E-04  7.23943E-11  2.87484E-17  1.02662E+00 -6.23847E-11  1.0E-07
  1.000E-03  7.61544E-11  2.87484E-17  1.02662E+00 -6.39843E-11  1.0E-07
  1.250E-03  1.18991E-10  2.87484E-17  1.02662E+00 -7.99804E-11  1.0E-07
  1.500E-03  1.71347E-10  2.87484E-17  1.02662E+00 -9.59765E-11  1.0E-07
  1.750E-03  2.33223E-10  2.87484E-17  1.02662E+00 -1.11973E-10  1.0E-07
  2.000E-03  3.04617E-10  2.87484E-17  1.02662E+00 -1.27969E-10  1.0E-07
  2.250E-03  3.85531E-10  2.87484E-17  1.02662E+00 -1.43965E-10  1.0E-07
  2.500E-03  4.75965E-10  2.87484E-17  1.02662E+00 -1.59961E-10  1.0E-07
  2.750E-03  5.75917E-10  2.87484E-17  1.02662E+00 -1.75957E-10  1.0E-07
  3.000E-03  6.85389E-10  2.87484E-17  1.02662E+00 -1.91953E-10  1.0E-07
  3.250E-03  8.04380E-10  2.87484E-17  1.02662E+00 -2.07949E-10  1.0E-07
  3.500E-03  9.32891E-10  2.87484E-17  1.02662E+00 -2.23945E-10  1.0E-07
  3.750E-03  1.07092E-09  2.87484E-17  1.02662E+00 -2.39941E-10  1.0E-07
  4.000E-03  1.21847E-09  2.87484E-17  1.02662E+00 -2.55937E-10  1.0E-07
  4.250E-03  1.37554E-09  2.87484E-17  1.02662E+00 -2.71934E-10  1.0E-07
  4.500E-03  1.54213E-09  2.87484E-17  1.02662E+00 -2.87930E-10  1.0E-07
  4.750E-03  1.71823E-09  2.87484E-17  1.02662E+00 -3.03926E-10  1.0E-07
  5.000E-03  1.90386E-09  2.87484E-17  1.02662E+00 -3.19922E-10  1.0E-07
  5.250E-03  2.09900E-09  2.87484E-17  1.02662E+00 -3.35918E-10  1.0E-07
  5.500E-03  2.30367E-09  2.87484E-17  1.02662E+00 -3.51914E-10  1.0E-07
  5.750E-03  2.51785E-09  2.87484E-17  1.02662E+00 -3.67910E-10  1.0E-07
  6.000E-03  2.74156E-09  2.87484E-17  1.02662E+00 -3.83906E-10  1.0E-07
  6.250E-03  2.97478E-09  2.87484E-17  1.02662E+00 -3.99902E-10  1.0E-07
  6.500E-03  3.21752E-09  2.87484E-17  1.02662E+00 -4.15898E-10  1.0E-07
  6.750E-03  3.46978E-09  2.87484E-17  1.02662E+00 -4.31895E-10  1.0E-07
  7.000E-03  3.73156E-09  2.87484E-17  1.02662E+00 -4.47891E-10  1.0E-07
  7.250E-03  4.00286E-09  2.87484E-17  1.02662E+00 -4.63887E-10  1.0E-07
  7.500E-03  4.28368E-09  2.87484E-17  1.02662E+00 -4.79883E-10  1.0E-07
  7.750E-03  4.57402E-09  2.87484E-17  1.02662E+00 -4.95879E-10  1.0E-07
  8.000E-03  4.87388E-09  2.87484E-17  1.02662E+00 -5.11875E-10  1.0E-07
  8.250E-03  5.18326E-09  2.87484E-17  1.02662E+00 -5.27871E-10  1.0E-07
  8.500E-03  5.50215E-09  2.87484E-17  1.02662E+00 -5.43867E-10  1.0E-07
  8.750E-03  5.83057E-09  2.87484E-17  1.02662E+00 -5.59864E-10  1.0E-07
  9.000E-03  6.16850E-09  2.87484E-17  1.02662E+00 -5.75860E-10  1.0E-07
  9.250E-03  6.51596E-09  2.87484E-17  1.02662E+00 -5.91856E-10  1.0E-07
  9.500E-03  6.87293E-09  2.87483E-17  1.02662E+00 -6.07852E-10  1.0E-07
  9.750E-03  7.23942E-09  2.87483E-17  1.02662E+00 -6.23848E-10  1.0E-07
  1.000E-02  7.61544E-09  2.87483E-17  1.02662E+00 -6.39844E-10  1.0E-07
  1.250E-02  1.18991E-08  2.87483E-17  1.02662E+00 -7.99806E-10  1.0E-07
  1.500E-02  1.71347E-08  2.87483E-17  1.02662E+00 -9.59768E-10  1.0E-07
  1.750E-02  2.33223E-08  2.87482E-17  1.02662E+00 -1.11973E-09  1.0E-07
  2.000E-02  3.04617E-08  2.87481E-17  1.02661E+00 -1.27969E-09  1.0E-07
  2.250E-02  3.85531E-08  2.87481E-17  1.02661E+00 -1.43966E-09  1.0E-07
  2.500E-02  4.75965E-08  2.87480E-17  1.02661E+00 -1.59962E-09  1.0E-07
  2.750E-02  5.75917E-08  2.87479E-17  1.02661E+00 -1.75959E-09  1.0E-07
  3.000E-02  6.85389E-08  2.87478E-17  1.02660E+00 -1.91955E-09  1.0E-07
  3.250E-02  8.04380E-08  2.87477E-17  1.02660E+00 -2.07952E-09  1.0E-07
  3.500E-02  9.32891E-08  2.87476E-17  1.02659E+00 -2.23949E-09  1.0E-07
  3.750E-02  1.07092E-07  2.87475E-17  1.02659E+00 -2.39946E-09  1.0E-07
  4.000E-02  1.21847E-07  2.87473E-17  1.02659E+00 -2.55943E-09  1.0E-07
  4.250E-02  1.37554E-07  2.87472E-17  1.02658E+00 -2.71940E-09  1.0E-07
  4.500E-02  1.54213E-07  2.87470E-17  1.02658E+00 -2.87937E-09  1.0E-07
  4.750E-02  1.71823E-07  2.87469E-17  1.02657E+00 -3.03934E-09  1.0E-07
  5.000E-02  1.90386E-07  2.87467E-17  1.02656E+00 -3.19932E-09  1.0E-07
  5.250E-02  2.09900E-07  2.87465E-17  1.02656E+00 -3.35929E-09  1.0E-07
  5.500E-02  2.30367E-07  2.87464E-17  1.02655E+00 -3.51927E-09  1.0E-07
  5.750E-02  2.51785E-07  2.87462E-17  1.02654E+00 -3.67925E-09  1.0E-07
  6.000E-02  2.74156E-07  2.87460E-17  1.02654E+00 -3.83923E-09  1.0E-07
  6.250E-02  2.97478E-07  2.87458E-17  1.02653E+00 -3.99922E-09  1.0E-07
  6.500E-02  3.21752E-07  2.87455E-17  1.02652E+00 -4.15920E-09  1.0E-07
  6.750E-02  3.46978E-07  2.87453E-17  1.02651E+00 -4.31919E-09  1.0E-07
  7.000E-02  3.73156E-07  2.87451E-17  1.02651E+00 -4.47918E-09  1.0E-07
  7.250E-02  4.00286E-07  2.87448E-17  1.02650E+00 -4.63917E-09  1.0E-07
  7.500E-02  4.28368E-07  2.87446E-17  1.02649E+00 -4.79917E-09  1.0E-07
  7.750E-02  4.57402E-07  2.87443E-17  1.02648E+00 -4.95916E-09  1.0E-07
  8.000E-02  4.87388E-07  2.87441E-17  1.02647E+00 -5.11916E-09  1.0E-07
  8.250E-02  5.18325E-07  2.87438E-17  1.02646E+00 -5.27916E-09  1.0E-07
  8.500E-02  5.50215E-07  2.87435E-17  1.02645E+00 -5.43916E-09  1.0E-07
  8.750E-02  5.83057E-07  2.87432E-17  1.02644E+00 -5.59917E-09  1.0E-07
  9.000E-02  6.16850E-07  2.87429E-17  1.02643E+00 -5.75918E-09  1.0E-07
  9.250E-02  6.51596E-07  2.87426E-17  1.02642E+00 -5.91919E-09  1.0E-07
  9.500E-02  6.87293E-07  2.87423E-17  1.02641E+00 -6.07920E-09  1.0E-07
  9.750E-02  7.23942E-07  2.87420E-17  1.02639E+00 -6.23922E-09  1.0E-07
  1.000E-01  7.61543E-07  2.87416E-17  1.02638E+00 -6.39924E-09  1.0E-07
  1.250E-01  1.18991E-06  2.87378E-17  1.02625E+00 -7.99962E-09  1.0E-07
  1.500E-01  1.71347E-06  2.87332E-17  1.02608E+00 -9.60037E-09  1.0E-07
  1.750E-01  2.33223E-06  2.87276E-17  1.02588E+00 -1.12016E-08  1.0E-07
  2.000E-01  3.04617E-06  2.87213E-17  1.02566E+00 -1.28033E-08  1.0E-07
  2.250E-01  3.85531E-06  2.87141E-17  1.02540E+00 -1.44056E-08  1.0E-07
  2.500E-01  4.75964E-06  2.87061E-17  1.02511E+00 -1.60087E-08  1.0E-07
  2.750E-01  5.75916E-06  2.86972E-17  1.02479E+00 -1.76124E-08  1.0E-07
  3.000E-01  6.85388E-06  2.86874E-17  1.02445E+00 -1.92170E-08  1.0E-07
  3.250E-01  8.04378E-06  2.86769E-17  1.02407E+00 -2.08226E-08  1.0E-07
  3.500E-01  9.32888E-06  2.86655E-17  1.02366E+00 -2.24290E-08  1.0E-07
  3.750E-01  1.07092E-05  2.86532E-17  1.02323E+00 -2.40366E-08  1.0E-07
  4.000E-01  1.21846E-05  2.86402E-17  1.02276E+00 -2.56453E-08  1.0E-07
  4.250E-01  1.37553E-05  2.86262E-17  1.02226E+00 -2.72552E-08  1.0E-07
  4.500E-01  1.54212E-05  2.86115E-17  1.02173E+00 -2.88663E-08  1.0E-07
  4.750E-01  1.71822E-05  2.85959E-17  1.02118E+00 -3.04789E-08  1.0E-07
  5.000E-01  1.90385E-05  2.85795E-17  1.02059E+00 -3.20928E-08  1.0E-07
  5.250E-01  2.09899E-05  2.85623E-17  1.01998E+00 -3.37083E-08  1.0E-07
  5.500E-01  2.30365E-05  2.85442E-17  1.01933E+00 -3.53254E-08  1.0E-07
  5.750E-01  2.51783E-05  2.85253E-17  1.01866E+00 -3.69441E-08  1.0E-07
  6.000E-01  2.74153E-05  2.85056E-17  1.01795E+00 -3.85646E-08  1.0E-07
  6.250E-01  2.97475E-05  2.84851E-17  1.01722E+00 -4.01869E-08  1.0E-07
  6.500E-01  3.21749E-05  2.84638E-17  1.01646E+00 -4.18111E-08  1.0E-07
  6.750E-01  3.46974E-05  2.84416E-17  1.01567E+00 -4.34372E-08  1.0E-07
  7.000E-01  3.73152E-05  2.84187E-17  1.01485E+00 -4.50654E-08  1.0E-07
  7.250E-01  4.00281E-05  2.83949E-17  1.01400E+00 -4.66957E-08  1.0E-07
  7.500E-01  4.28362E-05  2.83703E-17  1.01312E+00 -4.83282E-08  1.0E-07
  7.750E-01  4.57395E-05  2.83449E-17  1.01222E+00 -4.99630E-08  1.0E-07
  8.000E-01  4.87380E-05  2.83188E-17  1.01128E+00 -5.16001E-08  1.0E-07
  8.250E-01  5.18317E-05  2.82918E-17  1.01032E+00 -5.32396E-08  1.0E-07
  8.500E-01  5.50205E-05  2.82640E-17  1.00933E+00 -5.48817E-08  1.0E-07
  8.750E-01  5.83045E-05  2.82355E-17  1.00831E+00 -5.65263E-08  1.0E-07
  9.000E-01  6.16838E-05  2.82061E-17  1.00726E+00 -5.81736E-08  1.0E-07
  9.250E-01  6.51582E-05  2.81760E-17  1.00618E+00 -5.98236E-08  1.0E-07
  9.500E-01  6.87277E-05  2.81451E-17  1.00508E+00 -6.14764E-08  1.0E-07
  9.750E-01  7.23925E-05  2.81134E-17  1.00395E+00 -6.31321E-08  1.0E-07
  1.000E+00  7.61524E-05  2.80810E-17  1.00279E+00 -6.47907E-08  1.0E-07
  1.100E+00  9.21439E-05  2.79436E-17  9.97884E-01 -7.14565E-08  1.0E-07
  1.200E+00  1.09658E-04  2.77942E-17  9.92548E-01 -7.81757E-08  1.0E-07
  1.300E+00  1.28695E-04  2.76330E-17  9.86792E-01 -8.49534E-08  1.0E-07
  1.400E+00  1.49255E-04  2.74604E-17  9.80629E-01 -9.17945E-08  1.0E-07
  1.500E+00  1.71338E-04  2.72767E-17  9.74068E-01 -9.87040E-08  1.0E-07
  1.600E+00  1.94942E-04  2.70822E-17  9.67122E-01 -1.05687E-07  1.0E-07
  1.700E+00  2.20070E-04  2.68772E-17  9.59804E-01 -1.12748E-07  1.0E-07
  1.800E+00  2.46720E-04  2.66622E-17  9.52126E-01 -1.19893E-07  1.0E-07
  1.900E+00  2.74892E-04  2.64375E-17  9.44101E-01 -1.27126E-07  1.0E-07
  2.000E+00  3.04586E-04  2.62035E-17  9.35745E-01 -1.34453E-07  1.0E-07
  2.100E+00  3.35803E-04  2.59606E-17  9.27071E-01 -1.41879E-07  1.0E-07
  2.200E+00  3.68542E-04  2.57092E-17  9.18094E-01 -1.49409E-07  1.0E-07
  2.300E+00  4.02802E-04  2.54498E-17  9.08828E-01 -1.57048E-07  1.0E-07
  2.400E+00  4.38585E-04  2.51827E-17  8.99289E-01 -1.64801E-07  1.0E-07
  2.500E+00  4.75889E-04  2.49083E-17  8.89492E-01 -1.72674E-07  1.0E-07
  2.600E+00  5.14715E-04  2.46272E-17  8.79452E-01 -1.80672E-07  1.0E-07
  2.700E+00  5.55063E-04  2.43397E-17  8.69186E-01 -1.88801E-07  1.0E-07
  2.800E+00  5.96931E-04  2.40463E-17  8.58707E-01 -1.97065E-07  1.0E-07
  2.900E+00  6.40321E-04  2.37473E-17  8.48033E-01 -2.05471E-07  1.0E-07
  3.000E+00  6.85233E-04  2.34434E-17  8.37179E-01 -2.14023E-07  1.0E-07
  3.100E+00  7.31665E-04  2.31348E-17  8.26159E-01 -2.22727E-07  1.0E-07
  3.200E+00  7.79618E-04  2.28220E-17  8.14989E-01 -2.31590E-07  1.0E-07
  3.300E+00  8.29092E-04  2.25055E-17  8.03684E-01 -2.40615E-07  1.0E-07
  3.400E+00  8.80086E-04  2.21855E-17  7.92260E-01 -2.49810E-07  1.0E-07
  3.500E+00  9.32601E-04  2.18627E-17  7.80730E-01 -2.59180E-07  1.0E-07
  3.600E+00  9.86636E-04  2.15373E-17  7.69110E-01 -2.68730E-07  1.0E-07
  3.700E+00  1.04219E-03  2.12097E-17  7.57412E-01 -2.78466E-07  1.0E-07
  3.800E+00  1.09927E-03  2.08804E-17  7.45652E-01 -2.88394E-07  1.0E-07
  3.900E+00  1.15786E-03  2.05497E-17  7.33842E-01 -2.98521E-07  1.0E-07
  4.000E+00  1.21797E-03  2.02179E-17  7.21995E-01 -3.08851E-07  1.0E-07
  4.100E+00  1.27961E-03  1.98855E-17  7.10125E-01 -3.19391E-07  1.0E-07
  4.200E+00  1.34276E-03  1.95528E-17  6.98243E-01 -3.30147E-07  1.0E-07
  4.300E+00  1.40743E-03  1.92201E-17  6.86361E-01 -3.41126E-07  1.0E-07
  4.400E+00  1.47362E-03  1.88877E-17  6.74492E-01 -3.52332E-07  1.0E-07
  4.500E+00  1.54133E-03  1.85559E-17  6.62644E-01 -3.63773E-07  1.0E-07
  4.600E+00  1.61056E-03  1.82251E-17  6.50830E-01 -3.75454E-07  1.0E-07
  4.700E+00  1.68131E-03  1.78955E-17  6.39060E-01 -3.87382E-07  1.0E-07
  4.800E+00  1.75357E-03  1.75674E-17  6.27342E-01 -3.99563E-07  1.0E-07
  4.900E+00  1.82735E-03  1.72410E-17  6.15686E-01 -4.12003E-07  1.0E-07
  5.000E+00  1.90265E-03  1.69166E-17  6.04101E-01 -4.24709E-07  1.0E-07
  5.100E+00  1.97947E-03  1.65943E-17  5.92595E-01 -4.37688E-07  1.0E-07
  5.200E+00  2.05780E-03  1.62746E-17  5.81176E-01 -4.50945E-07  1.0E-07
  5.300E+00  2.13765E-03  1.59574E-17  5.69851E-01 -4.64488E-07  1.0E-07
  5.400E+00  2.21902E-03  1.56431E-17  5.58626E-01 -4.78322E-07  1.0E-07
  5.500E+00  2.30190E-03  1.53318E-17  5.47509E-01 -4.92454E-07  1.0E-07
  5.600E+00  2.38630E-03  1.50237E-17  5.36506E-01 -5.06892E-07  1.0E-07
  5.700E+00  2.47222E-03  1.47189E-17  5.25621E-01 -5.21642E-07  1.0E-07
  5.800E+00  2.55965E-03  1.44175E-17  5.14860E-01 -5.36710E-07  1.0E-07
  5.900E+00  2.64859E-03  1.41198E-17  5.04227E-01 -5.52103E-07  1.0E-07
  6.000E+00  2.73905E-03  1.38258E-17  4.93728E-01 -5.67828E-07  1.0E-07
  6.100E+00  2.83103E-03  1.35356E-17  4.83365E-01 -5.83892E-07  1.0E-07
  6.200E+00  2.92452E-03  1.32494E-17  4.73143E-01 -6.00302E-07  1.0E-07
  6.300E+00  3.01952E-03  1.29671E-17  4.63064E-01 -6.17064E-07  1.0E-07
  6.400E+00  3.11604E-03  1.26890E-17  4.53132E-01 -6.34186E-07  1.0E-07
  6.500E+00  3.21407E-03  1.24150E-17  4.43348E-01 -6.51674E-07  1.0E-07
  6.600E+00  3.31362E-03  1.21453E-17  4.33716E-01 -6.69536E-07  1.0E-07
  6.700E+00  3.41468E-03  1.18798E-17  4.24236E-01 -6.87779E-07  1.0E-07
  6.800E+00  3.51725E-03  1.16187E-17  4.14910E-01 -7.06409E-07  1.0E-07
  6.900E+00  3.62133E-03  1.13619E-17  4.05741E-01 -7.25434E-07  1.0E-07
  7.000E+00  3.72692E-03  1.11095E-17  3.96727E-01 -7.44861E-07  1.0E-07
  7.100E+00  3.83403E-03  1.08615E-17  3.87871E-01 -7.64696E-07  1.0E-07
  7.200E+00  3.94265E-03  1.06179E-17  3.79172E-01 -7.84948E-07  1.0E-07
  7.300E+00  4.05278E-03  1.03787E-17  3.70632E-01 -8.05623E-07  1.0E-07
  7.400E+00  4.16442E-03  1.01440E-17  3.62249E-01 -8.26728E-07  1.0E-07
  7.500E+00  4.27757E-03  9.91368E-18  3.54024E-01 -8.48271E-07  1.0E-07
  7.600E+00  4.39223E-03  9.68776E-18  3.45956E-01 -8.70259E-07  1.0E-07
  7.700E+00  4.50840E-03  9.46624E-18  3.38045E-01 -8.92699E-07  1.0E-07
  7.800E+00  4.62608E-03  9.24908E-18  3.30290E-01 -9.15599E-07  1.0E-07
  7.900E+00  4.74527E-03  9.03626E-18  3.22691E-01 -9.38965E-07  1.0E-07
  8.000E+00  4.86597E-03  8.82775E-18  3.15245E-01 -9.62805E-07  1.0E-07
  8.100E+00  4.98817E-03  8.62353E-18  3.07952E-01 -9.87126E-07  1.0E-07
  8.200E+00  5.11188E-03  8.42355E-18  3.00810E-01 -1.01193E-06  1.0E-07
  8.300E+00  5.23711E-03  8.22777E-18  2.93819E-01 -1.03724E-06  1.0E-07
  8.400E+00  5.36383E-03  8.03615E-18  2.86976E-01 -1.06305E-06  1.0E-07
  8.500E+00  5.49207E-03  7.84864E-18  2.80280E-01 -1.08937E-06  1.0E-07
  8.600E+00  5.62181E-03  7.66520E-18  2.73729E-01 -1.11620E-06  1.0E-07
  8.700E+00  5.75306E-03  7.48576E-18  2.67321E-01 -1.14356E-06  1.0E-07
  8.800E+00  5.88581E-03  7.31029E-18  2.61055E-01 -1.17145E-06  1.0E-07
  8.900E+00  6.02007E-03  7.13873E-18  2.54929E-01 -1.19988E-06  1.0E-07
  9.000E+00  6.15583E-03  6.97101E-18  2.48939E-01 -1.22886E-06  1.0E-07
  9.100E+00  6.29310E-03  6.80708E-18  2.43085E-01 -1.25839E-06  1.0E-07
  9.200E+00  6.43187E-03  6.64689E-18  2.37365E-01 -1.28849E-06  1.0E-07
  9.300E+00  6.57214E-03  6.49037E-18  2.31775E-01 -1.31914E-06  1.0E-07
  9.400E+00  6.71392E-03  6.33745E-18  2.26315E-01 -1.35038E-06  1.0E-07
  9.500E+00  6.85720E-03  6.18809E-18  2.20981E-01 -1.38220E-06  1.0E-07
  9.600E+00  7.00198E-03  6.04222E-18  2.15771E-01 -1.41460E-06  1.0E-07
  9.700E+00  7.14827E-03  5.89976E-18  2.10684E-01 -1.44760E-06  1.0E-07
  9.800E+00  7.29605E-03  5.76067E-18  2.05717E-01 -1.48121E-06  1.0E-07
  9.900E+00  7.44534E-03  5.62488E-18  2.00868E-01 -1.51542E-06  1.0E-07
  1.000E+01  7.59612E-03  5.49232E-18  1.96134E-01 -1.55026E-06  1.0E-07
  1.025E+01  7.97965E-03  5.17466E-18  1.84790E-01 -1.64008E-06  1.0E-07
  1.050E+01  8.37255E-03  4.87583E-18  1.74119E-01 -1.73392E-06  1.0E-07
  1.075E+01  8.77480E-03  4.59486E-18  1.64085E-01 -1.83187E-06  1.0E-07
  1.100E+01  9.18641E-03  4.33080E-18  1.54656E-01 -1.93403E-06  1.0E-07
  1.125E+01  9.60736E-03  4.08272E-18  1.45796E-01 -2.04052E-06  1.0E-07
  1.150E+01  1.00376E-02  3.84972E-18  1.37476E-01 -2.15143E-06  1.0E-07
  1.175E+01  1.04773E-02  3.63093E-18  1.29663E-01 -2.26686E-06  1.0E-07
  1.200E+01  1.09262E-02  3.42552E-18  1.22328E-01 -2.38690E-06  1.0E-07
  1.225E+01  1.13844E-02  3.23270E-18  1.15442E-01 -2.51166E-06  1.0E-07
  1.250E+01  1.18520E-02  3.05171E-18  1.08979E-01 -2.64122E-06  1.0E-07
  1.275E+01  1.23288E-02  2.88182E-18  1.02912E-01 -2.77566E-06  1.0E-07
  1.300E+01  1.28150E-02  2.72235E-18  9.72168E-02 -2.91509E-06  1.0E-07
  1.325E+01  1.33104E-02  2.57265E-18  9.18709E-02 -3.05957E-06  1.0E-07
  1.350E+01  1.38150E-02  2.43210E-18  8.68520E-02 -3.20920E-06  1.0E-07
  1.375E+01  1.43290E-02  2.30014E-18  8.21395E-02 -3.36404E-06  1.0E-07
  1.400E+01  1.48521E-02  2.17621E-18  7.77139E-02 -3.52418E-06  1.0E-07
  1.425E+01  1.53845E-02  2.05981E-18  7.35570E-02 -3.68969E-06  1.0E-07
  1.450E+01  1.59262E-02  1.95044E-18  6.96516E-02 -3.86063E-06  1.0E-07
  1.475E+01  1.64770E-02  1.84767E-18  6.59816E-02 -4.03708E-06  1.0E-07
  1.500E+01  1.70371E-02  1.75107E-18  6.25320E-02 -4.21909E-06  1.0E-07
  1.525E+01  1.76063E-02  1.66025E-18  5.92885E-02 -4.40673E-06  1.0E-07
  1.550E+01  1.81848E-02  1.57482E-18  5.62379E-02 -4.60006E-06  1.0E-07
  1.575E+01  1.87724E-02  1.49445E-18  5.33679E-02 -4.79914E-06  1.0E-07
  1.600E+01  1.93692E-02  1.41882E-18  5.06669E-02 -5.00401E-06  1.0E-07
  1.625E+01  1.99751E-02  1.34761E-18  4.81240E-02 -5.21473E-06  1.0E-07
  1.650E+01  2.05901E-02  1.28055E-18  4.57291E-02 -5.43135E-06  1.0E-07
  1.675E+01  2.12143E-02  1.21736E-18  4.34729E-02 -5.65390E-06  1.0E-07
  1.700E+01  2.18476E-02  1.15782E-18  4.13464E-02 -5.88244E-06  1.0E-07
  1.725E+01  2.24900E-02  1.10167E-18  3.93415E-02 -6.11699E-06  1.0E-07
  1.750E+01  2.31415E-02  1.04872E-18  3.74505E-02 -6.35760E-06  1.0E-07
  1.775E+01  2.38021E-02  9.98753E-19  3.56661E-02 -6.60430E-06  1.0E-07
  1.800E+01  2.44717E-02  9.51587E-19  3.39818E-02 -6.85713E-06  1.0E-07
  1.825E+01  2.51504E-02  9.07046E-19  3.23912E-02 -7.11610E-06  1.0E-07
  1.850E+01  2.58382E-02  8.64968E-19  3.08886E-02 -7.38126E-06  1.0E-07
  1.875E+01  2.65349E-02  8.25199E-19  2.94684E-02 -7.65262E-06  1.0E-07
  1.900E+01  2.72407E-02  7.87598E-19  2.81257E-02 -7.93021E-06  1.0E-07
  1.925E+01  2.79555E-02  7.52032E-19  2.68556E-02 -8.21405E-06  1.0E-07
  1.950E+01  2.86793E-02  7.18376E-19  2.56537E-02 -8.50417E-06  1.0E-07
  1.975E+01  2.94120E-02  6.86515E-19  2.45159E-02 -8.80056E-06  1.0E-07
  2.000E+01  3.01537E-02  6.56340E-19  2.34383E-02 -9.10326E-06  1.0E-07
  2.025E+01  3.09043E-02  6.27750E-19  2.24174E-02 -9.41228E-06  1.0E-07
  2.050E+01  3.16639E-02  6.00651E-19  2.14497E-02 -9.72762E-06  1.0E-07
  2.075E+01  3.24324E-02  5.74955E-19  2.05320E-02 -1.00493E-05  1.0E-07
  2.100E+01  3.32098E-02  5.50578E-19  1.96615E-02 -1.03773E-05  1.0E-07
  2.125E+01  3.39961E-02  5.27443E-19  1.88353E-02 -1.07116E-05  1.0E-07
  2.150E+01  3.47912E-02  5.05479E-19  1.80510E-02 -1.10524E-05  1.0E-07
  2.175E+01  3.55952E-02  4.84616E-19  1.73060E-02 -1.13994E-05  1.0E-07
  2.200E+01  3.64081E-02  4.64793E-19  1.65981E-02 -1.17528E-05  1.0E-07
  2.225E+01  3.72297E-02  4.45950E-19  1.59252E-02 -1.21126E-05  1.0E-07
  2.250E+01  3.80602E-02  4.28030E-19  1.52852E-02 -1.24787E-05  1.0E-07
  2.275E+01  3.88995E-02  4.10983E-19  1.46765E-02 -1.28512E-05  1.0E-07
  2.300E+01  3.97476E-02  3.94758E-19  1.40971E-02 -1.32300E-05  1.0E-07
  2.325E+01  4.06044E-02  3.79311E-19  1.35454E-02 -1.36151E-05  1.0E-07
  2.350E+01  4.14700E-02  3.64598E-19  1.30200E-02 -1.40066E-05  1.0E-07
  2.375E+01  4.23443E-02  3.50579E-19  1.25194E-02 -1.44044E-05  1.0E-07
  2.400E+01  4.32273E-02  3.37216E-19  1.20422E-02 -1.48085E-05  1.0E-07
  2.425E+01  4.41190E-02  3.24474E-19  1.15872E-02 -1.52190E-05  1.0E-07
  2.450E+01  4.50194E-02  3.12319E-19  1.11531E-02 -1.56357E-05  1.0E-07
  2.475E+01  4.59284E-02  3.00720E-19  1.07389E-02 -1.60587E-05  1.0E-07
  2.500E+01  4.68461E-02  2.89648E-19  1.03435E-02 -1.64880E-05  1.0E-07
  2.550E+01  4.87074E-02  2.68972E-19  9.60518E-03 -1.73652E-05  1.0E-07
  2.600E+01  5.06030E-02  2.50090E-19  8.93088E-03 -1.82674E-05  1.0E-07
  2.650E+01  5.25328E-02  2.32821E-19  8.31420E-03 -1.91943E-05  1.0E-07
  2.700E+01  5.44967E-02  2.17006E-19  7.74943E-03 -2.01457E-05  1.0E-07
  2.750E+01  5.64946E-02  2.02503E-19  7.23151E-03 -2.11216E-05  1.0E-07
  2.800E+01  5.85262E-02  1.89185E-19  6.75592E-03 -2.21218E-05  1.0E-07
  2.850E+01  6.05914E-02  1.76940E-19  6.31864E-03 -2.31460E-05  1.0E-07
  2.900E+01  6.26901E-02  1.65667E-19  5.91607E-03 -2.41940E-05  1.0E-07
  2.950E+01  6.48222E-02  1.55276E-19  5.54501E-03 -2.52656E-05  1.0E-07
  3.000E+01  6.69873E-02  1.45687E-19  5.20258E-03 -2.63607E-05  1.0E-07
  3.050E+01  6.91854E-02  1.36827E-19  4.88619E-03 -2.74789E-05  1.0E-07
  3.100E+01  7.14163E-02  1.28632E-19  4.59352E-03 -2.86201E-05  1.0E-07
  3.150E+01  7.36799E-02  1.21042E-19  4.32251E-03 -2.97840E-05  1.0E-07
  3.200E+01  7.59760E-02  1.14007E-19  4.07126E-03 -3.09703E-05  1.0E-07
  3.250E+01  7.83043E-02  1.07477E-19  3.83808E-03 -3.21788E-05  1.0E-07
  3.300E+01  8.06647E-02  1.01411E-19  3.62146E-03 -3.34091E-05  1.0E-07
  3.350E+01  8.30571E-02  9.57700E-20  3.42001E-03 -3.46611E-05  1.0E-07
  3.400E+01  8.54812E-02  9.05186E-20  3.23248E-03 -3.59345E-05  1.0E-07
  3.450E+01  8.79369E-02  8.56252E-20  3.05773E-03 -3.72288E-05  1.0E-07
  3.500E+01  9.04240E-02  8.10612E-20  2.89475E-03 -3.85440E-05  1.0E-07
  3.550E+01  9.29422E-02  7.68003E-20  2.74259E-03 -3.98796E-05  1.0E-07
  3.600E+01  9.54915E-02  7.28190E-20  2.60041E-03 -4.12352E-05  1.0E-07
  3.650E+01  9.80716E-02  6.90954E-20  2.46744E-03 -4.26107E-05  1.0E-07
  3.700E+01  1.00682E-01  6.56099E-20  2.34297E-03 -4.40057E-05  1.0E-07
  3.750E+01  1.03323E-01  6.23445E-20  2.22636E-03 -4.54198E-05  1.0E-07
  3.800E+01  1.05995E-01  5.92827E-20  2.11702E-03 -4.68528E-05  1.0E-07
  3.850E+01  1.08696E-01  5.64095E-20  2.01442E-03 -4.83043E-05  1.0E-07
  3.900E+01  1.11427E-01  5.37112E-20  1.91806E-03 -4.97739E-05  1.0E-07
  3.950E+01  1.14188E-01  5.11751E-20  1.82750E-03 -5.12613E-05  1.0E-07
  4.000E+01  1.16978E-01  4.87897E-20  1.74231E-03 -5.27661E-05  1.0E-07
  4.050E+01  1.19797E-01  4.65444E-20  1.66213E-03 -5.42880E-05  1.0E-07
  4.100E+01  1.22645E-01  4.44293E-20  1.58660E-03 -5.58266E-05  1.0E-07
  4.150E+01  1.25522E-01  4.24356E-20  1.51540E-03 -5.73816E-05  1.0E-07
  4.200E+01  1.28428E-01  4.05549E-20  1.44824E-03 -5.89526E-05  1.0E-07
  4.250E+01  1.31361E-01  3.87796E-20  1.38484E-03 -6.05393E-05  1.0E-07
  4.300E+01  1.34323E-01  3.71027E-20  1.32496E-03 -6.21411E-05  1.0E-07
  4.350E+01  1.37313E-01  3.55177E-20  1.26836E-03 -6.37577E-05  1.0E-07
  4.400E+01  1.40330E-01  3.40186E-20  1.21483E-03 -6.53888E-05  1.0E-07
  4.450E+01  1.43375E-01  3.25998E-20  1.16416E-03 -6.70340E-05  1.0E-07
  4.500E+01  1.46447E-01  3.12563E-20  1.11618E-03 -6.86929E-05  1.0E-07
  4.550E+01  1.49545E-01  2.99833E-20  1.07072E-03 -7.03651E-05  1.1E-07
  4.600E+01  1.52671E-01  2.87763E-20  1.02762E-03 -7.20502E-05  1.0E-07
  4.650E+01  1.55823E-01  2.76312E-20  9.86729E-04 -7.37477E-05  1.0E-07
  4.700E+01  1.59001E-01  2.65444E-20  9.47916E-04 -7.54573E-05  1.0E-07
  4.750E+01  1.62205E-01  2.55121E-20  9.11055E-04 -7.71785E-05  1.2E-07
  4.800E+01  1.65435E-01  2.45313E-20  8.76027E-04 -7.89110E-05  1.0E-07
  4.850E+01  1.68690E-01  2.35987E-20  8.42724E-04 -8.06544E-05  1.0E-07
  4.900E+01  1.71970E-01  2.27115E-20  8.11044E-04 -8.24083E-05  1.1E-07
  4.950E+01  1.75276E-01  2.18672E-20  7.80893E-04 -8.41722E-05  1.2E-07
  5.000E+01  1.78606E-01  2.10632E-20  7.52182E-04 -8.59457E-05  1.0E-07
  5.050E+01  1.81961E-01  2.02973E-20  7.24829E-04 -8.77282E-05  1.0E-07
  5.100E+01  1.85340E-01  1.95672E-20  6.98757E-04 -8.95196E-05  1.3E-07
  5.150E+01  1.88743E-01  1.88709E-20  6.73894E-04 -9.13192E-05  1.0E-07
  5.200E+01  1.92169E-01  1.82067E-20  6.50172E-04 -9.31268E-05  1.0E-07
  5.250E+01  1.95619E-01  1.75726E-20  6.27530E-04 -9.49419E-05  1.0E-07
  5.300E+01  1.99092E-01  1.69671E-20  6.05907E-04 -9.67641E-05  1.4E-07
  5.350E+01  2.02589E-01  1.63887E-20  5.85250E-04 -9.85928E-05  1.0E-07
  5.400E+01  2.06107E-01  1.58358E-20  5.65506E-04 -1.00428E-04  1.0E-07
  5.450E+01  2.09649E-01  1.53071E-20  5.46626E-04 -1.02268E-04  1.3E-07
  5.500E+01  2.13212E-01  1.48013E-20  5.28566E-04 -1.04114E-04  1.3E-07
  5.550E+01  2.16797E-01  1.43173E-20  5.11282E-04 -1.05965E-04  1.0E-07
  5.600E+01  2.20404E-01  1.38540E-20  4.94734E-04 -1.07820E-04  1.0E-07
  5.650E+01  2.24032E-01  1.34101E-20  4.78885E-04 -1.09680E-04  1.5E-07
  5.700E+01  2.27680E-01  1.29849E-20  4.63699E-04 -1.11542E-04  1.1E-07
  5.750E+01  2.31350E-01  1.25773E-20  4.49143E-04 -1.13408E-04  1.0E-07
  5.800E+01  2.35040E-01  1.21864E-20  4.35185E-04 -1.15277E-04  1.3E-07
  5.850E+01  2.38751E-01  1.18115E-20  4.21796E-04 -1.17148E-04  1.6E-07
  5.900E+01  2.42481E-01  1.14517E-20  4.08948E-04 -1.19020E-04  1.0E-07
  5.950E+01  2.46231E-01  1.11063E-20  3.96614E-04 -1.20895E-04  1.0E-07
  6.000E+01  2.50000E-01  1.07746E-20  3.84769E-04 -1.22770E-04  1.6E-07
  6.050E+01  2.53788E-01  1.04560E-20  3.73391E-04 -1.24645E-04  1.4E-07
  6.100E+01  2.57595E-01  1.01498E-20  3.62457E-04 -1.26521E-04  1.0E-07
  6.150E+01  2.61421E-01  9.85548E-21  3.51946E-04 -1.28396E-04  1.2E-07
  6.200E+01  2.65264E-01  9.57244E-21  3.41838E-04 -1.30270E-04  1.8E-07
  6.250E+01  2.69126E-01  9.30016E-21  3.32115E-04 -1.32143E-04  1.1E-07
  6.300E+01  2.73005E-01  9.03817E-21  3.22759E-04 -1.34015E-04  1.0E-07
  6.350E+01  2.76901E-01  8.78598E-21  3.13753E-04 -1.35884E-04  1.6E-07
  6.400E+01  2.80814E-01  8.54315E-21  3.05081E-04 -1.37751E-04  1.7E-07
  6.450E+01  2.84744E-01  8.30927E-21  2.96729E-04 -1.39614E-04  1.0E-07
  6.500E+01  2.88691E-01  8.08394E-21  2.88683E-04 -1.41474E-04  1.0E-07
  6.550E+01  2.92653E-01  7.86677E-21  2.80928E-04 -1.43331E-04  1.9E-07
  6.600E+01  2.96632E-01  7.65742E-21  2.73451E-04 -1.45183E-04  1.4E-07
  6.650E+01  3.00625E-01  7.45553E-21  2.66242E-04 -1.47030E-04  1.0E-07
  6.700E+01  3.04634E-01  7.26079E-21  2.59288E-04 -1.48872E-04  1.6E-07
  6.750E+01  3.08658E-01  7.07290E-21  2.52578E-04 -1.50709E-04  2.0E-07
  6.800E+01  3.12697E-01  6.89155E-21  2.46102E-04 -1.52540E-04  1.0E-07
  6.850E+01  3.16749E-01  6.71648E-21  2.39850E-04 -1.54364E-04  1.0E-07
  6.900E+01  3.20816E-01  6.54742E-21  2.33813E-04 -1.56181E-04  2.0E-07
  6.950E+01  3.24896E-01  6.38412E-21  2.27981E-04 -1.57991E-04  1.8E-07
  7.000E+01  3.28990E-01  6.22634E-21  2.22347E-04 -1.59793E-04  1.0E-07
  7.050E+01  3.33097E-01  6.07385E-21  2.16901E-04 -1.61587E-04  1.4E-07
  7.100E+01  3.37216E-01  5.92645E-21  2.11637E-04 -1.63373E-04  2.2E-07
  7.150E+01  3.41348E-01  5.78393E-21  2.06548E-04 -1.65149E-04  1.4E-07
  7.200E+01  3.45492E-01  5.64608E-21  2.01625E-04 -1.66917E-04  1.0E-07
  7.250E+01  3.49647E-01  5.51273E-21  1.96863E-04 -1.68674E-04  1.9E-07
  7.300E+01  3.53814E-01  5.38369E-21  1.92255E-04 -1.70421E-04  2.2E-07
  7.350E+01  3.57992E-01  5.25880E-21  1.87795E-04 -1.72158E-04  1.0E-07
  7.400E+01  3.62181E-01  5.13789E-21  1.83477E-04 -1.73884E-04  1.1E-07
  7.450E+01  3.66381E-01  5.02081E-21  1.79297E-04 -1.75598E-04  2.3E-07
  7.500E+01  3.70590E-01  4.90742E-21  1.75247E-04 -1.77301E-04  1.9E-07
  7.550E+01  3.74810E-01  4.79757E-21  1.71324E-04 -1.78991E-04  1.0E-07
  7.600E+01  3.79039E-01  4.69112E-21  1.67523E-04 -1.80669E-04  1.8E-07
  7.650E+01  3.83277E-01  4.58796E-21  1.63839E-04 -1.82333E-04  2.4E-07
  7.700E+01  3.87524E-01  4.48795E-21  1.60268E-04 -1.83985E-04  1.4E-07
  7.750E+01  3.91780E-01  4.39098E-21  1.56805E-04 -1.85622E-04  1.0E-07
  7.800E+01  3.96044E-01  4.29693E-21  1.53446E-04 -1.87246E-04  2.3E-07
  7.850E+01  4.00316E-01  4.20571E-21  1.50189E-04 -1.88855E-04  2.3E-07
  7.900E+01  4.04596E-01  4.11720E-21  1.47028E-04 -1.90449E-04  1.0E-07
  7.950E+01  4.08882E-01  4.03131E-21  1.43961E-04 -1.92028E-04  1.5E-07
  8.000E+01  4.13176E-01  3.94795E-21  1.40984E-04 -1.93591E-04  2.6E-07
  8.050E+01  4.17476E-01  3.86702E-21  1.38094E-04 -1.95139E-04  1.9E-07
  8.100E+01  4.21783E-01  3.78844E-21  1.35287E-04 -1.96670E-04  1.0E-07
  8.150E+01  4.26095E-01  3.71212E-21  1.32562E-04 -1.98184E-04  2.2E-07
  8.200E+01  4.30413E-01  3.63798E-21  1.29915E-04 -1.99681E-04  2.6E-07
  8.250E+01  4.34737E-01  3.56596E-21  1.27343E-04 -2.01161E-04  1.2E-07
  8.300E+01  4.39065E-01  3.49597E-21  1.24843E-04 -2.02623E-04  1.1E-07
  8.350E+01  4.43398E-01  3.42795E-21  1.22414E-04 -2.04067E-04  2.7E-07
  8.400E+01  4.47736E-01  3.36183E-21  1.20053E-04 -2.05492E-04  2.4E-07
  8.450E+01  4.52077E-01  3.29754E-21  1.17757E-04 -2.06899E-04  1.0E-07
  8.500E+01  4.56422E-01  3.23502E-21  1.15525E-04 -2.08287E-04  1.9E-07
  8.550E+01  4.60770E-01  3.17422E-21  1.13353E-04 -2.09655E-04  2.9E-07
  8.600E+01  4.65122E-01  3.11507E-21  1.11241E-04 -2.11003E-04  1.8E-07
  8.650E+01  4.69476E-01  3.05753E-21  1.09186E-04 -2.12332E-04  1.0E-07
  8.700E+01  4.73832E-01  3.00153E-21  1.07187E-04 -2.13639E-04  2.6E-07
  8.750E+01  4.78190E-01  2.94704E-21  1.05241E-04 -2.14926E-04  2.8E-07
  8.800E+01  4.82550E-01  2.89399E-21  1.03346E-04 -2.16192E-04  1.0E-07
  8.850E+01  4.86912E-01  2.84234E-21  1.01502E-04 -2.17437E-04  1.6E-07
  8.900E+01  4.91274E-01  2.79205E-21  9.97060E-05 -2.18660E-04  3.0E-07
  8.950E+01  4.95637E-01  2.74308E-21  9.79570E-05 -2.19861E-04  2.4E-07
  9.000E+01  5.00000E-01  2.69537E-21  9.62535E-05 -2.21040E-04  1.0E-07
  9.050E+01  5.04363E-01  2.64890E-21  9.45940E-05 -2.22196E-04  2.4E-07
  9.100E+01  5.08726E-01  2.60362E-21  9.29771E-05 -2.23329E-04  3.1E-07
  9.150E+01  5.13088E-01  2.55950E-21  9.14015E-05 -2.24440E-04  1.6E-07
  9.200E+01  5.17450E-01  2.51650E-21  8.98659E-05 -2.25527E-04  1.1E-07
  9.250E+01  5.21810E-01  2.47459E-21  8.83691E-05 -2.26590E-04  3.1E-07
  9.300E+01  5.26168E-01  2.43372E-21  8.69099E-05 -2.27630E-04  2.9E-07
  9.350E+01  5.30524E-01  2.39388E-21  8.54871E-05 -2.28645E-04  1.0E-07
  9.400E+01  5.34878E-01  2.35503E-21  8.40997E-05 -2.29635E-04  2.1E-07
  9.450E+01  5.39230E-01  2.31714E-21  8.27465E-05 -2.30601E-04  3.4E-07
  9.500E+01  5.43578E-01  2.28018E-21  8.14266E-05 -2.31542E-04  2.3E-07
  9.550E+01  5.47923E-01  2.24412E-21  8.01390E-05 -2.32458E-04  1.0E-07
  9.600E+01  5.52264E-01  2.20894E-21  7.88826E-05 -2.33349E-04  2.9E-07
  9.650E+01  5.56602E-01  2.17461E-21  7.76567E-05 -2.34214E-04  3.4E-07
  9.700E+01  5.60935E-01  2.14110E-21  7.64602E-05 -2.35052E-04  1.4E-07
  9.750E+01  5.65263E-01  2.10840E-21  7.52924E-05 -2.35865E-04  1.6E-07
  9.800E+01  5.69587E-01  2.07648E-21  7.41524E-05 -2.36651E-04  3.5E-07
  9.850E+01  5.73905E-01  2.04531E-21  7.30394E-05 -2.37411E-04  2.9E-07
  9.900E+01  5.78217E-01  2.01488E-21  7.19527E-05 -2.38144E-04  1.0E-07
  9.950E+01  5.82524E-01  1.98516E-21  7.08914E-05 -2.38850E-04  2.6E-07
  1.000E+02  5.86824E-01  1.95614E-21  6.98549E-05 -2.39529E-04  3.7E-07
  1.005E+02  5.91118E-01  1.92779E-21  6.88425E-05 -2.40181E-04  2.2E-07
  1.010E+02  5.95404E-01  1.90009E-21  6.78535E-05 -2.40805E-04  1.0E-07
  1.015E+02  5.99684E-01  1.87304E-21  6.68873E-05 -2.41401E-04  3.4E-07
  1.020E+02  6.03956E-01  1.84660E-21  6.59432E-05 -2.41969E-04  3.5E-07
  1.025E+02  6.08220E-01  1.82076E-21  6.50206E-05 -2.42509E-04  1.1E-07
  1.030E+02  6.12476E-01  1.79551E-21  6.41189E-05 -2.43021E-04  2.1E-07
  1.035E+02  6.16723E-01  1.77083E-21  6.32376E-05 -2.43504E-04  3.9E-07
  1.040E+02  6.20961E-01  1.74671E-21  6.23761E-05 -2.43959E-04  2.9E-07
  1.045E+02  6.25190E-01  1.72312E-21  6.15339E-05 -2.44385E-04  1.0E-07
  1.050E+02  6.29410E-01  1.70006E-21  6.07104E-05 -2.44782E-04  3.2E-07
  1.055E+02  6.33619E-01  1.67752E-21  5.99052E-05 -2.45149E-04  4.0E-07
  1.060E+02  6.37819E-01  1.65547E-21  5.91178E-05 -2.45488E-04  1.9E-07
  1.065E+02  6.42008E-01  1.63390E-21  5.83477E-05 -2.45797E-04  1.5E-07
  1.070E+02  6.46186E-01  1.61281E-21  5.75944E-05 -2.46077E-04  3.9E-07
  1.075E+02  6.50353E-01  1.59217E-21  5.68576E-05 -2.46328E-04  3.6E-07
  1.080E+02  6.54508E-01  1.57199E-21  5.61367E-05 -2.46548E-04  1.0E-07
  1.085E+02  6.58652E-01  1.55224E-21  5.54315E-05 -2.46739E-04  2.8E-07
  1.090E+02  6.62784E-01  1.53292E-21  5.47414E-05 -2.46899E-04  4.3E-07
  1.095E+02  6.66903E-01  1.51401E-21  5.40662E-05 -2.47030E-04  2.8E-07
  1.100E+02  6.71010E-01  1.49550E-21  5.34053E-05 -2.47130E-04  1.0E-07
  1.105E+02  6.75104E-01  1.47739E-21  5.27586E-05 -2.47201E-04  3.8E-07
  1.110E+02  6.79184E-01  1.45966E-21  5.21255E-05 -2.47240E-04  4.2E-07
  1.115E+02  6.83251E-01  1.44231E-21  5.15058E-05 -2.47250E-04  1.6E-07
  1.120E+02  6.87303E-01  1.42532E-21  5.08992E-05 -2.47229E-04  2.2E-07
  1.125E+02  6.91342E-01  1.40869E-21  5.03052E-05 -2.47177E-04  4.4E-07
  1.130E+02  6.95366E-01  1.39241E-21  4.97237E-05 -2.47094E-04  3.6E-07
  1.135E+02  6.99375E-01  1.37646E-21  4.91543E-05 -2.46981E-04  1.0E-07
  1.140E+02  7.03368E-01  1.36084E-21  4.85967E-05 -2.46838E-04  3.4E-07
  1.145E+02  7.07347E-01  1.34555E-21  4.80506E-05 -2.46663E-04  4.6E-07
  1.150E+02  7.11309E-01  1.33058E-21  4.75157E-05 -2.46457E-04  2.5E-07
  1.155E+02  7.15256E-01  1.31591E-21  4.69919E-05 -2.46221E-04  1.4E-07
  1.160E+02  7.19186E-01  1.30154E-21  4.64788E-05 -2.45953E-04  4.4E-07
  1.165E+02  7.23099E-01  1.28746E-21  4.59761E-05 -2.45655E-04  4.3E-07
  1.170E+02  7.26995E-01  1.27367E-21  4.54837E-05 -2.45325E-04  1.1E-07
  1.175E+02  7.30874E-01  1.26016E-21  4.50013E-05 -2.44965E-04  2.9E-07
  1.180E+02  7.34736E-01  1.24693E-21  4.45286E-05 -2.44574E-04  4.9E-07
  1.185E+02  7.38579E-01  1.23396E-21  4.40654E-05 -2.44151E-04  3.4E-07
  1.190E+02  7.42405E-01  1.22125E-21  4.36116E-05 -2.43698E-04  1.0E-07
  1.195E+02  7.46212E-01  1.20880E-21  4.31669E-05 -2.43213E-04  4.1E-07
  1.200E+02  7.50000E-01  1.19659E-21  4.27311E-05 -2.42697E-04  4.9E-07
  1.205E+02  7.53769E-01  1.18463E-21  4.23040E-05 -2.42150E-04  2.2E-07
  1.210E+02  7.57519E-01  1.17291E-21  4.18853E-05 -2.41573E-04  2.1E-07
  1.215E+02  7.61249E-01  1.16142E-21  4.14750E-05 -2.40964E-04  5.0E-07
  1.220E+02  7.64960E-01  1.15016E-21  4.10728E-05 -2.40324E-04  4.3E-07
  1.225E+02  7.68650E-01  1.13912E-21  4.06786E-05 -2.39654E-04  1.0E-07
  1.230E+02  7.72320E-01  1.12830E-21  4.02921E-05 -2.38952E-04  3.6E-07
  1.235E+02  7.75968E-01  1.11769E-21  3.99133E-05 -2.38219E-04  5.3E-07
  1.240E+02  7.79596E-01  1.10729E-21  3.95419E-05 -2.37456E-04  3.2E-07
  1.245E+02  7.83203E-01  1.09709E-21  3.91778E-05 -2.36662E-04  1.2E-07
  1.250E+02  7.86788E-01  1.08709E-21  3.88208E-05 -2.35838E-04  4.8E-07
  1.255E+02  7.90351E-01  1.07729E-21  3.84708E-05 -2.34983E-04  5.1E-07
  1.260E+02  7.93893E-01  1.06768E-21  3.81276E-05 -2.34097E-04  1.7E-07
  1.265E+02  7.97411E-01  1.05826E-21  3.77912E-05 -2.33180E-04  2.9E-07
  1.270E+02  8.00908E-01  1.04902E-21  3.74612E-05 -2.32233E-04  5.6E-07
  1.275E+02  8.04381E-01  1.03996E-21  3.71377E-05 -2.31256E-04  4.3E-07
  1.280E+02  8.07831E-01  1.03108E-21  3.68205E-05 -2.30248E-04  1.0E-07
  1.285E+02  8.11257E-01  1.02237E-21  3.65094E-05 -2.29211E-04  4.5E-07
  1.290E+02  8.14660E-01  1.01383E-21  3.62044E-05 -2.28144E-04  5.7E-07
  1.295E+02  8.18039E-01  1.00545E-21  3.59052E-05 -2.27046E-04  2.9E-07
  1.300E+02  8.21394E-01  9.97234E-22  3.56119E-05 -2.25918E-04  2.0E-07
  1.305E+02  8.24724E-01  9.89179E-22  3.53242E-05 -2.24761E-04  5.6E-07
  1.310E+02  8.28030E-01  9.81279E-22  3.50421E-05 -2.23574E-04  5.2E-07
  1.315E+02  8.31310E-01  9.73532E-22  3.47655E-05 -2.22358E-04  1.1E-07
  1.320E+02  8.34565E-01  9.65934E-22  3.44941E-05 -2.21113E-04  3.8E-07
  1.325E+02  8.37795E-01  9.58484E-22  3.42281E-05 -2.19838E-04  6.1E-07
  1.330E+02  8.40999E-01  9.51177E-22  3.39672E-05 -2.18534E-04  4.1E-07
  1.335E+02  8.44177E-01  9.44012E-22  3.37113E-05 -2.17201E-04  1.0E-07
  1.340E+02  8.47329E-01  9.36986E-22  3.34604E-05 -2.15839E-04  5.3E-07
  1.345E+02  8.50455E-01  9.30095E-22  3.32143E-05 -2.14449E-04  6.0E-07
  1.350E+02  8.53553E-01  9.23338E-22  3.29730E-05 -2.13030E-04  2.4E-07
  1.355E+02  8.56625E-01  9.16712E-22  3.27364E-05 -2.11583E-04  2.9E-07
  1.360E+02  8.59670E-01  9.10214E-22  3.25043E-05 -2.10108E-04  6.3E-07
  1.365E+02  8.62687E-01  9.03843E-22  3.22768E-05 -2.08605E-04  5.2E-07
  1.370E+02  8.65677E-01  8.97596E-22  3.20537E-05 -2.07073E-04  1.0E-07
  1.375E+02  8.68639E-01  8.91470E-22  3.18350E-05 -2.05515E-04  4.8E-07
  1.380E+02  8.71572E-01  8.85464E-22  3.16205E-05 -2.03928E-04  6.6E-07
  1.385E+02  8.74478E-01  8.79576E-22  3.14102E-05 -2.02315E-04  3.8E-07
  1.390E+02  8.77355E-01  8.73802E-22  3.12040E-05 -2.00675E-04  1.8E-07
  1.395E+02  8.80203E-01  8.68142E-22  3.10019E-05 -1.99007E-04  6.2E-07
  1.400E+02  8.83022E-01  8.62594E-22  3.08038E-05 -1.97313E-04  6.3E-07
  1.405E+02  8.85812E-01  8.57155E-22  3.06096E-05 -1.95593E-04  1.8E-07
  1.410E+02  8.88573E-01  8.51824E-22  3.04192E-05 -1.93846E-04  4.0E-07
  1.415E+02  8.91304E-01  8.46598E-22  3.02326E-05 -1.92073E-04  7.1E-07
  1.420E+02  8.94005E-01  8.41477E-22  3.00497E-05 -1.90274E-04  5.1E-07
  1.425E+02  8.96677E-01  8.36458E-22  2.98705E-05 -1.88450E-04  1.0E-07
  1.430E+02  8.99318E-01  8.31539E-22  2.96948E-05 -1.86601E-04  5.9E-07
  1.435E+02  9.01928E-01  8.26720E-22  2.95227E-05 -1.84726E-04  7.1E-07
  1.440E+02  9.04508E-01  8.21998E-22  2.93541E-05 -1.82827E-04  3.3E-07
  1.445E+02  9.07058E-01  8.17373E-22  2.91889E-05 -1.80902E-04  2.9E-07
  1.450E+02  9.09576E-01  8.12841E-22  2.90271E-05 -1.78953E-04  7.2E-07
  1.455E+02  9.12063E-01  8.08403E-22  2.88686E-05 -1.76981E-04  6.4E-07
  1.460E+02  9.14519E-01  8.04056E-22  2.87134E-05 -1.74984E-04  1.1E-07
  1.465E+02  9.16943E-01  7.99799E-22  2.85613E-05 -1.72964E-04  5.2E-07
  1.470E+02  9.19335E-01  7.95630E-22  2.84125E-05 -1.70920E-04  7.8E-07
  1.475E+02  9.21696E-01  7.91550E-22  2.82668E-05 -1.68853E-04  4.9E-07
  1.480E+02  9.24024E-01  7.87555E-22  2.81241E-05 -1.66763E-04  1.5E-07
  1.485E+02  9.26320E-01  7.83646E-22  2.79845E-05 -1.64650E-04  7.0E-07
  1.490E+02  9.28584E-01  7.79820E-22  2.78479E-05 -1.62516E-04  7.6E-07
  1.495E+02  9.30815E-01  7.76076E-22  2.77142E-05 -1.60359E-04  2.8E-07
  1.500E+02  9.33013E-01  7.72414E-22  2.75834E-05 -1.58181E-04  4.2E-07
  1.505E+02  9.35178E-01  7.68831E-22  2.74555E-05 -1.55981E-04  8.2E-07
  1.510E+02  9.37310E-01  7.65328E-22  2.73304E-05 -1.53759E-04  6.5E-07
  1.515E+02  9.39409E-01  7.61903E-22  2.72081E-05 -1.51517E-04  1.0E-07
  1.520E+02  9.41474E-01  7.58555E-22  2.70885E-05 -1.49254E-04  6.5E-07
  1.525E+02  9.43505E-01  7.55283E-22  2.69717E-05 -1.46971E-04  8.6E-07
  1.530E+02  9.45503E-01  7.52086E-22  2.68575E-05 -1.44668E-04  4.6E-07
  1.535E+02  9.47467E-01  7.48963E-22  2.67459E-05 -1.42346E-04  2.8E-07
  1.540E+02  9.49397E-01  7.45912E-22  2.66370E-05 -1.40004E-04  8.4E-07
  1.545E+02  9.51293E-01  7.42934E-22  2.65307E-05 -1.37642E-04  8.0E-07
  1.550E+02  9.53154E-01  7.40028E-22  2.64269E-05 -1.35262E-04  2.0E-07
  1.555E+02  9.54981E-01  7.37192E-22  2.63256E-05 -1.32864E-04  5.7E-07
  1.560E+02  9.56773E-01  7.34425E-22  2.62268E-05 -1.30447E-04  9.4E-07
  1.565E+02  9.58530E-01  7.31727E-22  2.61305E-05 -1.28013E-04  6.5E-07
  1.570E+02  9.60252E-01  7.29097E-22  2.60365E-05 -1.25561E-04  1.1E-07
  1.575E+02  9.61940E-01  7.26534E-22  2.59450E-05 -1.23092E-04  8.1E-07
  1.580E+02  9.63592E-01  7.24038E-22  2.58559E-05 -1.20606E-04  9.5E-07
  1.585E+02  9.65209E-01  7.21608E-22  2.57691E-05 -1.18104E-04  4.1E-07
  1.590E+02  9.66790E-01  7.19242E-22  2.56846E-05 -1.15585E-04  4.4E-07
  1.595E+02  9.68336E-01  7.16941E-22  2.56024E-05 -1.13051E-04  9.9E-07
  1.600E+02  9.69846E-01  7.14704E-22  2.55225E-05 -1.10501E-04  8.5E-07
  1.605E+02  9.71321E-01  7.12530E-22  2.54449E-05 -1.07937E-04  1.0E-07
  1.610E+02  9.72759E-01  7.10418E-22  2.53695E-05 -1.05357E-04  7.5E-07
  1.615E+02  9.74162E-01  7.08367E-22  2.52963E-05 -1.02763E-04  1.1E-06
  1.620E+02  9.75528E-01  7.06379E-22  2.52252E-05 -1.00155E-04  6.4E-07
  1.625E+02  9.76858E-01  7.04451E-22  2.51564E-05 -9.75328E-05  2.7E-07
  1.630E+02  9.78152E-01  7.02584E-22  2.50897E-05 -9.48975E-05  1.0E-06
  1.635E+02  9.79410E-01  7.00775E-22  2.50251E-05 -9.22492E-05  1.1E-06
  1.640E+02  9.80631E-01  6.99026E-22  2.49627E-05 -8.95885E-05  3.4E-07
  1.645E+02  9.81815E-01  6.97336E-22  2.49023E-05 -8.69154E-05  6.5E-07
  1.650E+02  9.82963E-01  6.95703E-22  2.48440E-05 -8.42303E-05  1.2E-06
  1.655E+02  9.84074E-01  6.94129E-22  2.47878E-05 -8.15335E-05  9.1E-07
  1.660E+02  9.85148E-01  6.92612E-22  2.47336E-05 -7.88255E-05  1.0E-07
  1.665E+02  9.86185E-01  6.91152E-22  2.46815E-05 -7.61067E-05  1.0E-06
  1.670E+02  9.87185E-01  6.89749E-22  2.46314E-05 -7.33776E-05  1.3E-06
  1.675E+02  9.88148E-01  6.88401E-22  2.45832E-05 -7.06385E-05  6.3E-07
  1.680E+02  9.89074E-01  6.87109E-22  2.45371E-05 -6.78897E-05  5.0E-07
  1.685E+02  9.89962E-01  6.85872E-22  2.44929E-05 -6.51315E-05  1.3E-06
  1.690E+02  9.90814E-01  6.84691E-22  2.44507E-05 -6.23642E-05  1.2E-06
  1.695E+02  9.91627E-01  6.83564E-22  2.44105E-05 -5.95883E-05  2.4E-07
  1.700E+02  9.92404E-01  6.82492E-22  2.43722E-05 -5.68042E-05  9.7E-07
  1.705E+02  9.93143E-01  6.81474E-22  2.43359E-05 -5.40125E-05  1.5E-06
  1.710E+02  9.93844E-01  6.80510E-22  2.43014E-05 -5.12134E-05  1.0E-06
  1.715E+02  9.94508E-01  6.79599E-22  2.42689E-05 -4.84073E-05  2.7E-07
  1.720E+02  9.95134E-01  6.78741E-22  2.42383E-05 -4.55944E-05  1.4E-06
  1.725E+02  9.95722E-01  6.77937E-22  2.42096E-05 -4.27752E-05  1.6E-06
  1.730E+02  9.96273E-01  6.77186E-22  2.41827E-05 -3.99500E-05  6.4E-07
  1.735E+02  9.96786E-01  6.76487E-22  2.41578E-05 -3.71193E-05  9.0E-07
  1.740E+02  9.97261E-01  6.75841E-22  2.41347E-05 -3.42837E-05  1.9E-06
  1.745E+02  9.97698E-01  6.75247E-22  2.41135E-05 -3.14434E-05  1.6E-06
  1.750E+02  9.98097E-01  6.74705E-22  2.40942E-05 -2.85989E-05  1.0E-07
  1.755E+02  9.98459E-01  6.74215E-22  2.40767E-05 -2.57502E-05  1.7E-06
  1.760E+02  9.98782E-01  6.73777E-22  2.40610E-05 -2.28980E-05  2.3E-06
  1.765E+02  9.99067E-01  6.73392E-22  2.40472E-05 -2.00425E-05  1.3E-06
  1.770E+02  9.99315E-01  6.73058E-22  2.40353E-05 -1.71843E-05  8.4E-07
  1.775E+02  9.99524E-01  6.72776E-22  2.40253E-05 -1.43239E-05  2.8E-06
  1.780E+02  9.99695E-01  6.72544E-22  2.40170E-05 -1.14616E-05  3.0E-06
  1.785E+02  9.99829E-01  6.72364E-22  2.40106E-05 -8.59779E-06  7.8E-07
  1.790E+02  9.99924E-01  6.72235E-22  2.40059E-05 -5.73269E-06  3.0E-06
  1.795E+02  9.99981E-01  6.72157E-22  2.40032E-05 -2.86661E-06  6.4E-06
  1.800E+02  1.00000E+00  6.72131E-22  2.40022E-05 -4.02296E-20  7.8E-06
