 #
 # Subroutine ELSEPA. Elastic scattering of electrons and positrons
 #                    by neutral atoms and positive ions
 #
 # Projectile: electron
 # Kinetic energy = 1.20000E+02 eV = 4.40992E+00 a.u.
 #
 # Element: Au,  Z =  79,  atomic weight = 1.96967E+02 g/mol
 #
 # Nuclear model: Fermi distribution
 #                Average radius = 6.22560E-13 cm
 #                Skin thickness = 5.46000E-14 cm
 #
 # Number of electrons = 79
 #
 # Electron density: Read from file z_079.den   
 #                   Number of data points =  777
 #                   Volume integral = 7.90000E+01
 #
 # Furness-McCarthy exchange potential
 #
 # Total elastic cross section = 8.51150E-16 cm**2 = 3.03951E+01 a0**2
 # 1st transport cross section = 1.49756E-16 cm**2 = 5.34790E+00 a0**2
 # 2nd transport cross section = 2.88584E-16 cm**2 = 1.03055E+01 a0**2
 #
 #
 # Differential cross section:                       MU=(1-COS(THETA))/2
 #
 #  THETA        MU          DCS          DCS        Sherman      error
 #  (deg)                 (cm**2/sr)   (a0**2/sr)    function
 #----------------------------------------------------------------------
  0.000E+00  0.00000E+00  2.07595E-15  7.41335E+01  0.00000E+00  1.0E-07
  1.000E-04  7.61557E-13  2.07595E-15  7.41335E+01  5.93177E-08  1.0E-07
  1.250E-04  1.18994E-12  2.07595E-15  7.41335E+01  7.41471E-08  1.0E-07
  1.500E-04  1.71346E-12  2.07595E-15  7.41335E+01  8.89765E-08  1.0E-07
  1.750E-04  2.33225E-12  2.07595E-15  7.41335E+01  1.03806E-07  1.0E-07
  2.000E-04  3.04617E-12  2.07595E-15  7.41335E+01  1.18635E-07  1.0E-07
  2.250E-04  3.85530E-12  2.07595E-15  7.41335E+01  1.33465E-07  1.0E-07
  2.500E-04  4.75964E-12  2.07595E-15  7.41335E+01  1.48294E-07  1.0E-07
  2.750E-04  5.75917E-12  2.07595E-15  7.41335E+01  1.63124E-07  1.0E-07
  3.000E-04  6.85391E-12  2.07595E-15  7.41335E+01  1.77953E-07  1.0E-07
  3.250E-04  8.04379E-12  2.07595E-15  7.41335E+01  1.92782E-07  1.0E-07
  3.500E-04  9.32893E-12  2.07595E-15  7.41335E+01  2.07612E-07  1.0E-07
  3.750E-04  1.07092E-11  2.07595E-15  7.41335E+01  2.22441E-07  1.0E-07
  4.000E-04  1.21847E-11  2.07595E-15  7.41335E+01  2.37271E-07  1.0E-07
  4.250E-04  1.37554E-11  2.07595E-15  7.41335E+01  2.52100E-07  1.0E-07
  4.500E-04  1.54213E-11  2.07595E-15  7.41335E+01  2.66930E-07  1.0E-07
  4.750E-04  1.71823E-11  2.07595E-15  7.41335E+01  2.81759E-07  1.0E-07
  5.000E-04  1.90386E-11  2.07595E-15  7.41335E+01  2.96588E-07  1.0E-07
  5.250E-04  2.09900E-11  2.07595E-15  7.41335E+01  3.11418E-07  1.0E-07
  5.500E-04  2.30367E-11  2.07595E-15  7.41335E+01  3.26247E-07  1.0E-07
  5.750E-04  2.51785E-11  2.07595E-15  7.41335E+01  3.41077E-07  1.0E-07
  6.000E-04  2.74156E-11  2.07595E-15  7.41335E+01  3.55906E-07  1.0E-07
  6.250E-04  2.97478E-11  2.07595E-15  7.41335E+01  3.70735E-07  1.0E-07
  6.500E-04  3.21752E-11  2.07595E-15  7.41335E+01  3.85565E-07  1.0E-07
  6.750E-04  3.46979E-11  2.07595E-15  7.41335E+01  4.00394E-07  1.0E-07
  7.000E-04  3.73157E-11  2.07595E-15  7.41335E+01  4.15224E-07  1.0E-07
  7.250E-04  4.00286E-11  2.07595E-15  7.41335E+01  4.30053E-07  1.0E-07
  7.500E-04  4.28368E-11  2.07595E-15  7.41335E+01  4.44883E-07  1.0E-07
  7.750E-04  4.57402E-11  2.07595E-15  7.41335E+01  4.59712E-07  1.0E-07
  8.000E-04  4.87388E-11  2.07595E-15  7.41335E+01  4.74541E-07  1.0E-07
  8.250E-04  5.18325E-11  2.07595E-15  7.41335E+01  4.89371E-07  1.0E-07
  8.500E-04  5.50215E-11  2.07595E-15  7.41335E+01  5.04200E-07  1.0E-07
  8.750E-04  5.83057E-11  2.07595E-15  7.41335E+01  5.19030E-07  1.0E-07
  9.000E-04  6.16850E-11  2.07595E-15  7.41335E+01  5.33859E-07  1.0E-07
  9.250E-04  6.51595E-11  2.07595E-15  7.41335E+01  5.48688E-07  1.0E-07
  9.500E-04  6.87293E-11  2.07595E-15  7.41335E+01  5.63518E-07  1.0E-07
  9.750E-04  7.23943E-11  2.07595E-15  7.41335E+01  5.78347E-07  1.0E-07
  1.000E-03  7.61544E-11  2.07595E-15  7.41335E+01  5.93177E-07  1.0E-07
  1.250E-03  1.18991E-10  2.07595E-15  7.41335E+01  7.41471E-07  1.0E-07
  1.500E-03  1.71347E-10  2.07595E-15  7.41335E+01  8.89765E-07  1.0E-07
  1.750E-03  2.33223E-10  2.07595E-15  7.41335E+01  1.03806E-06  1.0E-07
  2.000E-03  3.04617E-10  2.07595E-15  7.41335E+01  1.18635E-06  1.0E-07
  2.250E-03  3.85531E-10  2.07595E-15  7.41335E+01  1.33465E-06  1.0E-07
  2.500E-03  4.75965E-10  2.07595E-15  7.41335E+01  1.48294E-06  1.0E-07
  2.750E-03  5.75917E-10  2.07595E-15  7.41335E+01  1.63124E-06  1.0E-07
  3.000E-03  6.85389E-10  2.07595E-15  7.41335E+01  1.77953E-06  1.0E-07
  3.250E-03  8.04380E-10  2.07595E-15  7.41335E+01  1.92782E-06  1.0E-07
  3.500E-03  9.32891E-10  2.07595E-15  7.41335E+01  2.07612E-06  1.0E-07
  3.750E-03  1.07092E-09  2.07595E-15  7.41335E+01  2.22441E-06  1.0E-07
  4.000E-03  1.21847E-09  2.07595E-15  7.41335E+01  2.37271E-06  1.0E-07
  4.250E-03  1.37554E-09  2.07595E-15  7.41335E+01  2.52100E-06  1.0E-07
  4.500E-03  1.54213E-09  2.07595E-15  7.41335E+01  2.66930E-06  1.0E-07
  4.750E-03  1.71823E-09  2.07595E-15  7.41335E+01  2.81759E-06  1.0E-07
  5.000E-03  1.90386E-09  2.07595E-15  7.41335E+01  2.96588E-06  1.0E-07
  5.250E-03  2.09900E-09  2.07595E-15  7.41335E+01  3.11418E-06  1.0E-07
  5.500E-03  2.30367E-09  2.07595E-15  7.41335E+01  3.26247E-06  1.0E-07
  5.750E-03  2.51785E-09  2.07595E-15  7.41335E+01  3.41077E-06  1.0E-07
  6.000E-03  2.74156E-09  2.07595E-15  7.41335E+01  3.55906E-06  1.0E-07
  6.250E-03  2.97478E-09  2.07595E-15  7.41335E+01  3.70735E-06  1.0E-07
  6.500E-03  3.21752E-09  2.07595E-15  7.41335E+01  3.85565E-06  1.0E-07
  6.750E-03  3.46978E-09  2.07595E-15  7.41335E+01  4.00394E-06  1.0E-07
  7.000E-03  3.73156E-09  2.07595E-15  7.41334E+01  4.15224E-06  1.0E-07
  7.250E-03  4.00286E-09  2.07595E-15  7.41334E+01  4.30053E-06  1.0E-07
  7.500E-03  4.28368E-09  2.07595E-15  7.41334E+01  4.44883E-06  1.0E-07
  7.750E-03  4.57402E-09  2.07595E-15  7.41334E+01  4.59712E-06  1.0E-07
  8.000E-03  4.87388E-09  2.07595E-15  7.41334E+01  4.74541E-06  1.0E-07
  8.250E-03  5.18326E-09  2.07595E-15  7.41334E+01  4.89371E-06  1.0E-07
  8.500E-03  5.50215E-09  2.07595E-15  7.41334E+01  5.04200E-06  1.0E-07
  8.750E-03  5.83057E-09  2.07595E-15  7.41334E+01  5.19030E-06  1.0E-07
  9.000E-03  6.16850E-09  2.07595E-15  7.41334E+01  5.33859E-06  1.0E-07
  9.250E-03  6.51596E-09  2.07595E-15  7.41334E+01  5.48689E-06  1.0E-07
  9.500E-03  6.87293E-09  2.07595E-15  7.41334E+01  5.63518E-06  1.0E-07
  9.750E-03  7.23942E-09  2.07595E-15  7.41334E+01  5.78347E-06  1.0E-07
  1.000E-02  7.61544E-09  2.07595E-15  7.41334E+01  5.93177E-06  1.0E-07
  1.250E-02  1.18991E-08  2.07595E-15  7.41334E+01  7.41471E-06  1.0E-07
  1.500E-02  1.71347E-08  2.07595E-15  7.41334E+01  8.89766E-06  1.0E-07
  1.750E-02  2.33223E-08  2.07595E-15  7.41334E+01  1.03806E-05  1.0E-07
  2.000E-02  3.04617E-08  2.07595E-15  7.41334E+01  1.18635E-05  1.0E-07
  2.250E-02  3.85531E-08  2.07594E-15  7.41333E+01  1.33465E-05  1.0E-07
  2.500E-02  4.75965E-08  2.07594E-15  7.41333E+01  1.48294E-05  1.0E-07
  2.750E-02  5.75917E-08  2.07594E-15  7.41333E+01  1.63124E-05  1.0E-07
  3.000E-02  6.85389E-08  2.07594E-15  7.41332E+01  1.77953E-05  1.0E-07
  3.250E-02  8.04380E-08  2.07594E-15  7.41332E+01  1.92783E-05  1.0E-07
  3.500E-02  9.32891E-08  2.07594E-15  7.41331E+01  2.07613E-05  1.0E-07
  3.750E-02  1.07092E-07  2.07594E-15  7.41331E+01  2.22442E-05  1.0E-07
  4.000E-02  1.21847E-07  2.07594E-15  7.41330E+01  2.37272E-05  1.0E-07
  4.250E-02  1.37554E-07  2.07594E-15  7.41330E+01  2.52101E-05  1.0E-07
  4.500E-02  1.54213E-07  2.07593E-15  7.41329E+01  2.66931E-05  1.0E-07
  4.750E-02  1.71823E-07  2.07593E-15  7.41329E+01  2.81761E-05  1.0E-07
  5.000E-02  1.90386E-07  2.07593E-15  7.41328E+01  2.96590E-05  1.0E-07
  5.250E-02  2.09900E-07  2.07593E-15  7.41328E+01  3.11420E-05  1.0E-07
  5.500E-02  2.30367E-07  2.07593E-15  7.41327E+01  3.26250E-05  1.0E-07
  5.750E-02  2.51785E-07  2.07592E-15  7.41326E+01  3.41080E-05  1.0E-07
  6.000E-02  2.74156E-07  2.07592E-15  7.41325E+01  3.55909E-05  1.0E-07
  6.250E-02  2.97478E-07  2.07592E-15  7.41325E+01  3.70739E-05  1.0E-07
  6.500E-02  3.21752E-07  2.07592E-15  7.41324E+01  3.85569E-05  1.0E-07
  6.750E-02  3.46978E-07  2.07592E-15  7.41323E+01  4.00399E-05  1.0E-07
  7.000E-02  3.73156E-07  2.07591E-15  7.41322E+01  4.15229E-05  1.0E-07
  7.250E-02  4.00286E-07  2.07591E-15  7.41321E+01  4.30059E-05  1.0E-07
  7.500E-02  4.28368E-07  2.07591E-15  7.41320E+01  4.44889E-05  1.0E-07
  7.750E-02  4.57402E-07  2.07590E-15  7.41319E+01  4.59719E-05  1.0E-07
  8.000E-02  4.87388E-07  2.07590E-15  7.41318E+01  4.74549E-05  1.0E-07
  8.250E-02  5.18325E-07  2.07590E-15  7.41317E+01  4.89380E-05  1.0E-07
  8.500E-02  5.50215E-07  2.07590E-15  7.41316E+01  5.04210E-05  1.0E-07
  8.750E-02  5.83057E-07  2.07589E-15  7.41315E+01  5.19040E-05  1.0E-07
  9.000E-02  6.16850E-07  2.07589E-15  7.41314E+01  5.33871E-05  1.0E-07
  9.250E-02  6.51596E-07  2.07589E-15  7.41313E+01  5.48701E-05  1.0E-07
  9.500E-02  6.87293E-07  2.07588E-15  7.41311E+01  5.63531E-05  1.0E-07
  9.750E-02  7.23942E-07  2.07588E-15  7.41310E+01  5.78362E-05  1.0E-07
  1.000E-01  7.61543E-07  2.07588E-15  7.41309E+01  5.93193E-05  1.0E-07
  1.250E-01  1.18991E-06  2.07584E-15  7.41294E+01  7.41502E-05  1.0E-07
  1.500E-01  1.71347E-06  2.07579E-15  7.41277E+01  8.89819E-05  1.0E-07
  1.750E-01  2.33223E-06  2.07573E-15  7.41256E+01  1.03814E-04  1.0E-07
  2.000E-01  3.04617E-06  2.07566E-15  7.41231E+01  1.18648E-04  1.0E-07
  2.250E-01  3.85531E-06  2.07558E-15  7.41204E+01  1.33483E-04  1.0E-07
  2.500E-01  4.75964E-06  2.07550E-15  7.41173E+01  1.48319E-04  1.0E-07
  2.750E-01  5.75916E-06  2.07540E-15  7.41139E+01  1.63157E-04  1.0E-07
  3.000E-01  6.85388E-06  2.07530E-15  7.41102E+01  1.77996E-04  1.0E-07
  3.250E-01  8.04378E-06  2.07518E-15  7.41062E+01  1.92837E-04  1.0E-07
  3.500E-01  9.32888E-06  2.07506E-15  7.41018E+01  2.07680E-04  1.0E-07
  3.750E-01  1.07092E-05  2.07493E-15  7.40972E+01  2.22525E-04  1.0E-07
  4.000E-01  1.21846E-05  2.07479E-15  7.40922E+01  2.37372E-04  1.0E-07
  4.250E-01  1.37553E-05  2.07464E-15  7.40868E+01  2.52222E-04  1.0E-07
  4.500E-01  1.54212E-05  2.07448E-15  7.40812E+01  2.67074E-04  1.0E-07
  4.750E-01  1.71822E-05  2.07432E-15  7.40752E+01  2.81929E-04  1.0E-07
  5.000E-01  1.90385E-05  2.07414E-15  7.40689E+01  2.96787E-04  1.0E-07
  5.250E-01  2.09899E-05  2.07396E-15  7.40623E+01  3.11647E-04  1.0E-07
  5.500E-01  2.30365E-05  2.07376E-15  7.40554E+01  3.26511E-04  1.0E-07
  5.750E-01  2.51783E-05  2.07356E-15  7.40482E+01  3.41378E-04  1.0E-07
  6.000E-01  2.74153E-05  2.07335E-15  7.40406E+01  3.56249E-04  1.0E-07
  6.250E-01  2.97475E-05  2.07313E-15  7.40327E+01  3.71123E-04  1.0E-07
  6.500E-01  3.21749E-05  2.07290E-15  7.40245E+01  3.86001E-04  1.0E-07
  6.750E-01  3.46974E-05  2.07266E-15  7.40159E+01  4.00883E-04  1.0E-07
  7.000E-01  3.73152E-05  2.07241E-15  7.40071E+01  4.15768E-04  1.0E-07
  7.250E-01  4.00281E-05  2.07215E-15  7.39979E+01  4.30658E-04  1.0E-07
  7.500E-01  4.28362E-05  2.07189E-15  7.39884E+01  4.45552E-04  1.0E-07
  7.750E-01  4.57395E-05  2.07161E-15  7.39786E+01  4.60451E-04  1.0E-07
  8.000E-01  4.87380E-05  2.07133E-15  7.39684E+01  4.75354E-04  1.0E-07
  8.250E-01  5.18317E-05  2.07103E-15  7.39580E+01  4.90262E-04  1.0E-07
  8.500E-01  5.50205E-05  2.07073E-15  7.39472E+01  5.05175E-04  1.0E-07
  8.750E-01  5.83045E-05  2.07042E-15  7.39361E+01  5.20093E-04  1.0E-07
  9.000E-01  6.16838E-05  2.07010E-15  7.39247E+01  5.35017E-04  1.0E-07
  9.250E-01  6.51582E-05  2.06977E-15  7.39130E+01  5.49945E-04  1.0E-07
  9.500E-01  6.87277E-05  2.06944E-15  7.39009E+01  5.64879E-04  1.0E-07
  9.750E-01  7.23925E-05  2.06909E-15  7.38885E+01  5.79819E-04  1.0E-07
  1.000E+00  7.61524E-05  2.06873E-15  7.38758E+01  5.94765E-04  1.0E-07
  1.100E+00  9.21439E-05  2.06722E-15  7.38219E+01  6.54608E-04  1.0E-07
  1.200E+00  1.09658E-04  2.06557E-15  7.37629E+01  7.14556E-04  1.0E-07
  1.300E+00  1.28695E-04  2.06378E-15  7.36988E+01  7.74619E-04  1.0E-07
  1.400E+00  1.49255E-04  2.06184E-15  7.36297E+01  8.34806E-04  1.0E-07
  1.500E+00  1.71338E-04  2.05977E-15  7.35556E+01  8.95126E-04  1.0E-07
  1.600E+00  1.94942E-04  2.05755E-15  7.34764E+01  9.55590E-04  1.0E-07
  1.700E+00  2.20070E-04  2.05519E-15  7.33923E+01  1.01621E-03  1.0E-07
  1.800E+00  2.46720E-04  2.05270E-15  7.33032E+01  1.07698E-03  1.0E-07
  1.900E+00  2.74892E-04  2.05007E-15  7.32092E+01  1.13794E-03  1.0E-07
  2.000E+00  3.04586E-04  2.04730E-15  7.31103E+01  1.19907E-03  1.0E-07
  2.100E+00  3.35803E-04  2.04439E-15  7.30066E+01  1.26039E-03  1.0E-07
  2.200E+00  3.68542E-04  2.04135E-15  7.28980E+01  1.32192E-03  1.0E-07
  2.300E+00  4.02802E-04  2.03817E-15  7.27845E+01  1.38365E-03  1.0E-07
  2.400E+00  4.38585E-04  2.03486E-15  7.26663E+01  1.44561E-03  1.0E-07
  2.500E+00  4.75889E-04  2.03142E-15  7.25434E+01  1.50779E-03  1.0E-07
  2.600E+00  5.14715E-04  2.02785E-15  7.24157E+01  1.57022E-03  1.0E-07
  2.700E+00  5.55063E-04  2.02414E-15  7.22833E+01  1.63289E-03  1.0E-07
  2.800E+00  5.96931E-04  2.02030E-15  7.21463E+01  1.69582E-03  1.0E-07
  2.900E+00  6.40321E-04  2.01634E-15  7.20047E+01  1.75902E-03  1.0E-07
  3.000E+00  6.85233E-04  2.01224E-15  7.18585E+01  1.82250E-03  1.0E-07
  3.100E+00  7.31665E-04  2.00802E-15  7.17078E+01  1.88627E-03  1.0E-07
  3.200E+00  7.79618E-04  2.00368E-15  7.15526E+01  1.95034E-03  1.0E-07
  3.300E+00  8.29092E-04  1.99921E-15  7.13930E+01  2.01471E-03  1.0E-07
  3.400E+00  8.80086E-04  1.99461E-15  7.12290E+01  2.07940E-03  1.0E-07
  3.500E+00  9.32601E-04  1.98990E-15  7.10606E+01  2.14442E-03  1.0E-07
  3.600E+00  9.86636E-04  1.98506E-15  7.08879E+01  2.20978E-03  1.0E-07
  3.700E+00  1.04219E-03  1.98011E-15  7.07109E+01  2.27548E-03  1.0E-07
  3.800E+00  1.09927E-03  1.97503E-15  7.05297E+01  2.34154E-03  1.0E-07
  3.900E+00  1.15786E-03  1.96984E-15  7.03444E+01  2.40797E-03  1.0E-07
  4.000E+00  1.21797E-03  1.96454E-15  7.01549E+01  2.47477E-03  1.0E-07
  4.100E+00  1.27961E-03  1.95912E-15  6.99613E+01  2.54196E-03  1.0E-07
  4.200E+00  1.34276E-03  1.95358E-15  6.97638E+01  2.60955E-03  1.0E-07
  4.300E+00  1.40743E-03  1.94794E-15  6.95622E+01  2.67755E-03  1.0E-07
  4.400E+00  1.47362E-03  1.94219E-15  6.93567E+01  2.74596E-03  1.0E-07
  4.500E+00  1.54133E-03  1.93632E-15  6.91474E+01  2.81479E-03  1.0E-07
  4.600E+00  1.61056E-03  1.93036E-15  6.89343E+01  2.88407E-03  1.0E-07
  4.700E+00  1.68131E-03  1.92428E-15  6.87174E+01  2.95379E-03  1.0E-07
  4.800E+00  1.75357E-03  1.91811E-15  6.84968E+01  3.02397E-03  1.0E-07
  4.900E+00  1.82735E-03  1.91183E-15  6.82725E+01  3.09461E-03  1.0E-07
  5.000E+00  1.90265E-03  1.90545E-15  6.80447E+01  3.16573E-03  1.0E-07
  5.100E+00  1.97947E-03  1.89897E-15  6.78133E+01  3.23734E-03  1.0E-07
  5.200E+00  2.05780E-03  1.89239E-15  6.75785E+01  3.30945E-03  1.0E-07
  5.300E+00  2.13765E-03  1.88572E-15  6.73402E+01  3.38206E-03  1.0E-07
  5.400E+00  2.21902E-03  1.87895E-15  6.70986E+01  3.45519E-03  1.0E-07
  5.500E+00  2.30190E-03  1.87209E-15  6.68537E+01  3.52885E-03  1.0E-07
  5.600E+00  2.38630E-03  1.86514E-15  6.66055E+01  3.60305E-03  1.0E-07
  5.700E+00  2.47222E-03  1.85811E-15  6.63541E+01  3.67780E-03  1.0E-07
  5.800E+00  2.55965E-03  1.85098E-15  6.60997E+01  3.75310E-03  1.0E-07
  5.900E+00  2.64859E-03  1.84377E-15  6.58421E+01  3.82898E-03  1.0E-07
  6.000E+00  2.73905E-03  1.83647E-15  6.55816E+01  3.90543E-03  1.0E-07
  6.100E+00  2.83103E-03  1.82909E-15  6.53181E+01  3.98248E-03  1.0E-07
  6.200E+00  2.92452E-03  1.82163E-15  6.50517E+01  4.06012E-03  1.0E-07
  6.300E+00  3.01952E-03  1.81410E-15  6.47825E+01  4.13838E-03  1.0E-07
  6.400E+00  3.11604E-03  1.80648E-15  6.45106E+01  4.21726E-03  1.0E-07
  6.500E+00  3.21407E-03  1.79879E-15  6.42360E+01  4.29676E-03  1.0E-07
  6.600E+00  3.31362E-03  1.79103E-15  6.39587E+01  4.37692E-03  1.0E-07
  6.700E+00  3.41468E-03  1.78319E-15  6.36788E+01  4.45772E-03  1.0E-07
  6.800E+00  3.51725E-03  1.77528E-15  6.33965E+01  4.53919E-03  1.0E-07
  6.900E+00  3.62133E-03  1.76731E-15  6.31117E+01  4.62133E-03  1.0E-07
  7.000E+00  3.72692E-03  1.75926E-15  6.28245E+01  4.70416E-03  1.0E-07
  7.100E+00  3.83403E-03  1.75116E-15  6.25350E+01  4.78768E-03  1.0E-07
  7.200E+00  3.94265E-03  1.74299E-15  6.22432E+01  4.87191E-03  1.0E-07
  7.300E+00  4.05278E-03  1.73475E-15  6.19492E+01  4.95685E-03  1.0E-07
  7.400E+00  4.16442E-03  1.72646E-15  6.16531E+01  5.04252E-03  1.0E-07
  7.500E+00  4.27757E-03  1.71811E-15  6.13549E+01  5.12893E-03  1.0E-07
  7.600E+00  4.39223E-03  1.70970E-15  6.10547E+01  5.21609E-03  1.0E-07
  7.700E+00  4.50840E-03  1.70124E-15  6.07525E+01  5.30401E-03  1.0E-07
  7.800E+00  4.62608E-03  1.69273E-15  6.04484E+01  5.39270E-03  1.0E-07
  7.900E+00  4.74527E-03  1.68416E-15  6.01425E+01  5.48218E-03  1.0E-07
  8.000E+00  4.86597E-03  1.67555E-15  5.98349E+01  5.57244E-03  1.0E-07
  8.100E+00  4.98817E-03  1.66688E-15  5.95255E+01  5.66351E-03  1.0E-07
  8.200E+00  5.11188E-03  1.65817E-15  5.92145E+01  5.75539E-03  1.0E-07
  8.300E+00  5.23711E-03  1.64942E-15  5.89019E+01  5.84810E-03  1.0E-07
  8.400E+00  5.36383E-03  1.64062E-15  5.85877E+01  5.94164E-03  1.0E-07
  8.500E+00  5.49207E-03  1.63179E-15  5.82721E+01  6.03603E-03  1.0E-07
  8.600E+00  5.62181E-03  1.62291E-15  5.79551E+01  6.13128E-03  1.0E-07
  8.700E+00  5.75306E-03  1.61399E-15  5.76367E+01  6.22740E-03  1.0E-07
  8.800E+00  5.88581E-03  1.60504E-15  5.73171E+01  6.32440E-03  1.0E-07
  8.900E+00  6.02007E-03  1.59606E-15  5.69962E+01  6.42230E-03  1.0E-07
  9.000E+00  6.15583E-03  1.58704E-15  5.66741E+01  6.52109E-03  1.0E-07
  9.100E+00  6.29310E-03  1.57799E-15  5.63509E+01  6.62080E-03  1.0E-07
  9.200E+00  6.43187E-03  1.56891E-15  5.60267E+01  6.72144E-03  1.0E-07
  9.300E+00  6.57214E-03  1.55980E-15  5.57014E+01  6.82301E-03  1.0E-07
  9.400E+00  6.71392E-03  1.55066E-15  5.53752E+01  6.92553E-03  1.0E-07
  9.500E+00  6.85720E-03  1.54150E-15  5.50481E+01  7.02901E-03  1.0E-07
  9.600E+00  7.00198E-03  1.53232E-15  5.47201E+01  7.13346E-03  1.0E-07
  9.700E+00  7.14827E-03  1.52311E-15  5.43914E+01  7.23889E-03  1.0E-07
  9.800E+00  7.29605E-03  1.51389E-15  5.40620E+01  7.34532E-03  1.0E-07
  9.900E+00  7.44534E-03  1.50464E-15  5.37318E+01  7.45275E-03  1.0E-07
  1.000E+01  7.59612E-03  1.49538E-15  5.34010E+01  7.56120E-03  1.0E-07
  1.025E+01  7.97965E-03  1.47216E-15  5.25717E+01  7.83685E-03  1.0E-07
  1.050E+01  8.37255E-03  1.44886E-15  5.17396E+01  8.11910E-03  1.0E-07
  1.075E+01  8.77480E-03  1.42550E-15  5.09055E+01  8.40814E-03  1.0E-07
  1.100E+01  9.18641E-03  1.40211E-15  5.00702E+01  8.70415E-03  1.0E-07
  1.125E+01  9.60736E-03  1.37870E-15  4.92343E+01  9.00732E-03  1.0E-07
  1.150E+01  1.00376E-02  1.35530E-15  4.83986E+01  9.31782E-03  1.0E-07
  1.175E+01  1.04773E-02  1.33192E-15  4.75638E+01  9.63586E-03  1.0E-07
  1.200E+01  1.09262E-02  1.30859E-15  4.67305E+01  9.96160E-03  1.0E-07
  1.225E+01  1.13844E-02  1.28531E-15  4.58993E+01  1.02953E-02  1.0E-07
  1.250E+01  1.18520E-02  1.26211E-15  4.50709E+01  1.06370E-02  1.0E-07
  1.275E+01  1.23288E-02  1.23901E-15  4.42457E+01  1.09870E-02  1.0E-07
  1.300E+01  1.28150E-02  1.21601E-15  4.34244E+01  1.13455E-02  1.0E-07
  1.325E+01  1.33104E-02  1.19313E-15  4.26075E+01  1.17127E-02  1.0E-07
  1.350E+01  1.38150E-02  1.17039E-15  4.17955E+01  1.20887E-02  1.0E-07
  1.375E+01  1.43290E-02  1.14780E-15  4.09887E+01  1.24738E-02  1.0E-07
  1.400E+01  1.48521E-02  1.12537E-15  4.01878E+01  1.28682E-02  1.0E-07
  1.425E+01  1.53845E-02  1.10312E-15  3.93930E+01  1.32720E-02  1.0E-07
  1.450E+01  1.59262E-02  1.08104E-15  3.86048E+01  1.36854E-02  1.0E-07
  1.475E+01  1.64770E-02  1.05917E-15  3.78235E+01  1.41087E-02  1.0E-07
  1.500E+01  1.70371E-02  1.03749E-15  3.70495E+01  1.45421E-02  1.0E-07
  1.525E+01  1.76063E-02  1.01603E-15  3.62831E+01  1.49857E-02  1.0E-07
  1.550E+01  1.81848E-02  9.94791E-16  3.55246E+01  1.54397E-02  1.0E-07
  1.575E+01  1.87724E-02  9.73779E-16  3.47743E+01  1.59045E-02  1.0E-07
  1.600E+01  1.93692E-02  9.53004E-16  3.40324E+01  1.63801E-02  1.0E-07
  1.625E+01  1.99751E-02  9.32470E-16  3.32991E+01  1.68668E-02  1.0E-07
  1.650E+01  2.05901E-02  9.12185E-16  3.25747E+01  1.73647E-02  1.0E-07
  1.675E+01  2.12143E-02  8.92153E-16  3.18594E+01  1.78742E-02  1.0E-07
  1.700E+01  2.18476E-02  8.72380E-16  3.11533E+01  1.83954E-02  1.0E-07
  1.725E+01  2.24900E-02  8.52869E-16  3.04565E+01  1.89284E-02  1.0E-07
  1.750E+01  2.31415E-02  8.33625E-16  2.97693E+01  1.94737E-02  1.0E-07
  1.775E+01  2.38021E-02  8.14651E-16  2.90917E+01  2.00312E-02  1.0E-07
  1.800E+01  2.44717E-02  7.95950E-16  2.84239E+01  2.06014E-02  1.0E-07
  1.825E+01  2.51504E-02  7.77525E-16  2.77659E+01  2.11843E-02  1.0E-07
  1.850E+01  2.58382E-02  7.59377E-16  2.71178E+01  2.17802E-02  1.0E-07
  1.875E+01  2.65349E-02  7.41508E-16  2.64797E+01  2.23893E-02  1.0E-07
  1.900E+01  2.72407E-02  7.23920E-16  2.58517E+01  2.30118E-02  1.0E-07
  1.925E+01  2.79555E-02  7.06614E-16  2.52336E+01  2.36480E-02  1.0E-07
  1.950E+01  2.86793E-02  6.89591E-16  2.46257E+01  2.42981E-02  1.0E-07
  1.975E+01  2.94120E-02  6.72850E-16  2.40279E+01  2.49623E-02  1.0E-07
  2.000E+01  3.01537E-02  6.56392E-16  2.34402E+01  2.56408E-02  1.0E-07
  2.025E+01  3.09043E-02  6.40218E-16  2.28626E+01  2.63338E-02  1.0E-07
  2.050E+01  3.16639E-02  6.24326E-16  2.22951E+01  2.70416E-02  1.0E-07
  2.075E+01  3.24324E-02  6.08715E-16  2.17376E+01  2.77644E-02  1.0E-07
  2.100E+01  3.32098E-02  5.93386E-16  2.11902E+01  2.85024E-02  1.0E-07
  2.125E+01  3.39961E-02  5.78336E-16  2.06527E+01  2.92558E-02  1.0E-07
  2.150E+01  3.47912E-02  5.63565E-16  2.01253E+01  3.00248E-02  1.0E-07
  2.175E+01  3.55952E-02  5.49070E-16  1.96077E+01  3.08098E-02  1.0E-07
  2.200E+01  3.64081E-02  5.34851E-16  1.90999E+01  3.16108E-02  1.0E-07
  2.225E+01  3.72297E-02  5.20906E-16  1.86019E+01  3.24281E-02  1.0E-07
  2.250E+01  3.80602E-02  5.07232E-16  1.81136E+01  3.32620E-02  1.0E-07
  2.275E+01  3.88995E-02  4.93828E-16  1.76349E+01  3.41126E-02  1.0E-07
  2.300E+01  3.97476E-02  4.80690E-16  1.71658E+01  3.49802E-02  1.0E-07
  2.325E+01  4.06044E-02  4.67818E-16  1.67061E+01  3.58649E-02  1.0E-07
  2.350E+01  4.14700E-02  4.55207E-16  1.62558E+01  3.67670E-02  1.0E-07
  2.375E+01  4.23443E-02  4.42857E-16  1.58147E+01  3.76866E-02  1.0E-07
  2.400E+01  4.32273E-02  4.30764E-16  1.53828E+01  3.86240E-02  1.0E-07
  2.425E+01  4.41190E-02  4.18925E-16  1.49601E+01  3.95794E-02  1.0E-07
  2.450E+01  4.50194E-02  4.07337E-16  1.45463E+01  4.05528E-02  1.0E-07
  2.475E+01  4.59284E-02  3.95998E-16  1.41414E+01  4.15446E-02  1.0E-07
  2.500E+01  4.68461E-02  3.84906E-16  1.37452E+01  4.25548E-02  1.0E-07
  2.550E+01  4.87074E-02  3.63445E-16  1.29789E+01  4.46313E-02  1.0E-07
  2.600E+01  5.06030E-02  3.42931E-16  1.22463E+01  4.67833E-02  1.0E-07
  2.650E+01  5.25328E-02  3.23339E-16  1.15466E+01  4.90117E-02  1.0E-07
  2.700E+01  5.44967E-02  3.04643E-16  1.08790E+01  5.13172E-02  1.0E-07
  2.750E+01  5.64946E-02  2.86817E-16  1.02424E+01  5.37000E-02  1.0E-07
  2.800E+01  5.85262E-02  2.69837E-16  9.63605E+00  5.61599E-02  1.0E-07
  2.850E+01  6.05914E-02  2.53676E-16  9.05893E+00  5.86963E-02  1.0E-07
  2.900E+01  6.26901E-02  2.38308E-16  8.51013E+00  6.13081E-02  1.0E-07
  2.950E+01  6.48222E-02  2.23708E-16  7.98875E+00  6.39932E-02  1.0E-07
  3.000E+01  6.69873E-02  2.09850E-16  7.49387E+00  6.67489E-02  1.0E-07
  3.050E+01  6.91854E-02  1.96709E-16  7.02460E+00  6.95714E-02  1.0E-07
  3.100E+01  7.14163E-02  1.84260E-16  6.58004E+00  7.24558E-02  1.0E-07
  3.150E+01  7.36799E-02  1.72479E-16  6.15932E+00  7.53957E-02  1.0E-07
  3.200E+01  7.59760E-02  1.61340E-16  5.76157E+00  7.83831E-02  1.0E-07
  3.250E+01  7.83043E-02  1.50822E-16  5.38594E+00  8.14083E-02  1.0E-07
  3.300E+01  8.06647E-02  1.40899E-16  5.03160E+00  8.44593E-02  1.0E-07
  3.350E+01  8.30571E-02  1.31549E-16  4.69771E+00  8.75213E-02  1.0E-07
  3.400E+01  8.54812E-02  1.22750E-16  4.38349E+00  9.05771E-02  1.0E-07
  3.450E+01  8.79369E-02  1.14479E-16  4.08812E+00  9.36059E-02  1.0E-07
  3.500E+01  9.04240E-02  1.06715E-16  3.81085E+00  9.65832E-02  1.0E-07
  3.550E+01  9.29422E-02  9.94358E-17  3.55092E+00  9.94802E-02  1.0E-07
  3.600E+01  9.54915E-02  9.26216E-17  3.30758E+00  1.02264E-01  1.0E-07
  3.650E+01  9.80716E-02  8.62519E-17  3.08011E+00  1.04895E-01  1.0E-07
  3.700E+01  1.00682E-01  8.03069E-17  2.86781E+00  1.07330E-01  1.0E-07
  3.750E+01  1.03323E-01  7.47674E-17  2.66999E+00  1.09519E-01  1.0E-07
  3.800E+01  1.05995E-01  6.96145E-17  2.48598E+00  1.11404E-01  1.0E-07
  3.850E+01  1.08696E-01  6.48299E-17  2.31512E+00  1.12923E-01  1.0E-07
  3.900E+01  1.11427E-01  6.03959E-17  2.15678E+00  1.14007E-01  1.0E-07
  3.950E+01  1.14188E-01  5.62950E-17  2.01033E+00  1.14580E-01  1.0E-07
  4.000E+01  1.16978E-01  5.25105E-17  1.87518E+00  1.14562E-01  1.0E-07
  4.050E+01  1.19797E-01  4.90258E-17  1.75074E+00  1.13866E-01  1.0E-07
  4.100E+01  1.22645E-01  4.58252E-17  1.63645E+00  1.12405E-01  1.0E-07
  4.150E+01  1.25522E-01  4.28933E-17  1.53175E+00  1.10092E-01  1.0E-07
  4.200E+01  1.28428E-01  4.02150E-17  1.43610E+00  1.06841E-01  1.0E-07
  4.250E+01  1.31361E-01  3.77759E-17  1.34900E+00  1.02572E-01  1.0E-07
  4.300E+01  1.34323E-01  3.55621E-17  1.26995E+00  9.72183E-02  1.0E-07
  4.350E+01  1.37313E-01  3.35600E-17  1.19845E+00  9.07242E-02  1.0E-07
  4.400E+01  1.40330E-01  3.17566E-17  1.13405E+00  8.30551E-02  1.0E-07
  4.450E+01  1.43375E-01  3.01392E-17  1.07629E+00  7.41995E-02  1.0E-07
  4.500E+01  1.46447E-01  2.86959E-17  1.02475E+00  6.41730E-02  1.0E-07
  4.550E+01  1.49545E-01  2.74148E-17  9.79001E-01  5.30209E-02  1.0E-07
  4.600E+01  1.52671E-01  2.62849E-17  9.38651E-01  4.08192E-02  1.0E-07
  4.650E+01  1.55823E-01  2.52954E-17  9.03314E-01  2.76740E-02  1.0E-07
  4.700E+01  1.59001E-01  2.44359E-17  8.72623E-01  1.37189E-02  1.0E-07
  4.750E+01  1.62205E-01  2.36967E-17  8.46224E-01 -8.89176E-04  1.0E-07
  4.800E+01  1.65435E-01  2.30683E-17  8.23782E-01 -1.59765E-02  1.0E-07
  4.850E+01  1.68690E-01  2.25416E-17  8.04976E-01 -3.13591E-02  1.0E-07
  4.900E+01  1.71970E-01  2.21083E-17  7.89500E-01 -4.68503E-02  1.0E-07
  4.950E+01  1.75276E-01  2.17600E-17  7.77063E-01 -6.22685E-02  1.0E-07
  5.000E+01  1.78606E-01  2.14891E-17  7.67389E-01 -7.74434E-02  1.0E-07
  5.050E+01  1.81961E-01  2.12882E-17  7.60216E-01 -9.22214E-02  1.0E-07
  5.100E+01  1.85340E-01  2.11504E-17  7.55295E-01 -1.06470E-01  1.0E-07
  5.150E+01  1.88743E-01  2.10692E-17  7.52395E-01 -1.20080E-01  1.0E-07
  5.200E+01  1.92169E-01  2.10383E-17  7.51292E-01 -1.32965E-01  1.0E-07
  5.250E+01  1.95619E-01  2.10520E-17  7.51782E-01 -1.45065E-01  1.0E-07
  5.300E+01  1.99092E-01  2.11049E-17  7.53669E-01 -1.56338E-01  1.0E-07
  5.350E+01  2.02589E-01  2.11917E-17  7.56771E-01 -1.66764E-01  1.0E-07
  5.400E+01  2.06107E-01  2.13079E-17  7.60918E-01 -1.76341E-01  1.0E-07
  5.450E+01  2.09649E-01  2.14489E-17  7.65954E-01 -1.85078E-01  1.0E-07
  5.500E+01  2.13212E-01  2.16106E-17  7.71729E-01 -1.92998E-01  1.0E-07
  5.550E+01  2.16797E-01  2.17893E-17  7.78110E-01 -2.00131E-01  1.0E-07
  5.600E+01  2.20404E-01  2.19814E-17  7.84971E-01 -2.06513E-01  1.0E-07
  5.650E+01  2.24032E-01  2.21837E-17  7.92196E-01 -2.12183E-01  1.0E-07
  5.700E+01  2.27680E-01  2.23933E-17  7.99681E-01 -2.17186E-01  1.0E-07
  5.750E+01  2.31350E-01  2.26075E-17  8.07329E-01 -2.21563E-01  1.0E-07
  5.800E+01  2.35040E-01  2.28238E-17  8.15053E-01 -2.25358E-01  1.0E-07
  5.850E+01  2.38751E-01  2.30401E-17  8.22776E-01 -2.28611E-01  1.0E-07
  5.900E+01  2.42481E-01  2.32543E-17  8.30425E-01 -2.31364E-01  1.0E-07
  5.950E+01  2.46231E-01  2.34647E-17  8.37938E-01 -2.33652E-01  1.0E-07
  6.000E+01  2.50000E-01  2.36697E-17  8.45260E-01 -2.35513E-01  1.0E-07
  6.050E+01  2.53788E-01  2.38680E-17  8.52341E-01 -2.36977E-01  1.0E-07
  6.100E+01  2.57595E-01  2.40583E-17  8.59139E-01 -2.38076E-01  1.0E-07
  6.150E+01  2.61421E-01  2.42397E-17  8.65617E-01 -2.38836E-01  1.0E-07
  6.200E+01  2.65264E-01  2.44113E-17  8.71744E-01 -2.39282E-01  1.0E-07
  6.250E+01  2.69126E-01  2.45723E-17  8.77493E-01 -2.39438E-01  1.0E-07
  6.300E+01  2.73005E-01  2.47221E-17  8.82844E-01 -2.39323E-01  1.0E-07
  6.350E+01  2.76901E-01  2.48603E-17  8.87779E-01 -2.38955E-01  1.0E-07
  6.400E+01  2.80814E-01  2.49866E-17  8.92286E-01 -2.38352E-01  1.0E-07
  6.450E+01  2.84744E-01  2.51005E-17  8.96355E-01 -2.37527E-01  1.0E-07
  6.500E+01  2.88691E-01  2.52020E-17  8.99980E-01 -2.36495E-01  1.0E-07
  6.550E+01  2.92653E-01  2.52910E-17  9.03159E-01 -2.35267E-01  1.0E-07
  6.600E+01  2.96632E-01  2.53675E-17  9.05890E-01 -2.33853E-01  1.0E-07
  6.650E+01  3.00625E-01  2.54315E-17  9.08176E-01 -2.32264E-01  1.0E-07
  6.700E+01  3.04634E-01  2.54831E-17  9.10019E-01 -2.30507E-01  1.0E-07
  6.750E+01  3.08658E-01  2.55225E-17  9.11427E-01 -2.28591E-01  1.0E-07
  6.800E+01  3.12697E-01  2.55499E-17  9.12405E-01 -2.26523E-01  1.0E-07
  6.850E+01  3.16749E-01  2.55655E-17  9.12962E-01 -2.24309E-01  1.0E-07
  6.900E+01  3.20816E-01  2.55696E-17  9.13108E-01 -2.21955E-01  1.0E-07
  6.950E+01  3.24896E-01  2.55624E-17  9.12851E-01 -2.19467E-01  1.0E-07
  7.000E+01  3.28990E-01  2.55443E-17  9.12203E-01 -2.16851E-01  1.0E-07
  7.050E+01  3.33097E-01  2.55155E-17  9.11174E-01 -2.14110E-01  1.0E-07
  7.100E+01  3.37216E-01  2.54763E-17  9.09775E-01 -2.11251E-01  1.0E-07
  7.150E+01  3.41348E-01  2.54271E-17  9.08018E-01 -2.08276E-01  1.0E-07
  7.200E+01  3.45492E-01  2.53681E-17  9.05912E-01 -2.05192E-01  1.0E-07
  7.250E+01  3.49647E-01  2.52997E-17  9.03469E-01 -2.02003E-01  1.0E-07
  7.300E+01  3.53814E-01  2.52221E-17  9.00699E-01 -1.98712E-01  1.0E-07
  7.350E+01  3.57992E-01  2.51357E-17  8.97611E-01 -1.95324E-01  1.0E-07
  7.400E+01  3.62181E-01  2.50406E-17  8.94215E-01 -1.91845E-01  1.0E-07
  7.450E+01  3.66381E-01  2.49371E-17  8.90519E-01 -1.88277E-01  1.0E-07
  7.500E+01  3.70590E-01  2.48254E-17  8.86532E-01 -1.84625E-01  1.0E-07
  7.550E+01  3.74810E-01  2.47058E-17  8.82260E-01 -1.80895E-01  1.0E-07
  7.600E+01  3.79039E-01  2.45784E-17  8.77710E-01 -1.77090E-01  1.0E-07
  7.650E+01  3.83277E-01  2.44433E-17  8.72887E-01 -1.73215E-01  1.0E-07
  7.700E+01  3.87524E-01  2.43008E-17  8.67797E-01 -1.69274E-01  1.0E-07
  7.750E+01  3.91780E-01  2.41509E-17  8.62444E-01 -1.65272E-01  1.0E-07
  7.800E+01  3.96044E-01  2.39937E-17  8.56831E-01 -1.61214E-01  1.0E-07
  7.850E+01  4.00316E-01  2.38294E-17  8.50962E-01 -1.57104E-01  1.0E-07
  7.900E+01  4.04596E-01  2.36578E-17  8.44837E-01 -1.52947E-01  1.0E-07
  7.950E+01  4.08882E-01  2.34792E-17  8.38459E-01 -1.48746E-01  1.0E-07
  8.000E+01  4.13176E-01  2.32936E-17  8.31828E-01 -1.44507E-01  1.0E-07
  8.050E+01  4.17476E-01  2.31008E-17  8.24945E-01 -1.40234E-01  1.0E-07
  8.100E+01  4.21783E-01  2.29010E-17  8.17809E-01 -1.35930E-01  1.0E-07
  8.150E+01  4.26095E-01  2.26941E-17  8.10421E-01 -1.31600E-01  1.0E-07
  8.200E+01  4.30413E-01  2.24801E-17  8.02778E-01 -1.27248E-01  1.0E-07
  8.250E+01  4.34737E-01  2.22589E-17  7.94880E-01 -1.22877E-01  1.0E-07
  8.300E+01  4.39065E-01  2.20306E-17  7.86726E-01 -1.18491E-01  1.0E-07
  8.350E+01  4.43398E-01  2.17950E-17  7.78314E-01 -1.14094E-01  1.0E-07
  8.400E+01  4.47736E-01  2.15522E-17  7.69642E-01 -1.09687E-01  1.0E-07
  8.450E+01  4.52077E-01  2.13020E-17  7.60709E-01 -1.05275E-01  1.0E-07
  8.500E+01  4.56422E-01  2.10445E-17  7.51514E-01 -1.00859E-01  1.0E-07
  8.550E+01  4.60770E-01  2.07797E-17  7.42056E-01 -9.64428E-02  1.0E-07
  8.600E+01  4.65122E-01  2.05074E-17  7.32333E-01 -9.20272E-02  1.0E-07
  8.650E+01  4.69476E-01  2.02277E-17  7.22345E-01 -8.76144E-02  1.0E-07
  8.700E+01  4.73832E-01  1.99406E-17  7.12093E-01 -8.32057E-02  1.0E-07
  8.750E+01  4.78190E-01  1.96461E-17  7.01576E-01 -7.88023E-02  1.0E-07
  8.800E+01  4.82550E-01  1.93442E-17  6.90795E-01 -7.44050E-02  1.0E-07
  8.850E+01  4.86912E-01  1.90350E-17  6.79752E-01 -7.00143E-02  1.0E-07
  8.900E+01  4.91274E-01  1.87185E-17  6.68450E-01 -6.56304E-02  1.0E-07
  8.950E+01  4.95637E-01  1.83948E-17  6.56892E-01 -6.12530E-02  1.0E-07
  9.000E+01  5.00000E-01  1.80641E-17  6.45080E-01 -5.68816E-02  1.0E-07
  9.050E+01  5.04363E-01  1.77264E-17  6.33021E-01 -5.25154E-02  1.0E-07
  9.100E+01  5.08726E-01  1.73819E-17  6.20719E-01 -4.81531E-02  1.0E-07
  9.150E+01  5.13088E-01  1.70308E-17  6.08180E-01 -4.37932E-02  1.0E-07
  9.200E+01  5.17450E-01  1.66733E-17  5.95413E-01 -3.94337E-02  1.0E-07
  9.250E+01  5.21810E-01  1.63096E-17  5.82425E-01 -3.50722E-02  1.0E-07
  9.300E+01  5.26168E-01  1.59399E-17  5.69226E-01 -3.07062E-02  1.0E-07
  9.350E+01  5.30524E-01  1.55647E-17  5.55825E-01 -2.63325E-02  1.0E-07
  9.400E+01  5.34878E-01  1.51841E-17  5.42234E-01 -2.19476E-02  1.0E-07
  9.450E+01  5.39230E-01  1.47985E-17  5.28465E-01 -1.75476E-02  1.0E-07
  9.500E+01  5.43578E-01  1.44083E-17  5.14531E-01 -1.31283E-02  1.0E-07
  9.550E+01  5.47923E-01  1.40139E-17  5.00446E-01 -8.68469E-03  1.0E-07
  9.600E+01  5.52264E-01  1.36157E-17  4.86224E-01 -4.21167E-03  1.0E-07
  9.650E+01  5.56602E-01  1.32140E-17  4.71882E-01  2.96559E-04  1.0E-07
  9.700E+01  5.60935E-01  1.28095E-17  4.57435E-01  4.84628E-03  1.0E-07
  9.750E+01  5.65263E-01  1.24025E-17  4.42901E-01  9.44435E-03  1.0E-07
  9.800E+01  5.69587E-01  1.19936E-17  4.28298E-01  1.40982E-02  1.0E-07
  9.850E+01  5.73905E-01  1.15832E-17  4.13645E-01  1.88161E-02  1.0E-07
  9.900E+01  5.78217E-01  1.11720E-17  3.98961E-01  2.36066E-02  1.0E-07
  9.950E+01  5.82524E-01  1.07605E-17  3.84265E-01  2.84796E-02  1.0E-07
  1.000E+02  5.86824E-01  1.03493E-17  3.69579E-01  3.34454E-02  1.0E-07
  1.005E+02  5.91118E-01  9.93884E-18  3.54923E-01  3.85153E-02  1.0E-07
  1.010E+02  5.95404E-01  9.52985E-18  3.40317E-01  4.37020E-02  1.0E-07
  1.015E+02  5.99684E-01  9.12289E-18  3.25784E-01  4.90188E-02  1.0E-07
  1.020E+02  6.03956E-01  8.71857E-18  3.11346E-01  5.44807E-02  1.0E-07
  1.025E+02  6.08220E-01  8.31749E-18  2.97023E-01  6.01039E-02  1.0E-07
  1.030E+02  6.12476E-01  7.92027E-18  2.82838E-01  6.59063E-02  1.0E-07
  1.035E+02  6.16723E-01  7.52752E-18  2.68812E-01  7.19077E-02  1.0E-07
  1.040E+02  6.20961E-01  7.13984E-18  2.54968E-01  7.81296E-02  1.0E-07
  1.045E+02  6.25190E-01  6.75784E-18  2.41327E-01  8.45962E-02  1.0E-07
  1.050E+02  6.29410E-01  6.38210E-18  2.27909E-01  9.13341E-02  1.0E-07
  1.055E+02  6.33619E-01  6.01323E-18  2.14736E-01  9.83731E-02  1.0E-07
  1.060E+02  6.37819E-01  5.65178E-18  2.01829E-01  1.05746E-01  1.0E-07
  1.065E+02  6.42008E-01  5.29831E-18  1.89206E-01  1.13490E-01  1.0E-07
  1.070E+02  6.46186E-01  4.95336E-18  1.76888E-01  1.21647E-01  1.0E-07
  1.075E+02  6.50353E-01  4.61746E-18  1.64892E-01  1.30264E-01  1.0E-07
  1.080E+02  6.54508E-01  4.29110E-18  1.53238E-01  1.39394E-01  1.0E-07
  1.085E+02  6.58652E-01  3.97477E-18  1.41942E-01  1.49096E-01  1.0E-07
  1.090E+02  6.62784E-01  3.66892E-18  1.31020E-01  1.59440E-01  1.0E-07
  1.095E+02  6.66903E-01  3.37397E-18  1.20487E-01  1.70502E-01  1.0E-07
  1.100E+02  6.71010E-01  3.09033E-18  1.10358E-01  1.82373E-01  1.0E-07
  1.105E+02  6.75104E-01  2.81836E-18  1.00646E-01  1.95156E-01  1.0E-07
  1.110E+02  6.79184E-01  2.55841E-18  9.13625E-02  2.08967E-01  1.0E-07
  1.115E+02  6.83251E-01  2.31078E-18  8.25194E-02  2.23942E-01  1.0E-07
  1.120E+02  6.87303E-01  2.07574E-18  7.41262E-02  2.40239E-01  1.0E-07
  1.125E+02  6.91342E-01  1.85355E-18  6.61913E-02  2.58036E-01  1.0E-07
  1.130E+02  6.95366E-01  1.64439E-18  5.87221E-02  2.77541E-01  1.0E-07
  1.135E+02  6.99375E-01  1.44844E-18  5.17246E-02  2.98987E-01  1.0E-07
  1.140E+02  7.03368E-01  1.26583E-18  4.52035E-02  3.22636E-01  1.0E-07
  1.145E+02  7.07347E-01  1.09666E-18  3.91623E-02  3.48767E-01  1.0E-07
  1.150E+02  7.11309E-01  9.40980E-19  3.36030E-02  3.77666E-01  1.0E-07
  1.155E+02  7.15256E-01  7.98821E-19  2.85264E-02  4.09577E-01  1.0E-07
  1.160E+02  7.19186E-01  6.70163E-19  2.39320E-02  4.44621E-01  1.0E-07
  1.165E+02  7.23099E-01  5.54953E-19  1.98177E-02  4.82613E-01  1.0E-07
  1.170E+02  7.26995E-01  4.53102E-19  1.61806E-02  5.22703E-01  1.0E-07
  1.175E+02  7.30874E-01  3.64484E-19  1.30160E-02  5.62662E-01  1.0E-07
  1.180E+02  7.34736E-01  2.88939E-19  1.03182E-02  5.97495E-01  1.0E-07
  1.185E+02  7.38579E-01  2.26270E-19  8.08024E-03  6.16931E-01  1.0E-07
  1.190E+02  7.42405E-01  1.76248E-19  6.29394E-03  6.01551E-01  1.0E-07
  1.195E+02  7.46212E-01  1.38611E-19  4.94991E-03  5.19488E-01  1.0E-07
  1.200E+02  7.50000E-01  1.13066E-19  4.03765E-03  3.32780E-01  1.0E-07
  1.205E+02  7.53769E-01  9.92870E-20  3.54560E-03  2.97815E-02  1.0E-07
  1.210E+02  7.57519E-01  9.69219E-20  3.46115E-03 -3.29374E-01  1.0E-07
  1.215E+02  7.61249E-01  1.05590E-19  3.77069E-03 -6.33958E-01  1.0E-07
  1.220E+02  7.64960E-01  1.24885E-19  4.45973E-03 -8.16888E-01  1.0E-07
  1.225E+02  7.68650E-01  1.54377E-19  5.51289E-03 -8.87978E-01  1.0E-07
  1.230E+02  7.72320E-01  1.93612E-19  6.91400E-03 -8.88715E-01  1.0E-07
  1.235E+02  7.75968E-01  2.42117E-19  8.64614E-03 -8.54525E-01  1.0E-07
  1.240E+02  7.79596E-01  2.99400E-19  1.06918E-02 -8.06621E-01  1.0E-07
  1.245E+02  7.83203E-01  3.64953E-19  1.30327E-02 -7.55772E-01  1.0E-07
  1.250E+02  7.86788E-01  4.38252E-19  1.56502E-02 -7.06869E-01  1.0E-07
  1.255E+02  7.90351E-01  5.18761E-19  1.85253E-02 -6.61837E-01  1.0E-07
  1.260E+02  7.93893E-01  6.05934E-19  2.16383E-02 -6.21199E-01  1.0E-07
  1.265E+02  7.97411E-01  6.99215E-19  2.49694E-02 -5.84854E-01  1.0E-07
  1.270E+02  8.00908E-01  7.98045E-19  2.84987E-02 -5.52448E-01  1.0E-07
  1.275E+02  8.04381E-01  9.01857E-19  3.22059E-02 -5.23551E-01  1.0E-07
  1.280E+02  8.07831E-01  1.01008E-18  3.60707E-02 -4.97738E-01  1.0E-07
  1.285E+02  8.11257E-01  1.12216E-18  4.00729E-02 -4.74615E-01  1.0E-07
  1.290E+02  8.14660E-01  1.23751E-18  4.41923E-02 -4.53837E-01  1.0E-07
  1.295E+02  8.18039E-01  1.35559E-18  4.84088E-02 -4.35102E-01  1.0E-07
  1.300E+02  8.21394E-01  1.47582E-18  5.27026E-02 -4.18152E-01  1.0E-07
  1.305E+02  8.24724E-01  1.59768E-18  5.70541E-02 -4.02765E-01  1.0E-07
  1.310E+02  8.28030E-01  1.72061E-18  6.14441E-02 -3.88752E-01  1.0E-07
  1.315E+02  8.31310E-01  1.84409E-18  6.58537E-02 -3.75951E-01  1.0E-07
  1.320E+02  8.34565E-01  1.96761E-18  7.02647E-02 -3.64223E-01  1.0E-07
  1.325E+02  8.37795E-01  2.09067E-18  7.46592E-02 -3.53448E-01  1.0E-07
  1.330E+02  8.40999E-01  2.21279E-18  7.90200E-02 -3.43523E-01  1.0E-07
  1.335E+02  8.44177E-01  2.33349E-18  8.33306E-02 -3.34357E-01  1.0E-07
  1.340E+02  8.47329E-01  2.45235E-18  8.75749E-02 -3.25874E-01  1.0E-07
  1.345E+02  8.50455E-01  2.56893E-18  9.17380E-02 -3.18005E-01  1.0E-07
  1.350E+02  8.53553E-01  2.68282E-18  9.58053E-02 -3.10689E-01  1.0E-07
  1.355E+02  8.56625E-01  2.79366E-18  9.97632E-02 -3.03876E-01  1.0E-07
  1.360E+02  8.59670E-01  2.90107E-18  1.03599E-01 -2.97517E-01  1.0E-07
  1.365E+02  8.62687E-01  3.00474E-18  1.07301E-01 -2.91573E-01  1.0E-07
  1.370E+02  8.65677E-01  3.10434E-18  1.10858E-01 -2.86006E-01  1.0E-07
  1.375E+02  8.68639E-01  3.19961E-18  1.14260E-01 -2.80783E-01  1.0E-07
  1.380E+02  8.71572E-01  3.29027E-18  1.17498E-01 -2.75876E-01  1.0E-07
  1.385E+02  8.74478E-01  3.37612E-18  1.20563E-01 -2.71257E-01  1.0E-07
  1.390E+02  8.77355E-01  3.45693E-18  1.23449E-01 -2.66902E-01  1.0E-07
  1.395E+02  8.80203E-01  3.53254E-18  1.26149E-01 -2.62790E-01  1.0E-07
  1.400E+02  8.83022E-01  3.60279E-18  1.28658E-01 -2.58901E-01  1.0E-07
  1.405E+02  8.85812E-01  3.66756E-18  1.30971E-01 -2.55217E-01  1.0E-07
  1.410E+02  8.88573E-01  3.72677E-18  1.33085E-01 -2.51720E-01  1.0E-07
  1.415E+02  8.91304E-01  3.78032E-18  1.34998E-01 -2.48397E-01  1.0E-07
  1.420E+02  8.94005E-01  3.82819E-18  1.36707E-01 -2.45231E-01  1.0E-07
  1.425E+02  8.96677E-01  3.87035E-18  1.38213E-01 -2.42211E-01  1.0E-07
  1.430E+02  8.99318E-01  3.90680E-18  1.39514E-01 -2.39323E-01  1.0E-07
  1.435E+02  9.01928E-01  3.93758E-18  1.40613E-01 -2.36556E-01  1.0E-07
  1.440E+02  9.04508E-01  3.96273E-18  1.41512E-01 -2.33898E-01  1.0E-07
  1.445E+02  9.07058E-01  3.98232E-18  1.42211E-01 -2.31341E-01  1.0E-07
  1.450E+02  9.09576E-01  3.99646E-18  1.42716E-01 -2.28872E-01  1.0E-07
  1.455E+02  9.12063E-01  4.00525E-18  1.43030E-01 -2.26483E-01  1.0E-07
  1.460E+02  9.14519E-01  4.00882E-18  1.43158E-01 -2.24165E-01  1.0E-07
  1.465E+02  9.16943E-01  4.00733E-18  1.43104E-01 -2.21908E-01  1.0E-07
  1.470E+02  9.19335E-01  4.00094E-18  1.42876E-01 -2.19704E-01  1.0E-07
  1.475E+02  9.21696E-01  3.98983E-18  1.42480E-01 -2.17545E-01  1.0E-07
  1.480E+02  9.24024E-01  3.97420E-18  1.41921E-01 -2.15422E-01  1.0E-07
  1.485E+02  9.26320E-01  3.95425E-18  1.41209E-01 -2.13327E-01  1.0E-07
  1.490E+02  9.28584E-01  3.93020E-18  1.40350E-01 -2.11253E-01  1.0E-07
  1.495E+02  9.30815E-01  3.90228E-18  1.39353E-01 -2.09191E-01  1.0E-07
  1.500E+02  9.33013E-01  3.87073E-18  1.38226E-01 -2.07133E-01  1.0E-07
  1.505E+02  9.35178E-01  3.83578E-18  1.36978E-01 -2.05072E-01  1.0E-07
  1.510E+02  9.37310E-01  3.79770E-18  1.35618E-01 -2.03000E-01  1.0E-07
  1.515E+02  9.39409E-01  3.75672E-18  1.34155E-01 -2.00909E-01  1.0E-07
  1.520E+02  9.41474E-01  3.71310E-18  1.32597E-01 -1.98792E-01  1.0E-07
  1.525E+02  9.43505E-01  3.66711E-18  1.30955E-01 -1.96641E-01  1.0E-07
  1.530E+02  9.45503E-01  3.61900E-18  1.29237E-01 -1.94449E-01  1.0E-07
  1.535E+02  9.47467E-01  3.56902E-18  1.27452E-01 -1.92209E-01  1.0E-07
  1.540E+02  9.49397E-01  3.51743E-18  1.25610E-01 -1.89912E-01  1.0E-07
  1.545E+02  9.51293E-01  3.46449E-18  1.23719E-01 -1.87553E-01  1.0E-07
  1.550E+02  9.53154E-01  3.41043E-18  1.21789E-01 -1.85123E-01  1.0E-07
  1.555E+02  9.54981E-01  3.35550E-18  1.19827E-01 -1.82617E-01  1.0E-07
  1.560E+02  9.56773E-01  3.29994E-18  1.17843E-01 -1.80029E-01  1.0E-07
  1.565E+02  9.58530E-01  3.24397E-18  1.15844E-01 -1.77351E-01  1.0E-07
  1.570E+02  9.60252E-01  3.18780E-18  1.13838E-01 -1.74580E-01  1.0E-07
  1.575E+02  9.61940E-01  3.13165E-18  1.11833E-01 -1.71709E-01  1.0E-07
  1.580E+02  9.63592E-01  3.07573E-18  1.09836E-01 -1.68734E-01  1.0E-07
  1.585E+02  9.65209E-01  3.02021E-18  1.07854E-01 -1.65651E-01  1.0E-07
  1.590E+02  9.66790E-01  2.96528E-18  1.05892E-01 -1.62459E-01  1.0E-07
  1.595E+02  9.68336E-01  2.91111E-18  1.03958E-01 -1.59153E-01  1.0E-07
  1.600E+02  9.69846E-01  2.85785E-18  1.02056E-01 -1.55733E-01  1.0E-07
  1.605E+02  9.71321E-01  2.80564E-18  1.00191E-01 -1.52199E-01  1.0E-07
  1.610E+02  9.72759E-01  2.75462E-18  9.83691E-02 -1.48551E-01  1.0E-07
  1.615E+02  9.74162E-01  2.70490E-18  9.65936E-02 -1.44791E-01  1.0E-07
  1.620E+02  9.75528E-01  2.65659E-18  9.48685E-02 -1.40923E-01  1.0E-07
  1.625E+02  9.76858E-01  2.60979E-18  9.31972E-02 -1.36950E-01  1.0E-07
  1.630E+02  9.78152E-01  2.56457E-18  9.15825E-02 -1.32879E-01  1.0E-07
  1.635E+02  9.79410E-01  2.52101E-18  9.00268E-02 -1.28714E-01  1.0E-07
  1.640E+02  9.80631E-01  2.47916E-18  8.85323E-02 -1.24465E-01  1.0E-07
  1.645E+02  9.81815E-01  2.43906E-18  8.71005E-02 -1.20140E-01  1.0E-07
  1.650E+02  9.82963E-01  2.40076E-18  8.57326E-02 -1.15749E-01  1.0E-07
  1.655E+02  9.84074E-01  2.36426E-18  8.44294E-02 -1.11303E-01  1.0E-07
  1.660E+02  9.85148E-01  2.32960E-18  8.31914E-02 -1.06813E-01  1.0E-07
  1.665E+02  9.86185E-01  2.29675E-18  8.20185E-02 -1.02291E-01  1.0E-07
  1.670E+02  9.87185E-01  2.26573E-18  8.09107E-02 -9.77500E-02  1.0E-07
  1.675E+02  9.88148E-01  2.23651E-18  7.98672E-02 -9.32026E-02  1.0E-07
  1.680E+02  9.89074E-01  2.20907E-18  7.88872E-02 -8.86616E-02  1.0E-07
  1.685E+02  9.89962E-01  2.18337E-18  7.79696E-02 -8.41397E-02  1.0E-07
  1.690E+02  9.90814E-01  2.15938E-18  7.71130E-02 -7.96491E-02  1.0E-07
  1.695E+02  9.91627E-01  2.13706E-18  7.63157E-02 -7.52015E-02  1.0E-07
  1.700E+02  9.92404E-01  2.11635E-18  7.55761E-02 -7.08079E-02  1.0E-07
  1.705E+02  9.93143E-01  2.09719E-18  7.48921E-02 -6.64781E-02  1.0E-07
  1.710E+02  9.93844E-01  2.07954E-18  7.42617E-02 -6.22212E-02  1.0E-07
  1.715E+02  9.94508E-01  2.06333E-18  7.36827E-02 -5.80447E-02  1.0E-07
  1.720E+02  9.95134E-01  2.04849E-18  7.31529E-02 -5.39550E-02  1.0E-07
  1.725E+02  9.95722E-01  2.03497E-18  7.26700E-02 -4.99570E-02  1.0E-07
  1.730E+02  9.96273E-01  2.02269E-18  7.22316E-02 -4.60541E-02  1.0E-07
  1.735E+02  9.96786E-01  2.01160E-18  7.18355E-02 -4.22483E-02  1.0E-07
  1.740E+02  9.97261E-01  2.00162E-18  7.14793E-02 -3.85399E-02  1.0E-07
  1.745E+02  9.97698E-01  1.99271E-18  7.11609E-02 -3.49280E-02  1.0E-07
  1.750E+02  9.98097E-01  1.98479E-18  7.08782E-02 -3.14100E-02  1.0E-07
  1.755E+02  9.98459E-01  1.97782E-18  7.06291E-02 -2.79820E-02  1.0E-07
  1.760E+02  9.98782E-01  1.97173E-18  7.04117E-02 -2.46390E-02  1.0E-07
  1.765E+02  9.99067E-01  1.96648E-18  7.02242E-02 -2.13747E-02  1.0E-07
  1.770E+02  9.99315E-01  1.96202E-18  7.00651E-02 -1.81816E-02  1.0E-07
  1.775E+02  9.99524E-01  1.95832E-18  6.99330E-02 -1.50513E-02  1.0E-07
  1.780E+02  9.99695E-01  1.95534E-18  6.98266E-02 -1.19748E-02  1.0E-07
  1.785E+02  9.99829E-01  1.95306E-18  6.97449E-02 -8.94201E-03  1.0E-07
  1.790E+02  9.99924E-01  1.95144E-18  6.96871E-02 -5.94259E-03  1.0E-07
  1.795E+02  9.99981E-01  1.95047E-18  6.96527E-02 -2.96564E-03  1.2E-07
  1.800E+02  1.00000E+00  1.95015E-18  6.96413E-02 -4.15916E-17  1.2E-07
