 #
 # Subroutine ELSEPA. Elastic scattering of electrons and positrons
 #                    by neutral atoms and positive ions
 #
 # Projectile: electron
 # Kinetic energy = 1.80000E+03 eV = 6.61488E+01 a.u.
 #
 # Element: Au,  Z =  79,  atomic weight = 1.96967E+02 g/mol
 #
 # Nuclear model: Fermi distribution
 #                Average radius = 6.22560E-13 cm
 #                Skin thickness = 5.46000E-14 cm
 #
 # Number of electrons = 79
 #
 # Electron density: Read from file z_079.den   
 #                   Number of data points =  777
 #                   Volume integral = 7.90000E+01
 #
 # Furness-McCarthy exchange potential
 #
 # Total elastic cross section = 1.92487E-16 cm**2 = 6.87382E+00 a0**2
 # 1st transport cross section = 4.03237E-17 cm**2 = 1.43999E+00 a0**2
 # 2nd transport cross section = 3.62334E-17 cm**2 = 1.29392E+00 a0**2
 #
 #
 # Differential cross section:                       MU=(1-COS(THETA))/2
 #
 #  THETA        MU          DCS          DCS        Sherman      error
 #  (deg)                 (cm**2/sr)   (a0**2/sr)    function
 #----------------------------------------------------------------------
  0.000E+00  0.00000E+00  3.55176E-15  1.26836E+02  0.00000E+00  1.0E-07
  1.000E-04  7.61557E-13  3.55176E-15  1.26836E+02  3.25553E-09  1.0E-07
  1.250E-04  1.18994E-12  3.55176E-15  1.26836E+02  4.06942E-09  1.0E-07
  1.500E-04  1.71346E-12  3.55176E-15  1.26836E+02  4.88330E-09  1.0E-07
  1.750E-04  2.33225E-12  3.55176E-15  1.26836E+02  5.69718E-09  1.0E-07
  2.000E-04  3.04617E-12  3.55176E-15  1.26836E+02  6.51107E-09  1.0E-07
  2.250E-04  3.85530E-12  3.55176E-15  1.26836E+02  7.32495E-09  1.0E-07
  2.500E-04  4.75964E-12  3.55176E-15  1.26836E+02  8.13883E-09  1.0E-07
  2.750E-04  5.75917E-12  3.55176E-15  1.26836E+02  8.95272E-09  1.0E-07
  3.000E-04  6.85391E-12  3.55176E-15  1.26836E+02  9.76660E-09  1.0E-07
  3.250E-04  8.04379E-12  3.55176E-15  1.26836E+02  1.05805E-08  1.0E-07
  3.500E-04  9.32893E-12  3.55176E-15  1.26836E+02  1.13944E-08  1.0E-07
  3.750E-04  1.07092E-11  3.55176E-15  1.26836E+02  1.22083E-08  1.0E-07
  4.000E-04  1.21847E-11  3.55176E-15  1.26836E+02  1.30221E-08  1.0E-07
  4.250E-04  1.37554E-11  3.55176E-15  1.26836E+02  1.38360E-08  1.0E-07
  4.500E-04  1.54213E-11  3.55176E-15  1.26836E+02  1.46499E-08  1.0E-07
  4.750E-04  1.71823E-11  3.55176E-15  1.26836E+02  1.54638E-08  1.0E-07
  5.000E-04  1.90386E-11  3.55176E-15  1.26836E+02  1.62777E-08  1.0E-07
  5.250E-04  2.09900E-11  3.55176E-15  1.26836E+02  1.70916E-08  1.0E-07
  5.500E-04  2.30367E-11  3.55176E-15  1.26836E+02  1.79054E-08  1.0E-07
  5.750E-04  2.51785E-11  3.55176E-15  1.26836E+02  1.87193E-08  1.0E-07
  6.000E-04  2.74156E-11  3.55176E-15  1.26836E+02  1.95332E-08  1.0E-07
  6.250E-04  2.97478E-11  3.55176E-15  1.26836E+02  2.03471E-08  1.0E-07
  6.500E-04  3.21752E-11  3.55176E-15  1.26836E+02  2.11610E-08  1.0E-07
  6.750E-04  3.46979E-11  3.55176E-15  1.26836E+02  2.19749E-08  1.0E-07
  7.000E-04  3.73157E-11  3.55176E-15  1.26836E+02  2.27887E-08  1.0E-07
  7.250E-04  4.00286E-11  3.55176E-15  1.26836E+02  2.36026E-08  1.0E-07
  7.500E-04  4.28368E-11  3.55176E-15  1.26836E+02  2.44165E-08  1.0E-07
  7.750E-04  4.57402E-11  3.55176E-15  1.26836E+02  2.52304E-08  1.0E-07
  8.000E-04  4.87388E-11  3.55176E-15  1.26836E+02  2.60443E-08  1.0E-07
  8.250E-04  5.18325E-11  3.55176E-15  1.26836E+02  2.68582E-08  1.0E-07
  8.500E-04  5.50215E-11  3.55176E-15  1.26836E+02  2.76720E-08  1.0E-07
  8.750E-04  5.83057E-11  3.55176E-15  1.26836E+02  2.84859E-08  1.0E-07
  9.000E-04  6.16850E-11  3.55176E-15  1.26836E+02  2.92998E-08  1.0E-07
  9.250E-04  6.51595E-11  3.55176E-15  1.26836E+02  3.01137E-08  1.0E-07
  9.500E-04  6.87293E-11  3.55176E-15  1.26836E+02  3.09276E-08  1.0E-07
  9.750E-04  7.23943E-11  3.55176E-15  1.26836E+02  3.17415E-08  1.0E-07
  1.000E-03  7.61544E-11  3.55176E-15  1.26836E+02  3.25553E-08  1.0E-07
  1.250E-03  1.18991E-10  3.55176E-15  1.26836E+02  4.06942E-08  1.0E-07
  1.500E-03  1.71347E-10  3.55176E-15  1.26836E+02  4.88330E-08  1.0E-07
  1.750E-03  2.33223E-10  3.55176E-15  1.26836E+02  5.69718E-08  1.0E-07
  2.000E-03  3.04617E-10  3.55176E-15  1.26836E+02  6.51107E-08  1.0E-07
  2.250E-03  3.85531E-10  3.55176E-15  1.26836E+02  7.32495E-08  1.0E-07
  2.500E-03  4.75965E-10  3.55176E-15  1.26836E+02  8.13884E-08  1.0E-07
  2.750E-03  5.75917E-10  3.55176E-15  1.26836E+02  8.95272E-08  1.0E-07
  3.000E-03  6.85389E-10  3.55176E-15  1.26836E+02  9.76660E-08  1.0E-07
  3.250E-03  8.04380E-10  3.55176E-15  1.26836E+02  1.05805E-07  1.0E-07
  3.500E-03  9.32891E-10  3.55176E-15  1.26836E+02  1.13944E-07  1.0E-07
  3.750E-03  1.07092E-09  3.55176E-15  1.26836E+02  1.22083E-07  1.0E-07
  4.000E-03  1.21847E-09  3.55176E-15  1.26836E+02  1.30221E-07  1.0E-07
  4.250E-03  1.37554E-09  3.55176E-15  1.26835E+02  1.38360E-07  1.0E-07
  4.500E-03  1.54213E-09  3.55176E-15  1.26835E+02  1.46499E-07  1.0E-07
  4.750E-03  1.71823E-09  3.55175E-15  1.26835E+02  1.54638E-07  1.0E-07
  5.000E-03  1.90386E-09  3.55175E-15  1.26835E+02  1.62777E-07  1.0E-07
  5.250E-03  2.09900E-09  3.55175E-15  1.26835E+02  1.70916E-07  1.0E-07
  5.500E-03  2.30367E-09  3.55175E-15  1.26835E+02  1.79055E-07  1.0E-07
  5.750E-03  2.51785E-09  3.55175E-15  1.26835E+02  1.87193E-07  1.0E-07
  6.000E-03  2.74156E-09  3.55175E-15  1.26835E+02  1.95332E-07  1.0E-07
  6.250E-03  2.97478E-09  3.55175E-15  1.26835E+02  2.03471E-07  1.0E-07
  6.500E-03  3.21752E-09  3.55175E-15  1.26835E+02  2.11610E-07  1.0E-07
  6.750E-03  3.46978E-09  3.55175E-15  1.26835E+02  2.19749E-07  1.0E-07
  7.000E-03  3.73156E-09  3.55175E-15  1.26835E+02  2.27888E-07  1.0E-07
  7.250E-03  4.00286E-09  3.55175E-15  1.26835E+02  2.36027E-07  1.0E-07
  7.500E-03  4.28368E-09  3.55175E-15  1.26835E+02  2.44165E-07  1.0E-07
  7.750E-03  4.57402E-09  3.55175E-15  1.26835E+02  2.52304E-07  1.0E-07
  8.000E-03  4.87388E-09  3.55175E-15  1.26835E+02  2.60443E-07  1.0E-07
  8.250E-03  5.18326E-09  3.55175E-15  1.26835E+02  2.68582E-07  1.0E-07
  8.500E-03  5.50215E-09  3.55175E-15  1.26835E+02  2.76721E-07  1.0E-07
  8.750E-03  5.83057E-09  3.55175E-15  1.26835E+02  2.84860E-07  1.0E-07
  9.000E-03  6.16850E-09  3.55175E-15  1.26835E+02  2.92999E-07  1.0E-07
  9.250E-03  6.51596E-09  3.55175E-15  1.26835E+02  3.01138E-07  1.0E-07
  9.500E-03  6.87293E-09  3.55174E-15  1.26835E+02  3.09277E-07  1.0E-07
  9.750E-03  7.23942E-09  3.55174E-15  1.26835E+02  3.17416E-07  1.0E-07
  1.000E-02  7.61544E-09  3.55174E-15  1.26835E+02  3.25554E-07  1.0E-07
  1.250E-02  1.18991E-08  3.55173E-15  1.26835E+02  4.06944E-07  1.0E-07
  1.500E-02  1.71347E-08  3.55172E-15  1.26834E+02  4.88334E-07  1.0E-07
  1.750E-02  2.33223E-08  3.55171E-15  1.26834E+02  5.69724E-07  1.0E-07
  2.000E-02  3.04617E-08  3.55170E-15  1.26833E+02  6.51116E-07  1.0E-07
  2.250E-02  3.85531E-08  3.55168E-15  1.26833E+02  7.32508E-07  1.0E-07
  2.500E-02  4.75965E-08  3.55166E-15  1.26832E+02  8.13901E-07  1.0E-07
  2.750E-02  5.75917E-08  3.55164E-15  1.26832E+02  8.95295E-07  1.0E-07
  3.000E-02  6.85389E-08  3.55162E-15  1.26831E+02  9.76690E-07  1.0E-07
  3.250E-02  8.04380E-08  3.55160E-15  1.26830E+02  1.05809E-06  1.0E-07
  3.500E-02  9.32891E-08  3.55157E-15  1.26829E+02  1.13948E-06  1.0E-07
  3.750E-02  1.07092E-07  3.55155E-15  1.26828E+02  1.22088E-06  1.0E-07
  4.000E-02  1.21847E-07  3.55152E-15  1.26827E+02  1.30228E-06  1.0E-07
  4.250E-02  1.37554E-07  3.55149E-15  1.26826E+02  1.38369E-06  1.0E-07
  4.500E-02  1.54213E-07  3.55145E-15  1.26825E+02  1.46509E-06  1.0E-07
  4.750E-02  1.71823E-07  3.55142E-15  1.26823E+02  1.54650E-06  1.0E-07
  5.000E-02  1.90386E-07  3.55138E-15  1.26822E+02  1.62790E-06  1.0E-07
  5.250E-02  2.09900E-07  3.55134E-15  1.26821E+02  1.70931E-06  1.0E-07
  5.500E-02  2.30367E-07  3.55130E-15  1.26819E+02  1.79073E-06  1.0E-07
  5.750E-02  2.51785E-07  3.55126E-15  1.26818E+02  1.87214E-06  1.0E-07
  6.000E-02  2.74156E-07  3.55122E-15  1.26816E+02  1.95356E-06  1.0E-07
  6.250E-02  2.97478E-07  3.55117E-15  1.26815E+02  2.03498E-06  1.0E-07
  6.500E-02  3.21752E-07  3.55112E-15  1.26813E+02  2.11640E-06  1.0E-07
  6.750E-02  3.46978E-07  3.55107E-15  1.26811E+02  2.19782E-06  1.0E-07
  7.000E-02  3.73156E-07  3.55102E-15  1.26809E+02  2.27925E-06  1.0E-07
  7.250E-02  4.00286E-07  3.55097E-15  1.26807E+02  2.36068E-06  1.0E-07
  7.500E-02  4.28368E-07  3.55091E-15  1.26805E+02  2.44211E-06  1.0E-07
  7.750E-02  4.57402E-07  3.55085E-15  1.26803E+02  2.52355E-06  1.0E-07
  8.000E-02  4.87388E-07  3.55079E-15  1.26801E+02  2.60499E-06  1.0E-07
  8.250E-02  5.18325E-07  3.55073E-15  1.26799E+02  2.68643E-06  1.0E-07
  8.500E-02  5.50215E-07  3.55067E-15  1.26797E+02  2.76788E-06  1.0E-07
  8.750E-02  5.83057E-07  3.55060E-15  1.26794E+02  2.84933E-06  1.0E-07
  9.000E-02  6.16850E-07  3.55054E-15  1.26792E+02  2.93078E-06  1.0E-07
  9.250E-02  6.51596E-07  3.55047E-15  1.26790E+02  3.01224E-06  1.0E-07
  9.500E-02  6.87293E-07  3.55040E-15  1.26787E+02  3.09370E-06  1.0E-07
  9.750E-02  7.23942E-07  3.55032E-15  1.26784E+02  3.17517E-06  1.0E-07
  1.000E-01  7.61543E-07  3.55025E-15  1.26782E+02  3.25664E-06  1.0E-07
  1.250E-01  1.18991E-06  3.54940E-15  1.26751E+02  4.07157E-06  1.0E-07
  1.500E-01  1.71347E-06  3.54837E-15  1.26714E+02  4.88702E-06  1.0E-07
  1.750E-01  2.33223E-06  3.54714E-15  1.26671E+02  5.70309E-06  1.0E-07
  2.000E-01  3.04617E-06  3.54573E-15  1.26620E+02  6.51988E-06  1.0E-07
  2.250E-01  3.85531E-06  3.54413E-15  1.26563E+02  7.33750E-06  1.0E-07
  2.500E-01  4.75964E-06  3.54235E-15  1.26500E+02  8.15605E-06  1.0E-07
  2.750E-01  5.75916E-06  3.54038E-15  1.26429E+02  8.97564E-06  1.0E-07
  3.000E-01  6.85388E-06  3.53822E-15  1.26352E+02  9.79636E-06  1.0E-07
  3.250E-01  8.04378E-06  3.53588E-15  1.26268E+02  1.06183E-05  1.0E-07
  3.500E-01  9.32888E-06  3.53335E-15  1.26178E+02  1.14416E-05  1.0E-07
  3.750E-01  1.07092E-05  3.53064E-15  1.26081E+02  1.22664E-05  1.0E-07
  4.000E-01  1.21846E-05  3.52774E-15  1.25978E+02  1.30927E-05  1.0E-07
  4.250E-01  1.37553E-05  3.52467E-15  1.25868E+02  1.39207E-05  1.0E-07
  4.500E-01  1.54212E-05  3.52141E-15  1.25752E+02  1.47504E-05  1.0E-07
  4.750E-01  1.71822E-05  3.51797E-15  1.25629E+02  1.55820E-05  1.0E-07
  5.000E-01  1.90385E-05  3.51434E-15  1.25500E+02  1.64155E-05  1.0E-07
  5.250E-01  2.09899E-05  3.51054E-15  1.25364E+02  1.72512E-05  1.0E-07
  5.500E-01  2.30365E-05  3.50656E-15  1.25222E+02  1.80890E-05  1.0E-07
  5.750E-01  2.51783E-05  3.50241E-15  1.25073E+02  1.89291E-05  1.0E-07
  6.000E-01  2.74153E-05  3.49807E-15  1.24918E+02  1.97716E-05  1.0E-07
  6.250E-01  2.97475E-05  3.49356E-15  1.24757E+02  2.06165E-05  1.0E-07
  6.500E-01  3.21749E-05  3.48888E-15  1.24590E+02  2.14641E-05  1.0E-07
  6.750E-01  3.46974E-05  3.48402E-15  1.24417E+02  2.23144E-05  1.0E-07
  7.000E-01  3.73152E-05  3.47899E-15  1.24237E+02  2.31675E-05  1.0E-07
  7.250E-01  4.00281E-05  3.47379E-15  1.24051E+02  2.40235E-05  1.0E-07
  7.500E-01  4.28362E-05  3.46841E-15  1.23859E+02  2.48825E-05  1.0E-07
  7.750E-01  4.57395E-05  3.46287E-15  1.23661E+02  2.57446E-05  1.0E-07
  8.000E-01  4.87380E-05  3.45716E-15  1.23458E+02  2.66100E-05  1.0E-07
  8.250E-01  5.18317E-05  3.45129E-15  1.23248E+02  2.74787E-05  1.0E-07
  8.500E-01  5.50205E-05  3.44525E-15  1.23032E+02  2.83509E-05  1.0E-07
  8.750E-01  5.83045E-05  3.43904E-15  1.22811E+02  2.92266E-05  1.0E-07
  9.000E-01  6.16838E-05  3.43268E-15  1.22583E+02  3.01059E-05  1.0E-07
  9.250E-01  6.51582E-05  3.42615E-15  1.22350E+02  3.09891E-05  1.0E-07
  9.500E-01  6.87277E-05  3.41947E-15  1.22111E+02  3.18761E-05  1.0E-07
  9.750E-01  7.23925E-05  3.41262E-15  1.21867E+02  3.27670E-05  1.0E-07
  1.000E+00  7.61524E-05  3.40562E-15  1.21617E+02  3.36621E-05  1.0E-07
  1.100E+00  9.21439E-05  3.37610E-15  1.20563E+02  3.72854E-05  1.0E-07
  1.200E+00  1.09658E-04  3.34420E-15  1.19424E+02  4.09827E-05  1.0E-07
  1.300E+00  1.28695E-04  3.31004E-15  1.18204E+02  4.47611E-05  1.0E-07
  1.400E+00  1.49255E-04  3.27375E-15  1.16908E+02  4.86277E-05  1.0E-07
  1.500E+00  1.71338E-04  3.23543E-15  1.15539E+02  5.25895E-05  1.0E-07
  1.600E+00  1.94942E-04  3.19522E-15  1.14103E+02  5.66538E-05  1.0E-07
  1.700E+00  2.20070E-04  3.15324E-15  1.12604E+02  6.08278E-05  1.0E-07
  1.800E+00  2.46720E-04  3.10962E-15  1.11046E+02  6.51191E-05  1.0E-07
  1.900E+00  2.74892E-04  3.06449E-15  1.09435E+02  6.95351E-05  1.0E-07
  2.000E+00  3.04586E-04  3.01799E-15  1.07774E+02  7.40832E-05  1.0E-07
  2.100E+00  3.35803E-04  2.97025E-15  1.06069E+02  7.87712E-05  1.0E-07
  2.200E+00  3.68542E-04  2.92139E-15  1.04325E+02  8.36069E-05  1.0E-07
  2.300E+00  4.02802E-04  2.87155E-15  1.02545E+02  8.85981E-05  1.0E-07
  2.400E+00  4.38585E-04  2.82085E-15  1.00735E+02  9.37527E-05  1.0E-07
  2.500E+00  4.75889E-04  2.76943E-15  9.88980E+01  9.90789E-05  1.0E-07
  2.600E+00  5.14715E-04  2.71739E-15  9.70396E+01  1.04585E-04  1.0E-07
  2.700E+00  5.55063E-04  2.66485E-15  9.51637E+01  1.10278E-04  1.0E-07
  2.800E+00  5.96931E-04  2.61194E-15  9.32741E+01  1.16169E-04  1.0E-07
  2.900E+00  6.40321E-04  2.55875E-15  9.13748E+01  1.22264E-04  1.0E-07
  3.000E+00  6.85233E-04  2.50540E-15  8.94695E+01  1.28572E-04  1.0E-07
  3.100E+00  7.31665E-04  2.45198E-15  8.75618E+01  1.35103E-04  1.0E-07
  3.200E+00  7.79618E-04  2.39858E-15  8.56550E+01  1.41864E-04  1.0E-07
  3.300E+00  8.29092E-04  2.34530E-15  8.37523E+01  1.48866E-04  1.0E-07
  3.400E+00  8.80086E-04  2.29222E-15  8.18567E+01  1.56116E-04  1.0E-07
  3.500E+00  9.32601E-04  2.23941E-15  7.99709E+01  1.63624E-04  1.0E-07
  3.600E+00  9.86636E-04  2.18696E-15  7.80976E+01  1.71400E-04  1.0E-07
  3.700E+00  1.04219E-03  2.13492E-15  7.62393E+01  1.79452E-04  1.0E-07
  3.800E+00  1.09927E-03  2.08336E-15  7.43980E+01  1.87790E-04  1.0E-07
  3.900E+00  1.15786E-03  2.03233E-15  7.25760E+01  1.96424E-04  1.0E-07
  4.000E+00  1.21797E-03  1.98190E-15  7.07750E+01  2.05363E-04  1.0E-07
  4.100E+00  1.27961E-03  1.93211E-15  6.89967E+01  2.14617E-04  1.0E-07
  4.200E+00  1.34276E-03  1.88299E-15  6.72428E+01  2.24196E-04  1.0E-07
  4.300E+00  1.40743E-03  1.83459E-15  6.55145E+01  2.34109E-04  1.0E-07
  4.400E+00  1.47362E-03  1.78695E-15  6.38131E+01  2.44367E-04  1.0E-07
  4.500E+00  1.54133E-03  1.74009E-15  6.21396E+01  2.54980E-04  1.0E-07
  4.600E+00  1.61056E-03  1.69403E-15  6.04950E+01  2.65957E-04  1.0E-07
  4.700E+00  1.68131E-03  1.64881E-15  5.88800E+01  2.77308E-04  1.0E-07
  4.800E+00  1.75357E-03  1.60444E-15  5.72955E+01  2.89045E-04  1.0E-07
  4.900E+00  1.82735E-03  1.56093E-15  5.57418E+01  3.01177E-04  1.0E-07
  5.000E+00  1.90265E-03  1.51830E-15  5.42194E+01  3.13714E-04  1.0E-07
  5.100E+00  1.97947E-03  1.47656E-15  5.27288E+01  3.26667E-04  1.0E-07
  5.200E+00  2.05780E-03  1.43571E-15  5.12701E+01  3.40046E-04  1.0E-07
  5.300E+00  2.13765E-03  1.39576E-15  4.98434E+01  3.53862E-04  1.0E-07
  5.400E+00  2.21902E-03  1.35671E-15  4.84490E+01  3.68123E-04  1.0E-07
  5.500E+00  2.30190E-03  1.31856E-15  4.70867E+01  3.82842E-04  1.0E-07
  5.600E+00  2.38630E-03  1.28131E-15  4.57565E+01  3.98027E-04  1.0E-07
  5.700E+00  2.47222E-03  1.24496E-15  4.44582E+01  4.13690E-04  1.0E-07
  5.800E+00  2.55965E-03  1.20949E-15  4.31917E+01  4.29840E-04  1.0E-07
  5.900E+00  2.64859E-03  1.17491E-15  4.19568E+01  4.46487E-04  1.0E-07
  6.000E+00  2.73905E-03  1.14120E-15  4.07531E+01  4.63641E-04  1.0E-07
  6.100E+00  2.83103E-03  1.10836E-15  3.95802E+01  4.81312E-04  1.0E-07
  6.200E+00  2.92452E-03  1.07637E-15  3.84379E+01  4.99510E-04  1.0E-07
  6.300E+00  3.01952E-03  1.04523E-15  3.73258E+01  5.18243E-04  1.0E-07
  6.400E+00  3.11604E-03  1.01492E-15  3.62433E+01  5.37522E-04  1.0E-07
  6.500E+00  3.21407E-03  9.85421E-16  3.51900E+01  5.57355E-04  1.0E-07
  6.600E+00  3.31362E-03  9.56732E-16  3.41655E+01  5.77751E-04  1.0E-07
  6.700E+00  3.41468E-03  9.28834E-16  3.31693E+01  5.98719E-04  1.0E-07
  6.800E+00  3.51725E-03  9.01712E-16  3.22007E+01  6.20268E-04  1.0E-07
  6.900E+00  3.62133E-03  8.75352E-16  3.12594E+01  6.42404E-04  1.0E-07
  7.000E+00  3.72692E-03  8.49738E-16  3.03447E+01  6.65136E-04  1.0E-07
  7.100E+00  3.83403E-03  8.24855E-16  2.94561E+01  6.88472E-04  1.0E-07
  7.200E+00  3.94265E-03  8.00688E-16  2.85931E+01  7.12418E-04  1.0E-07
  7.300E+00  4.05278E-03  7.77220E-16  2.77550E+01  7.36980E-04  1.0E-07
  7.400E+00  4.16442E-03  7.54437E-16  2.69414E+01  7.62165E-04  1.0E-07
  7.500E+00  4.27757E-03  7.32321E-16  2.61517E+01  7.87978E-04  1.0E-07
  7.600E+00  4.39223E-03  7.10858E-16  2.53852E+01  8.14425E-04  1.0E-07
  7.700E+00  4.50840E-03  6.90031E-16  2.46414E+01  8.41510E-04  1.0E-07
  7.800E+00  4.62608E-03  6.69824E-16  2.39199E+01  8.69236E-04  1.0E-07
  7.900E+00  4.74527E-03  6.50224E-16  2.32199E+01  8.97607E-04  1.0E-07
  8.000E+00  4.86597E-03  6.31212E-16  2.25410E+01  9.26626E-04  1.0E-07
  8.100E+00  4.98817E-03  6.12776E-16  2.18826E+01  9.56294E-04  1.0E-07
  8.200E+00  5.11188E-03  5.94898E-16  2.12442E+01  9.86613E-04  1.0E-07
  8.300E+00  5.23711E-03  5.77565E-16  2.06252E+01  1.01758E-03  1.0E-07
  8.400E+00  5.36383E-03  5.60762E-16  2.00252E+01  1.04920E-03  1.0E-07
  8.500E+00  5.49207E-03  5.44474E-16  1.94435E+01  1.08147E-03  1.0E-07
  8.600E+00  5.62181E-03  5.28687E-16  1.88798E+01  1.11439E-03  1.0E-07
  8.700E+00  5.75306E-03  5.13387E-16  1.83334E+01  1.14795E-03  1.0E-07
  8.800E+00  5.88581E-03  4.98561E-16  1.78039E+01  1.18215E-03  1.0E-07
  8.900E+00  6.02007E-03  4.84194E-16  1.72909E+01  1.21698E-03  1.0E-07
  9.000E+00  6.15583E-03  4.70274E-16  1.67938E+01  1.25244E-03  1.0E-07
  9.100E+00  6.29310E-03  4.56788E-16  1.63122E+01  1.28852E-03  1.0E-07
  9.200E+00  6.43187E-03  4.43723E-16  1.58456E+01  1.32521E-03  1.0E-07
  9.300E+00  6.57214E-03  4.31067E-16  1.53937E+01  1.36251E-03  1.0E-07
  9.400E+00  6.71392E-03  4.18807E-16  1.49559E+01  1.40039E-03  1.0E-07
  9.500E+00  6.85720E-03  4.06933E-16  1.45318E+01  1.43885E-03  1.0E-07
  9.600E+00  7.00198E-03  3.95431E-16  1.41211E+01  1.47788E-03  1.0E-07
  9.700E+00  7.14827E-03  3.84292E-16  1.37233E+01  1.51746E-03  1.0E-07
  9.800E+00  7.29605E-03  3.73504E-16  1.33381E+01  1.55757E-03  1.0E-07
  9.900E+00  7.44534E-03  3.63057E-16  1.29650E+01  1.59819E-03  1.0E-07
  1.000E+01  7.59612E-03  3.52939E-16  1.26037E+01  1.63931E-03  1.0E-07
  1.025E+01  7.97965E-03  3.29024E-16  1.17497E+01  1.74415E-03  1.0E-07
  1.050E+01  8.37255E-03  3.06958E-16  1.09617E+01  1.85158E-03  1.0E-07
  1.075E+01  8.77480E-03  2.86599E-16  1.02346E+01  1.96119E-03  1.0E-07
  1.100E+01  9.18641E-03  2.67817E-16  9.56392E+00  2.07248E-03  1.0E-07
  1.125E+01  9.60736E-03  2.50489E-16  8.94512E+00  2.18490E-03  1.0E-07
  1.150E+01  1.00376E-02  2.34501E-16  8.37419E+00  2.29783E-03  1.0E-07
  1.175E+01  1.04773E-02  2.19749E-16  7.84737E+00  2.41061E-03  1.0E-07
  1.200E+01  1.09262E-02  2.06133E-16  7.36115E+00  2.52250E-03  1.0E-07
  1.225E+01  1.13844E-02  1.93565E-16  6.91232E+00  2.63270E-03  1.0E-07
  1.250E+01  1.18520E-02  1.81959E-16  6.49788E+00  2.74038E-03  1.0E-07
  1.275E+01  1.23288E-02  1.71240E-16  6.11508E+00  2.84466E-03  1.0E-07
  1.300E+01  1.28150E-02  1.61335E-16  5.76137E+00  2.94461E-03  1.0E-07
  1.325E+01  1.33104E-02  1.52179E-16  5.43440E+00  3.03930E-03  1.0E-07
  1.350E+01  1.38150E-02  1.43711E-16  5.13200E+00  3.12774E-03  1.0E-07
  1.375E+01  1.43290E-02  1.35875E-16  4.85217E+00  3.20895E-03  1.0E-07
  1.400E+01  1.48521E-02  1.28619E-16  4.59308E+00  3.28196E-03  1.0E-07
  1.425E+01  1.53845E-02  1.21897E-16  4.35304E+00  3.34578E-03  1.0E-07
  1.450E+01  1.59262E-02  1.15665E-16  4.13048E+00  3.39946E-03  1.0E-07
  1.475E+01  1.64770E-02  1.09882E-16  3.92397E+00  3.44205E-03  1.0E-07
  1.500E+01  1.70371E-02  1.04512E-16  3.73220E+00  3.47267E-03  1.0E-07
  1.525E+01  1.76063E-02  9.95212E-17  3.55397E+00  3.49044E-03  1.0E-07
  1.550E+01  1.81848E-02  9.48780E-17  3.38815E+00  3.49457E-03  1.0E-07
  1.575E+01  1.87724E-02  9.05540E-17  3.23374E+00  3.48429E-03  1.0E-07
  1.600E+01  1.93692E-02  8.65232E-17  3.08980E+00  3.45892E-03  1.0E-07
  1.625E+01  1.99751E-02  8.27616E-17  2.95547E+00  3.41783E-03  1.0E-07
  1.650E+01  2.05901E-02  7.92471E-17  2.82997E+00  3.36045E-03  1.0E-07
  1.675E+01  2.12143E-02  7.59597E-17  2.71257E+00  3.28628E-03  1.0E-07
  1.700E+01  2.18476E-02  7.28809E-17  2.60263E+00  3.19490E-03  1.0E-07
  1.725E+01  2.24900E-02  6.99939E-17  2.49953E+00  3.08595E-03  1.0E-07
  1.750E+01  2.31415E-02  6.72831E-17  2.40272E+00  2.95913E-03  1.0E-07
  1.775E+01  2.38021E-02  6.47344E-17  2.31171E+00  2.81421E-03  1.0E-07
  1.800E+01  2.44717E-02  6.23349E-17  2.22602E+00  2.65101E-03  1.0E-07
  1.825E+01  2.51504E-02  6.00728E-17  2.14524E+00  2.46942E-03  1.0E-07
  1.850E+01  2.58382E-02  5.79373E-17  2.06898E+00  2.26938E-03  1.0E-07
  1.875E+01  2.65349E-02  5.59184E-17  1.99688E+00  2.05087E-03  1.0E-07
  1.900E+01  2.72407E-02  5.40073E-17  1.92864E+00  1.81392E-03  1.0E-07
  1.925E+01  2.79555E-02  5.21957E-17  1.86394E+00  1.55860E-03  1.0E-07
  1.950E+01  2.86793E-02  5.04760E-17  1.80253E+00  1.28503E-03  1.0E-07
  1.975E+01  2.94120E-02  4.88414E-17  1.74416E+00  9.93341E-04  1.0E-07
  2.000E+01  3.01537E-02  4.72857E-17  1.68860E+00  6.83706E-04  1.0E-07
  2.025E+01  3.09043E-02  4.58031E-17  1.63566E+00  3.56326E-04  1.0E-07
  2.050E+01  3.16639E-02  4.43884E-17  1.58514E+00  1.14258E-05  1.0E-07
  2.075E+01  3.24324E-02  4.30370E-17  1.53688E+00 -3.50748E-04  1.0E-07
  2.100E+01  3.32098E-02  4.17444E-17  1.49072E+00 -7.29929E-04  1.0E-07
  2.125E+01  3.39961E-02  4.05067E-17  1.44652E+00 -1.12583E-03  1.0E-07
  2.150E+01  3.47912E-02  3.93203E-17  1.40415E+00 -1.53814E-03  1.0E-07
  2.175E+01  3.55952E-02  3.81819E-17  1.36350E+00 -1.96654E-03  1.0E-07
  2.200E+01  3.64081E-02  3.70885E-17  1.32445E+00 -2.41069E-03  1.0E-07
  2.225E+01  3.72297E-02  3.60373E-17  1.28692E+00 -2.87022E-03  1.0E-07
  2.250E+01  3.80602E-02  3.50259E-17  1.25080E+00 -3.34476E-03  1.0E-07
  2.275E+01  3.88995E-02  3.40520E-17  1.21602E+00 -3.83391E-03  1.0E-07
  2.300E+01  3.97476E-02  3.31134E-17  1.18250E+00 -4.33726E-03  1.0E-07
  2.325E+01  4.06044E-02  3.22082E-17  1.15018E+00 -4.85435E-03  1.0E-07
  2.350E+01  4.14700E-02  3.13347E-17  1.11898E+00 -5.38473E-03  1.0E-07
  2.375E+01  4.23443E-02  3.04913E-17  1.08887E+00 -5.92792E-03  1.0E-07
  2.400E+01  4.32273E-02  2.96765E-17  1.05977E+00 -6.48340E-03  1.0E-07
  2.425E+01  4.41190E-02  2.88889E-17  1.03164E+00 -7.05063E-03  1.0E-07
  2.450E+01  4.50194E-02  2.81272E-17  1.00444E+00 -7.62905E-03  1.0E-07
  2.475E+01  4.59284E-02  2.73903E-17  9.78126E-01 -8.21805E-03  1.0E-07
  2.500E+01  4.68461E-02  2.66772E-17  9.52659E-01 -8.81700E-03  1.0E-07
  2.550E+01  4.87074E-02  2.53181E-17  9.04125E-01 -1.00421E-02  1.0E-07
  2.600E+01  5.06030E-02  2.40428E-17  8.58586E-01 -1.12985E-02  1.0E-07
  2.650E+01  5.25328E-02  2.28452E-17  8.15817E-01 -1.25800E-02  1.0E-07
  2.700E+01  5.44967E-02  2.17197E-17  7.75626E-01 -1.38795E-02  1.0E-07
  2.750E+01  5.64946E-02  2.06616E-17  7.37839E-01 -1.51893E-02  1.0E-07
  2.800E+01  5.85262E-02  1.96664E-17  7.02301E-01 -1.65011E-02  1.0E-07
  2.850E+01  6.05914E-02  1.87303E-17  6.68872E-01 -1.78060E-02  1.0E-07
  2.900E+01  6.26901E-02  1.78497E-17  6.37424E-01 -1.90942E-02  1.0E-07
  2.950E+01  6.48222E-02  1.70213E-17  6.07840E-01 -2.03555E-02  1.0E-07
  3.000E+01  6.69873E-02  1.62419E-17  5.80010E-01 -2.15792E-02  1.0E-07
  3.050E+01  6.91854E-02  1.55089E-17  5.53832E-01 -2.27539E-02  1.0E-07
  3.100E+01  7.14163E-02  1.48194E-17  5.29209E-01 -2.38680E-02  1.0E-07
  3.150E+01  7.36799E-02  1.41709E-17  5.06051E-01 -2.49096E-02  1.0E-07
  3.200E+01  7.59760E-02  1.35610E-17  4.84273E-01 -2.58665E-02  1.0E-07
  3.250E+01  7.83043E-02  1.29875E-17  4.63792E-01 -2.67266E-02  1.0E-07
  3.300E+01  8.06647E-02  1.24482E-17  4.44532E-01 -2.74779E-02  1.0E-07
  3.350E+01  8.30571E-02  1.19410E-17  4.26420E-01 -2.81086E-02  1.0E-07
  3.400E+01  8.54812E-02  1.14640E-17  4.09385E-01 -2.86072E-02  1.0E-07
  3.450E+01  8.79369E-02  1.10153E-17  3.93362E-01 -2.89629E-02  1.0E-07
  3.500E+01  9.04240E-02  1.05931E-17  3.78288E-01 -2.91655E-02  1.0E-07
  3.550E+01  9.29422E-02  1.01959E-17  3.64102E-01 -2.92055E-02  1.0E-07
  3.600E+01  9.54915E-02  9.82199E-18  3.50750E-01 -2.90742E-02  1.0E-07
  3.650E+01  9.80716E-02  9.46990E-18  3.38176E-01 -2.87642E-02  1.0E-07
  3.700E+01  1.00682E-01  9.13821E-18  3.26331E-01 -2.82690E-02  1.0E-07
  3.750E+01  1.03323E-01  8.82559E-18  3.15168E-01 -2.75832E-02  1.0E-07
  3.800E+01  1.05995E-01  8.53079E-18  3.04640E-01 -2.67028E-02  1.0E-07
  3.850E+01  1.08696E-01  8.25262E-18  2.94706E-01 -2.56248E-02  1.0E-07
  3.900E+01  1.11427E-01  7.98997E-18  2.85327E-01 -2.43478E-02  1.0E-07
  3.950E+01  1.14188E-01  7.74180E-18  2.76465E-01 -2.28714E-02  1.0E-07
  4.000E+01  1.16978E-01  7.50713E-18  2.68085E-01 -2.11967E-02  1.0E-07
  4.050E+01  1.19797E-01  7.28505E-18  2.60154E-01 -1.93258E-02  1.0E-07
  4.100E+01  1.22645E-01  7.07470E-18  2.52642E-01 -1.72623E-02  1.0E-07
  4.150E+01  1.25522E-01  6.87529E-18  2.45521E-01 -1.50108E-02  1.0E-07
  4.200E+01  1.28428E-01  6.68606E-18  2.38763E-01 -1.25771E-02  1.0E-07
  4.250E+01  1.31361E-01  6.50632E-18  2.32345E-01 -9.96801E-03  1.0E-07
  4.300E+01  1.34323E-01  6.33542E-18  2.26242E-01 -7.19135E-03  1.0E-07
  4.350E+01  1.37313E-01  6.17275E-18  2.20433E-01 -4.25588E-03  1.0E-07
  4.400E+01  1.40330E-01  6.01776E-18  2.14898E-01 -1.17120E-03  1.0E-07
  4.450E+01  1.43375E-01  5.86991E-18  2.09618E-01  2.05234E-03  1.0E-07
  4.500E+01  1.46447E-01  5.72872E-18  2.04576E-01  5.40369E-03  1.0E-07
  4.550E+01  1.49545E-01  5.59373E-18  1.99756E-01  8.87124E-03  1.0E-07
  4.600E+01  1.52671E-01  5.46451E-18  1.95141E-01  1.24428E-02  1.0E-07
  4.650E+01  1.55823E-01  5.34066E-18  1.90718E-01  1.61058E-02  1.0E-07
  4.700E+01  1.59001E-01  5.22182E-18  1.86474E-01  1.98474E-02  1.0E-07
  4.750E+01  1.62205E-01  5.10763E-18  1.82397E-01  2.36542E-02  1.0E-07
  4.800E+01  1.65435E-01  4.99778E-18  1.78474E-01  2.75128E-02  1.0E-07
  4.850E+01  1.68690E-01  4.89196E-18  1.74695E-01  3.14098E-02  1.0E-07
  4.900E+01  1.71970E-01  4.78989E-18  1.71050E-01  3.53314E-02  1.0E-07
  4.950E+01  1.75276E-01  4.69130E-18  1.67529E-01  3.92640E-02  1.0E-07
  5.000E+01  1.78606E-01  4.59594E-18  1.64124E-01  4.31942E-02  1.0E-07
  5.050E+01  1.81961E-01  4.50358E-18  1.60826E-01  4.71084E-02  1.0E-07
  5.100E+01  1.85340E-01  4.41401E-18  1.57627E-01  5.09933E-02  1.0E-07
  5.150E+01  1.88743E-01  4.32701E-18  1.54520E-01  5.48358E-02  1.0E-07
  5.200E+01  1.92169E-01  4.24239E-18  1.51498E-01  5.86232E-02  1.0E-07
  5.250E+01  1.95619E-01  4.15997E-18  1.48555E-01  6.23428E-02  1.0E-07
  5.300E+01  1.99092E-01  4.07959E-18  1.45685E-01  6.59824E-02  1.0E-07
  5.350E+01  2.02589E-01  4.00109E-18  1.42881E-01  6.95300E-02  1.0E-07
  5.400E+01  2.06107E-01  3.92431E-18  1.40140E-01  7.29740E-02  1.0E-07
  5.450E+01  2.09649E-01  3.84911E-18  1.37454E-01  7.63033E-02  1.0E-07
  5.500E+01  2.13212E-01  3.77537E-18  1.34821E-01  7.95068E-02  1.0E-07
  5.550E+01  2.16797E-01  3.70297E-18  1.32235E-01  8.25740E-02  1.0E-07
  5.600E+01  2.20404E-01  3.63178E-18  1.29693E-01  8.54946E-02  1.0E-07
  5.650E+01  2.24032E-01  3.56171E-18  1.27191E-01  8.82587E-02  1.0E-07
  5.700E+01  2.27680E-01  3.49266E-18  1.24725E-01  9.08568E-02  1.0E-07
  5.750E+01  2.31350E-01  3.42455E-18  1.22293E-01  9.32793E-02  1.0E-07
  5.800E+01  2.35040E-01  3.35728E-18  1.19891E-01  9.55173E-02  1.0E-07
  5.850E+01  2.38751E-01  3.29079E-18  1.17516E-01  9.75617E-02  1.0E-07
  5.900E+01  2.42481E-01  3.22500E-18  1.15167E-01  9.94039E-02  1.0E-07
  5.950E+01  2.46231E-01  3.15987E-18  1.12841E-01  1.01035E-01  1.0E-07
  6.000E+01  2.50000E-01  3.09534E-18  1.10537E-01  1.02447E-01  1.0E-07
  6.050E+01  2.53788E-01  3.03136E-18  1.08252E-01  1.03630E-01  1.0E-07
  6.100E+01  2.57595E-01  2.96789E-18  1.05985E-01  1.04577E-01  1.0E-07
  6.150E+01  2.61421E-01  2.90491E-18  1.03736E-01  1.05279E-01  1.0E-07
  6.200E+01  2.65264E-01  2.84238E-18  1.01503E-01  1.05727E-01  1.0E-07
  6.250E+01  2.69126E-01  2.78030E-18  9.92862E-02  1.05911E-01  1.0E-07
  6.300E+01  2.73005E-01  2.71864E-18  9.70843E-02  1.05824E-01  1.0E-07
  6.350E+01  2.76901E-01  2.65740E-18  9.48976E-02  1.05454E-01  1.0E-07
  6.400E+01  2.80814E-01  2.59659E-18  9.27259E-02  1.04794E-01  1.0E-07
  6.450E+01  2.84744E-01  2.53621E-18  9.05696E-02  1.03831E-01  1.0E-07
  6.500E+01  2.88691E-01  2.47627E-18  8.84291E-02  1.02556E-01  1.0E-07
  6.550E+01  2.92653E-01  2.41678E-18  8.63049E-02  1.00958E-01  1.0E-07
  6.600E+01  2.96632E-01  2.35778E-18  8.41980E-02  9.90243E-02  1.0E-07
  6.650E+01  3.00625E-01  2.29930E-18  8.21094E-02  9.67439E-02  1.0E-07
  6.700E+01  3.04634E-01  2.24136E-18  8.00403E-02  9.41040E-02  1.0E-07
  6.750E+01  3.08658E-01  2.18400E-18  7.79920E-02  9.10915E-02  1.0E-07
  6.800E+01  3.12697E-01  2.12727E-18  7.59661E-02  8.76930E-02  1.0E-07
  6.850E+01  3.16749E-01  2.07121E-18  7.39643E-02  8.38946E-02  1.0E-07
  6.900E+01  3.20816E-01  2.01588E-18  7.19884E-02  7.96824E-02  1.0E-07
  6.950E+01  3.24896E-01  1.96133E-18  7.00405E-02  7.50419E-02  1.0E-07
  7.000E+01  3.28990E-01  1.90763E-18  6.81226E-02  6.99589E-02  1.0E-07
  7.050E+01  3.33097E-01  1.85482E-18  6.62369E-02  6.44194E-02  1.0E-07
  7.100E+01  3.37216E-01  1.80298E-18  6.43857E-02  5.84098E-02  1.0E-07
  7.150E+01  3.41348E-01  1.75218E-18  6.25715E-02  5.19172E-02  1.0E-07
  7.200E+01  3.45492E-01  1.70248E-18  6.07967E-02  4.49300E-02  1.0E-07
  7.250E+01  3.49647E-01  1.65396E-18  5.90639E-02  3.74383E-02  1.0E-07
  7.300E+01  3.53814E-01  1.60668E-18  5.73757E-02  2.94342E-02  1.0E-07
  7.350E+01  3.57992E-01  1.56073E-18  5.57347E-02  2.09127E-02  1.0E-07
  7.400E+01  3.62181E-01  1.51617E-18  5.41436E-02  1.18725E-02  1.0E-07
  7.450E+01  3.66381E-01  1.47309E-18  5.26050E-02  2.31629E-03  1.0E-07
  7.500E+01  3.70590E-01  1.43155E-18  5.11217E-02 -7.74781E-03  1.0E-07
  7.550E+01  3.74810E-01  1.39164E-18  4.96963E-02 -1.83056E-02  1.0E-07
  7.600E+01  3.79039E-01  1.35342E-18  4.83314E-02 -2.93359E-02  1.0E-07
  7.650E+01  3.83277E-01  1.31696E-18  4.70297E-02 -4.08093E-02  1.0E-07
  7.700E+01  3.87524E-01  1.28235E-18  4.57936E-02 -5.26875E-02  1.0E-07
  7.750E+01  3.91780E-01  1.24965E-18  4.46257E-02 -6.49222E-02  1.0E-07
  7.800E+01  3.96044E-01  1.21892E-18  4.35283E-02 -7.74546E-02  1.0E-07
  7.850E+01  4.00316E-01  1.19022E-18  4.25037E-02 -9.02148E-02  1.0E-07
  7.900E+01  4.04596E-01  1.16363E-18  4.15541E-02 -1.03122E-01  1.0E-07
  7.950E+01  4.08882E-01  1.13920E-18  4.06816E-02 -1.16083E-01  1.0E-07
  8.000E+01  4.13176E-01  1.11698E-18  3.98881E-02 -1.28997E-01  1.0E-07
  8.050E+01  4.17476E-01  1.09702E-18  3.91754E-02 -1.41751E-01  1.0E-07
  8.100E+01  4.21783E-01  1.07937E-18  3.85451E-02 -1.54227E-01  1.0E-07
  8.150E+01  4.26095E-01  1.06407E-18  3.79986E-02 -1.66300E-01  1.0E-07
  8.200E+01  4.30413E-01  1.05115E-18  3.75373E-02 -1.77845E-01  1.0E-07
  8.250E+01  4.34737E-01  1.04065E-18  3.71622E-02 -1.88735E-01  1.0E-07
  8.300E+01  4.39065E-01  1.03258E-18  3.68742E-02 -1.98851E-01  1.0E-07
  8.350E+01  4.43398E-01  1.02698E-18  3.66740E-02 -2.08080E-01  1.0E-07
  8.400E+01  4.47736E-01  1.02384E-18  3.65620E-02 -2.16320E-01  1.0E-07
  8.450E+01  4.52077E-01  1.02318E-18  3.65385E-02 -2.23487E-01  1.0E-07
  8.500E+01  4.56422E-01  1.02500E-18  3.66034E-02 -2.29511E-01  1.0E-07
  8.550E+01  4.60770E-01  1.02929E-18  3.67567E-02 -2.34344E-01  1.0E-07
  8.600E+01  4.65122E-01  1.03604E-18  3.69976E-02 -2.37958E-01  1.0E-07
  8.650E+01  4.69476E-01  1.04523E-18  3.73257E-02 -2.40346E-01  1.0E-07
  8.700E+01  4.73832E-01  1.05682E-18  3.77397E-02 -2.41522E-01  1.0E-07
  8.750E+01  4.78190E-01  1.07079E-18  3.82386E-02 -2.41519E-01  1.0E-07
  8.800E+01  4.82550E-01  1.08709E-18  3.88208E-02 -2.40385E-01  1.0E-07
  8.850E+01  4.86912E-01  1.10568E-18  3.94846E-02 -2.38185E-01  1.0E-07
  8.900E+01  4.91274E-01  1.12650E-18  4.02280E-02 -2.34995E-01  1.0E-07
  8.950E+01  4.95637E-01  1.14948E-18  4.10486E-02 -2.30899E-01  1.0E-07
  9.000E+01  5.00000E-01  1.17455E-18  4.19440E-02 -2.25986E-01  1.0E-07
  9.050E+01  5.04363E-01  1.20164E-18  4.29114E-02 -2.20351E-01  1.0E-07
  9.100E+01  5.08726E-01  1.23066E-18  4.39477E-02 -2.14086E-01  1.0E-07
  9.150E+01  5.13088E-01  1.26152E-18  4.50496E-02 -2.07281E-01  1.0E-07
  9.200E+01  5.17450E-01  1.29412E-18  4.62137E-02 -2.00027E-01  1.0E-07
  9.250E+01  5.21810E-01  1.32835E-18  4.74362E-02 -1.92404E-01  1.0E-07
  9.300E+01  5.26168E-01  1.36410E-18  4.87130E-02 -1.84491E-01  1.0E-07
  9.350E+01  5.30524E-01  1.40126E-18  5.00400E-02 -1.76357E-01  1.0E-07
  9.400E+01  5.34878E-01  1.43970E-18  5.14128E-02 -1.68068E-01  1.0E-07
  9.450E+01  5.39230E-01  1.47930E-18  5.28267E-02 -1.59680E-01  1.0E-07
  9.500E+01  5.43578E-01  1.51991E-18  5.42768E-02 -1.51242E-01  1.0E-07
  9.550E+01  5.47923E-01  1.56139E-18  5.57583E-02 -1.42799E-01  1.0E-07
  9.600E+01  5.52264E-01  1.60361E-18  5.72659E-02 -1.34388E-01  1.0E-07
  9.650E+01  5.56602E-01  1.64641E-18  5.87943E-02 -1.26041E-01  1.0E-07
  9.700E+01  5.60935E-01  1.68964E-18  6.03381E-02 -1.17782E-01  1.0E-07
  9.750E+01  5.65263E-01  1.73315E-18  6.18917E-02 -1.09635E-01  1.0E-07
  9.800E+01  5.69587E-01  1.77676E-18  6.34494E-02 -1.01617E-01  1.0E-07
  9.850E+01  5.73905E-01  1.82034E-18  6.50054E-02 -9.37395E-02  1.0E-07
  9.900E+01  5.78217E-01  1.86370E-18  6.65538E-02 -8.60140E-02  1.0E-07
  9.950E+01  5.82524E-01  1.90668E-18  6.80888E-02 -7.84472E-02  1.0E-07
  1.000E+02  5.86824E-01  1.94912E-18  6.96043E-02 -7.10435E-02  1.0E-07
  1.005E+02  5.91118E-01  1.99084E-18  7.10943E-02 -6.38052E-02  1.0E-07
  1.010E+02  5.95404E-01  2.03169E-18  7.25530E-02 -5.67328E-02  1.0E-07
  1.015E+02  5.99684E-01  2.07149E-18  7.39742E-02 -4.98251E-02  1.0E-07
  1.020E+02  6.03956E-01  2.11007E-18  7.53521E-02 -4.30794E-02  1.0E-07
  1.025E+02  6.08220E-01  2.14728E-18  7.66808E-02 -3.64922E-02  1.0E-07
  1.030E+02  6.12476E-01  2.18295E-18  7.79544E-02 -3.00588E-02  1.0E-07
  1.035E+02  6.16723E-01  2.21691E-18  7.91672E-02 -2.37738E-02  1.0E-07
  1.040E+02  6.20961E-01  2.24901E-18  8.03137E-02 -1.76311E-02  1.0E-07
  1.045E+02  6.25190E-01  2.27911E-18  8.13883E-02 -1.16241E-02  1.0E-07
  1.050E+02  6.29410E-01  2.30704E-18  8.23858E-02 -5.74575E-03  1.0E-07
  1.055E+02  6.33619E-01  2.33267E-18  8.33010E-02  0.00000E+00  1.0E-07
  1.060E+02  6.37819E-01  2.35585E-18  8.41289E-02  5.65501E-03  1.0E-07
  1.065E+02  6.42008E-01  2.37646E-18  8.48649E-02  1.11931E-02  1.0E-07
  1.070E+02  6.46186E-01  2.39437E-18  8.55045E-02  1.66339E-02  1.0E-07
  1.075E+02  6.50353E-01  2.40946E-18  8.60433E-02  2.19857E-02  1.0E-07
  1.080E+02  6.54508E-01  2.42162E-18  8.64776E-02  2.72572E-02  1.0E-07
  1.085E+02  6.58652E-01  2.43074E-18  8.68035E-02  3.24570E-02  1.0E-07
  1.090E+02  6.62784E-01  2.43674E-18  8.70177E-02  3.75939E-02  1.0E-07
  1.095E+02  6.66903E-01  2.43953E-18  8.71173E-02  4.26772E-02  1.0E-07
  1.100E+02  6.71010E-01  2.43903E-18  8.70995E-02  4.77159E-02  1.0E-07
  1.105E+02  6.75104E-01  2.43518E-18  8.69620E-02  5.27196E-02  1.0E-07
  1.110E+02  6.79184E-01  2.42793E-18  8.67028E-02  5.76979E-02  1.0E-07
  1.115E+02  6.83251E-01  2.41722E-18  8.63205E-02  6.26609E-02  1.0E-07
  1.120E+02  6.87303E-01  2.40303E-18  8.58138E-02  6.76187E-02  1.0E-07
  1.125E+02  6.91342E-01  2.38534E-18  8.51820E-02  7.25820E-02  1.0E-07
  1.130E+02  6.95366E-01  2.36414E-18  8.44249E-02  7.75618E-02  1.0E-07
  1.135E+02  6.99375E-01  2.33943E-18  8.35425E-02  8.25698E-02  1.0E-07
  1.140E+02  7.03368E-01  2.31123E-18  8.25355E-02  8.76180E-02  1.0E-07
  1.145E+02  7.07347E-01  2.27957E-18  8.14048E-02  9.27192E-02  1.0E-07
  1.150E+02  7.11309E-01  2.24449E-18  8.01520E-02  9.78869E-02  1.0E-07
  1.155E+02  7.15256E-01  2.20604E-18  7.87791E-02  1.03136E-01  1.0E-07
  1.160E+02  7.19186E-01  2.16430E-18  7.72885E-02  1.08481E-01  1.0E-07
  1.165E+02  7.23099E-01  2.11935E-18  7.56832E-02  1.13938E-01  1.0E-07
  1.170E+02  7.26995E-01  2.07127E-18  7.39666E-02  1.19527E-01  1.0E-07
  1.175E+02  7.30874E-01  2.02019E-18  7.21425E-02  1.25266E-01  1.0E-07
  1.180E+02  7.34736E-01  1.96623E-18  7.02153E-02  1.31176E-01  1.0E-07
  1.185E+02  7.38579E-01  1.90951E-18  6.81900E-02  1.37281E-01  1.0E-07
  1.190E+02  7.42405E-01  1.85020E-18  6.60718E-02  1.43607E-01  1.0E-07
  1.195E+02  7.46212E-01  1.78844E-18  6.38665E-02  1.50181E-01  1.0E-07
  1.200E+02  7.50000E-01  1.72443E-18  6.15805E-02  1.57036E-01  1.0E-07
  1.205E+02  7.53769E-01  1.65834E-18  5.92204E-02  1.64207E-01  1.0E-07
  1.210E+02  7.57519E-01  1.59038E-18  5.67935E-02  1.71734E-01  1.0E-07
  1.215E+02  7.61249E-01  1.52076E-18  5.43073E-02  1.79662E-01  1.0E-07
  1.220E+02  7.64960E-01  1.44971E-18  5.17700E-02  1.88043E-01  1.0E-07
  1.225E+02  7.68650E-01  1.37746E-18  4.91900E-02  1.96935E-01  1.0E-07
  1.230E+02  7.72320E-01  1.30426E-18  4.65761E-02  2.06405E-01  1.0E-07
  1.235E+02  7.75968E-01  1.23038E-18  4.39376E-02  2.16530E-01  1.0E-07
  1.240E+02  7.79596E-01  1.15608E-18  4.12842E-02  2.27402E-01  1.0E-07
  1.245E+02  7.83203E-01  1.08163E-18  3.86258E-02  2.39126E-01  1.0E-07
  1.250E+02  7.86788E-01  1.00734E-18  3.59727E-02  2.51825E-01  1.0E-07
  1.255E+02  7.90351E-01  9.33491E-19  3.33356E-02  2.65644E-01  1.0E-07
  1.260E+02  7.93893E-01  8.60395E-19  3.07253E-02  2.80758E-01  1.0E-07
  1.265E+02  7.97411E-01  7.88363E-19  2.81529E-02  2.97373E-01  1.0E-07
  1.270E+02  8.00908E-01  7.17714E-19  2.56300E-02  3.15739E-01  1.0E-07
  1.275E+02  8.04381E-01  6.48774E-19  2.31681E-02  3.36154E-01  1.0E-07
  1.280E+02  8.07831E-01  5.81874E-19  2.07791E-02  3.58981E-01  1.0E-07
  1.285E+02  8.11257E-01  5.17349E-19  1.84749E-02  3.84662E-01  1.0E-07
  1.290E+02  8.14660E-01  4.55537E-19  1.62675E-02  4.13729E-01  1.0E-07
  1.295E+02  8.18039E-01  3.96781E-19  1.41693E-02  4.46818E-01  1.0E-07
  1.300E+02  8.21394E-01  3.41425E-19  1.21925E-02  4.84679E-01  1.0E-07
  1.305E+02  8.24724E-01  2.89813E-19  1.03494E-02  5.28144E-01  1.0E-07
  1.310E+02  8.28030E-01  2.42292E-19  8.65241E-03  5.78032E-01  1.0E-07
  1.315E+02  8.31310E-01  1.99207E-19  7.11380E-03  6.34864E-01  1.0E-07
  1.320E+02  8.34565E-01  1.60900E-19  5.74585E-03  6.98158E-01  1.0E-07
  1.325E+02  8.37795E-01  1.27714E-19  4.56076E-03  7.64740E-01  1.0E-07
  1.330E+02  8.40999E-01  9.99871E-20  3.57060E-03  8.25062E-01  1.0E-07
  1.335E+02  8.44177E-01  7.80529E-20  2.78732E-03  8.56342E-01  1.0E-07
  1.340E+02  8.47329E-01  6.22406E-20  2.22265E-03  8.15004E-01  1.0E-07
  1.345E+02  8.50455E-01  5.28733E-20  1.88814E-03  6.46466E-01  1.0E-07
  1.350E+02  8.53553E-01  5.02672E-20  1.79507E-03  3.42773E-01  1.0E-07
  1.355E+02  8.56625E-01  5.47309E-20  1.95447E-03 -1.77976E-03  1.0E-07
  1.360E+02  8.59670E-01  6.65640E-20  2.37704E-03 -2.67015E-01  1.0E-07
  1.365E+02  8.62687E-01  8.60567E-20  3.07314E-03 -4.15642E-01  1.0E-07
  1.370E+02  8.65677E-01  1.13489E-19  4.05276E-03 -4.76284E-01  1.0E-07
  1.375E+02  8.68639E-01  1.49128E-19  5.32547E-03 -4.86795E-01  1.0E-07
  1.380E+02  8.71572E-01  1.93232E-19  6.90044E-03 -4.72820E-01  1.0E-07
  1.385E+02  8.74478E-01  2.46043E-19  8.78634E-03 -4.48408E-01  1.0E-07
  1.390E+02  8.77355E-01  3.07789E-19  1.09914E-02 -4.20590E-01  1.0E-07
  1.395E+02  8.80203E-01  3.78687E-19  1.35232E-02 -3.92694E-01  1.0E-07
  1.400E+02  8.83022E-01  4.58935E-19  1.63889E-02 -3.66194E-01  1.0E-07
  1.405E+02  8.85812E-01  5.48716E-19  1.95950E-02 -3.41657E-01  1.0E-07
  1.410E+02  8.88573E-01  6.48196E-19  2.31475E-02 -3.19216E-01  1.0E-07
  1.415E+02  8.91304E-01  7.57524E-19  2.70517E-02 -2.98804E-01  1.0E-07
  1.420E+02  8.94005E-01  8.76831E-19  3.13122E-02 -2.80268E-01  1.0E-07
  1.425E+02  8.96677E-01  1.00623E-18  3.59331E-02 -2.63429E-01  1.0E-07
  1.430E+02  8.99318E-01  1.14581E-18  4.09176E-02 -2.48108E-01  1.0E-07
  1.435E+02  9.01928E-01  1.29565E-18  4.62683E-02 -2.34135E-01  1.0E-07
  1.440E+02  9.04508E-01  1.45579E-18  5.19872E-02 -2.21358E-01  1.0E-07
  1.445E+02  9.07058E-01  1.62627E-18  5.80752E-02 -2.09642E-01  1.0E-07
  1.450E+02  9.09576E-01  1.80710E-18  6.45329E-02 -1.98867E-01  1.0E-07
  1.455E+02  9.12063E-01  1.99828E-18  7.13597E-02 -1.88930E-01  1.0E-07
  1.460E+02  9.14519E-01  2.19975E-18  7.85545E-02 -1.79741E-01  1.0E-07
  1.465E+02  9.16943E-01  2.41148E-18  8.61154E-02 -1.71219E-01  1.0E-07
  1.470E+02  9.19335E-01  2.63338E-18  9.40396E-02 -1.63296E-01  1.0E-07
  1.475E+02  9.21696E-01  2.86535E-18  1.02323E-01 -1.55912E-01  1.0E-07
  1.480E+02  9.24024E-01  3.10727E-18  1.10963E-01 -1.49013E-01  1.0E-07
  1.485E+02  9.26320E-01  3.35900E-18  1.19952E-01 -1.42554E-01  1.0E-07
  1.490E+02  9.28584E-01  3.62037E-18  1.29286E-01 -1.36492E-01  1.0E-07
  1.495E+02  9.30815E-01  3.89119E-18  1.38957E-01 -1.30792E-01  1.0E-07
  1.500E+02  9.33013E-01  4.17124E-18  1.48958E-01 -1.25422E-01  1.0E-07
  1.505E+02  9.35178E-01  4.46030E-18  1.59280E-01 -1.20353E-01  1.0E-07
  1.510E+02  9.37310E-01  4.75810E-18  1.69915E-01 -1.15560E-01  1.0E-07
  1.515E+02  9.39409E-01  5.06438E-18  1.80852E-01 -1.11019E-01  1.0E-07
  1.520E+02  9.41474E-01  5.37882E-18  1.92081E-01 -1.06711E-01  1.0E-07
  1.525E+02  9.43505E-01  5.70111E-18  2.03590E-01 -1.02617E-01  1.0E-07
  1.530E+02  9.45503E-01  6.03091E-18  2.15368E-01 -9.87204E-02  1.0E-07
  1.535E+02  9.47467E-01  6.36786E-18  2.27400E-01 -9.50069E-02  1.0E-07
  1.540E+02  9.49397E-01  6.71158E-18  2.39675E-01 -9.14625E-02  1.0E-07
  1.545E+02  9.51293E-01  7.06166E-18  2.52177E-01 -8.80752E-02  1.0E-07
  1.550E+02  9.53154E-01  7.41770E-18  2.64891E-01 -8.48338E-02  1.0E-07
  1.555E+02  9.54981E-01  7.77926E-18  2.77802E-01 -8.17281E-02  1.0E-07
  1.560E+02  9.56773E-01  8.14588E-18  2.90895E-01 -7.87488E-02  1.0E-07
  1.565E+02  9.58530E-01  8.51710E-18  3.04151E-01 -7.58875E-02  1.0E-07
  1.570E+02  9.60252E-01  8.89244E-18  3.17555E-01 -7.31364E-02  1.0E-07
  1.575E+02  9.61940E-01  9.27140E-18  3.31088E-01 -7.04883E-02  1.0E-07
  1.580E+02  9.63592E-01  9.65347E-18  3.44732E-01 -6.79367E-02  1.0E-07
  1.585E+02  9.65209E-01  1.00381E-17  3.58468E-01 -6.54754E-02  1.0E-07
  1.590E+02  9.66790E-01  1.04248E-17  3.72277E-01 -6.30989E-02  1.0E-07
  1.595E+02  9.68336E-01  1.08130E-17  3.86141E-01 -6.08019E-02  1.0E-07
  1.600E+02  9.69846E-01  1.12022E-17  4.00039E-01 -5.85797E-02  1.0E-07
  1.605E+02  9.71321E-01  1.15918E-17  4.13950E-01 -5.64278E-02  1.0E-07
  1.610E+02  9.72759E-01  1.19812E-17  4.27856E-01 -5.43419E-02  1.0E-07
  1.615E+02  9.74162E-01  1.23698E-17  4.41734E-01 -5.23183E-02  1.0E-07
  1.620E+02  9.75528E-01  1.27571E-17  4.55566E-01 -5.03533E-02  1.0E-07
  1.625E+02  9.76858E-01  1.31425E-17  4.69328E-01 -4.84435E-02  1.0E-07
  1.630E+02  9.78152E-01  1.35254E-17  4.83002E-01 -4.65857E-02  1.0E-07
  1.635E+02  9.79410E-01  1.39052E-17  4.96565E-01 -4.47770E-02  1.0E-07
  1.640E+02  9.80631E-01  1.42814E-17  5.09997E-01 -4.30146E-02  1.0E-07
  1.645E+02  9.81815E-01  1.46532E-17  5.23277E-01 -4.12959E-02  1.0E-07
  1.650E+02  9.82963E-01  1.50203E-17  5.36384E-01 -3.96183E-02  1.0E-07
  1.655E+02  9.84074E-01  1.53819E-17  5.49297E-01 -3.79796E-02  1.0E-07
  1.660E+02  9.85148E-01  1.57375E-17  5.61995E-01 -3.63775E-02  1.0E-07
  1.665E+02  9.86185E-01  1.60865E-17  5.74459E-01 -3.48100E-02  1.0E-07
  1.670E+02  9.87185E-01  1.64284E-17  5.86668E-01 -3.32751E-02  1.0E-07
  1.675E+02  9.88148E-01  1.67626E-17  5.98603E-01 -3.17708E-02  1.0E-07
  1.680E+02  9.89074E-01  1.70885E-17  6.10243E-01 -3.02955E-02  1.0E-07
  1.685E+02  9.89962E-01  1.74057E-17  6.21570E-01 -2.88474E-02  1.0E-07
  1.690E+02  9.90814E-01  1.77136E-17  6.32566E-01 -2.74249E-02  1.0E-07
  1.695E+02  9.91627E-01  1.80118E-17  6.43211E-01 -2.60264E-02  1.0E-07
  1.700E+02  9.92404E-01  1.82996E-17  6.53489E-01 -2.46506E-02  1.0E-07
  1.705E+02  9.93143E-01  1.85766E-17  6.63382E-01 -2.32958E-02  1.0E-07
  1.710E+02  9.93844E-01  1.88424E-17  6.72874E-01 -2.19609E-02  1.0E-07
  1.715E+02  9.94508E-01  1.90965E-17  6.81949E-01 -2.06444E-02  1.0E-07
  1.720E+02  9.95134E-01  1.93385E-17  6.90591E-01 -1.93451E-02  1.0E-07
  1.725E+02  9.95722E-01  1.95680E-17  6.98785E-01 -1.80618E-02  1.0E-07
  1.730E+02  9.96273E-01  1.97845E-17  7.06519E-01 -1.67934E-02  1.0E-07
  1.735E+02  9.96786E-01  1.99878E-17  7.13779E-01 -1.55386E-02  1.0E-07
  1.740E+02  9.97261E-01  2.01775E-17  7.20552E-01 -1.42963E-02  1.0E-07
  1.745E+02  9.97698E-01  2.03532E-17  7.26826E-01 -1.30656E-02  1.0E-07
  1.750E+02  9.98097E-01  2.05147E-17  7.32592E-01 -1.18453E-02  1.0E-07
  1.755E+02  9.98459E-01  2.06616E-17  7.37840E-01 -1.06344E-02  1.0E-07
  1.760E+02  9.98782E-01  2.07938E-17  7.42559E-01 -9.43193E-03  1.0E-07
  1.765E+02  9.99067E-01  2.09109E-17  7.46742E-01 -8.23687E-03  1.0E-07
  1.770E+02  9.99315E-01  2.10129E-17  7.50383E-01 -7.04828E-03  1.0E-07
  1.775E+02  9.99524E-01  2.10994E-17  7.53474E-01 -5.86521E-03  1.0E-07
  1.780E+02  9.99695E-01  2.11704E-17  7.56010E-01 -4.68670E-03  1.0E-07
  1.785E+02  9.99829E-01  2.12258E-17  7.57988E-01 -3.51185E-03  1.0E-07
  1.790E+02  9.99924E-01  2.12654E-17  7.59403E-01 -2.33972E-03  1.0E-07
  1.795E+02  9.99981E-01  2.12892E-17  7.60252E-01 -1.16941E-03  1.0E-07
  1.800E+02  1.00000E+00  2.12972E-17  7.60536E-01 -1.64086E-17  1.0E-07
