 #
 # Subroutine ELSEPA. Elastic scattering of electrons and positrons
 #                    by neutral atoms and positive ions
 #
 # Projectile: electron
 # Kinetic energy = 2.50000E+04 eV = 9.18733E+02 a.u.
 #
 # Element: Au,  Z =  79,  atomic weight = 1.96967E+02 g/mol
 #
 # Nuclear model: Fermi distribution
 #                Average radius = 6.22560E-13 cm
 #                Skin thickness = 5.46000E-14 cm
 #
 # Number of electrons = 79
 #
 # Electron density: Read from file z_079.den   
 #                   Number of data points =  777
 #                   Volume integral = 7.90000E+01
 #
 # Furness-McCarthy exchange potential
 #
 # Total elastic cross section = 4.80715E-17 cm**2 = 1.71666E+00 a0**2
 # 1st transport cross section = 1.19019E-18 cm**2 = 4.25026E-02 a0**2
 # 2nd transport cross section = 2.23954E-18 cm**2 = 7.99755E-02 a0**2
 #
 #
 # Differential cross section:                       MU=(1-COS(THETA))/2
 #
 #  THETA        MU          DCS          DCS        Sherman      error
 #  (deg)                 (cm**2/sr)   (a0**2/sr)    function
 #----------------------------------------------------------------------
  0.000E+00  0.00000E+00  8.15223E-15  2.91121E+02  0.00000E+00  1.0E-07
  1.000E-04  7.61557E-13  8.15223E-15  2.91121E+02  1.33664E-09  1.0E-07
  1.250E-04  1.18994E-12  8.15223E-15  2.91121E+02  1.67080E-09  1.0E-07
  1.500E-04  1.71346E-12  8.15223E-15  2.91121E+02  2.00496E-09  1.0E-07
  1.750E-04  2.33225E-12  8.15223E-15  2.91121E+02  2.33912E-09  1.0E-07
  2.000E-04  3.04617E-12  8.15223E-15  2.91121E+02  2.67328E-09  1.0E-07
  2.250E-04  3.85530E-12  8.15223E-15  2.91121E+02  3.00744E-09  1.0E-07
  2.500E-04  4.75964E-12  8.15223E-15  2.91121E+02  3.34160E-09  1.0E-07
  2.750E-04  5.75917E-12  8.15223E-15  2.91121E+02  3.67576E-09  1.0E-07
  3.000E-04  6.85391E-12  8.15223E-15  2.91121E+02  4.00992E-09  1.0E-07
  3.250E-04  8.04379E-12  8.15223E-15  2.91121E+02  4.34408E-09  1.0E-07
  3.500E-04  9.32893E-12  8.15223E-15  2.91121E+02  4.67824E-09  1.0E-07
  3.750E-04  1.07092E-11  8.15223E-15  2.91121E+02  5.01240E-09  1.0E-07
  4.000E-04  1.21847E-11  8.15223E-15  2.91121E+02  5.34656E-09  1.0E-07
  4.250E-04  1.37554E-11  8.15223E-15  2.91121E+02  5.68072E-09  1.0E-07
  4.500E-04  1.54213E-11  8.15223E-15  2.91121E+02  6.01489E-09  1.0E-07
  4.750E-04  1.71823E-11  8.15223E-15  2.91121E+02  6.34905E-09  1.0E-07
  5.000E-04  1.90386E-11  8.15223E-15  2.91121E+02  6.68321E-09  1.0E-07
  5.250E-04  2.09900E-11  8.15223E-15  2.91121E+02  7.01737E-09  1.0E-07
  5.500E-04  2.30367E-11  8.15223E-15  2.91121E+02  7.35153E-09  1.0E-07
  5.750E-04  2.51785E-11  8.15223E-15  2.91121E+02  7.68569E-09  1.0E-07
  6.000E-04  2.74156E-11  8.15223E-15  2.91121E+02  8.01985E-09  1.0E-07
  6.250E-04  2.97478E-11  8.15223E-15  2.91121E+02  8.35401E-09  1.0E-07
  6.500E-04  3.21752E-11  8.15223E-15  2.91121E+02  8.68817E-09  1.0E-07
  6.750E-04  3.46979E-11  8.15223E-15  2.91121E+02  9.02233E-09  1.0E-07
  7.000E-04  3.73157E-11  8.15223E-15  2.91121E+02  9.35649E-09  1.0E-07
  7.250E-04  4.00286E-11  8.15223E-15  2.91121E+02  9.69065E-09  1.0E-07
  7.500E-04  4.28368E-11  8.15223E-15  2.91121E+02  1.00248E-08  1.0E-07
  7.750E-04  4.57402E-11  8.15223E-15  2.91121E+02  1.03590E-08  1.0E-07
  8.000E-04  4.87388E-11  8.15223E-15  2.91121E+02  1.06931E-08  1.0E-07
  8.250E-04  5.18325E-11  8.15223E-15  2.91121E+02  1.10273E-08  1.0E-07
  8.500E-04  5.50215E-11  8.15223E-15  2.91121E+02  1.13615E-08  1.0E-07
  8.750E-04  5.83057E-11  8.15223E-15  2.91121E+02  1.16956E-08  1.0E-07
  9.000E-04  6.16850E-11  8.15223E-15  2.91121E+02  1.20298E-08  1.0E-07
  9.250E-04  6.51595E-11  8.15223E-15  2.91121E+02  1.23639E-08  1.0E-07
  9.500E-04  6.87293E-11  8.15223E-15  2.91121E+02  1.26981E-08  1.0E-07
  9.750E-04  7.23943E-11  8.15223E-15  2.91121E+02  1.30323E-08  1.0E-07
  1.000E-03  7.61544E-11  8.15223E-15  2.91121E+02  1.33664E-08  1.0E-07
  1.250E-03  1.18991E-10  8.15222E-15  2.91121E+02  1.67080E-08  1.0E-07
  1.500E-03  1.71347E-10  8.15222E-15  2.91121E+02  2.00496E-08  1.0E-07
  1.750E-03  2.33223E-10  8.15222E-15  2.91121E+02  2.33912E-08  1.0E-07
  2.000E-03  3.04617E-10  8.15222E-15  2.91121E+02  2.67328E-08  1.0E-07
  2.250E-03  3.85531E-10  8.15221E-15  2.91121E+02  3.00745E-08  1.0E-07
  2.500E-03  4.75965E-10  8.15221E-15  2.91121E+02  3.34161E-08  1.0E-07
  2.750E-03  5.75917E-10  8.15220E-15  2.91120E+02  3.67577E-08  1.0E-07
  3.000E-03  6.85389E-10  8.15220E-15  2.91120E+02  4.00993E-08  1.0E-07
  3.250E-03  8.04380E-10  8.15219E-15  2.91120E+02  4.34409E-08  1.0E-07
  3.500E-03  9.32891E-10  8.15218E-15  2.91120E+02  4.67826E-08  1.0E-07
  3.750E-03  1.07092E-09  8.15218E-15  2.91120E+02  5.01242E-08  1.0E-07
  4.000E-03  1.21847E-09  8.15217E-15  2.91119E+02  5.34658E-08  1.0E-07
  4.250E-03  1.37554E-09  8.15216E-15  2.91119E+02  5.68075E-08  1.0E-07
  4.500E-03  1.54213E-09  8.15215E-15  2.91119E+02  6.01491E-08  1.0E-07
  4.750E-03  1.71823E-09  8.15215E-15  2.91118E+02  6.34908E-08  1.0E-07
  5.000E-03  1.90386E-09  8.15214E-15  2.91118E+02  6.68324E-08  1.0E-07
  5.250E-03  2.09900E-09  8.15213E-15  2.91118E+02  7.01741E-08  1.0E-07
  5.500E-03  2.30367E-09  8.15212E-15  2.91117E+02  7.35158E-08  1.0E-07
  5.750E-03  2.51785E-09  8.15211E-15  2.91117E+02  7.68574E-08  1.0E-07
  6.000E-03  2.74156E-09  8.15210E-15  2.91117E+02  8.01991E-08  1.0E-07
  6.250E-03  2.97478E-09  8.15208E-15  2.91116E+02  8.35408E-08  1.0E-07
  6.500E-03  3.21752E-09  8.15207E-15  2.91116E+02  8.68825E-08  1.0E-07
  6.750E-03  3.46978E-09  8.15206E-15  2.91115E+02  9.02242E-08  1.0E-07
  7.000E-03  3.73156E-09  8.15205E-15  2.91115E+02  9.35659E-08  1.0E-07
  7.250E-03  4.00286E-09  8.15203E-15  2.91114E+02  9.69076E-08  1.0E-07
  7.500E-03  4.28368E-09  8.15202E-15  2.91114E+02  1.00249E-07  1.0E-07
  7.750E-03  4.57402E-09  8.15201E-15  2.91113E+02  1.03591E-07  1.0E-07
  8.000E-03  4.87388E-09  8.15199E-15  2.91113E+02  1.06933E-07  1.0E-07
  8.250E-03  5.18326E-09  8.15198E-15  2.91112E+02  1.10275E-07  1.0E-07
  8.500E-03  5.50215E-09  8.15196E-15  2.91112E+02  1.13616E-07  1.0E-07
  8.750E-03  5.83057E-09  8.15195E-15  2.91111E+02  1.16958E-07  1.0E-07
  9.000E-03  6.16850E-09  8.15193E-15  2.91111E+02  1.20300E-07  1.0E-07
  9.250E-03  6.51596E-09  8.15191E-15  2.91110E+02  1.23642E-07  1.0E-07
  9.500E-03  6.87293E-09  8.15189E-15  2.91109E+02  1.26983E-07  1.0E-07
  9.750E-03  7.23942E-09  8.15188E-15  2.91109E+02  1.30325E-07  1.0E-07
  1.000E-02  7.61544E-09  8.15186E-15  2.91108E+02  1.33667E-07  1.0E-07
  1.250E-02  1.18991E-08  8.15165E-15  2.91101E+02  1.67086E-07  1.0E-07
  1.500E-02  1.71347E-08  8.15139E-15  2.91092E+02  2.00506E-07  1.0E-07
  1.750E-02  2.33223E-08  8.15109E-15  2.91081E+02  2.33928E-07  1.0E-07
  2.000E-02  3.04617E-08  8.15074E-15  2.91068E+02  2.67352E-07  1.0E-07
  2.250E-02  3.85531E-08  8.15035E-15  2.91054E+02  3.00778E-07  1.0E-07
  2.500E-02  4.75965E-08  8.14990E-15  2.91038E+02  3.34207E-07  1.0E-07
  2.750E-02  5.75917E-08  8.14942E-15  2.91021E+02  3.67638E-07  1.0E-07
  3.000E-02  6.85389E-08  8.14888E-15  2.91002E+02  4.01072E-07  1.0E-07
  3.250E-02  8.04380E-08  8.14830E-15  2.90981E+02  4.34510E-07  1.0E-07
  3.500E-02  9.32891E-08  8.14767E-15  2.90959E+02  4.67952E-07  1.0E-07
  3.750E-02  1.07092E-07  8.14700E-15  2.90935E+02  5.01397E-07  1.0E-07
  4.000E-02  1.21847E-07  8.14628E-15  2.90909E+02  5.34846E-07  1.0E-07
  4.250E-02  1.37554E-07  8.14551E-15  2.90881E+02  5.68300E-07  1.0E-07
  4.500E-02  1.54213E-07  8.14470E-15  2.90852E+02  6.01759E-07  1.0E-07
  4.750E-02  1.71823E-07  8.14384E-15  2.90822E+02  6.35222E-07  1.0E-07
  5.000E-02  1.90386E-07  8.14293E-15  2.90789E+02  6.68691E-07  1.0E-07
  5.250E-02  2.09900E-07  8.14198E-15  2.90755E+02  7.02166E-07  1.0E-07
  5.500E-02  2.30367E-07  8.14098E-15  2.90720E+02  7.35646E-07  1.0E-07
  5.750E-02  2.51785E-07  8.13994E-15  2.90682E+02  7.69132E-07  1.0E-07
  6.000E-02  2.74156E-07  8.13885E-15  2.90644E+02  8.02625E-07  1.0E-07
  6.250E-02  2.97478E-07  8.13771E-15  2.90603E+02  8.36125E-07  1.0E-07
  6.500E-02  3.21752E-07  8.13653E-15  2.90561E+02  8.69631E-07  1.0E-07
  6.750E-02  3.46978E-07  8.13530E-15  2.90517E+02  9.03145E-07  1.0E-07
  7.000E-02  3.73156E-07  8.13402E-15  2.90471E+02  9.36666E-07  1.0E-07
  7.250E-02  4.00286E-07  8.13270E-15  2.90424E+02  9.70195E-07  1.0E-07
  7.500E-02  4.28368E-07  8.13134E-15  2.90375E+02  1.00373E-06  1.0E-07
  7.750E-02  4.57402E-07  8.12992E-15  2.90325E+02  1.03728E-06  1.0E-07
  8.000E-02  4.87388E-07  8.12846E-15  2.90273E+02  1.07083E-06  1.0E-07
  8.250E-02  5.18325E-07  8.12696E-15  2.90219E+02  1.10439E-06  1.0E-07
  8.500E-02  5.50215E-07  8.12541E-15  2.90164E+02  1.13797E-06  1.0E-07
  8.750E-02  5.83057E-07  8.12381E-15  2.90107E+02  1.17155E-06  1.0E-07
  9.000E-02  6.16850E-07  8.12217E-15  2.90048E+02  1.20514E-06  1.0E-07
  9.250E-02  6.51596E-07  8.12049E-15  2.89988E+02  1.23874E-06  1.0E-07
  9.500E-02  6.87293E-07  8.11875E-15  2.89926E+02  1.27235E-06  1.0E-07
  9.750E-02  7.23942E-07  8.11697E-15  2.89862E+02  1.30597E-06  1.0E-07
  1.000E-01  7.61543E-07  8.11515E-15  2.89797E+02  1.33961E-06  1.0E-07
  1.250E-01  1.18991E-06  8.09442E-15  2.89057E+02  1.67659E-06  1.0E-07
  1.500E-01  1.71347E-06  8.06921E-15  2.88157E+02  2.01496E-06  1.0E-07
  1.750E-01  2.33223E-06  8.03960E-15  2.87099E+02  2.35499E-06  1.0E-07
  2.000E-01  3.04617E-06  8.00566E-15  2.85887E+02  2.69695E-06  1.0E-07
  2.250E-01  3.85531E-06  7.96750E-15  2.84525E+02  3.04111E-06  1.0E-07
  2.500E-01  4.75964E-06  7.92523E-15  2.83015E+02  3.38775E-06  1.0E-07
  2.750E-01  5.75916E-06  7.87896E-15  2.81363E+02  3.73713E-06  1.0E-07
  3.000E-01  6.85388E-06  7.82883E-15  2.79573E+02  4.08952E-06  1.0E-07
  3.250E-01  8.04378E-06  7.77496E-15  2.77649E+02  4.44517E-06  1.0E-07
  3.500E-01  9.32888E-06  7.71751E-15  2.75597E+02  4.80436E-06  1.0E-07
  3.750E-01  1.07092E-05  7.65663E-15  2.73423E+02  5.16732E-06  1.0E-07
  4.000E-01  1.21846E-05  7.59247E-15  2.71132E+02  5.53433E-06  1.0E-07
  4.250E-01  1.37553E-05  7.52520E-15  2.68730E+02  5.90562E-06  1.0E-07
  4.500E-01  1.54212E-05  7.45498E-15  2.66222E+02  6.28145E-06  1.0E-07
  4.750E-01  1.71822E-05  7.38199E-15  2.63616E+02  6.66206E-06  1.0E-07
  5.000E-01  1.90385E-05  7.30639E-15  2.60916E+02  7.04769E-06  1.0E-07
  5.250E-01  2.09899E-05  7.22836E-15  2.58129E+02  7.43858E-06  1.0E-07
  5.500E-01  2.30365E-05  7.14807E-15  2.55262E+02  7.83495E-06  1.0E-07
  5.750E-01  2.51783E-05  7.06571E-15  2.52321E+02  8.23704E-06  1.0E-07
  6.000E-01  2.74153E-05  6.98143E-15  2.49311E+02  8.64507E-06  1.0E-07
  6.250E-01  2.97475E-05  6.89541E-15  2.46240E+02  9.05925E-06  1.0E-07
  6.500E-01  3.21749E-05  6.80783E-15  2.43112E+02  9.47982E-06  1.0E-07
  6.750E-01  3.46974E-05  6.71885E-15  2.39934E+02  9.90697E-06  1.0E-07
  7.000E-01  3.73152E-05  6.62863E-15  2.36713E+02  1.03409E-05  1.0E-07
  7.250E-01  4.00281E-05  6.53732E-15  2.33452E+02  1.07819E-05  1.0E-07
  7.500E-01  4.28362E-05  6.44510E-15  2.30159E+02  1.12300E-05  1.0E-07
  7.750E-01  4.57395E-05  6.35210E-15  2.26838E+02  1.16855E-05  1.0E-07
  8.000E-01  4.87380E-05  6.25847E-15  2.23494E+02  1.21487E-05  1.0E-07
  8.250E-01  5.18317E-05  6.16435E-15  2.20133E+02  1.26195E-05  1.0E-07
  8.500E-01  5.50205E-05  6.06987E-15  2.16759E+02  1.30984E-05  1.0E-07
  8.750E-01  5.83045E-05  5.97516E-15  2.13377E+02  1.35854E-05  1.0E-07
  9.000E-01  6.16838E-05  5.88035E-15  2.09991E+02  1.40806E-05  1.0E-07
  9.250E-01  6.51582E-05  5.78555E-15  2.06606E+02  1.45844E-05  1.0E-07
  9.500E-01  6.87277E-05  5.69087E-15  2.03225E+02  1.50968E-05  1.0E-07
  9.750E-01  7.23925E-05  5.59641E-15  1.99852E+02  1.56179E-05  1.0E-07
  1.000E+00  7.61524E-05  5.50228E-15  1.96490E+02  1.61481E-05  1.0E-07
  1.100E+00  9.21439E-05  5.13072E-15  1.83221E+02  1.83614E-05  1.0E-07
  1.200E+00  1.09658E-04  4.77063E-15  1.70362E+02  2.07297E-05  1.0E-07
  1.300E+00  1.28695E-04  4.42562E-15  1.58042E+02  2.32617E-05  1.0E-07
  1.400E+00  1.49255E-04  4.09809E-15  1.46345E+02  2.59649E-05  1.0E-07
  1.500E+00  1.71338E-04  3.78948E-15  1.35325E+02  2.88461E-05  1.0E-07
  1.600E+00  1.94942E-04  3.50045E-15  1.25003E+02  3.19118E-05  1.0E-07
  1.700E+00  2.20070E-04  3.23107E-15  1.15384E+02  3.51674E-05  1.0E-07
  1.800E+00  2.46720E-04  2.98098E-15  1.06453E+02  3.86178E-05  1.0E-07
  1.900E+00  2.74892E-04  2.74952E-15  9.81872E+01  4.22674E-05  1.0E-07
  2.000E+00  3.04586E-04  2.53583E-15  9.05560E+01  4.61197E-05  1.0E-07
  2.100E+00  3.35803E-04  2.33891E-15  8.35241E+01  5.01776E-05  1.0E-07
  2.200E+00  3.68542E-04  2.15773E-15  7.70539E+01  5.44433E-05  1.0E-07
  2.300E+00  4.02802E-04  1.99121E-15  7.11073E+01  5.89180E-05  1.0E-07
  2.400E+00  4.38585E-04  1.83829E-15  6.56465E+01  6.36023E-05  1.0E-07
  2.500E+00  4.75889E-04  1.69795E-15  6.06349E+01  6.84955E-05  1.0E-07
  2.600E+00  5.14715E-04  1.56921E-15  5.60373E+01  7.35963E-05  1.0E-07
  2.700E+00  5.55063E-04  1.45113E-15  5.18207E+01  7.89020E-05  1.0E-07
  2.800E+00  5.96931E-04  1.34284E-15  4.79537E+01  8.44090E-05  1.0E-07
  2.900E+00  6.40321E-04  1.24353E-15  4.44074E+01  9.01125E-05  1.0E-07
  3.000E+00  6.85233E-04  1.15245E-15  4.11548E+01  9.60065E-05  1.0E-07
  3.100E+00  7.31665E-04  1.06890E-15  3.81711E+01  1.02084E-04  1.0E-07
  3.200E+00  7.79618E-04  9.92230E-16  3.54332E+01  1.08336E-04  1.0E-07
  3.300E+00  8.29092E-04  9.21855E-16  3.29201E+01  1.14752E-04  1.0E-07
  3.400E+00  8.80086E-04  8.57234E-16  3.06124E+01  1.21323E-04  1.0E-07
  3.500E+00  9.32601E-04  7.97868E-16  2.84924E+01  1.28035E-04  1.0E-07
  3.600E+00  9.86636E-04  7.43305E-16  2.65439E+01  1.34876E-04  1.0E-07
  3.700E+00  1.04219E-03  6.93128E-16  2.47521E+01  1.41830E-04  1.0E-07
  3.800E+00  1.09927E-03  6.46960E-16  2.31034E+01  1.48882E-04  1.0E-07
  3.900E+00  1.15786E-03  6.04454E-16  2.15855E+01  1.56014E-04  1.0E-07
  4.000E+00  1.21797E-03  5.65295E-16  2.01871E+01  1.63211E-04  1.0E-07
  4.100E+00  1.27961E-03  5.29195E-16  1.88979E+01  1.70452E-04  1.0E-07
  4.200E+00  1.34276E-03  4.95891E-16  1.77086E+01  1.77718E-04  1.0E-07
  4.300E+00  1.40743E-03  4.65144E-16  1.66106E+01  1.84991E-04  1.0E-07
  4.400E+00  1.47362E-03  4.36737E-16  1.55962E+01  1.92248E-04  1.0E-07
  4.500E+00  1.54133E-03  4.10471E-16  1.46582E+01  1.99471E-04  1.0E-07
  4.600E+00  1.61056E-03  3.86164E-16  1.37902E+01  2.06636E-04  1.0E-07
  4.700E+00  1.68131E-03  3.63651E-16  1.29862E+01  2.13724E-04  1.0E-07
  4.800E+00  1.75357E-03  3.42783E-16  1.22410E+01  2.20712E-04  1.0E-07
  4.900E+00  1.82735E-03  3.23422E-16  1.15496E+01  2.27581E-04  1.0E-07
  5.000E+00  1.90265E-03  3.05443E-16  1.09076E+01  2.34308E-04  1.0E-07
  5.100E+00  1.97947E-03  2.88733E-16  1.03108E+01  2.40872E-04  1.0E-07
  5.200E+00  2.05780E-03  2.73187E-16  9.75568E+00  2.47254E-04  1.0E-07
  5.300E+00  2.13765E-03  2.58711E-16  9.23874E+00  2.53433E-04  1.0E-07
  5.400E+00  2.21902E-03  2.45218E-16  8.75691E+00  2.59390E-04  1.0E-07
  5.500E+00  2.30190E-03  2.32630E-16  8.30738E+00  2.65104E-04  1.0E-07
  5.600E+00  2.38630E-03  2.20875E-16  7.88759E+00  2.70559E-04  1.0E-07
  5.700E+00  2.47222E-03  2.09887E-16  7.49519E+00  2.75735E-04  1.0E-07
  5.800E+00  2.55965E-03  1.99605E-16  7.12804E+00  2.80615E-04  1.0E-07
  5.900E+00  2.64859E-03  1.89976E-16  6.78418E+00  2.85181E-04  1.0E-07
  6.000E+00  2.73905E-03  1.80950E-16  6.46182E+00  2.89418E-04  1.0E-07
  6.100E+00  2.83103E-03  1.72479E-16  6.15934E+00  2.93310E-04  1.0E-07
  6.200E+00  2.92452E-03  1.64524E-16  5.87524E+00  2.96841E-04  1.0E-07
  6.300E+00  3.01952E-03  1.57044E-16  5.60815E+00  2.99995E-04  1.0E-07
  6.400E+00  3.11604E-03  1.50006E-16  5.35682E+00  3.02759E-04  1.0E-07
  6.500E+00  3.21407E-03  1.43377E-16  5.12010E+00  3.05117E-04  1.0E-07
  6.600E+00  3.31362E-03  1.37128E-16  4.89694E+00  3.07057E-04  1.0E-07
  6.700E+00  3.41468E-03  1.31232E-16  4.68639E+00  3.08565E-04  1.0E-07
  6.800E+00  3.51725E-03  1.25664E-16  4.48755E+00  3.09627E-04  1.0E-07
  6.900E+00  3.62133E-03  1.20401E-16  4.29961E+00  3.10230E-04  1.0E-07
  7.000E+00  3.72692E-03  1.15423E-16  4.12184E+00  3.10361E-04  1.0E-07
  7.100E+00  3.83403E-03  1.10711E-16  3.95354E+00  3.10007E-04  1.0E-07
  7.200E+00  3.94265E-03  1.06245E-16  3.79409E+00  3.09157E-04  1.0E-07
  7.300E+00  4.05278E-03  1.02012E-16  3.64291E+00  3.07797E-04  1.0E-07
  7.400E+00  4.16442E-03  9.79949E-17  3.49946E+00  3.05915E-04  1.0E-07
  7.500E+00  4.27757E-03  9.41805E-17  3.36325E+00  3.03498E-04  1.0E-07
  7.600E+00  4.39223E-03  9.05562E-17  3.23382E+00  3.00534E-04  1.0E-07
  7.700E+00  4.50840E-03  8.71101E-17  3.11076E+00  2.97010E-04  1.0E-07
  7.800E+00  4.62608E-03  8.38313E-17  2.99367E+00  2.92915E-04  1.0E-07
  7.900E+00  4.74527E-03  8.07098E-17  2.88220E+00  2.88235E-04  1.0E-07
  8.000E+00  4.86597E-03  7.77363E-17  2.77601E+00  2.82959E-04  1.0E-07
  8.100E+00  4.98817E-03  7.49020E-17  2.67480E+00  2.77075E-04  1.0E-07
  8.200E+00  5.11188E-03  7.21991E-17  2.57828E+00  2.70569E-04  1.0E-07
  8.300E+00  5.23711E-03  6.96200E-17  2.48617E+00  2.63430E-04  1.0E-07
  8.400E+00  5.36383E-03  6.71577E-17  2.39825E+00  2.55646E-04  1.0E-07
  8.500E+00  5.49207E-03  6.48059E-17  2.31426E+00  2.47204E-04  1.0E-07
  8.600E+00  5.62181E-03  6.25586E-17  2.23401E+00  2.38093E-04  1.0E-07
  8.700E+00  5.75306E-03  6.04100E-17  2.15728E+00  2.28302E-04  1.0E-07
  8.800E+00  5.88581E-03  5.83550E-17  2.08390E+00  2.17819E-04  1.0E-07
  8.900E+00  6.02007E-03  5.63887E-17  2.01368E+00  2.06632E-04  1.0E-07
  9.000E+00  6.15583E-03  5.45064E-17  1.94646E+00  1.94731E-04  1.0E-07
  9.100E+00  6.29310E-03  5.27039E-17  1.88209E+00  1.82105E-04  1.0E-07
  9.200E+00  6.43187E-03  5.09772E-17  1.82043E+00  1.68745E-04  1.0E-07
  9.300E+00  6.57214E-03  4.93224E-17  1.76134E+00  1.54639E-04  1.0E-07
  9.400E+00  6.71392E-03  4.77361E-17  1.70469E+00  1.39780E-04  1.0E-07
  9.500E+00  6.85720E-03  4.62148E-17  1.65036E+00  1.24158E-04  1.0E-07
  9.600E+00  7.00198E-03  4.47554E-17  1.59825E+00  1.07765E-04  1.0E-07
  9.700E+00  7.14827E-03  4.33551E-17  1.54824E+00  9.05932E-05  1.0E-07
  9.800E+00  7.29605E-03  4.20108E-17  1.50023E+00  7.26358E-05  1.0E-07
  9.900E+00  7.44534E-03  4.07201E-17  1.45414E+00  5.38862E-05  1.0E-07
  1.000E+01  7.59612E-03  3.94805E-17  1.40987E+00  3.43391E-05  1.0E-07
  1.025E+01  7.97965E-03  3.65895E-17  1.30664E+00 -1.80487E-05  1.0E-07
  1.050E+01  8.37255E-03  3.39696E-17  1.21308E+00 -7.55041E-05  1.0E-07
  1.075E+01  8.77480E-03  3.15915E-17  1.12815E+00 -1.38047E-04  1.0E-07
  1.100E+01  9.18641E-03  2.94294E-17  1.05094E+00 -2.05662E-04  1.0E-07
  1.125E+01  9.60736E-03  2.74607E-17  9.80640E-01 -2.78296E-04  1.0E-07
  1.150E+01  1.00376E-02  2.56653E-17  9.16525E-01 -3.55856E-04  1.0E-07
  1.175E+01  1.04773E-02  2.40255E-17  8.57966E-01 -4.38211E-04  1.0E-07
  1.200E+01  1.09262E-02  2.25254E-17  8.04398E-01 -5.25196E-04  1.0E-07
  1.225E+01  1.13844E-02  2.11511E-17  7.55321E-01 -6.16605E-04  1.0E-07
  1.250E+01  1.18520E-02  1.98901E-17  7.10287E-01 -7.12204E-04  1.0E-07
  1.275E+01  1.23288E-02  1.87310E-17  6.68897E-01 -8.11725E-04  1.0E-07
  1.300E+01  1.28150E-02  1.76641E-17  6.30795E-01 -9.14876E-04  1.0E-07
  1.325E+01  1.33104E-02  1.66803E-17  5.95663E-01 -1.02134E-03  1.0E-07
  1.350E+01  1.38150E-02  1.57716E-17  5.63215E-01 -1.13077E-03  1.0E-07
  1.375E+01  1.43290E-02  1.49310E-17  5.33196E-01 -1.24283E-03  1.0E-07
  1.400E+01  1.48521E-02  1.41520E-17  5.05378E-01 -1.35715E-03  1.0E-07
  1.425E+01  1.53845E-02  1.34289E-17  4.79555E-01 -1.47334E-03  1.0E-07
  1.450E+01  1.59262E-02  1.27566E-17  4.55545E-01 -1.59103E-03  1.0E-07
  1.475E+01  1.64770E-02  1.21304E-17  4.33184E-01 -1.70984E-03  1.0E-07
  1.500E+01  1.70371E-02  1.15462E-17  4.12322E-01 -1.82937E-03  1.0E-07
  1.525E+01  1.76063E-02  1.10003E-17  3.92828E-01 -1.94925E-03  1.0E-07
  1.550E+01  1.81848E-02  1.04894E-17  3.74584E-01 -2.06907E-03  1.0E-07
  1.575E+01  1.87724E-02  1.00105E-17  3.57483E-01 -2.18846E-03  1.0E-07
  1.600E+01  1.93692E-02  9.56095E-18  3.41428E-01 -2.30705E-03  1.0E-07
  1.625E+01  1.99751E-02  9.13827E-18  3.26334E-01 -2.42444E-03  1.0E-07
  1.650E+01  2.05901E-02  8.74033E-18  3.12123E-01 -2.54027E-03  1.0E-07
  1.675E+01  2.12143E-02  8.36517E-18  2.98726E-01 -2.65417E-03  1.0E-07
  1.700E+01  2.18476E-02  8.01103E-18  2.86079E-01 -2.76577E-03  1.0E-07
  1.725E+01  2.24900E-02  7.67633E-18  2.74127E-01 -2.87469E-03  1.0E-07
  1.750E+01  2.31415E-02  7.35963E-18  2.62817E-01 -2.98059E-03  1.0E-07
  1.775E+01  2.38021E-02  7.05963E-18  2.52104E-01 -3.08309E-03  1.0E-07
  1.800E+01  2.44717E-02  6.77517E-18  2.41946E-01 -3.18184E-03  1.0E-07
  1.825E+01  2.51504E-02  6.50518E-18  2.32304E-01 -3.27646E-03  1.0E-07
  1.850E+01  2.58382E-02  6.24869E-18  2.23145E-01 -3.36661E-03  1.0E-07
  1.875E+01  2.65349E-02  6.00482E-18  2.14436E-01 -3.45191E-03  1.0E-07
  1.900E+01  2.72407E-02  5.77276E-18  2.06149E-01 -3.53200E-03  1.0E-07
  1.925E+01  2.79555E-02  5.55179E-18  1.98258E-01 -3.60652E-03  1.0E-07
  1.950E+01  2.86793E-02  5.34123E-18  1.90739E-01 -3.67510E-03  1.0E-07
  1.975E+01  2.94120E-02  5.14047E-18  1.83570E-01 -3.73737E-03  1.0E-07
  2.000E+01  3.01537E-02  4.94894E-18  1.76730E-01 -3.79296E-03  1.0E-07
  2.025E+01  3.09043E-02  4.76611E-18  1.70201E-01 -3.84149E-03  1.0E-07
  2.050E+01  3.16639E-02  4.59150E-18  1.63965E-01 -3.88260E-03  1.0E-07
  2.075E+01  3.24324E-02  4.42466E-18  1.58008E-01 -3.91592E-03  1.0E-07
  2.100E+01  3.32098E-02  4.26519E-18  1.52313E-01 -3.94106E-03  1.0E-07
  2.125E+01  3.39961E-02  4.11269E-18  1.46867E-01 -3.95766E-03  1.0E-07
  2.150E+01  3.47912E-02  3.96680E-18  1.41657E-01 -3.96533E-03  1.0E-07
  2.175E+01  3.55952E-02  3.82719E-18  1.36671E-01 -3.96372E-03  1.0E-07
  2.200E+01  3.64081E-02  3.69354E-18  1.31899E-01 -3.95245E-03  1.0E-07
  2.225E+01  3.72297E-02  3.56556E-18  1.27328E-01 -3.93116E-03  1.0E-07
  2.250E+01  3.80602E-02  3.44297E-18  1.22951E-01 -3.89948E-03  1.0E-07
  2.275E+01  3.88995E-02  3.32551E-18  1.18756E-01 -3.85706E-03  1.0E-07
  2.300E+01  3.97476E-02  3.21294E-18  1.14736E-01 -3.80354E-03  1.0E-07
  2.325E+01  4.06044E-02  3.10503E-18  1.10882E-01 -3.73857E-03  1.0E-07
  2.350E+01  4.14700E-02  3.00154E-18  1.07187E-01 -3.66182E-03  1.0E-07
  2.375E+01  4.23443E-02  2.90229E-18  1.03643E-01 -3.57296E-03  1.0E-07
  2.400E+01  4.32273E-02  2.80708E-18  1.00243E-01 -3.47166E-03  1.0E-07
  2.425E+01  4.41190E-02  2.71571E-18  9.69797E-02 -3.35761E-03  1.0E-07
  2.450E+01  4.50194E-02  2.62801E-18  9.38480E-02 -3.23051E-03  1.0E-07
  2.475E+01  4.59284E-02  2.54382E-18  9.08415E-02 -3.09006E-03  1.0E-07
  2.500E+01  4.68461E-02  2.46298E-18  8.79546E-02 -2.93598E-03  1.0E-07
  2.550E+01  4.87074E-02  2.31074E-18  8.25181E-02 -2.58587E-03  1.0E-07
  2.600E+01  5.06030E-02  2.17018E-18  7.74986E-02 -2.17819E-03  1.0E-07
  2.650E+01  5.25328E-02  2.04029E-18  7.28599E-02 -1.71116E-03  1.0E-07
  2.700E+01  5.44967E-02  1.92013E-18  6.85692E-02 -1.18324E-03  1.0E-07
  2.750E+01  5.64946E-02  1.80889E-18  6.45966E-02 -5.93119E-04  1.0E-07
  2.800E+01  5.85262E-02  1.70580E-18  6.09152E-02  6.02472E-05  1.0E-07
  2.850E+01  6.05914E-02  1.61017E-18  5.75003E-02  7.77658E-04  1.0E-07
  2.900E+01  6.26901E-02  1.52138E-18  5.43295E-02  1.55965E-03  1.0E-07
  2.950E+01  6.48222E-02  1.43886E-18  5.13826E-02  2.40653E-03  1.0E-07
  3.000E+01  6.69873E-02  1.36209E-18  4.86410E-02  3.31830E-03  1.0E-07
  3.050E+01  6.91854E-02  1.29059E-18  4.60878E-02  4.29478E-03  1.0E-07
  3.100E+01  7.14163E-02  1.22394E-18  4.37078E-02  5.33549E-03  1.0E-07
  3.150E+01  7.36799E-02  1.16175E-18  4.14870E-02  6.43974E-03  1.0E-07
  3.200E+01  7.59760E-02  1.10367E-18  3.94127E-02  7.60661E-03  1.0E-07
  3.250E+01  7.83043E-02  1.04936E-18  3.74733E-02  8.83494E-03  1.0E-07
  3.300E+01  8.06647E-02  9.98536E-19  3.56584E-02  1.01234E-02  1.0E-07
  3.350E+01  8.30571E-02  9.50926E-19  3.39582E-02  1.14703E-02  1.0E-07
  3.400E+01  8.54812E-02  9.06286E-19  3.23640E-02  1.28740E-02  1.0E-07
  3.450E+01  8.79369E-02  8.64390E-19  3.08679E-02  1.43324E-02  1.0E-07
  3.500E+01  9.04240E-02  8.25034E-19  2.94625E-02  1.58434E-02  1.0E-07
  3.550E+01  9.29422E-02  7.88032E-19  2.81411E-02  1.74047E-02  1.0E-07
  3.600E+01  9.54915E-02  7.53212E-19  2.68977E-02  1.90136E-02  1.0E-07
  3.650E+01  9.80716E-02  7.20417E-19  2.57266E-02  2.06676E-02  1.0E-07
  3.700E+01  1.00682E-01  6.89505E-19  2.46227E-02  2.23636E-02  1.0E-07
  3.750E+01  1.03323E-01  6.60343E-19  2.35813E-02  2.40988E-02  1.0E-07
  3.800E+01  1.05995E-01  6.32812E-19  2.25981E-02  2.58698E-02  1.0E-07
  3.850E+01  1.08696E-01  6.06798E-19  2.16692E-02  2.76734E-02  1.0E-07
  3.900E+01  1.11427E-01  5.82202E-19  2.07908E-02  2.95061E-02  1.0E-07
  3.950E+01  1.14188E-01  5.58929E-19  1.99597E-02  3.13642E-02  1.0E-07
  4.000E+01  1.16978E-01  5.36891E-19  1.91727E-02  3.32441E-02  1.0E-07
  4.050E+01  1.19797E-01  5.16010E-19  1.84270E-02  3.51418E-02  1.0E-07
  4.100E+01  1.22645E-01  4.96211E-19  1.77200E-02  3.70533E-02  1.0E-07
  4.150E+01  1.25522E-01  4.77426E-19  1.70492E-02  3.89747E-02  1.0E-07
  4.200E+01  1.28428E-01  4.59593E-19  1.64124E-02  4.09016E-02  1.0E-07
  4.250E+01  1.31361E-01  4.42652E-19  1.58074E-02  4.28298E-02  1.0E-07
  4.300E+01  1.34323E-01  4.26549E-19  1.52323E-02  4.47550E-02  1.0E-07
  4.350E+01  1.37313E-01  4.11235E-19  1.46855E-02  4.66726E-02  1.0E-07
  4.400E+01  1.40330E-01  3.96661E-19  1.41650E-02  4.85782E-02  1.0E-07
  4.450E+01  1.43375E-01  3.82786E-19  1.36695E-02  5.04673E-02  1.0E-07
  4.500E+01  1.46447E-01  3.69568E-19  1.31975E-02  5.23351E-02  1.0E-07
  4.550E+01  1.49545E-01  3.56969E-19  1.27476E-02  5.41771E-02  1.0E-07
  4.600E+01  1.52671E-01  3.44955E-19  1.23186E-02  5.59886E-02  1.0E-07
  4.650E+01  1.55823E-01  3.33493E-19  1.19093E-02  5.77650E-02  1.0E-07
  4.700E+01  1.59001E-01  3.22552E-19  1.15185E-02  5.95015E-02  1.0E-07
  4.750E+01  1.62205E-01  3.12103E-19  1.11454E-02  6.11934E-02  1.0E-07
  4.800E+01  1.65435E-01  3.02121E-19  1.07889E-02  6.28362E-02  1.0E-07
  4.850E+01  1.68690E-01  2.92578E-19  1.04482E-02  6.44251E-02  1.0E-07
  4.900E+01  1.71970E-01  2.83453E-19  1.01223E-02  6.59556E-02  1.0E-07
  4.950E+01  1.75276E-01  2.74723E-19  9.81054E-03  6.74232E-02  1.0E-07
  5.000E+01  1.78606E-01  2.66367E-19  9.51216E-03  6.88234E-02  1.0E-07
  5.050E+01  1.81961E-01  2.58367E-19  9.22645E-03  7.01517E-02  1.0E-07
  5.100E+01  1.85340E-01  2.50704E-19  8.95279E-03  7.14039E-02  1.0E-07
  5.150E+01  1.88743E-01  2.43360E-19  8.69054E-03  7.25757E-02  1.0E-07
  5.200E+01  1.92169E-01  2.36320E-19  8.43913E-03  7.36629E-02  1.0E-07
  5.250E+01  1.95619E-01  2.29568E-19  8.19803E-03  7.46617E-02  1.0E-07
  5.300E+01  1.99092E-01  2.23091E-19  7.96673E-03  7.55679E-02  1.0E-07
  5.350E+01  2.02589E-01  2.16875E-19  7.74474E-03  7.63780E-02  1.0E-07
  5.400E+01  2.06107E-01  2.10907E-19  7.53161E-03  7.70881E-02  1.0E-07
  5.450E+01  2.09649E-01  2.05175E-19  7.32692E-03  7.76949E-02  1.0E-07
  5.500E+01  2.13212E-01  1.99668E-19  7.13027E-03  7.81950E-02  1.0E-07
  5.550E+01  2.16797E-01  1.94375E-19  6.94126E-03  7.85851E-02  1.0E-07
  5.600E+01  2.20404E-01  1.89287E-19  6.75956E-03  7.88623E-02  1.0E-07
  5.650E+01  2.24032E-01  1.84393E-19  6.58481E-03  7.90237E-02  1.0E-07
  5.700E+01  2.27680E-01  1.79686E-19  6.41670E-03  7.90666E-02  1.0E-07
  5.750E+01  2.31350E-01  1.75156E-19  6.25492E-03  7.89885E-02  1.0E-07
  5.800E+01  2.35040E-01  1.70795E-19  6.09919E-03  7.87870E-02  1.0E-07
  5.850E+01  2.38751E-01  1.66595E-19  5.94923E-03  7.84602E-02  1.0E-07
  5.900E+01  2.42481E-01  1.62551E-19  5.80478E-03  7.80059E-02  1.0E-07
  5.950E+01  2.46231E-01  1.58653E-19  5.66562E-03  7.74224E-02  1.0E-07
  6.000E+01  2.50000E-01  1.54898E-19  5.53149E-03  7.67082E-02  1.0E-07
  6.050E+01  2.53788E-01  1.51277E-19  5.40219E-03  7.58620E-02  1.0E-07
  6.100E+01  2.57595E-01  1.47785E-19  5.27750E-03  7.48825E-02  1.0E-07
  6.150E+01  2.61421E-01  1.44417E-19  5.15723E-03  7.37689E-02  1.0E-07
  6.200E+01  2.65264E-01  1.41168E-19  5.04120E-03  7.25204E-02  1.0E-07
  6.250E+01  2.69126E-01  1.38032E-19  4.92922E-03  7.11363E-02  1.0E-07
  6.300E+01  2.73005E-01  1.35005E-19  4.82112E-03  6.96165E-02  1.0E-07
  6.350E+01  2.76901E-01  1.32082E-19  4.71674E-03  6.79607E-02  1.0E-07
  6.400E+01  2.80814E-01  1.29260E-19  4.61594E-03  6.61690E-02  1.0E-07
  6.450E+01  2.84744E-01  1.26533E-19  4.51857E-03  6.42417E-02  1.0E-07
  6.500E+01  2.88691E-01  1.23898E-19  4.42448E-03  6.21792E-02  1.0E-07
  6.550E+01  2.92653E-01  1.21352E-19  4.33355E-03  5.99822E-02  1.0E-07
  6.600E+01  2.96632E-01  1.18890E-19  4.24565E-03  5.76515E-02  1.0E-07
  6.650E+01  3.00625E-01  1.16510E-19  4.16066E-03  5.51882E-02  1.0E-07
  6.700E+01  3.04634E-01  1.14209E-19  4.07847E-03  5.25934E-02  1.0E-07
  6.750E+01  3.08658E-01  1.11983E-19  3.99897E-03  4.98688E-02  1.0E-07
  6.800E+01  3.12697E-01  1.09829E-19  3.92206E-03  4.70157E-02  1.0E-07
  6.850E+01  3.16749E-01  1.07745E-19  3.84763E-03  4.40361E-02  1.0E-07
  6.900E+01  3.20816E-01  1.05728E-19  3.77560E-03  4.09318E-02  1.0E-07
  6.950E+01  3.24896E-01  1.03775E-19  3.70588E-03  3.77050E-02  1.0E-07
  7.000E+01  3.28990E-01  1.01885E-19  3.63837E-03  3.43580E-02  1.0E-07
  7.050E+01  3.33097E-01  1.00054E-19  3.57300E-03  3.08932E-02  1.0E-07
  7.100E+01  3.37216E-01  9.82813E-20  3.50969E-03  2.73133E-02  1.0E-07
  7.150E+01  3.41348E-01  9.65639E-20  3.44836E-03  2.36209E-02  1.0E-07
  7.200E+01  3.45492E-01  9.49001E-20  3.38894E-03  1.98191E-02  1.0E-07
  7.250E+01  3.49647E-01  9.32879E-20  3.33137E-03  1.59109E-02  1.0E-07
  7.300E+01  3.53814E-01  9.17255E-20  3.27558E-03  1.18993E-02  1.0E-07
  7.350E+01  3.57992E-01  9.02111E-20  3.22150E-03  7.78788E-03  1.0E-07
  7.400E+01  3.62181E-01  8.87431E-20  3.16908E-03  3.57990E-03  1.0E-07
  7.450E+01  3.66381E-01  8.73199E-20  3.11825E-03 -7.21042E-04  1.0E-07
  7.500E+01  3.70590E-01  8.59399E-20  3.06897E-03 -5.11130E-03  1.0E-07
  7.550E+01  3.74810E-01  8.46016E-20  3.02118E-03 -9.58711E-03  1.0E-07
  7.600E+01  3.79039E-01  8.33036E-20  2.97483E-03 -1.41446E-02  1.0E-07
  7.650E+01  3.83277E-01  8.20446E-20  2.92987E-03 -1.87799E-02  1.0E-07
  7.700E+01  3.87524E-01  8.08232E-20  2.88625E-03 -2.34889E-02  1.0E-07
  7.750E+01  3.91780E-01  7.96383E-20  2.84393E-03 -2.82675E-02  1.0E-07
  7.800E+01  3.96044E-01  7.84885E-20  2.80288E-03 -3.31115E-02  1.0E-07
  7.850E+01  4.00316E-01  7.73728E-20  2.76303E-03 -3.80167E-02  1.0E-07
  7.900E+01  4.04596E-01  7.62900E-20  2.72437E-03 -4.29789E-02  1.0E-07
  7.950E+01  4.08882E-01  7.52392E-20  2.68684E-03 -4.79936E-02  1.0E-07
  8.000E+01  4.13176E-01  7.42191E-20  2.65041E-03 -5.30565E-02  1.0E-07
  8.050E+01  4.17476E-01  7.32289E-20  2.61505E-03 -5.81632E-02  1.0E-07
  8.100E+01  4.21783E-01  7.22677E-20  2.58073E-03 -6.33092E-02  1.0E-07
  8.150E+01  4.26095E-01  7.13345E-20  2.54740E-03 -6.84901E-02  1.0E-07
  8.200E+01  4.30413E-01  7.04284E-20  2.51504E-03 -7.37014E-02  1.0E-07
  8.250E+01  4.34737E-01  6.95486E-20  2.48362E-03 -7.89387E-02  1.0E-07
  8.300E+01  4.39065E-01  6.86942E-20  2.45312E-03 -8.41973E-02  1.0E-07
  8.350E+01  4.43398E-01  6.78646E-20  2.42349E-03 -8.94730E-02  1.0E-07
  8.400E+01  4.47736E-01  6.70590E-20  2.39472E-03 -9.47612E-02  1.0E-07
  8.450E+01  4.52077E-01  6.62765E-20  2.36678E-03 -1.00057E-01  1.0E-07
  8.500E+01  4.56422E-01  6.55166E-20  2.33964E-03 -1.05357E-01  1.0E-07
  8.550E+01  4.60770E-01  6.47785E-20  2.31328E-03 -1.10657E-01  1.0E-07
  8.600E+01  4.65122E-01  6.40616E-20  2.28768E-03 -1.15951E-01  1.0E-07
  8.650E+01  4.69476E-01  6.33652E-20  2.26281E-03 -1.21236E-01  1.0E-07
  8.700E+01  4.73832E-01  6.26888E-20  2.23866E-03 -1.26507E-01  1.0E-07
  8.750E+01  4.78190E-01  6.20318E-20  2.21520E-03 -1.31760E-01  1.0E-07
  8.800E+01  4.82550E-01  6.13936E-20  2.19241E-03 -1.36992E-01  1.0E-07
  8.850E+01  4.86912E-01  6.07737E-20  2.17027E-03 -1.42198E-01  1.0E-07
  8.900E+01  4.91274E-01  6.01714E-20  2.14876E-03 -1.47374E-01  1.0E-07
  8.950E+01  4.95637E-01  5.95864E-20  2.12787E-03 -1.52516E-01  1.0E-07
  9.000E+01  5.00000E-01  5.90182E-20  2.10758E-03 -1.57620E-01  1.0E-07
  9.050E+01  5.04363E-01  5.84662E-20  2.08786E-03 -1.62683E-01  1.0E-07
  9.100E+01  5.08726E-01  5.79299E-20  2.06872E-03 -1.67701E-01  1.0E-07
  9.150E+01  5.13088E-01  5.74090E-20  2.05011E-03 -1.72670E-01  1.0E-07
  9.200E+01  5.17450E-01  5.69031E-20  2.03205E-03 -1.77588E-01  1.0E-07
  9.250E+01  5.21810E-01  5.64116E-20  2.01449E-03 -1.82450E-01  1.0E-07
  9.300E+01  5.26168E-01  5.59342E-20  1.99745E-03 -1.87253E-01  1.0E-07
  9.350E+01  5.30524E-01  5.54705E-20  1.98089E-03 -1.91994E-01  1.0E-07
  9.400E+01  5.34878E-01  5.50201E-20  1.96481E-03 -1.96671E-01  1.0E-07
  9.450E+01  5.39230E-01  5.45827E-20  1.94918E-03 -2.01280E-01  1.0E-07
  9.500E+01  5.43578E-01  5.41579E-20  1.93401E-03 -2.05818E-01  1.0E-07
  9.550E+01  5.47923E-01  5.37453E-20  1.91928E-03 -2.10283E-01  1.0E-07
  9.600E+01  5.52264E-01  5.33447E-20  1.90497E-03 -2.14672E-01  1.0E-07
  9.650E+01  5.56602E-01  5.29556E-20  1.89108E-03 -2.18982E-01  1.0E-07
  9.700E+01  5.60935E-01  5.25778E-20  1.87759E-03 -2.23212E-01  1.0E-07
  9.750E+01  5.65263E-01  5.22110E-20  1.86449E-03 -2.27359E-01  1.0E-07
  9.800E+01  5.69587E-01  5.18548E-20  1.85177E-03 -2.31420E-01  1.0E-07
  9.850E+01  5.73905E-01  5.15091E-20  1.83942E-03 -2.35395E-01  1.0E-07
  9.900E+01  5.78217E-01  5.11734E-20  1.82744E-03 -2.39280E-01  1.0E-07
  9.950E+01  5.82524E-01  5.08476E-20  1.81580E-03 -2.43075E-01  1.0E-07
  1.000E+02  5.86824E-01  5.05314E-20  1.80451E-03 -2.46777E-01  1.0E-07
  1.005E+02  5.91118E-01  5.02245E-20  1.79355E-03 -2.50386E-01  1.0E-07
  1.010E+02  5.95404E-01  4.99266E-20  1.78291E-03 -2.53898E-01  1.0E-07
  1.015E+02  5.99684E-01  4.96376E-20  1.77259E-03 -2.57315E-01  1.0E-07
  1.020E+02  6.03956E-01  4.93571E-20  1.76258E-03 -2.60633E-01  1.0E-07
  1.025E+02  6.08220E-01  4.90851E-20  1.75286E-03 -2.63853E-01  1.0E-07
  1.030E+02  6.12476E-01  4.88212E-20  1.74344E-03 -2.66972E-01  1.0E-07
  1.035E+02  6.16723E-01  4.85652E-20  1.73429E-03 -2.69991E-01  1.0E-07
  1.040E+02  6.20961E-01  4.83169E-20  1.72543E-03 -2.72908E-01  1.0E-07
  1.045E+02  6.25190E-01  4.80762E-20  1.71683E-03 -2.75723E-01  1.0E-07
  1.050E+02  6.29410E-01  4.78427E-20  1.70849E-03 -2.78436E-01  1.0E-07
  1.055E+02  6.33619E-01  4.76164E-20  1.70041E-03 -2.81045E-01  1.0E-07
  1.060E+02  6.37819E-01  4.73970E-20  1.69258E-03 -2.83551E-01  1.0E-07
  1.065E+02  6.42008E-01  4.71844E-20  1.68499E-03 -2.85953E-01  1.0E-07
  1.070E+02  6.46186E-01  4.69784E-20  1.67763E-03 -2.88251E-01  1.0E-07
  1.075E+02  6.50353E-01  4.67788E-20  1.67050E-03 -2.90445E-01  1.0E-07
  1.080E+02  6.54508E-01  4.65854E-20  1.66359E-03 -2.92535E-01  1.0E-07
  1.085E+02  6.58652E-01  4.63981E-20  1.65690E-03 -2.94522E-01  1.0E-07
  1.090E+02  6.62784E-01  4.62166E-20  1.65043E-03 -2.96405E-01  1.0E-07
  1.095E+02  6.66903E-01  4.60410E-20  1.64415E-03 -2.98185E-01  1.0E-07
  1.100E+02  6.71010E-01  4.58710E-20  1.63808E-03 -2.99861E-01  1.0E-07
  1.105E+02  6.75104E-01  4.57064E-20  1.63220E-03 -3.01435E-01  1.0E-07
  1.110E+02  6.79184E-01  4.55471E-20  1.62652E-03 -3.02907E-01  1.0E-07
  1.115E+02  6.83251E-01  4.53930E-20  1.62101E-03 -3.04278E-01  1.0E-07
  1.120E+02  6.87303E-01  4.52439E-20  1.61569E-03 -3.05548E-01  1.0E-07
  1.125E+02  6.91342E-01  4.50998E-20  1.61054E-03 -3.06717E-01  1.0E-07
  1.130E+02  6.95366E-01  4.49604E-20  1.60556E-03 -3.07787E-01  1.0E-07
  1.135E+02  6.99375E-01  4.48257E-20  1.60075E-03 -3.08759E-01  1.0E-07
  1.140E+02  7.03368E-01  4.46955E-20  1.59610E-03 -3.09633E-01  1.0E-07
  1.145E+02  7.07347E-01  4.45696E-20  1.59161E-03 -3.10410E-01  1.0E-07
  1.150E+02  7.11309E-01  4.44481E-20  1.58727E-03 -3.11091E-01  1.0E-07
  1.155E+02  7.15256E-01  4.43308E-20  1.58308E-03 -3.11677E-01  1.0E-07
  1.160E+02  7.19186E-01  4.42175E-20  1.57904E-03 -3.12169E-01  1.0E-07
  1.165E+02  7.23099E-01  4.41081E-20  1.57513E-03 -3.12569E-01  1.0E-07
  1.170E+02  7.26995E-01  4.40027E-20  1.57136E-03 -3.12877E-01  1.0E-07
  1.175E+02  7.30874E-01  4.39009E-20  1.56773E-03 -3.13094E-01  1.0E-07
  1.180E+02  7.34736E-01  4.38028E-20  1.56423E-03 -3.13222E-01  1.0E-07
  1.185E+02  7.38579E-01  4.37082E-20  1.56085E-03 -3.13262E-01  1.0E-07
  1.190E+02  7.42405E-01  4.36171E-20  1.55759E-03 -3.13216E-01  1.0E-07
  1.195E+02  7.46212E-01  4.35293E-20  1.55446E-03 -3.13083E-01  1.0E-07
  1.200E+02  7.50000E-01  4.34448E-20  1.55144E-03 -3.12867E-01  1.0E-07
  1.205E+02  7.53769E-01  4.33634E-20  1.54854E-03 -3.12567E-01  1.0E-07
  1.210E+02  7.57519E-01  4.32852E-20  1.54574E-03 -3.12186E-01  1.0E-07
  1.215E+02  7.61249E-01  4.32099E-20  1.54305E-03 -3.11724E-01  1.0E-07
  1.220E+02  7.64960E-01  4.31375E-20  1.54047E-03 -3.11183E-01  1.0E-07
  1.225E+02  7.68650E-01  4.30680E-20  1.53799E-03 -3.10565E-01  1.0E-07
  1.230E+02  7.72320E-01  4.30012E-20  1.53560E-03 -3.09871E-01  1.0E-07
  1.235E+02  7.75968E-01  4.29371E-20  1.53331E-03 -3.09102E-01  1.0E-07
  1.240E+02  7.79596E-01  4.28756E-20  1.53112E-03 -3.08259E-01  1.0E-07
  1.245E+02  7.83203E-01  4.28166E-20  1.52901E-03 -3.07344E-01  1.0E-07
  1.250E+02  7.86788E-01  4.27601E-20  1.52699E-03 -3.06358E-01  1.0E-07
  1.255E+02  7.90351E-01  4.27059E-20  1.52506E-03 -3.05303E-01  1.0E-07
  1.260E+02  7.93893E-01  4.26541E-20  1.52321E-03 -3.04180E-01  1.0E-07
  1.265E+02  7.97411E-01  4.26045E-20  1.52143E-03 -3.02991E-01  1.0E-07
  1.270E+02  8.00908E-01  4.25571E-20  1.51974E-03 -3.01737E-01  1.0E-07
  1.275E+02  8.04381E-01  4.25118E-20  1.51812E-03 -3.00418E-01  1.0E-07
  1.280E+02  8.07831E-01  4.24685E-20  1.51658E-03 -2.99038E-01  1.0E-07
  1.285E+02  8.11257E-01  4.24273E-20  1.51510E-03 -2.97596E-01  1.0E-07
  1.290E+02  8.14660E-01  4.23879E-20  1.51370E-03 -2.96094E-01  1.0E-07
  1.295E+02  8.18039E-01  4.23505E-20  1.51236E-03 -2.94535E-01  1.0E-07
  1.300E+02  8.21394E-01  4.23148E-20  1.51109E-03 -2.92918E-01  1.0E-07
  1.305E+02  8.24724E-01  4.22809E-20  1.50988E-03 -2.91246E-01  1.0E-07
  1.310E+02  8.28030E-01  4.22487E-20  1.50873E-03 -2.89519E-01  1.0E-07
  1.315E+02  8.31310E-01  4.22182E-20  1.50764E-03 -2.87739E-01  1.0E-07
  1.320E+02  8.34565E-01  4.21893E-20  1.50661E-03 -2.85908E-01  1.0E-07
  1.325E+02  8.37795E-01  4.21619E-20  1.50563E-03 -2.84025E-01  1.0E-07
  1.330E+02  8.40999E-01  4.21360E-20  1.50470E-03 -2.82094E-01  1.0E-07
  1.335E+02  8.44177E-01  4.21115E-20  1.50383E-03 -2.80115E-01  1.0E-07
  1.340E+02  8.47329E-01  4.20885E-20  1.50301E-03 -2.78089E-01  1.0E-07
  1.345E+02  8.50455E-01  4.20668E-20  1.50223E-03 -2.76017E-01  1.0E-07
  1.350E+02  8.53553E-01  4.20464E-20  1.50151E-03 -2.73901E-01  1.0E-07
  1.355E+02  8.56625E-01  4.20273E-20  1.50082E-03 -2.71742E-01  1.0E-07
  1.360E+02  8.59670E-01  4.20094E-20  1.50018E-03 -2.69541E-01  1.0E-07
  1.365E+02  8.62687E-01  4.19927E-20  1.49959E-03 -2.67299E-01  1.0E-07
  1.370E+02  8.65677E-01  4.19772E-20  1.49903E-03 -2.65018E-01  1.0E-07
  1.375E+02  8.68639E-01  4.19627E-20  1.49852E-03 -2.62697E-01  1.0E-07
  1.380E+02  8.71572E-01  4.19493E-20  1.49804E-03 -2.60339E-01  1.0E-07
  1.385E+02  8.74478E-01  4.19369E-20  1.49759E-03 -2.57945E-01  1.0E-07
  1.390E+02  8.77355E-01  4.19255E-20  1.49719E-03 -2.55515E-01  1.0E-07
  1.395E+02  8.80203E-01  4.19151E-20  1.49681E-03 -2.53050E-01  1.0E-07
  1.400E+02  8.83022E-01  4.19055E-20  1.49647E-03 -2.50553E-01  1.0E-07
  1.405E+02  8.85812E-01  4.18969E-20  1.49616E-03 -2.48022E-01  1.0E-07
  1.410E+02  8.88573E-01  4.18890E-20  1.49588E-03 -2.45461E-01  1.0E-07
  1.415E+02  8.91304E-01  4.18820E-20  1.49563E-03 -2.42868E-01  1.0E-07
  1.420E+02  8.94005E-01  4.18758E-20  1.49541E-03 -2.40247E-01  1.0E-07
  1.425E+02  8.96677E-01  4.18703E-20  1.49522E-03 -2.37596E-01  1.0E-07
  1.430E+02  8.99318E-01  4.18655E-20  1.49505E-03 -2.34918E-01  1.0E-07
  1.435E+02  9.01928E-01  4.18615E-20  1.49490E-03 -2.32213E-01  1.0E-07
  1.440E+02  9.04508E-01  4.18580E-20  1.49478E-03 -2.29481E-01  1.0E-07
  1.445E+02  9.07058E-01  4.18552E-20  1.49468E-03 -2.26725E-01  1.0E-07
  1.450E+02  9.09576E-01  4.18530E-20  1.49460E-03 -2.23944E-01  1.0E-07
  1.455E+02  9.12063E-01  4.18514E-20  1.49454E-03 -2.21139E-01  1.0E-07
  1.460E+02  9.14519E-01  4.18503E-20  1.49450E-03 -2.18312E-01  1.0E-07
  1.465E+02  9.16943E-01  4.18497E-20  1.49448E-03 -2.15462E-01  1.0E-07
  1.470E+02  9.19335E-01  4.18496E-20  1.49448E-03 -2.12591E-01  1.0E-07
  1.475E+02  9.21696E-01  4.18500E-20  1.49449E-03 -2.09700E-01  1.0E-07
  1.480E+02  9.24024E-01  4.18509E-20  1.49452E-03 -2.06788E-01  1.0E-07
  1.485E+02  9.26320E-01  4.18521E-20  1.49457E-03 -2.03857E-01  1.0E-07
  1.490E+02  9.28584E-01  4.18538E-20  1.49463E-03 -2.00908E-01  1.0E-07
  1.495E+02  9.30815E-01  4.18558E-20  1.49470E-03 -1.97941E-01  1.0E-07
  1.500E+02  9.33013E-01  4.18582E-20  1.49478E-03 -1.94956E-01  1.0E-07
  1.505E+02  9.35178E-01  4.18609E-20  1.49488E-03 -1.91955E-01  1.0E-07
  1.510E+02  9.37310E-01  4.18639E-20  1.49499E-03 -1.88937E-01  1.0E-07
  1.515E+02  9.39409E-01  4.18672E-20  1.49511E-03 -1.85905E-01  1.0E-07
  1.520E+02  9.41474E-01  4.18708E-20  1.49523E-03 -1.82857E-01  1.0E-07
  1.525E+02  9.43505E-01  4.18746E-20  1.49537E-03 -1.79794E-01  1.0E-07
  1.530E+02  9.45503E-01  4.18787E-20  1.49552E-03 -1.76718E-01  1.0E-07
  1.535E+02  9.47467E-01  4.18830E-20  1.49567E-03 -1.73629E-01  1.0E-07
  1.540E+02  9.49397E-01  4.18875E-20  1.49583E-03 -1.70526E-01  1.0E-07
  1.545E+02  9.51293E-01  4.18922E-20  1.49600E-03 -1.67412E-01  1.0E-07
  1.550E+02  9.53154E-01  4.18970E-20  1.49617E-03 -1.64285E-01  1.0E-07
  1.555E+02  9.54981E-01  4.19020E-20  1.49635E-03 -1.61147E-01  1.0E-07
  1.560E+02  9.56773E-01  4.19071E-20  1.49653E-03 -1.57998E-01  1.0E-07
  1.565E+02  9.58530E-01  4.19123E-20  1.49672E-03 -1.54838E-01  1.0E-07
  1.570E+02  9.60252E-01  4.19176E-20  1.49691E-03 -1.51669E-01  1.0E-07
  1.575E+02  9.61940E-01  4.19231E-20  1.49710E-03 -1.48489E-01  1.0E-07
  1.580E+02  9.63592E-01  4.19285E-20  1.49730E-03 -1.45301E-01  1.0E-07
  1.585E+02  9.65209E-01  4.19341E-20  1.49749E-03 -1.42103E-01  1.0E-07
  1.590E+02  9.66790E-01  4.19397E-20  1.49769E-03 -1.38897E-01  1.0E-07
  1.595E+02  9.68336E-01  4.19453E-20  1.49789E-03 -1.35683E-01  1.0E-07
  1.600E+02  9.69846E-01  4.19510E-20  1.49810E-03 -1.32460E-01  1.0E-07
  1.605E+02  9.71321E-01  4.19566E-20  1.49830E-03 -1.29230E-01  1.0E-07
  1.610E+02  9.72759E-01  4.19623E-20  1.49850E-03 -1.25993E-01  1.0E-07
  1.615E+02  9.74162E-01  4.19679E-20  1.49870E-03 -1.22750E-01  1.0E-07
  1.620E+02  9.75528E-01  4.19735E-20  1.49890E-03 -1.19499E-01  1.0E-07
  1.625E+02  9.76858E-01  4.19791E-20  1.49910E-03 -1.16242E-01  1.0E-07
  1.630E+02  9.78152E-01  4.19847E-20  1.49930E-03 -1.12979E-01  1.0E-07
  1.635E+02  9.79410E-01  4.19901E-20  1.49950E-03 -1.09711E-01  1.0E-07
  1.640E+02  9.80631E-01  4.19955E-20  1.49969E-03 -1.06437E-01  1.0E-07
  1.645E+02  9.81815E-01  4.20009E-20  1.49988E-03 -1.03158E-01  1.0E-07
  1.650E+02  9.82963E-01  4.20061E-20  1.50007E-03 -9.98736E-02  1.0E-07
  1.655E+02  9.84074E-01  4.20113E-20  1.50025E-03 -9.65847E-02  1.0E-07
  1.660E+02  9.85148E-01  4.20164E-20  1.50043E-03 -9.32914E-02  1.0E-07
  1.665E+02  9.86185E-01  4.20213E-20  1.50061E-03 -8.99937E-02  1.0E-07
  1.670E+02  9.87185E-01  4.20262E-20  1.50078E-03 -8.66920E-02  1.0E-07
  1.675E+02  9.88148E-01  4.20309E-20  1.50095E-03 -8.33865E-02  1.0E-07
  1.680E+02  9.89074E-01  4.20355E-20  1.50111E-03 -8.00773E-02  1.0E-07
  1.685E+02  9.89962E-01  4.20399E-20  1.50127E-03 -7.67647E-02  1.0E-07
  1.690E+02  9.90814E-01  4.20442E-20  1.50143E-03 -7.34489E-02  1.0E-07
  1.695E+02  9.91627E-01  4.20484E-20  1.50157E-03 -7.01299E-02  1.0E-07
  1.700E+02  9.92404E-01  4.20524E-20  1.50172E-03 -6.68081E-02  1.0E-07
  1.705E+02  9.93143E-01  4.20562E-20  1.50185E-03 -6.34836E-02  1.0E-07
  1.710E+02  9.93844E-01  4.20599E-20  1.50198E-03 -6.01565E-02  1.0E-07
  1.715E+02  9.94508E-01  4.20634E-20  1.50211E-03 -5.68270E-02  1.0E-07
  1.720E+02  9.95134E-01  4.20667E-20  1.50223E-03 -5.34953E-02  1.0E-07
  1.725E+02  9.95722E-01  4.20698E-20  1.50234E-03 -5.01615E-02  1.0E-07
  1.730E+02  9.96273E-01  4.20728E-20  1.50245E-03 -4.68258E-02  1.0E-07
  1.735E+02  9.96786E-01  4.20756E-20  1.50255E-03 -4.34883E-02  1.0E-07
  1.740E+02  9.97261E-01  4.20782E-20  1.50264E-03 -4.01492E-02  1.0E-07
  1.745E+02  9.97698E-01  4.20805E-20  1.50272E-03 -3.68086E-02  1.0E-07
  1.750E+02  9.98097E-01  4.20827E-20  1.50280E-03 -3.34666E-02  1.0E-07
  1.755E+02  9.98459E-01  4.20847E-20  1.50287E-03 -3.01234E-02  1.0E-07
  1.760E+02  9.98782E-01  4.20865E-20  1.50294E-03 -2.67791E-02  1.0E-07
  1.765E+02  9.99067E-01  4.20881E-20  1.50299E-03 -2.34338E-02  1.0E-07
  1.770E+02  9.99315E-01  4.20895E-20  1.50304E-03 -2.00877E-02  1.0E-07
  1.775E+02  9.99524E-01  4.20906E-20  1.50308E-03 -1.67408E-02  1.0E-07
  1.780E+02  9.99695E-01  4.20916E-20  1.50312E-03 -1.33934E-02  1.0E-07
  1.785E+02  9.99829E-01  4.20923E-20  1.50314E-03 -1.00454E-02  1.0E-07
  1.790E+02  9.99924E-01  4.20929E-20  1.50316E-03 -6.69716E-03  1.0E-07
  1.795E+02  9.99981E-01  4.20932E-20  1.50317E-03 -3.34864E-03  1.0E-07
  1.800E+02  1.00000E+00  4.20933E-20  1.50318E-03 -4.69932E-17  1.0E-07
