 #
 # Subroutine ELSEPA. Elastic scattering of electrons and positrons
 #                    by neutral atoms and positive ions
 #
 # Projectile: electron
 # Kinetic energy = 1.40000E+02 eV = 5.14491E+00 a.u.
 #
 # Element: Au,  Z =  79,  atomic weight = 1.96967E+02 g/mol
 #
 # Nuclear model: Fermi distribution
 #                Average radius = 6.22560E-13 cm
 #                Skin thickness = 5.46000E-14 cm
 #
 # Number of electrons = 79
 #
 # Electron density: Read from file z_079.den   
 #                   Number of data points =  777
 #                   Volume integral = 7.90000E+01
 #
 # Furness-McCarthy exchange potential
 #
 # Total elastic cross section = 8.01587E-16 cm**2 = 2.86252E+01 a0**2
 # 1st transport cross section = 1.22656E-16 cm**2 = 4.38014E+00 a0**2
 # 2nd transport cross section = 2.42261E-16 cm**2 = 8.65131E+00 a0**2
 #
 #
 # Differential cross section:                       MU=(1-COS(THETA))/2
 #
 #  THETA        MU          DCS          DCS        Sherman      error
 #  (deg)                 (cm**2/sr)   (a0**2/sr)    function
 #----------------------------------------------------------------------
  0.000E+00  0.00000E+00  2.26060E-15  8.07276E+01  0.00000E+00  1.0E-07
  1.000E-04  7.61557E-13  2.26060E-15  8.07276E+01  6.28542E-08  1.0E-07
  1.250E-04  1.18994E-12  2.26060E-15  8.07276E+01  7.85678E-08  1.0E-07
  1.500E-04  1.71346E-12  2.26060E-15  8.07276E+01  9.42814E-08  1.0E-07
  1.750E-04  2.33225E-12  2.26060E-15  8.07276E+01  1.09995E-07  1.0E-07
  2.000E-04  3.04617E-12  2.26060E-15  8.07276E+01  1.25708E-07  1.0E-07
  2.250E-04  3.85530E-12  2.26060E-15  8.07276E+01  1.41422E-07  1.0E-07
  2.500E-04  4.75964E-12  2.26060E-15  8.07276E+01  1.57136E-07  1.0E-07
  2.750E-04  5.75917E-12  2.26060E-15  8.07276E+01  1.72849E-07  1.0E-07
  3.000E-04  6.85391E-12  2.26060E-15  8.07276E+01  1.88563E-07  1.0E-07
  3.250E-04  8.04379E-12  2.26060E-15  8.07276E+01  2.04276E-07  1.0E-07
  3.500E-04  9.32893E-12  2.26060E-15  8.07276E+01  2.19990E-07  1.0E-07
  3.750E-04  1.07092E-11  2.26060E-15  8.07276E+01  2.35703E-07  1.0E-07
  4.000E-04  1.21847E-11  2.26060E-15  8.07276E+01  2.51417E-07  1.0E-07
  4.250E-04  1.37554E-11  2.26060E-15  8.07276E+01  2.67131E-07  1.0E-07
  4.500E-04  1.54213E-11  2.26060E-15  8.07276E+01  2.82844E-07  1.0E-07
  4.750E-04  1.71823E-11  2.26060E-15  8.07276E+01  2.98558E-07  1.0E-07
  5.000E-04  1.90386E-11  2.26060E-15  8.07276E+01  3.14271E-07  1.0E-07
  5.250E-04  2.09900E-11  2.26060E-15  8.07276E+01  3.29985E-07  1.0E-07
  5.500E-04  2.30367E-11  2.26060E-15  8.07276E+01  3.45698E-07  1.0E-07
  5.750E-04  2.51785E-11  2.26060E-15  8.07276E+01  3.61412E-07  1.0E-07
  6.000E-04  2.74156E-11  2.26060E-15  8.07276E+01  3.77125E-07  1.0E-07
  6.250E-04  2.97478E-11  2.26060E-15  8.07276E+01  3.92839E-07  1.0E-07
  6.500E-04  3.21752E-11  2.26060E-15  8.07276E+01  4.08553E-07  1.0E-07
  6.750E-04  3.46979E-11  2.26060E-15  8.07276E+01  4.24266E-07  1.0E-07
  7.000E-04  3.73157E-11  2.26060E-15  8.07276E+01  4.39980E-07  1.0E-07
  7.250E-04  4.00286E-11  2.26060E-15  8.07276E+01  4.55693E-07  1.0E-07
  7.500E-04  4.28368E-11  2.26060E-15  8.07276E+01  4.71407E-07  1.0E-07
  7.750E-04  4.57402E-11  2.26060E-15  8.07276E+01  4.87120E-07  1.0E-07
  8.000E-04  4.87388E-11  2.26060E-15  8.07276E+01  5.02834E-07  1.0E-07
  8.250E-04  5.18325E-11  2.26060E-15  8.07276E+01  5.18547E-07  1.0E-07
  8.500E-04  5.50215E-11  2.26060E-15  8.07276E+01  5.34261E-07  1.0E-07
  8.750E-04  5.83057E-11  2.26060E-15  8.07276E+01  5.49975E-07  1.0E-07
  9.000E-04  6.16850E-11  2.26060E-15  8.07276E+01  5.65688E-07  1.0E-07
  9.250E-04  6.51595E-11  2.26060E-15  8.07276E+01  5.81402E-07  1.0E-07
  9.500E-04  6.87293E-11  2.26060E-15  8.07276E+01  5.97115E-07  1.0E-07
  9.750E-04  7.23943E-11  2.26060E-15  8.07276E+01  6.12829E-07  1.0E-07
  1.000E-03  7.61544E-11  2.26060E-15  8.07276E+01  6.28542E-07  1.0E-07
  1.250E-03  1.18991E-10  2.26060E-15  8.07276E+01  7.85678E-07  1.0E-07
  1.500E-03  1.71347E-10  2.26060E-15  8.07276E+01  9.42814E-07  1.0E-07
  1.750E-03  2.33223E-10  2.26060E-15  8.07276E+01  1.09995E-06  1.0E-07
  2.000E-03  3.04617E-10  2.26060E-15  8.07276E+01  1.25708E-06  1.0E-07
  2.250E-03  3.85531E-10  2.26060E-15  8.07276E+01  1.41422E-06  1.0E-07
  2.500E-03  4.75965E-10  2.26060E-15  8.07276E+01  1.57136E-06  1.0E-07
  2.750E-03  5.75917E-10  2.26060E-15  8.07276E+01  1.72849E-06  1.0E-07
  3.000E-03  6.85389E-10  2.26060E-15  8.07276E+01  1.88563E-06  1.0E-07
  3.250E-03  8.04380E-10  2.26060E-15  8.07276E+01  2.04276E-06  1.0E-07
  3.500E-03  9.32891E-10  2.26060E-15  8.07276E+01  2.19990E-06  1.0E-07
  3.750E-03  1.07092E-09  2.26060E-15  8.07276E+01  2.35703E-06  1.0E-07
  4.000E-03  1.21847E-09  2.26060E-15  8.07276E+01  2.51417E-06  1.0E-07
  4.250E-03  1.37554E-09  2.26060E-15  8.07276E+01  2.67131E-06  1.0E-07
  4.500E-03  1.54213E-09  2.26060E-15  8.07276E+01  2.82844E-06  1.0E-07
  4.750E-03  1.71823E-09  2.26060E-15  8.07276E+01  2.98558E-06  1.0E-07
  5.000E-03  1.90386E-09  2.26060E-15  8.07276E+01  3.14271E-06  1.0E-07
  5.250E-03  2.09900E-09  2.26060E-15  8.07276E+01  3.29985E-06  1.0E-07
  5.500E-03  2.30367E-09  2.26060E-15  8.07276E+01  3.45698E-06  1.0E-07
  5.750E-03  2.51785E-09  2.26060E-15  8.07276E+01  3.61412E-06  1.0E-07
  6.000E-03  2.74156E-09  2.26060E-15  8.07276E+01  3.77125E-06  1.0E-07
  6.250E-03  2.97478E-09  2.26060E-15  8.07276E+01  3.92839E-06  1.0E-07
  6.500E-03  3.21752E-09  2.26060E-15  8.07276E+01  4.08553E-06  1.0E-07
  6.750E-03  3.46978E-09  2.26060E-15  8.07276E+01  4.24266E-06  1.0E-07
  7.000E-03  3.73156E-09  2.26060E-15  8.07276E+01  4.39980E-06  1.0E-07
  7.250E-03  4.00286E-09  2.26060E-15  8.07276E+01  4.55693E-06  1.0E-07
  7.500E-03  4.28368E-09  2.26060E-15  8.07276E+01  4.71407E-06  1.0E-07
  7.750E-03  4.57402E-09  2.26060E-15  8.07276E+01  4.87120E-06  1.0E-07
  8.000E-03  4.87388E-09  2.26060E-15  8.07276E+01  5.02834E-06  1.0E-07
  8.250E-03  5.18326E-09  2.26060E-15  8.07276E+01  5.18548E-06  1.0E-07
  8.500E-03  5.50215E-09  2.26060E-15  8.07276E+01  5.34261E-06  1.0E-07
  8.750E-03  5.83057E-09  2.26060E-15  8.07276E+01  5.49975E-06  1.0E-07
  9.000E-03  6.16850E-09  2.26060E-15  8.07276E+01  5.65688E-06  1.0E-07
  9.250E-03  6.51596E-09  2.26060E-15  8.07276E+01  5.81402E-06  1.0E-07
  9.500E-03  6.87293E-09  2.26060E-15  8.07276E+01  5.97115E-06  1.0E-07
  9.750E-03  7.23942E-09  2.26060E-15  8.07276E+01  6.12829E-06  1.0E-07
  1.000E-02  7.61544E-09  2.26060E-15  8.07276E+01  6.28543E-06  1.0E-07
  1.250E-02  1.18991E-08  2.26060E-15  8.07276E+01  7.85678E-06  1.0E-07
  1.500E-02  1.71347E-08  2.26060E-15  8.07276E+01  9.42814E-06  1.0E-07
  1.750E-02  2.33223E-08  2.26060E-15  8.07275E+01  1.09995E-05  1.0E-07
  2.000E-02  3.04617E-08  2.26060E-15  8.07275E+01  1.25709E-05  1.0E-07
  2.250E-02  3.85531E-08  2.26060E-15  8.07275E+01  1.41422E-05  1.0E-07
  2.500E-02  4.75965E-08  2.26060E-15  8.07274E+01  1.57136E-05  1.0E-07
  2.750E-02  5.75917E-08  2.26060E-15  8.07274E+01  1.72849E-05  1.0E-07
  3.000E-02  6.85389E-08  2.26060E-15  8.07274E+01  1.88563E-05  1.0E-07
  3.250E-02  8.04380E-08  2.26059E-15  8.07273E+01  2.04277E-05  1.0E-07
  3.500E-02  9.32891E-08  2.26059E-15  8.07272E+01  2.19991E-05  1.0E-07
  3.750E-02  1.07092E-07  2.26059E-15  8.07272E+01  2.35704E-05  1.0E-07
  4.000E-02  1.21847E-07  2.26059E-15  8.07271E+01  2.51418E-05  1.0E-07
  4.250E-02  1.37554E-07  2.26059E-15  8.07271E+01  2.67132E-05  1.0E-07
  4.500E-02  1.54213E-07  2.26059E-15  8.07270E+01  2.82846E-05  1.0E-07
  4.750E-02  1.71823E-07  2.26058E-15  8.07269E+01  2.98559E-05  1.0E-07
  5.000E-02  1.90386E-07  2.26058E-15  8.07268E+01  3.14273E-05  1.0E-07
  5.250E-02  2.09900E-07  2.26058E-15  8.07268E+01  3.29987E-05  1.0E-07
  5.500E-02  2.30367E-07  2.26058E-15  8.07267E+01  3.45701E-05  1.0E-07
  5.750E-02  2.51785E-07  2.26057E-15  8.07266E+01  3.61415E-05  1.0E-07
  6.000E-02  2.74156E-07  2.26057E-15  8.07265E+01  3.77129E-05  1.0E-07
  6.250E-02  2.97478E-07  2.26057E-15  8.07264E+01  3.92843E-05  1.0E-07
  6.500E-02  3.21752E-07  2.26057E-15  8.07263E+01  4.08557E-05  1.0E-07
  6.750E-02  3.46978E-07  2.26056E-15  8.07262E+01  4.24271E-05  1.0E-07
  7.000E-02  3.73156E-07  2.26056E-15  8.07261E+01  4.39985E-05  1.0E-07
  7.250E-02  4.00286E-07  2.26056E-15  8.07260E+01  4.55699E-05  1.0E-07
  7.500E-02  4.28368E-07  2.26055E-15  8.07259E+01  4.71414E-05  1.0E-07
  7.750E-02  4.57402E-07  2.26055E-15  8.07257E+01  4.87128E-05  1.0E-07
  8.000E-02  4.87388E-07  2.26055E-15  8.07256E+01  5.02842E-05  1.0E-07
  8.250E-02  5.18325E-07  2.26054E-15  8.07255E+01  5.18557E-05  1.0E-07
  8.500E-02  5.50215E-07  2.26054E-15  8.07253E+01  5.34271E-05  1.0E-07
  8.750E-02  5.83057E-07  2.26054E-15  8.07252E+01  5.49986E-05  1.0E-07
  9.000E-02  6.16850E-07  2.26053E-15  8.07251E+01  5.65700E-05  1.0E-07
  9.250E-02  6.51596E-07  2.26053E-15  8.07249E+01  5.81415E-05  1.0E-07
  9.500E-02  6.87293E-07  2.26052E-15  8.07248E+01  5.97129E-05  1.0E-07
  9.750E-02  7.23942E-07  2.26052E-15  8.07246E+01  6.12844E-05  1.0E-07
  1.000E-01  7.61543E-07  2.26052E-15  8.07245E+01  6.28559E-05  1.0E-07
  1.250E-01  1.18991E-06  2.26047E-15  8.07227E+01  7.85710E-05  1.0E-07
  1.500E-01  1.71347E-06  2.26040E-15  8.07205E+01  9.42869E-05  1.0E-07
  1.750E-01  2.33223E-06  2.26033E-15  8.07179E+01  1.10004E-04  1.0E-07
  2.000E-01  3.04617E-06  2.26025E-15  8.07150E+01  1.25722E-04  1.0E-07
  2.250E-01  3.85531E-06  2.26015E-15  8.07116E+01  1.41441E-04  1.0E-07
  2.500E-01  4.75964E-06  2.26005E-15  8.07078E+01  1.57161E-04  1.0E-07
  2.750E-01  5.75916E-06  2.25993E-15  8.07037E+01  1.72883E-04  1.0E-07
  3.000E-01  6.85388E-06  2.25980E-15  8.06991E+01  1.88607E-04  1.0E-07
  3.250E-01  8.04378E-06  2.25967E-15  8.06941E+01  2.04333E-04  1.0E-07
  3.500E-01  9.32888E-06  2.25952E-15  8.06888E+01  2.20060E-04  1.0E-07
  3.750E-01  1.07092E-05  2.25936E-15  8.06830E+01  2.35790E-04  1.0E-07
  4.000E-01  1.21846E-05  2.25918E-15  8.06769E+01  2.51522E-04  1.0E-07
  4.250E-01  1.37553E-05  2.25900E-15  8.06704E+01  2.67257E-04  1.0E-07
  4.500E-01  1.54212E-05  2.25881E-15  8.06634E+01  2.82994E-04  1.0E-07
  4.750E-01  1.71822E-05  2.25860E-15  8.06561E+01  2.98734E-04  1.0E-07
  5.000E-01  1.90385E-05  2.25838E-15  8.06484E+01  3.14477E-04  1.0E-07
  5.250E-01  2.09899E-05  2.25816E-15  8.06403E+01  3.30223E-04  1.0E-07
  5.500E-01  2.30365E-05  2.25792E-15  8.06318E+01  3.45972E-04  1.0E-07
  5.750E-01  2.51783E-05  2.25767E-15  8.06228E+01  3.61724E-04  1.0E-07
  6.000E-01  2.74153E-05  2.25741E-15  8.06135E+01  3.77481E-04  1.0E-07
  6.250E-01  2.97475E-05  2.25714E-15  8.06039E+01  3.93240E-04  1.0E-07
  6.500E-01  3.21749E-05  2.25686E-15  8.05938E+01  4.09004E-04  1.0E-07
  6.750E-01  3.46974E-05  2.25656E-15  8.05833E+01  4.24772E-04  1.0E-07
  7.000E-01  3.73152E-05  2.25626E-15  8.05724E+01  4.40544E-04  1.0E-07
  7.250E-01  4.00281E-05  2.25594E-15  8.05611E+01  4.56320E-04  1.0E-07
  7.500E-01  4.28362E-05  2.25561E-15  8.05495E+01  4.72100E-04  1.0E-07
  7.750E-01  4.57395E-05  2.25528E-15  8.05374E+01  4.87886E-04  1.0E-07
  8.000E-01  4.87380E-05  2.25493E-15  8.05250E+01  5.03676E-04  1.0E-07
  8.250E-01  5.18317E-05  2.25457E-15  8.05121E+01  5.19471E-04  1.0E-07
  8.500E-01  5.50205E-05  2.25420E-15  8.04989E+01  5.35271E-04  1.0E-07
  8.750E-01  5.83045E-05  2.25382E-15  8.04853E+01  5.51076E-04  1.0E-07
  9.000E-01  6.16838E-05  2.25342E-15  8.04712E+01  5.66887E-04  1.0E-07
  9.250E-01  6.51582E-05  2.25302E-15  8.04568E+01  5.82703E-04  1.0E-07
  9.500E-01  6.87277E-05  2.25261E-15  8.04420E+01  5.98525E-04  1.0E-07
  9.750E-01  7.23925E-05  2.25218E-15  8.04268E+01  6.14353E-04  1.0E-07
  1.000E+00  7.61524E-05  2.25174E-15  8.04113E+01  6.30187E-04  1.0E-07
  1.100E+00  9.21439E-05  2.24989E-15  8.03450E+01  6.93585E-04  1.0E-07
  1.200E+00  1.09658E-04  2.24786E-15  8.02726E+01  7.57092E-04  1.0E-07
  1.300E+00  1.28695E-04  2.24566E-15  8.01940E+01  8.20718E-04  1.0E-07
  1.400E+00  1.49255E-04  2.24329E-15  8.01092E+01  8.84472E-04  1.0E-07
  1.500E+00  1.71338E-04  2.24074E-15  8.00182E+01  9.48364E-04  1.0E-07
  1.600E+00  1.94942E-04  2.23802E-15  7.99211E+01  1.01240E-03  1.0E-07
  1.700E+00  2.20070E-04  2.23513E-15  7.98180E+01  1.07660E-03  1.0E-07
  1.800E+00  2.46720E-04  2.23207E-15  7.97088E+01  1.14097E-03  1.0E-07
  1.900E+00  2.74892E-04  2.22885E-15  7.95936E+01  1.20551E-03  1.0E-07
  2.000E+00  3.04586E-04  2.22545E-15  7.94724E+01  1.27024E-03  1.0E-07
  2.100E+00  3.35803E-04  2.22189E-15  7.93452E+01  1.33517E-03  1.0E-07
  2.200E+00  3.68542E-04  2.21817E-15  7.92122E+01  1.40031E-03  1.0E-07
  2.300E+00  4.02802E-04  2.21428E-15  7.90733E+01  1.46567E-03  1.0E-07
  2.400E+00  4.38585E-04  2.21023E-15  7.89286E+01  1.53125E-03  1.0E-07
  2.500E+00  4.75889E-04  2.20601E-15  7.87781E+01  1.59707E-03  1.0E-07
  2.600E+00  5.14715E-04  2.20164E-15  7.86219E+01  1.66314E-03  1.0E-07
  2.700E+00  5.55063E-04  2.19710E-15  7.84600E+01  1.72946E-03  1.0E-07
  2.800E+00  5.96931E-04  2.19241E-15  7.82925E+01  1.79605E-03  1.0E-07
  2.900E+00  6.40321E-04  2.18757E-15  7.81195E+01  1.86292E-03  1.0E-07
  3.000E+00  6.85233E-04  2.18257E-15  7.79409E+01  1.93008E-03  1.0E-07
  3.100E+00  7.31665E-04  2.17741E-15  7.77568E+01  1.99753E-03  1.0E-07
  3.200E+00  7.79618E-04  2.17211E-15  7.75674E+01  2.06529E-03  1.0E-07
  3.300E+00  8.29092E-04  2.16665E-15  7.73726E+01  2.13337E-03  1.0E-07
  3.400E+00  8.80086E-04  2.16105E-15  7.71725E+01  2.20178E-03  1.0E-07
  3.500E+00  9.32601E-04  2.15530E-15  7.69671E+01  2.27052E-03  1.0E-07
  3.600E+00  9.86636E-04  2.14940E-15  7.67566E+01  2.33961E-03  1.0E-07
  3.700E+00  1.04219E-03  2.14337E-15  7.65410E+01  2.40906E-03  1.0E-07
  3.800E+00  1.09927E-03  2.13719E-15  7.63204E+01  2.47888E-03  1.0E-07
  3.900E+00  1.15786E-03  2.13087E-15  7.60948E+01  2.54907E-03  1.0E-07
  4.000E+00  1.21797E-03  2.12442E-15  7.58643E+01  2.61965E-03  1.0E-07
  4.100E+00  1.27961E-03  2.11782E-15  7.56289E+01  2.69063E-03  1.0E-07
  4.200E+00  1.34276E-03  2.11110E-15  7.53888E+01  2.76202E-03  1.0E-07
  4.300E+00  1.40743E-03  2.10424E-15  7.51439E+01  2.83382E-03  1.0E-07
  4.400E+00  1.47362E-03  2.09726E-15  7.48945E+01  2.90606E-03  1.0E-07
  4.500E+00  1.54133E-03  2.09014E-15  7.46404E+01  2.97873E-03  1.0E-07
  4.600E+00  1.61056E-03  2.08291E-15  7.43819E+01  3.05185E-03  1.0E-07
  4.700E+00  1.68131E-03  2.07554E-15  7.41190E+01  3.12543E-03  1.0E-07
  4.800E+00  1.75357E-03  2.06806E-15  7.38517E+01  3.19947E-03  1.0E-07
  4.900E+00  1.82735E-03  2.06045E-15  7.35802E+01  3.27400E-03  1.0E-07
  5.000E+00  1.90265E-03  2.05273E-15  7.33044E+01  3.34902E-03  1.0E-07
  5.100E+00  1.97947E-03  2.04490E-15  7.30246E+01  3.42453E-03  1.0E-07
  5.200E+00  2.05780E-03  2.03695E-15  7.27407E+01  3.50056E-03  1.0E-07
  5.300E+00  2.13765E-03  2.02889E-15  7.24528E+01  3.57710E-03  1.0E-07
  5.400E+00  2.21902E-03  2.02072E-15  7.21611E+01  3.65417E-03  1.0E-07
  5.500E+00  2.30190E-03  2.01244E-15  7.18656E+01  3.73179E-03  1.0E-07
  5.600E+00  2.38630E-03  2.00406E-15  7.15663E+01  3.80995E-03  1.0E-07
  5.700E+00  2.47222E-03  1.99558E-15  7.12634E+01  3.88868E-03  1.0E-07
  5.800E+00  2.55965E-03  1.98700E-15  7.09569E+01  3.96798E-03  1.0E-07
  5.900E+00  2.64859E-03  1.97832E-15  7.06470E+01  4.04786E-03  1.0E-07
  6.000E+00  2.73905E-03  1.96954E-15  7.03336E+01  4.12833E-03  1.0E-07
  6.100E+00  2.83103E-03  1.96067E-15  7.00169E+01  4.20940E-03  1.0E-07
  6.200E+00  2.92452E-03  1.95171E-15  6.96970E+01  4.29109E-03  1.0E-07
  6.300E+00  3.01952E-03  1.94267E-15  6.93738E+01  4.37340E-03  1.0E-07
  6.400E+00  3.11604E-03  1.93353E-15  6.90476E+01  4.45634E-03  1.0E-07
  6.500E+00  3.21407E-03  1.92431E-15  6.87184E+01  4.53992E-03  1.0E-07
  6.600E+00  3.31362E-03  1.91501E-15  6.83863E+01  4.62416E-03  1.0E-07
  6.700E+00  3.41468E-03  1.90563E-15  6.80513E+01  4.70907E-03  1.0E-07
  6.800E+00  3.51725E-03  1.89617E-15  6.77136E+01  4.79465E-03  1.0E-07
  6.900E+00  3.62133E-03  1.88664E-15  6.73732E+01  4.88091E-03  1.0E-07
  7.000E+00  3.72692E-03  1.87704E-15  6.70302E+01  4.96787E-03  1.0E-07
  7.100E+00  3.83403E-03  1.86736E-15  6.66846E+01  5.05554E-03  1.0E-07
  7.200E+00  3.94265E-03  1.85762E-15  6.63367E+01  5.14392E-03  1.0E-07
  7.300E+00  4.05278E-03  1.84780E-15  6.59863E+01  5.23303E-03  1.0E-07
  7.400E+00  4.16442E-03  1.83793E-15  6.56337E+01  5.32288E-03  1.0E-07
  7.500E+00  4.27757E-03  1.82799E-15  6.52789E+01  5.41348E-03  1.0E-07
  7.600E+00  4.39223E-03  1.81800E-15  6.49219E+01  5.50483E-03  1.0E-07
  7.700E+00  4.50840E-03  1.80795E-15  6.45629E+01  5.59696E-03  1.0E-07
  7.800E+00  4.62608E-03  1.79784E-15  6.42019E+01  5.68986E-03  1.0E-07
  7.900E+00  4.74527E-03  1.78768E-15  6.38391E+01  5.78356E-03  1.0E-07
  8.000E+00  4.86597E-03  1.77746E-15  6.34744E+01  5.87806E-03  1.0E-07
  8.100E+00  4.98817E-03  1.76720E-15  6.31080E+01  5.97337E-03  1.0E-07
  8.200E+00  5.11188E-03  1.75690E-15  6.27400E+01  6.06950E-03  1.0E-07
  8.300E+00  5.23711E-03  1.74655E-15  6.23703E+01  6.16646E-03  1.0E-07
  8.400E+00  5.36383E-03  1.73615E-15  6.19992E+01  6.26427E-03  1.0E-07
  8.500E+00  5.49207E-03  1.72572E-15  6.16266E+01  6.36293E-03  1.0E-07
  8.600E+00  5.62181E-03  1.71525E-15  6.12526E+01  6.46246E-03  1.0E-07
  8.700E+00  5.75306E-03  1.70474E-15  6.08774E+01  6.56286E-03  1.0E-07
  8.800E+00  5.88581E-03  1.69420E-15  6.05010E+01  6.66416E-03  1.0E-07
  8.900E+00  6.02007E-03  1.68363E-15  6.01234E+01  6.76634E-03  1.0E-07
  9.000E+00  6.15583E-03  1.67302E-15  5.97447E+01  6.86944E-03  1.0E-07
  9.100E+00  6.29310E-03  1.66239E-15  5.93651E+01  6.97345E-03  1.0E-07
  9.200E+00  6.43187E-03  1.65174E-15  5.89845E+01  7.07840E-03  1.0E-07
  9.300E+00  6.57214E-03  1.64105E-15  5.86031E+01  7.18428E-03  1.0E-07
  9.400E+00  6.71392E-03  1.63035E-15  5.82209E+01  7.29112E-03  1.0E-07
  9.500E+00  6.85720E-03  1.61963E-15  5.78379E+01  7.39892E-03  1.0E-07
  9.600E+00  7.00198E-03  1.60889E-15  5.74543E+01  7.50769E-03  1.0E-07
  9.700E+00  7.14827E-03  1.59813E-15  5.70701E+01  7.61744E-03  1.0E-07
  9.800E+00  7.29605E-03  1.58735E-15  5.66854E+01  7.72819E-03  1.0E-07
  9.900E+00  7.44534E-03  1.57657E-15  5.63003E+01  7.83995E-03  1.0E-07
  1.000E+01  7.59612E-03  1.56577E-15  5.59147E+01  7.95272E-03  1.0E-07
  1.025E+01  7.97965E-03  1.53874E-15  5.49495E+01  8.23917E-03  1.0E-07
  1.050E+01  8.37255E-03  1.51168E-15  5.39831E+01  8.53221E-03  1.0E-07
  1.075E+01  8.77480E-03  1.48461E-15  5.30165E+01  8.83202E-03  1.0E-07
  1.100E+01  9.18641E-03  1.45757E-15  5.20506E+01  9.13876E-03  1.0E-07
  1.125E+01  9.60736E-03  1.43056E-15  5.10863E+01  9.45262E-03  1.0E-07
  1.150E+01  1.00376E-02  1.40362E-15  5.01243E+01  9.77377E-03  1.0E-07
  1.175E+01  1.04773E-02  1.37677E-15  4.91654E+01  1.01024E-02  1.0E-07
  1.200E+01  1.09262E-02  1.35003E-15  4.82104E+01  1.04386E-02  1.0E-07
  1.225E+01  1.13844E-02  1.32341E-15  4.72599E+01  1.07827E-02  1.0E-07
  1.250E+01  1.18520E-02  1.29694E-15  4.63147E+01  1.11347E-02  1.0E-07
  1.275E+01  1.23288E-02  1.27064E-15  4.53753E+01  1.14950E-02  1.0E-07
  1.300E+01  1.28150E-02  1.24452E-15  4.44425E+01  1.18635E-02  1.0E-07
  1.325E+01  1.33104E-02  1.21859E-15  4.35166E+01  1.22407E-02  1.0E-07
  1.350E+01  1.38150E-02  1.19287E-15  4.25983E+01  1.26265E-02  1.0E-07
  1.375E+01  1.43290E-02  1.16738E-15  4.16880E+01  1.30212E-02  1.0E-07
  1.400E+01  1.48521E-02  1.14213E-15  4.07862E+01  1.34250E-02  1.0E-07
  1.425E+01  1.53845E-02  1.11713E-15  3.98934E+01  1.38381E-02  1.0E-07
  1.450E+01  1.59262E-02  1.09239E-15  3.90098E+01  1.42607E-02  1.0E-07
  1.475E+01  1.64770E-02  1.06792E-15  3.81360E+01  1.46929E-02  1.0E-07
  1.500E+01  1.70371E-02  1.04373E-15  3.72722E+01  1.51349E-02  1.0E-07
  1.525E+01  1.76063E-02  1.01983E-15  3.64187E+01  1.55870E-02  1.0E-07
  1.550E+01  1.81848E-02  9.96225E-16  3.55758E+01  1.60493E-02  1.0E-07
  1.575E+01  1.87724E-02  9.72926E-16  3.47438E+01  1.65220E-02  1.0E-07
  1.600E+01  1.93692E-02  9.49938E-16  3.39229E+01  1.70054E-02  1.0E-07
  1.625E+01  1.99751E-02  9.27267E-16  3.31133E+01  1.74995E-02  1.0E-07
  1.650E+01  2.05901E-02  9.04917E-16  3.23152E+01  1.80047E-02  1.0E-07
  1.675E+01  2.12143E-02  8.82892E-16  3.15287E+01  1.85211E-02  1.0E-07
  1.700E+01  2.18476E-02  8.61198E-16  3.07539E+01  1.90490E-02  1.0E-07
  1.725E+01  2.24900E-02  8.39836E-16  2.99911E+01  1.95884E-02  1.0E-07
  1.750E+01  2.31415E-02  8.18811E-16  2.92403E+01  2.01398E-02  1.0E-07
  1.775E+01  2.38021E-02  7.98123E-16  2.85015E+01  2.07032E-02  1.0E-07
  1.800E+01  2.44717E-02  7.77775E-16  2.77748E+01  2.12789E-02  1.0E-07
  1.825E+01  2.51504E-02  7.57768E-16  2.70604E+01  2.18670E-02  1.0E-07
  1.850E+01  2.58382E-02  7.38103E-16  2.63581E+01  2.24679E-02  1.0E-07
  1.875E+01  2.65349E-02  7.18781E-16  2.56681E+01  2.30817E-02  1.0E-07
  1.900E+01  2.72407E-02  6.99801E-16  2.49904E+01  2.37087E-02  1.0E-07
  1.925E+01  2.79555E-02  6.81164E-16  2.43248E+01  2.43491E-02  1.0E-07
  1.950E+01  2.86793E-02  6.62868E-16  2.36715E+01  2.50031E-02  1.0E-07
  1.975E+01  2.94120E-02  6.44913E-16  2.30303E+01  2.56709E-02  1.0E-07
  2.000E+01  3.01537E-02  6.27298E-16  2.24012E+01  2.63528E-02  1.0E-07
  2.025E+01  3.09043E-02  6.10022E-16  2.17843E+01  2.70490E-02  1.0E-07
  2.050E+01  3.16639E-02  5.93082E-16  2.11793E+01  2.77598E-02  1.0E-07
  2.075E+01  3.24324E-02  5.76476E-16  2.05863E+01  2.84853E-02  1.0E-07
  2.100E+01  3.32098E-02  5.60203E-16  2.00052E+01  2.92259E-02  1.0E-07
  2.125E+01  3.39961E-02  5.44261E-16  1.94359E+01  2.99817E-02  1.0E-07
  2.150E+01  3.47912E-02  5.28645E-16  1.88783E+01  3.07531E-02  1.0E-07
  2.175E+01  3.55952E-02  5.13355E-16  1.83323E+01  3.15402E-02  1.0E-07
  2.200E+01  3.64081E-02  4.98387E-16  1.77977E+01  3.23432E-02  1.0E-07
  2.225E+01  3.72297E-02  4.83739E-16  1.72746E+01  3.31625E-02  1.0E-07
  2.250E+01  3.80602E-02  4.69406E-16  1.67628E+01  3.39983E-02  1.0E-07
  2.275E+01  3.88995E-02  4.55386E-16  1.62621E+01  3.48507E-02  1.0E-07
  2.300E+01  3.97476E-02  4.41676E-16  1.57725E+01  3.57201E-02  1.0E-07
  2.325E+01  4.06044E-02  4.28271E-16  1.52938E+01  3.66067E-02  1.0E-07
  2.350E+01  4.14700E-02  4.15170E-16  1.48260E+01  3.75107E-02  1.0E-07
  2.375E+01  4.23443E-02  4.02367E-16  1.43688E+01  3.84322E-02  1.0E-07
  2.400E+01  4.32273E-02  3.89859E-16  1.39221E+01  3.93716E-02  1.0E-07
  2.425E+01  4.41190E-02  3.77644E-16  1.34859E+01  4.03291E-02  1.0E-07
  2.450E+01  4.50194E-02  3.65716E-16  1.30600E+01  4.13048E-02  1.0E-07
  2.475E+01  4.59284E-02  3.54072E-16  1.26441E+01  4.22989E-02  1.0E-07
  2.500E+01  4.68461E-02  3.42709E-16  1.22384E+01  4.33116E-02  1.0E-07
  2.550E+01  4.87074E-02  3.20807E-16  1.14562E+01  4.53934E-02  1.0E-07
  2.600E+01  5.06030E-02  2.99980E-16  1.07125E+01  4.75512E-02  1.0E-07
  2.650E+01  5.25328E-02  2.80195E-16  1.00060E+01  4.97858E-02  1.0E-07
  2.700E+01  5.44967E-02  2.61422E-16  9.33555E+00  5.20973E-02  1.0E-07
  2.750E+01  5.64946E-02  2.43628E-16  8.70012E+00  5.44854E-02  1.0E-07
  2.800E+01  5.85262E-02  2.26783E-16  8.09855E+00  5.69489E-02  1.0E-07
  2.850E+01  6.05914E-02  2.10854E-16  7.52972E+00  5.94858E-02  1.0E-07
  2.900E+01  6.26901E-02  1.95810E-16  6.99251E+00  6.20926E-02  1.0E-07
  2.950E+01  6.48222E-02  1.81622E-16  6.48583E+00  6.47648E-02  1.0E-07
  3.000E+01  6.69873E-02  1.68257E-16  6.00858E+00  6.74957E-02  1.0E-07
  3.050E+01  6.91854E-02  1.55687E-16  5.55970E+00  7.02765E-02  1.0E-07
  3.100E+01  7.14163E-02  1.43882E-16  5.13812E+00  7.30957E-02  1.0E-07
  3.150E+01  7.36799E-02  1.32812E-16  4.74280E+00  7.59384E-02  1.0E-07
  3.200E+01  7.59760E-02  1.22448E-16  4.37271E+00  7.87858E-02  1.0E-07
  3.250E+01  7.83043E-02  1.12763E-16  4.02684E+00  8.16141E-02  1.0E-07
  3.300E+01  8.06647E-02  1.03728E-16  3.70420E+00  8.43937E-02  1.0E-07
  3.350E+01  8.30571E-02  9.53166E-17  3.40382E+00  8.70883E-02  1.0E-07
  3.400E+01  8.54812E-02  8.75014E-17  3.12473E+00  8.96532E-02  1.0E-07
  3.450E+01  8.79369E-02  8.02562E-17  2.86600E+00  9.20343E-02  1.0E-07
  3.500E+01  9.04240E-02  7.35554E-17  2.62671E+00  9.41666E-02  1.0E-07
  3.550E+01  9.29422E-02  6.73738E-17  2.40596E+00  9.59723E-02  1.0E-07
  3.600E+01  9.54915E-02  6.16867E-17  2.20287E+00  9.73602E-02  1.0E-07
  3.650E+01  9.80716E-02  5.64700E-17  2.01658E+00  9.82235E-02  1.0E-07
  3.700E+01  1.00682E-01  5.17001E-17  1.84624E+00  9.84402E-02  1.0E-07
  3.750E+01  1.03323E-01  4.73540E-17  1.69104E+00  9.78723E-02  1.0E-07
  3.800E+01  1.05995E-01  4.34092E-17  1.55017E+00  9.63678E-02  1.0E-07
  3.850E+01  1.08696E-01  3.98439E-17  1.42285E+00  9.37636E-02  1.0E-07
  3.900E+01  1.11427E-01  3.66368E-17  1.30832E+00  8.98909E-02  1.0E-07
  3.950E+01  1.14188E-01  3.37670E-17  1.20584E+00  8.45834E-02  1.0E-07
  4.000E+01  1.16978E-01  3.12143E-17  1.11468E+00  7.76883E-02  1.0E-07
  4.050E+01  1.19797E-01  2.89593E-17  1.03415E+00  6.90803E-02  1.0E-07
  4.100E+01  1.22645E-01  2.69828E-17  9.63573E-01  5.86781E-02  1.0E-07
  4.150E+01  1.25522E-01  2.52664E-17  9.02280E-01  4.64606E-02  1.0E-07
  4.200E+01  1.28428E-01  2.37923E-17  8.49639E-01  3.24824E-02  1.0E-07
  4.250E+01  1.31361E-01  2.25432E-17  8.05033E-01  1.68838E-02  1.0E-07
  4.300E+01  1.34323E-01  2.15025E-17  7.67868E-01  0.00000E+00  1.0E-07
  4.350E+01  1.37313E-01  2.06541E-17  7.37571E-01 -1.81763E-02  1.0E-07
  4.400E+01  1.40330E-01  1.99825E-17  7.13587E-01 -3.69510E-02  1.0E-07
  4.450E+01  1.43375E-01  1.94728E-17  6.95388E-01 -5.60150E-02  1.0E-07
  4.500E+01  1.46447E-01  1.91109E-17  6.82462E-01 -7.49445E-02  1.0E-07
  4.550E+01  1.49545E-01  1.88829E-17  6.74321E-01 -9.33386E-02  1.0E-07
  4.600E+01  1.52671E-01  1.87758E-17  6.70498E-01 -1.10846E-01  1.0E-07
  4.650E+01  1.55823E-01  1.87772E-17  6.70546E-01 -1.27183E-01  1.0E-07
  4.700E+01  1.59001E-01  1.88751E-17  6.74042E-01 -1.42147E-01  1.0E-07
  4.750E+01  1.62205E-01  1.90582E-17  6.80580E-01 -1.55612E-01  1.0E-07
  4.800E+01  1.65435E-01  1.93157E-17  6.89776E-01 -1.67529E-01  1.0E-07
  4.850E+01  1.68690E-01  1.96375E-17  7.01269E-01 -1.77905E-01  1.0E-07
  4.900E+01  1.71970E-01  2.00140E-17  7.14714E-01 -1.86800E-01  1.0E-07
  4.950E+01  1.75276E-01  2.04362E-17  7.29790E-01 -1.94305E-01  1.0E-07
  5.000E+01  1.78606E-01  2.08955E-17  7.46192E-01 -2.00533E-01  1.0E-07
  5.050E+01  1.81961E-01  2.13840E-17  7.63638E-01 -2.05610E-01  1.0E-07
  5.100E+01  1.85340E-01  2.18943E-17  7.81861E-01 -2.09661E-01  1.0E-07
  5.150E+01  1.88743E-01  2.24196E-17  8.00617E-01 -2.12811E-01  1.0E-07
  5.200E+01  1.92169E-01  2.29533E-17  8.19677E-01 -2.15178E-01  1.0E-07
  5.250E+01  1.95619E-01  2.34896E-17  8.38830E-01 -2.16869E-01  1.0E-07
  5.300E+01  1.99092E-01  2.40232E-17  8.57884E-01 -2.17981E-01  1.0E-07
  5.350E+01  2.02589E-01  2.45490E-17  8.76662E-01 -2.18601E-01  1.0E-07
  5.400E+01  2.06107E-01  2.50627E-17  8.95004E-01 -2.18804E-01  1.0E-07
  5.450E+01  2.09649E-01  2.55601E-17  9.12767E-01 -2.18656E-01  1.0E-07
  5.500E+01  2.13212E-01  2.60376E-17  9.29821E-01 -2.18213E-01  1.0E-07
  5.550E+01  2.16797E-01  2.64921E-17  9.46051E-01 -2.17525E-01  1.0E-07
  5.600E+01  2.20404E-01  2.69208E-17  9.61358E-01 -2.16631E-01  1.0E-07
  5.650E+01  2.24032E-01  2.73211E-17  9.75653E-01 -2.15566E-01  1.0E-07
  5.700E+01  2.27680E-01  2.76910E-17  9.88864E-01 -2.14358E-01  1.0E-07
  5.750E+01  2.31350E-01  2.80288E-17  1.00093E+00 -2.13032E-01  1.0E-07
  5.800E+01  2.35040E-01  2.83331E-17  1.01179E+00 -2.11608E-01  1.0E-07
  5.850E+01  2.38751E-01  2.86028E-17  1.02142E+00 -2.10100E-01  1.0E-07
  5.900E+01  2.42481E-01  2.88370E-17  1.02979E+00 -2.08523E-01  1.0E-07
  5.950E+01  2.46231E-01  2.90352E-17  1.03687E+00 -2.06885E-01  1.0E-07
  6.000E+01  2.50000E-01  2.91972E-17  1.04265E+00 -2.05196E-01  1.0E-07
  6.050E+01  2.53788E-01  2.93228E-17  1.04714E+00 -2.03460E-01  1.0E-07
  6.100E+01  2.57595E-01  2.94123E-17  1.05033E+00 -2.01682E-01  1.0E-07
  6.150E+01  2.61421E-01  2.94659E-17  1.05225E+00 -1.99866E-01  1.0E-07
  6.200E+01  2.65264E-01  2.94843E-17  1.05290E+00 -1.98011E-01  1.0E-07
  6.250E+01  2.69126E-01  2.94681E-17  1.05233E+00 -1.96120E-01  1.0E-07
  6.300E+01  2.73005E-01  2.94183E-17  1.05055E+00 -1.94190E-01  1.0E-07
  6.350E+01  2.76901E-01  2.93358E-17  1.04760E+00 -1.92222E-01  1.0E-07
  6.400E+01  2.80814E-01  2.92218E-17  1.04353E+00 -1.90213E-01  1.0E-07
  6.450E+01  2.84744E-01  2.90775E-17  1.03837E+00 -1.88161E-01  1.0E-07
  6.500E+01  2.88691E-01  2.89041E-17  1.03218E+00 -1.86062E-01  1.0E-07
  6.550E+01  2.92653E-01  2.87031E-17  1.02501E+00 -1.83914E-01  1.0E-07
  6.600E+01  2.96632E-01  2.84760E-17  1.01690E+00 -1.81712E-01  1.0E-07
  6.650E+01  3.00625E-01  2.82242E-17  1.00791E+00 -1.79452E-01  1.0E-07
  6.700E+01  3.04634E-01  2.79493E-17  9.98088E-01 -1.77131E-01  1.0E-07
  6.750E+01  3.08658E-01  2.76528E-17  9.87501E-01 -1.74743E-01  1.0E-07
  6.800E+01  3.12697E-01  2.73364E-17  9.76199E-01 -1.72283E-01  1.0E-07
  6.850E+01  3.16749E-01  2.70015E-17  9.64241E-01 -1.69748E-01  1.0E-07
  6.900E+01  3.20816E-01  2.66498E-17  9.51681E-01 -1.67131E-01  1.0E-07
  6.950E+01  3.24896E-01  2.62828E-17  9.38575E-01 -1.64429E-01  1.0E-07
  7.000E+01  3.28990E-01  2.59020E-17  9.24979E-01 -1.61636E-01  1.0E-07
  7.050E+01  3.33097E-01  2.55090E-17  9.10944E-01 -1.58746E-01  1.0E-07
  7.100E+01  3.37216E-01  2.51052E-17  8.96525E-01 -1.55757E-01  1.0E-07
  7.150E+01  3.41348E-01  2.46921E-17  8.81770E-01 -1.52662E-01  1.0E-07
  7.200E+01  3.45492E-01  2.42709E-17  8.66729E-01 -1.49458E-01  1.0E-07
  7.250E+01  3.49647E-01  2.38430E-17  8.51449E-01 -1.46140E-01  1.0E-07
  7.300E+01  3.53814E-01  2.34097E-17  8.35974E-01 -1.42704E-01  1.0E-07
  7.350E+01  3.57992E-01  2.29720E-17  8.20346E-01 -1.39146E-01  1.0E-07
  7.400E+01  3.62181E-01  2.25313E-17  8.04606E-01 -1.35463E-01  1.0E-07
  7.450E+01  3.66381E-01  2.20884E-17  7.88791E-01 -1.31653E-01  1.0E-07
  7.500E+01  3.70590E-01  2.16444E-17  7.72935E-01 -1.27712E-01  1.0E-07
  7.550E+01  3.74810E-01  2.12002E-17  7.57071E-01 -1.23638E-01  1.0E-07
  7.600E+01  3.79039E-01  2.07565E-17  7.41229E-01 -1.19429E-01  1.0E-07
  7.650E+01  3.83277E-01  2.03143E-17  7.25437E-01 -1.15085E-01  1.0E-07
  7.700E+01  3.87524E-01  1.98741E-17  7.09717E-01 -1.10605E-01  1.0E-07
  7.750E+01  3.91780E-01  1.94366E-17  6.94094E-01 -1.05988E-01  1.0E-07
  7.800E+01  3.96044E-01  1.90023E-17  6.78585E-01 -1.01235E-01  1.0E-07
  7.850E+01  4.00316E-01  1.85717E-17  6.63208E-01 -9.63474E-02  1.0E-07
  7.900E+01  4.04596E-01  1.81452E-17  6.47978E-01 -9.13259E-02  1.0E-07
  7.950E+01  4.08882E-01  1.77232E-17  6.32908E-01 -8.61728E-02  1.0E-07
  8.000E+01  4.13176E-01  1.73059E-17  6.18006E-01 -8.08907E-02  1.0E-07
  8.050E+01  4.17476E-01  1.68936E-17  6.03282E-01 -7.54826E-02  1.0E-07
  8.100E+01  4.21783E-01  1.64864E-17  5.88742E-01 -6.99520E-02  1.0E-07
  8.150E+01  4.26095E-01  1.60845E-17  5.74389E-01 -6.43027E-02  1.0E-07
  8.200E+01  4.30413E-01  1.56879E-17  5.60226E-01 -5.85392E-02  1.0E-07
  8.250E+01  4.34737E-01  1.52967E-17  5.46255E-01 -5.26658E-02  1.0E-07
  8.300E+01  4.39065E-01  1.49108E-17  5.32474E-01 -4.66874E-02  1.0E-07
  8.350E+01  4.43398E-01  1.45302E-17  5.18883E-01 -4.06091E-02  1.0E-07
  8.400E+01  4.47736E-01  1.41548E-17  5.05478E-01 -3.44358E-02  1.0E-07
  8.450E+01  4.52077E-01  1.37845E-17  4.92255E-01 -2.81727E-02  1.0E-07
  8.500E+01  4.56422E-01  1.34192E-17  4.79209E-01 -2.18248E-02  1.0E-07
  8.550E+01  4.60770E-01  1.30587E-17  4.66336E-01 -1.53970E-02  1.0E-07
  8.600E+01  4.65122E-01  1.27029E-17  4.53629E-01 -8.89396E-03  1.0E-07
  8.650E+01  4.69476E-01  1.23515E-17  4.41081E-01 -2.32000E-03  1.0E-07
  8.700E+01  4.73832E-01  1.20045E-17  4.28687E-01  4.32097E-03  1.0E-07
  8.750E+01  4.78190E-01  1.16615E-17  4.16438E-01  1.10255E-02  1.0E-07
  8.800E+01  4.82550E-01  1.13224E-17  4.04329E-01  1.77908E-02  1.0E-07
  8.850E+01  4.86912E-01  1.09870E-17  3.92352E-01  2.46146E-02  1.0E-07
  8.900E+01  4.91274E-01  1.06551E-17  3.80502E-01  3.14956E-02  1.0E-07
  8.950E+01  4.95637E-01  1.03266E-17  3.68771E-01  3.84331E-02  1.0E-07
  9.000E+01  5.00000E-01  1.00013E-17  3.57154E-01  4.54274E-02  1.0E-07
  9.050E+01  5.04363E-01  9.67909E-18  3.45647E-01  5.24799E-02  1.0E-07
  9.100E+01  5.08726E-01  9.35976E-18  3.34243E-01  5.95928E-02  1.0E-07
  9.150E+01  5.13088E-01  9.04325E-18  3.22940E-01  6.67696E-02  1.0E-07
  9.200E+01  5.17450E-01  8.72946E-18  3.11735E-01  7.40152E-02  1.0E-07
  9.250E+01  5.21810E-01  8.41833E-18  3.00624E-01  8.13353E-02  1.0E-07
  9.300E+01  5.26168E-01  8.10983E-18  2.89607E-01  8.87374E-02  1.0E-07
  9.350E+01  5.30524E-01  7.80394E-18  2.78684E-01  9.62304E-02  1.0E-07
  9.400E+01  5.34878E-01  7.50067E-18  2.67854E-01  1.03825E-01  1.0E-07
  9.450E+01  5.39230E-01  7.20007E-18  2.57119E-01  1.11532E-01  1.0E-07
  9.500E+01  5.43578E-01  6.90220E-18  2.46482E-01  1.19367E-01  1.0E-07
  9.550E+01  5.47923E-01  6.60715E-18  2.35946E-01  1.27345E-01  1.0E-07
  9.600E+01  5.52264E-01  6.31506E-18  2.25515E-01  1.35483E-01  1.0E-07
  9.650E+01  5.56602E-01  6.02608E-18  2.15195E-01  1.43803E-01  1.0E-07
  9.700E+01  5.60935E-01  5.74037E-18  2.04992E-01  1.52327E-01  1.0E-07
  9.750E+01  5.65263E-01  5.45814E-18  1.94914E-01  1.61080E-01  1.0E-07
  9.800E+01  5.69587E-01  5.17963E-18  1.84968E-01  1.70091E-01  1.0E-07
  9.850E+01  5.73905E-01  4.90507E-18  1.75163E-01  1.79391E-01  1.0E-07
  9.900E+01  5.78217E-01  4.63475E-18  1.65510E-01  1.89017E-01  1.0E-07
  9.950E+01  5.82524E-01  4.36895E-18  1.56018E-01  1.99006E-01  1.0E-07
  1.000E+02  5.86824E-01  4.10799E-18  1.46699E-01  2.09405E-01  1.0E-07
  1.005E+02  5.91118E-01  3.85219E-18  1.37564E-01  2.20263E-01  1.0E-07
  1.010E+02  5.95404E-01  3.60190E-18  1.28626E-01  2.31634E-01  1.0E-07
  1.015E+02  5.99684E-01  3.35747E-18  1.19897E-01  2.43581E-01  1.0E-07
  1.020E+02  6.03956E-01  3.11926E-18  1.11391E-01  2.56174E-01  1.0E-07
  1.025E+02  6.08220E-01  2.88763E-18  1.03119E-01  2.69489E-01  1.0E-07
  1.030E+02  6.12476E-01  2.66298E-18  9.50967E-02  2.83615E-01  1.0E-07
  1.035E+02  6.16723E-01  2.44567E-18  8.73363E-02  2.98648E-01  1.0E-07
  1.040E+02  6.20961E-01  2.23607E-18  7.98516E-02  3.14697E-01  1.0E-07
  1.045E+02  6.25190E-01  2.03457E-18  7.26558E-02  3.31881E-01  1.0E-07
  1.050E+02  6.29410E-01  1.84152E-18  6.57620E-02  3.50330E-01  1.0E-07
  1.055E+02  6.33619E-01  1.65730E-18  5.91831E-02  3.70185E-01  1.0E-07
  1.060E+02  6.37819E-01  1.48223E-18  5.29315E-02  3.91590E-01  1.0E-07
  1.065E+02  6.42008E-01  1.31667E-18  4.70191E-02  4.14686E-01  1.0E-07
  1.070E+02  6.46186E-01  1.16092E-18  4.14573E-02  4.39596E-01  1.0E-07
  1.075E+02  6.50353E-01  1.01529E-18  3.62567E-02  4.66389E-01  1.0E-07
  1.080E+02  6.54508E-01  8.80056E-19  3.14274E-02  4.95030E-01  1.0E-07
  1.085E+02  6.58652E-01  7.55473E-19  2.69784E-02  5.25278E-01  1.0E-07
  1.090E+02  6.62784E-01  6.41771E-19  2.29181E-02  5.56512E-01  1.0E-07
  1.095E+02  6.66903E-01  5.39156E-19  1.92536E-02  5.87415E-01  1.0E-07
  1.100E+02  6.71010E-01  4.47803E-19  1.59913E-02  6.15432E-01  1.0E-07
  1.105E+02  6.75104E-01  3.67855E-19  1.31364E-02  6.35834E-01  1.0E-07
  1.110E+02  6.79184E-01  2.99426E-19  1.06927E-02  6.40251E-01  1.0E-07
  1.115E+02  6.83251E-01  2.42595E-19  8.66324E-03  6.14684E-01  1.0E-07
  1.120E+02  6.87303E-01  1.97407E-19  7.04953E-03  5.38060E-01  1.0E-07
  1.125E+02  6.91342E-01  1.63870E-19  5.85192E-03  3.84973E-01  1.0E-07
  1.130E+02  6.95366E-01  1.41959E-19  5.06944E-03  1.39548E-01  1.0E-07
  1.135E+02  6.99375E-01  1.31608E-19  4.69980E-03 -1.78773E-01  1.0E-07
  1.140E+02  7.03368E-01  1.32717E-19  4.73940E-03 -5.03690E-01  1.0E-07
  1.145E+02  7.07347E-01  1.45146E-19  5.18327E-03 -7.58349E-01  1.0E-07
  1.150E+02  7.11309E-01  1.68721E-19  6.02512E-03 -9.07549E-01  1.0E-07
  1.155E+02  7.15256E-01  2.03226E-19  7.25732E-03 -9.64077E-01  1.0E-07
  1.160E+02  7.19186E-01  2.48411E-19  8.87091E-03 -9.59734E-01  1.0E-07
  1.165E+02  7.23099E-01  3.03989E-19  1.08556E-02 -9.22734E-01  1.0E-07
  1.170E+02  7.26995E-01  3.69637E-19  1.32000E-02 -8.71489E-01  1.0E-07
  1.175E+02  7.30874E-01  4.44998E-19  1.58912E-02 -8.16282E-01  1.0E-07
  1.180E+02  7.34736E-01  5.29681E-19  1.89152E-02 -7.62279E-01  1.0E-07
  1.185E+02  7.38579E-01  6.23261E-19  2.22571E-02 -7.11795E-01  1.0E-07
  1.190E+02  7.42405E-01  7.25285E-19  2.59004E-02 -6.65662E-01  1.0E-07
  1.195E+02  7.46212E-01  8.35270E-19  2.98280E-02 -6.23976E-01  1.0E-07
  1.200E+02  7.50000E-01  9.52704E-19  3.40217E-02 -5.86500E-01  1.0E-07
  1.205E+02  7.53769E-01  1.07705E-18  3.84622E-02 -5.52861E-01  1.0E-07
  1.210E+02  7.57519E-01  1.20775E-18  4.31295E-02 -5.22653E-01  1.0E-07
  1.215E+02  7.61249E-01  1.34422E-18  4.80030E-02 -4.95482E-01  1.0E-07
  1.220E+02  7.64960E-01  1.48586E-18  5.30611E-02 -4.70989E-01  1.0E-07
  1.225E+02  7.68650E-01  1.63206E-18  5.82818E-02 -4.48852E-01  1.0E-07
  1.230E+02  7.72320E-01  1.78218E-18  6.36427E-02 -4.28791E-01  1.0E-07
  1.235E+02  7.75968E-01  1.93557E-18  6.91206E-02 -4.10561E-01  1.0E-07
  1.240E+02  7.79596E-01  2.09160E-18  7.46924E-02 -3.93952E-01  1.0E-07
  1.245E+02  7.83203E-01  2.24960E-18  8.03346E-02 -3.78781E-01  1.0E-07
  1.250E+02  7.86788E-01  2.40890E-18  8.60234E-02 -3.64890E-01  1.0E-07
  1.255E+02  7.90351E-01  2.56885E-18  9.17352E-02 -3.52142E-01  1.0E-07
  1.260E+02  7.93893E-01  2.72877E-18  9.74463E-02 -3.40419E-01  1.0E-07
  1.265E+02  7.97411E-01  2.88803E-18  1.03133E-01 -3.29616E-01  1.0E-07
  1.270E+02  8.00908E-01  3.04595E-18  1.08773E-01 -3.19645E-01  1.0E-07
  1.275E+02  8.04381E-01  3.20191E-18  1.14342E-01 -3.10426E-01  1.0E-07
  1.280E+02  8.07831E-01  3.35528E-18  1.19819E-01 -3.01891E-01  1.0E-07
  1.285E+02  8.11257E-01  3.50543E-18  1.25181E-01 -2.93978E-01  1.0E-07
  1.290E+02  8.14660E-01  3.65177E-18  1.30407E-01 -2.86634E-01  1.0E-07
  1.295E+02  8.18039E-01  3.79373E-18  1.35477E-01 -2.79811E-01  1.0E-07
  1.300E+02  8.21394E-01  3.93075E-18  1.40370E-01 -2.73468E-01  1.0E-07
  1.305E+02  8.24724E-01  4.06229E-18  1.45067E-01 -2.67567E-01  1.0E-07
  1.310E+02  8.28030E-01  4.18786E-18  1.49551E-01 -2.62074E-01  1.0E-07
  1.315E+02  8.31310E-01  4.30697E-18  1.53805E-01 -2.56960E-01  1.0E-07
  1.320E+02  8.34565E-01  4.41918E-18  1.57812E-01 -2.52199E-01  1.0E-07
  1.325E+02  8.37795E-01  4.52406E-18  1.61557E-01 -2.47766E-01  1.0E-07
  1.330E+02  8.40999E-01  4.62124E-18  1.65027E-01 -2.43640E-01  1.0E-07
  1.335E+02  8.44177E-01  4.71036E-18  1.68210E-01 -2.39802E-01  1.0E-07
  1.340E+02  8.47329E-01  4.79112E-18  1.71094E-01 -2.36235E-01  1.0E-07
  1.345E+02  8.50455E-01  4.86323E-18  1.73669E-01 -2.32923E-01  1.0E-07
  1.350E+02  8.53553E-01  4.92645E-18  1.75927E-01 -2.29852E-01  1.0E-07
  1.355E+02  8.56625E-01  4.98059E-18  1.77860E-01 -2.27010E-01  1.0E-07
  1.360E+02  8.59670E-01  5.02547E-18  1.79463E-01 -2.24385E-01  1.0E-07
  1.365E+02  8.62687E-01  5.06098E-18  1.80731E-01 -2.21968E-01  1.0E-07
  1.370E+02  8.65677E-01  5.08703E-18  1.81661E-01 -2.19749E-01  1.0E-07
  1.375E+02  8.68639E-01  5.10357E-18  1.82252E-01 -2.17720E-01  1.0E-07
  1.380E+02  8.71572E-01  5.11060E-18  1.82503E-01 -2.15874E-01  1.0E-07
  1.385E+02  8.74478E-01  5.10814E-18  1.82415E-01 -2.14204E-01  1.0E-07
  1.390E+02  8.77355E-01  5.09627E-18  1.81991E-01 -2.12705E-01  1.0E-07
  1.395E+02  8.80203E-01  5.07509E-18  1.81235E-01 -2.11372E-01  1.0E-07
  1.400E+02  8.83022E-01  5.04475E-18  1.80151E-01 -2.10201E-01  1.0E-07
  1.405E+02  8.85812E-01  5.00542E-18  1.78747E-01 -2.09187E-01  1.0E-07
  1.410E+02  8.88573E-01  4.95731E-18  1.77029E-01 -2.08330E-01  1.0E-07
  1.415E+02  8.91304E-01  4.90067E-18  1.75006E-01 -2.07624E-01  1.0E-07
  1.420E+02  8.94005E-01  4.83578E-18  1.72689E-01 -2.07070E-01  1.0E-07
  1.425E+02  8.96677E-01  4.76295E-18  1.70088E-01 -2.06666E-01  1.0E-07
  1.430E+02  8.99318E-01  4.68250E-18  1.67215E-01 -2.06410E-01  1.0E-07
  1.435E+02  9.01928E-01  4.59480E-18  1.64083E-01 -2.06304E-01  1.0E-07
  1.440E+02  9.04508E-01  4.50023E-18  1.60706E-01 -2.06348E-01  1.0E-07
  1.445E+02  9.07058E-01  4.39920E-18  1.57098E-01 -2.06542E-01  1.0E-07
  1.450E+02  9.09576E-01  4.29215E-18  1.53275E-01 -2.06888E-01  1.0E-07
  1.455E+02  9.12063E-01  4.17950E-18  1.49253E-01 -2.07389E-01  1.0E-07
  1.460E+02  9.14519E-01  4.06173E-18  1.45047E-01 -2.08048E-01  1.0E-07
  1.465E+02  9.16943E-01  3.93931E-18  1.40675E-01 -2.08868E-01  1.0E-07
  1.470E+02  9.19335E-01  3.81272E-18  1.36155E-01 -2.09853E-01  1.0E-07
  1.475E+02  9.21696E-01  3.68247E-18  1.31503E-01 -2.11010E-01  1.0E-07
  1.480E+02  9.24024E-01  3.54904E-18  1.26739E-01 -2.12344E-01  1.0E-07
  1.485E+02  9.26320E-01  3.41295E-18  1.21879E-01 -2.13862E-01  1.0E-07
  1.490E+02  9.28584E-01  3.27471E-18  1.16942E-01 -2.15572E-01  1.0E-07
  1.495E+02  9.30815E-01  3.13481E-18  1.11946E-01 -2.17484E-01  1.0E-07
  1.500E+02  9.33013E-01  2.99377E-18  1.06909E-01 -2.19608E-01  1.0E-07
  1.505E+02  9.35178E-01  2.85207E-18  1.01849E-01 -2.21956E-01  1.0E-07
  1.510E+02  9.37310E-01  2.71022E-18  9.67835E-02 -2.24542E-01  1.0E-07
  1.515E+02  9.39409E-01  2.56868E-18  9.17293E-02 -2.27381E-01  1.0E-07
  1.520E+02  9.41474E-01  2.42794E-18  8.67032E-02 -2.30491E-01  1.0E-07
  1.525E+02  9.43505E-01  2.28844E-18  8.17216E-02 -2.33891E-01  1.0E-07
  1.530E+02  9.45503E-01  2.15063E-18  7.68002E-02 -2.37606E-01  1.0E-07
  1.535E+02  9.47467E-01  2.01492E-18  7.19541E-02 -2.41660E-01  1.0E-07
  1.540E+02  9.49397E-01  1.88173E-18  6.71976E-02 -2.46083E-01  1.0E-07
  1.545E+02  9.51293E-01  1.75142E-18  6.25445E-02 -2.50910E-01  1.0E-07
  1.550E+02  9.53154E-01  1.62437E-18  5.80075E-02 -2.56179E-01  1.0E-07
  1.555E+02  9.54981E-01  1.50092E-18  5.35987E-02 -2.61937E-01  1.0E-07
  1.560E+02  9.56773E-01  1.38136E-18  4.93292E-02 -2.68235E-01  1.0E-07
  1.565E+02  9.58530E-01  1.26599E-18  4.52094E-02 -2.75136E-01  1.0E-07
  1.570E+02  9.60252E-01  1.15507E-18  4.12483E-02 -2.82710E-01  1.0E-07
  1.575E+02  9.61940E-01  1.04883E-18  3.74544E-02 -2.91043E-01  1.0E-07
  1.580E+02  9.63592E-01  9.47472E-19  3.38348E-02 -3.00234E-01  1.0E-07
  1.585E+02  9.65209E-01  8.51174E-19  3.03960E-02 -3.10404E-01  1.0E-07
  1.590E+02  9.66790E-01  7.60081E-19  2.71430E-02 -3.21696E-01  1.0E-07
  1.595E+02  9.68336E-01  6.74312E-19  2.40801E-02 -3.34283E-01  1.0E-07
  1.600E+02  9.69846E-01  5.93955E-19  2.12105E-02 -3.48379E-01  1.0E-07
  1.605E+02  9.71321E-01  5.19069E-19  1.85363E-02 -3.64242E-01  1.0E-07
  1.610E+02  9.72759E-01  4.49685E-19  1.60585E-02 -3.82196E-01  1.0E-07
  1.615E+02  9.74162E-01  3.85806E-19  1.37774E-02 -4.02647E-01  1.0E-07
  1.620E+02  9.75528E-01  3.27408E-19  1.16920E-02 -4.26106E-01  1.0E-07
  1.625E+02  9.76858E-01  2.74439E-19  9.80039E-03 -4.53226E-01  1.0E-07
  1.630E+02  9.78152E-01  2.26821E-19  8.09991E-03 -4.84842E-01  1.0E-07
  1.635E+02  9.79410E-01  1.84451E-19  6.58685E-03 -5.22031E-01  1.0E-07
  1.640E+02  9.80631E-01  1.47202E-19  5.25670E-03 -5.66168E-01  1.0E-07
  1.645E+02  9.81815E-01  1.14927E-19  4.10411E-03 -6.18958E-01  1.0E-07
  1.650E+02  9.82963E-01  8.74525E-20  3.12298E-03 -6.82351E-01  1.0E-07
  1.655E+02  9.84074E-01  6.45892E-20  2.30652E-03 -7.57996E-01  1.0E-07
  1.660E+02  9.85148E-01  4.61277E-20  1.64725E-03 -8.45249E-01  1.0E-07
  1.665E+02  9.86185E-01  3.18419E-20  1.13710E-03 -9.34732E-01  1.0E-07
  1.670E+02  9.87185E-01  2.14908E-20  7.67450E-04 -9.90027E-01  1.0E-07
  1.675E+02  9.88148E-01  1.48197E-20  5.29221E-04 -9.12358E-01  1.2E-07
  1.680E+02  9.89074E-01  1.15625E-20  4.12903E-04 -5.61120E-01  1.6E-07
  1.685E+02  9.89962E-01  1.14432E-20  4.08642E-04 -1.45692E-02  1.8E-07
  1.690E+02  9.90814E-01  1.41779E-20  5.06303E-04  3.84804E-01  1.8E-07
  1.695E+02  9.91627E-01  1.94770E-20  6.95536E-04  5.33671E-01  1.2E-07
  1.700E+02  9.92404E-01  2.70465E-20  9.65847E-04  5.42244E-01  1.0E-07
  1.705E+02  9.93143E-01  3.65904E-20  1.30667E-03  4.99827E-01  1.0E-07
  1.710E+02  9.93844E-01  4.78125E-20  1.70741E-03  4.45155E-01  1.1E-07
  1.715E+02  9.94508E-01  6.04183E-20  2.15758E-03  3.91822E-01  1.4E-07
  1.720E+02  9.95134E-01  7.41169E-20  2.64676E-03  3.43789E-01  1.5E-07
  1.725E+02  9.95722E-01  8.86228E-20  3.16478E-03  3.01631E-01  1.2E-07
  1.730E+02  9.96273E-01  1.03658E-19  3.70168E-03  2.64841E-01  1.0E-07
  1.735E+02  9.96786E-01  1.18952E-19  4.24786E-03  2.32640E-01  1.0E-07
  1.740E+02  9.97261E-01  1.34248E-19  4.79407E-03  2.04265E-01  1.0E-07
  1.745E+02  9.97698E-01  1.49298E-19  5.33151E-03  1.79046E-01  1.0E-07
  1.750E+02  9.98097E-01  1.63869E-19  5.85187E-03  1.56419E-01  1.1E-07
  1.755E+02  9.98459E-01  1.77745E-19  6.34739E-03  1.35919E-01  1.3E-07
  1.760E+02  9.98782E-01  1.90724E-19  6.81087E-03  1.17163E-01  1.2E-07
  1.765E+02  9.99067E-01  2.02623E-19  7.23579E-03  9.98318E-02  1.0E-07
  1.770E+02  9.99315E-01  2.13277E-19  7.61626E-03  8.36576E-02  1.0E-07
  1.775E+02  9.99524E-01  2.22542E-19  7.94712E-03  6.84137E-02  1.0E-07
  1.780E+02  9.99695E-01  2.30294E-19  8.22395E-03  5.39044E-02  1.0E-07
  1.785E+02  9.99829E-01  2.36431E-19  8.44310E-03  3.99573E-02  1.7E-07
  1.790E+02  9.99924E-01  2.40872E-19  8.60170E-03  2.64179E-02  2.3E-07
  1.795E+02  9.99981E-01  2.43560E-19  8.69768E-03  1.31436E-02  2.6E-07
  1.800E+02  1.00000E+00  2.44460E-19  8.72982E-03  1.84146E-16  2.7E-07
