 #
 # Subroutine ELSEPA. Elastic scattering of electrons and positrons
 #                    by neutral atoms and positive ions
 #
 # Projectile: electron
 # Kinetic energy = 3.50000E+02 eV = 1.28623E+01 a.u.
 #
 # Element: Au,  Z =  79,  atomic weight = 1.96967E+02 g/mol
 #
 # Nuclear model: Fermi distribution
 #                Average radius = 6.22560E-13 cm
 #                Skin thickness = 5.46000E-14 cm
 #
 # Number of electrons = 79
 #
 # Electron density: Read from file z_079.den   
 #                   Number of data points =  777
 #                   Volume integral = 7.90000E+01
 #
 # Furness-McCarthy exchange potential
 #
 # Total elastic cross section = 4.49473E-16 cm**2 = 1.60510E+01 a0**2
 # 1st transport cross section = 1.00354E-16 cm**2 = 3.58371E+00 a0**2
 # 2nd transport cross section = 1.47317E-16 cm**2 = 5.26078E+00 a0**2
 #
 #
 # Differential cross section:                       MU=(1-COS(THETA))/2
 #
 #  THETA        MU          DCS          DCS        Sherman      error
 #  (deg)                 (cm**2/sr)   (a0**2/sr)    function
 #----------------------------------------------------------------------
  0.000E+00  0.00000E+00  2.36574E-15  8.44822E+01  0.00000E+00  1.0E-07
  1.000E-04  7.61557E-13  2.36574E-15  8.44822E+01  2.66048E-08  1.0E-07
  1.250E-04  1.18994E-12  2.36574E-15  8.44822E+01  3.32561E-08  1.0E-07
  1.500E-04  1.71346E-12  2.36574E-15  8.44822E+01  3.99073E-08  1.0E-07
  1.750E-04  2.33225E-12  2.36574E-15  8.44822E+01  4.65585E-08  1.0E-07
  2.000E-04  3.04617E-12  2.36574E-15  8.44822E+01  5.32097E-08  1.0E-07
  2.250E-04  3.85530E-12  2.36574E-15  8.44822E+01  5.98609E-08  1.0E-07
  2.500E-04  4.75964E-12  2.36574E-15  8.44822E+01  6.65121E-08  1.0E-07
  2.750E-04  5.75917E-12  2.36574E-15  8.44822E+01  7.31633E-08  1.0E-07
  3.000E-04  6.85391E-12  2.36574E-15  8.44822E+01  7.98145E-08  1.0E-07
  3.250E-04  8.04379E-12  2.36574E-15  8.44822E+01  8.64658E-08  1.0E-07
  3.500E-04  9.32893E-12  2.36574E-15  8.44822E+01  9.31170E-08  1.0E-07
  3.750E-04  1.07092E-11  2.36574E-15  8.44822E+01  9.97682E-08  1.0E-07
  4.000E-04  1.21847E-11  2.36574E-15  8.44822E+01  1.06419E-07  1.0E-07
  4.250E-04  1.37554E-11  2.36574E-15  8.44822E+01  1.13071E-07  1.0E-07
  4.500E-04  1.54213E-11  2.36574E-15  8.44822E+01  1.19722E-07  1.0E-07
  4.750E-04  1.71823E-11  2.36574E-15  8.44822E+01  1.26373E-07  1.0E-07
  5.000E-04  1.90386E-11  2.36574E-15  8.44822E+01  1.33024E-07  1.0E-07
  5.250E-04  2.09900E-11  2.36574E-15  8.44822E+01  1.39675E-07  1.0E-07
  5.500E-04  2.30367E-11  2.36574E-15  8.44822E+01  1.46327E-07  1.0E-07
  5.750E-04  2.51785E-11  2.36574E-15  8.44822E+01  1.52978E-07  1.0E-07
  6.000E-04  2.74156E-11  2.36574E-15  8.44822E+01  1.59629E-07  1.0E-07
  6.250E-04  2.97478E-11  2.36574E-15  8.44822E+01  1.66280E-07  1.0E-07
  6.500E-04  3.21752E-11  2.36574E-15  8.44822E+01  1.72932E-07  1.0E-07
  6.750E-04  3.46979E-11  2.36574E-15  8.44822E+01  1.79583E-07  1.0E-07
  7.000E-04  3.73157E-11  2.36574E-15  8.44822E+01  1.86234E-07  1.0E-07
  7.250E-04  4.00286E-11  2.36574E-15  8.44822E+01  1.92885E-07  1.0E-07
  7.500E-04  4.28368E-11  2.36574E-15  8.44822E+01  1.99536E-07  1.0E-07
  7.750E-04  4.57402E-11  2.36574E-15  8.44822E+01  2.06188E-07  1.0E-07
  8.000E-04  4.87388E-11  2.36574E-15  8.44822E+01  2.12839E-07  1.0E-07
  8.250E-04  5.18325E-11  2.36574E-15  8.44822E+01  2.19490E-07  1.0E-07
  8.500E-04  5.50215E-11  2.36574E-15  8.44822E+01  2.26141E-07  1.0E-07
  8.750E-04  5.83057E-11  2.36574E-15  8.44822E+01  2.32792E-07  1.0E-07
  9.000E-04  6.16850E-11  2.36574E-15  8.44822E+01  2.39444E-07  1.0E-07
  9.250E-04  6.51595E-11  2.36574E-15  8.44822E+01  2.46095E-07  1.0E-07
  9.500E-04  6.87293E-11  2.36574E-15  8.44822E+01  2.52746E-07  1.0E-07
  9.750E-04  7.23943E-11  2.36574E-15  8.44822E+01  2.59397E-07  1.0E-07
  1.000E-03  7.61544E-11  2.36574E-15  8.44822E+01  2.66048E-07  1.0E-07
  1.250E-03  1.18991E-10  2.36574E-15  8.44822E+01  3.32561E-07  1.0E-07
  1.500E-03  1.71347E-10  2.36574E-15  8.44822E+01  3.99073E-07  1.0E-07
  1.750E-03  2.33223E-10  2.36574E-15  8.44822E+01  4.65585E-07  1.0E-07
  2.000E-03  3.04617E-10  2.36574E-15  8.44822E+01  5.32097E-07  1.0E-07
  2.250E-03  3.85531E-10  2.36574E-15  8.44822E+01  5.98609E-07  1.0E-07
  2.500E-03  4.75965E-10  2.36574E-15  8.44822E+01  6.65121E-07  1.0E-07
  2.750E-03  5.75917E-10  2.36574E-15  8.44822E+01  7.31633E-07  1.0E-07
  3.000E-03  6.85389E-10  2.36574E-15  8.44822E+01  7.98146E-07  1.0E-07
  3.250E-03  8.04380E-10  2.36574E-15  8.44822E+01  8.64658E-07  1.0E-07
  3.500E-03  9.32891E-10  2.36574E-15  8.44822E+01  9.31170E-07  1.0E-07
  3.750E-03  1.07092E-09  2.36574E-15  8.44822E+01  9.97682E-07  1.0E-07
  4.000E-03  1.21847E-09  2.36574E-15  8.44822E+01  1.06419E-06  1.0E-07
  4.250E-03  1.37554E-09  2.36574E-15  8.44822E+01  1.13071E-06  1.0E-07
  4.500E-03  1.54213E-09  2.36574E-15  8.44822E+01  1.19722E-06  1.0E-07
  4.750E-03  1.71823E-09  2.36574E-15  8.44822E+01  1.26373E-06  1.0E-07
  5.000E-03  1.90386E-09  2.36574E-15  8.44822E+01  1.33024E-06  1.0E-07
  5.250E-03  2.09900E-09  2.36574E-15  8.44822E+01  1.39675E-06  1.0E-07
  5.500E-03  2.30367E-09  2.36574E-15  8.44822E+01  1.46327E-06  1.0E-07
  5.750E-03  2.51785E-09  2.36574E-15  8.44822E+01  1.52978E-06  1.0E-07
  6.000E-03  2.74156E-09  2.36574E-15  8.44822E+01  1.59629E-06  1.0E-07
  6.250E-03  2.97478E-09  2.36574E-15  8.44822E+01  1.66280E-06  1.0E-07
  6.500E-03  3.21752E-09  2.36574E-15  8.44822E+01  1.72932E-06  1.0E-07
  6.750E-03  3.46978E-09  2.36574E-15  8.44822E+01  1.79583E-06  1.0E-07
  7.000E-03  3.73156E-09  2.36574E-15  8.44822E+01  1.86234E-06  1.0E-07
  7.250E-03  4.00286E-09  2.36574E-15  8.44822E+01  1.92885E-06  1.0E-07
  7.500E-03  4.28368E-09  2.36574E-15  8.44821E+01  1.99536E-06  1.0E-07
  7.750E-03  4.57402E-09  2.36574E-15  8.44821E+01  2.06188E-06  1.0E-07
  8.000E-03  4.87388E-09  2.36574E-15  8.44821E+01  2.12839E-06  1.0E-07
  8.250E-03  5.18326E-09  2.36574E-15  8.44821E+01  2.19490E-06  1.0E-07
  8.500E-03  5.50215E-09  2.36574E-15  8.44821E+01  2.26141E-06  1.0E-07
  8.750E-03  5.83057E-09  2.36574E-15  8.44821E+01  2.32792E-06  1.0E-07
  9.000E-03  6.16850E-09  2.36574E-15  8.44821E+01  2.39444E-06  1.0E-07
  9.250E-03  6.51596E-09  2.36574E-15  8.44821E+01  2.46095E-06  1.0E-07
  9.500E-03  6.87293E-09  2.36574E-15  8.44821E+01  2.52746E-06  1.0E-07
  9.750E-03  7.23942E-09  2.36574E-15  8.44821E+01  2.59397E-06  1.0E-07
  1.000E-02  7.61544E-09  2.36574E-15  8.44821E+01  2.66049E-06  1.0E-07
  1.250E-02  1.18991E-08  2.36574E-15  8.44821E+01  3.32561E-06  1.0E-07
  1.500E-02  1.71347E-08  2.36574E-15  8.44820E+01  3.99073E-06  1.0E-07
  1.750E-02  2.33223E-08  2.36574E-15  8.44819E+01  4.65585E-06  1.0E-07
  2.000E-02  3.04617E-08  2.36573E-15  8.44819E+01  5.32097E-06  1.0E-07
  2.250E-02  3.85531E-08  2.36573E-15  8.44818E+01  5.98610E-06  1.0E-07
  2.500E-02  4.75965E-08  2.36573E-15  8.44817E+01  6.65122E-06  1.0E-07
  2.750E-02  5.75917E-08  2.36573E-15  8.44816E+01  7.31635E-06  1.0E-07
  3.000E-02  6.85389E-08  2.36572E-15  8.44815E+01  7.98147E-06  1.0E-07
  3.250E-02  8.04380E-08  2.36572E-15  8.44813E+01  8.64660E-06  1.0E-07
  3.500E-02  9.32891E-08  2.36571E-15  8.44812E+01  9.31172E-06  1.0E-07
  3.750E-02  1.07092E-07  2.36571E-15  8.44811E+01  9.97685E-06  1.0E-07
  4.000E-02  1.21847E-07  2.36571E-15  8.44809E+01  1.06420E-05  1.0E-07
  4.250E-02  1.37554E-07  2.36570E-15  8.44808E+01  1.13071E-05  1.0E-07
  4.500E-02  1.54213E-07  2.36570E-15  8.44806E+01  1.19722E-05  1.0E-07
  4.750E-02  1.71823E-07  2.36569E-15  8.44804E+01  1.26374E-05  1.0E-07
  5.000E-02  1.90386E-07  2.36569E-15  8.44802E+01  1.33025E-05  1.0E-07
  5.250E-02  2.09900E-07  2.36568E-15  8.44800E+01  1.39676E-05  1.0E-07
  5.500E-02  2.30367E-07  2.36567E-15  8.44798E+01  1.46328E-05  1.0E-07
  5.750E-02  2.51785E-07  2.36567E-15  8.44796E+01  1.52979E-05  1.0E-07
  6.000E-02  2.74156E-07  2.36566E-15  8.44793E+01  1.59630E-05  1.0E-07
  6.250E-02  2.97478E-07  2.36566E-15  8.44791E+01  1.66282E-05  1.0E-07
  6.500E-02  3.21752E-07  2.36565E-15  8.44788E+01  1.72933E-05  1.0E-07
  6.750E-02  3.46978E-07  2.36564E-15  8.44786E+01  1.79585E-05  1.0E-07
  7.000E-02  3.73156E-07  2.36563E-15  8.44783E+01  1.86236E-05  1.0E-07
  7.250E-02  4.00286E-07  2.36562E-15  8.44780E+01  1.92887E-05  1.0E-07
  7.500E-02  4.28368E-07  2.36562E-15  8.44777E+01  1.99539E-05  1.0E-07
  7.750E-02  4.57402E-07  2.36561E-15  8.44774E+01  2.06190E-05  1.0E-07
  8.000E-02  4.87388E-07  2.36560E-15  8.44771E+01  2.12842E-05  1.0E-07
  8.250E-02  5.18325E-07  2.36559E-15  8.44768E+01  2.19493E-05  1.0E-07
  8.500E-02  5.50215E-07  2.36558E-15  8.44764E+01  2.26145E-05  1.0E-07
  8.750E-02  5.83057E-07  2.36557E-15  8.44761E+01  2.32797E-05  1.0E-07
  9.000E-02  6.16850E-07  2.36556E-15  8.44757E+01  2.39448E-05  1.0E-07
  9.250E-02  6.51596E-07  2.36555E-15  8.44754E+01  2.46100E-05  1.0E-07
  9.500E-02  6.87293E-07  2.36554E-15  8.44750E+01  2.52751E-05  1.0E-07
  9.750E-02  7.23942E-07  2.36553E-15  8.44746E+01  2.59403E-05  1.0E-07
  1.000E-01  7.61543E-07  2.36552E-15  8.44742E+01  2.66055E-05  1.0E-07
  1.250E-01  1.18991E-06  2.36539E-15  8.44697E+01  3.32573E-05  1.0E-07
  1.500E-01  1.71347E-06  2.36524E-15  8.44642E+01  3.99093E-05  1.0E-07
  1.750E-01  2.33223E-06  2.36506E-15  8.44578E+01  4.65618E-05  1.0E-07
  2.000E-01  3.04617E-06  2.36485E-15  8.44503E+01  5.32146E-05  1.0E-07
  2.250E-01  3.85531E-06  2.36461E-15  8.44418E+01  5.98679E-05  1.0E-07
  2.500E-01  4.75964E-06  2.36435E-15  8.44323E+01  6.65217E-05  1.0E-07
  2.750E-01  5.75916E-06  2.36405E-15  8.44219E+01  7.31760E-05  1.0E-07
  3.000E-01  6.85388E-06  2.36373E-15  8.44104E+01  7.98311E-05  1.0E-07
  3.250E-01  8.04378E-06  2.36338E-15  8.43980E+01  8.64867E-05  1.0E-07
  3.500E-01  9.32888E-06  2.36301E-15  8.43845E+01  9.31432E-05  1.0E-07
  3.750E-01  1.07092E-05  2.36260E-15  8.43701E+01  9.98004E-05  1.0E-07
  4.000E-01  1.21846E-05  2.36217E-15  8.43546E+01  1.06459E-04  1.0E-07
  4.250E-01  1.37553E-05  2.36171E-15  8.43382E+01  1.13118E-04  1.0E-07
  4.500E-01  1.54212E-05  2.36122E-15  8.43208E+01  1.19777E-04  1.0E-07
  4.750E-01  1.71822E-05  2.36071E-15  8.43024E+01  1.26438E-04  1.0E-07
  5.000E-01  1.90385E-05  2.36016E-15  8.42830E+01  1.33101E-04  1.0E-07
  5.250E-01  2.09899E-05  2.35959E-15  8.42626E+01  1.39764E-04  1.0E-07
  5.500E-01  2.30365E-05  2.35900E-15  8.42413E+01  1.46428E-04  1.0E-07
  5.750E-01  2.51783E-05  2.35837E-15  8.42189E+01  1.53094E-04  1.0E-07
  6.000E-01  2.74153E-05  2.35772E-15  8.41956E+01  1.59761E-04  1.0E-07
  6.250E-01  2.97475E-05  2.35704E-15  8.41713E+01  1.66429E-04  1.0E-07
  6.500E-01  3.21749E-05  2.35633E-15  8.41460E+01  1.73099E-04  1.0E-07
  6.750E-01  3.46974E-05  2.35559E-15  8.41197E+01  1.79770E-04  1.0E-07
  7.000E-01  3.73152E-05  2.35483E-15  8.40924E+01  1.86443E-04  1.0E-07
  7.250E-01  4.00281E-05  2.35404E-15  8.40642E+01  1.93118E-04  1.0E-07
  7.500E-01  4.28362E-05  2.35322E-15  8.40350E+01  1.99794E-04  1.0E-07
  7.750E-01  4.57395E-05  2.35237E-15  8.40048E+01  2.06471E-04  1.0E-07
  8.000E-01  4.87380E-05  2.35150E-15  8.39736E+01  2.13151E-04  1.0E-07
  8.250E-01  5.18317E-05  2.35060E-15  8.39415E+01  2.19832E-04  1.0E-07
  8.500E-01  5.50205E-05  2.34967E-15  8.39084E+01  2.26515E-04  1.0E-07
  8.750E-01  5.83045E-05  2.34872E-15  8.38743E+01  2.33201E-04  1.0E-07
  9.000E-01  6.16838E-05  2.34774E-15  8.38393E+01  2.39888E-04  1.0E-07
  9.250E-01  6.51582E-05  2.34673E-15  8.38032E+01  2.46577E-04  1.0E-07
  9.500E-01  6.87277E-05  2.34569E-15  8.37663E+01  2.53268E-04  1.0E-07
  9.750E-01  7.23925E-05  2.34463E-15  8.37283E+01  2.59961E-04  1.0E-07
  1.000E+00  7.61524E-05  2.34354E-15  8.36895E+01  2.66657E-04  1.0E-07
  1.100E+00  9.21439E-05  2.33892E-15  8.35243E+01  2.93462E-04  1.0E-07
  1.200E+00  1.09658E-04  2.33387E-15  8.33440E+01  3.20307E-04  1.0E-07
  1.300E+00  1.28695E-04  2.32840E-15  8.31487E+01  3.47195E-04  1.0E-07
  1.400E+00  1.49255E-04  2.32251E-15  8.29384E+01  3.74129E-04  1.0E-07
  1.500E+00  1.71338E-04  2.31621E-15  8.27134E+01  4.01113E-04  1.0E-07
  1.600E+00  1.94942E-04  2.30950E-15  8.24739E+01  4.28150E-04  1.0E-07
  1.700E+00  2.20070E-04  2.30239E-15  8.22200E+01  4.55243E-04  1.0E-07
  1.800E+00  2.46720E-04  2.29489E-15  8.19519E+01  4.82396E-04  1.0E-07
  1.900E+00  2.74892E-04  2.28699E-15  8.16698E+01  5.09611E-04  1.0E-07
  2.000E+00  3.04586E-04  2.27871E-15  8.13741E+01  5.36891E-04  1.0E-07
  2.100E+00  3.35803E-04  2.27004E-15  8.10647E+01  5.64240E-04  1.0E-07
  2.200E+00  3.68542E-04  2.26101E-15  8.07422E+01  5.91660E-04  1.0E-07
  2.300E+00  4.02802E-04  2.25161E-15  8.04065E+01  6.19154E-04  1.0E-07
  2.400E+00  4.38585E-04  2.24185E-15  8.00581E+01  6.46726E-04  1.0E-07
  2.500E+00  4.75889E-04  2.23175E-15  7.96971E+01  6.74377E-04  1.0E-07
  2.600E+00  5.14715E-04  2.22129E-15  7.93238E+01  7.02110E-04  1.0E-07
  2.700E+00  5.55063E-04  2.21051E-15  7.89386E+01  7.29927E-04  1.0E-07
  2.800E+00  5.96931E-04  2.19939E-15  7.85416E+01  7.57832E-04  1.0E-07
  2.900E+00  6.40321E-04  2.18795E-15  7.81332E+01  7.85826E-04  1.0E-07
  3.000E+00  6.85233E-04  2.17620E-15  7.77137E+01  8.13911E-04  1.0E-07
  3.100E+00  7.31665E-04  2.16415E-15  7.72832E+01  8.42090E-04  1.0E-07
  3.200E+00  7.79618E-04  2.15180E-15  7.68423E+01  8.70364E-04  1.0E-07
  3.300E+00  8.29092E-04  2.13917E-15  7.63910E+01  8.98736E-04  1.0E-07
  3.400E+00  8.80086E-04  2.12625E-15  7.59299E+01  9.27206E-04  1.0E-07
  3.500E+00  9.32601E-04  2.11307E-15  7.54591E+01  9.55778E-04  1.0E-07
  3.600E+00  9.86636E-04  2.09962E-15  7.49789E+01  9.84451E-04  1.0E-07
  3.700E+00  1.04219E-03  2.08593E-15  7.44898E+01  1.01323E-03  1.0E-07
  3.800E+00  1.09927E-03  2.07199E-15  7.39920E+01  1.04211E-03  1.0E-07
  3.900E+00  1.15786E-03  2.05781E-15  7.34858E+01  1.07110E-03  1.0E-07
  4.000E+00  1.21797E-03  2.04341E-15  7.29715E+01  1.10019E-03  1.0E-07
  4.100E+00  1.27961E-03  2.02879E-15  7.24495E+01  1.12939E-03  1.0E-07
  4.200E+00  1.34276E-03  2.01397E-15  7.19202E+01  1.15870E-03  1.0E-07
  4.300E+00  1.40743E-03  1.99895E-15  7.13837E+01  1.18812E-03  1.0E-07
  4.400E+00  1.47362E-03  1.98373E-15  7.08404E+01  1.21765E-03  1.0E-07
  4.500E+00  1.54133E-03  1.96834E-15  7.02908E+01  1.24729E-03  1.0E-07
  4.600E+00  1.61056E-03  1.95278E-15  6.97350E+01  1.27703E-03  1.0E-07
  4.700E+00  1.68131E-03  1.93705E-15  6.91733E+01  1.30689E-03  1.0E-07
  4.800E+00  1.75357E-03  1.92117E-15  6.86062E+01  1.33685E-03  1.0E-07
  4.900E+00  1.82735E-03  1.90514E-15  6.80340E+01  1.36692E-03  1.0E-07
  5.000E+00  1.90265E-03  1.88898E-15  6.74568E+01  1.39710E-03  1.0E-07
  5.100E+00  1.97947E-03  1.87269E-15  6.68751E+01  1.42739E-03  1.0E-07
  5.200E+00  2.05780E-03  1.85629E-15  6.62892E+01  1.45778E-03  1.0E-07
  5.300E+00  2.13765E-03  1.83977E-15  6.56993E+01  1.48828E-03  1.0E-07
  5.400E+00  2.21902E-03  1.82315E-15  6.51058E+01  1.51888E-03  1.0E-07
  5.500E+00  2.30190E-03  1.80643E-15  6.45089E+01  1.54959E-03  1.0E-07
  5.600E+00  2.38630E-03  1.78963E-15  6.39089E+01  1.58039E-03  1.0E-07
  5.700E+00  2.47222E-03  1.77275E-15  6.33062E+01  1.61129E-03  1.0E-07
  5.800E+00  2.55965E-03  1.75581E-15  6.27010E+01  1.64229E-03  1.0E-07
  5.900E+00  2.64859E-03  1.73880E-15  6.20936E+01  1.67338E-03  1.0E-07
  6.000E+00  2.73905E-03  1.72173E-15  6.14843E+01  1.70456E-03  1.0E-07
  6.100E+00  2.83103E-03  1.70462E-15  6.08733E+01  1.73584E-03  1.0E-07
  6.200E+00  2.92452E-03  1.68748E-15  6.02609E+01  1.76719E-03  1.0E-07
  6.300E+00  3.01952E-03  1.67029E-15  5.96473E+01  1.79863E-03  1.0E-07
  6.400E+00  3.11604E-03  1.65309E-15  5.90329E+01  1.83015E-03  1.0E-07
  6.500E+00  3.21407E-03  1.63586E-15  5.84178E+01  1.86174E-03  1.0E-07
  6.600E+00  3.31362E-03  1.61863E-15  5.78023E+01  1.89340E-03  1.0E-07
  6.700E+00  3.41468E-03  1.60139E-15  5.71867E+01  1.92513E-03  1.0E-07
  6.800E+00  3.51725E-03  1.58415E-15  5.65711E+01  1.95693E-03  1.0E-07
  6.900E+00  3.62133E-03  1.56692E-15  5.59558E+01  1.98878E-03  1.0E-07
  7.000E+00  3.72692E-03  1.54971E-15  5.53410E+01  2.02068E-03  1.0E-07
  7.100E+00  3.83403E-03  1.53251E-15  5.47270E+01  2.05264E-03  1.0E-07
  7.200E+00  3.94265E-03  1.51534E-15  5.41139E+01  2.08463E-03  1.0E-07
  7.300E+00  4.05278E-03  1.49821E-15  5.35019E+01  2.11666E-03  1.0E-07
  7.400E+00  4.16442E-03  1.48111E-15  5.28913E+01  2.14873E-03  1.0E-07
  7.500E+00  4.27757E-03  1.46405E-15  5.22821E+01  2.18082E-03  1.0E-07
  7.600E+00  4.39223E-03  1.44704E-15  5.16747E+01  2.21293E-03  1.0E-07
  7.700E+00  4.50840E-03  1.43008E-15  5.10692E+01  2.24505E-03  1.0E-07
  7.800E+00  4.62608E-03  1.41318E-15  5.04657E+01  2.27718E-03  1.0E-07
  7.900E+00  4.74527E-03  1.39635E-15  4.98644E+01  2.30931E-03  1.0E-07
  8.000E+00  4.86597E-03  1.37957E-15  4.92655E+01  2.34143E-03  1.0E-07
  8.100E+00  4.98817E-03  1.36287E-15  4.86691E+01  2.37353E-03  1.0E-07
  8.200E+00  5.11188E-03  1.34625E-15  4.80754E+01  2.40561E-03  1.0E-07
  8.300E+00  5.23711E-03  1.32970E-15  4.74845E+01  2.43765E-03  1.0E-07
  8.400E+00  5.36383E-03  1.31324E-15  4.68966E+01  2.46966E-03  1.0E-07
  8.500E+00  5.49207E-03  1.29686E-15  4.63117E+01  2.50161E-03  1.0E-07
  8.600E+00  5.62181E-03  1.28057E-15  4.57301E+01  2.53351E-03  1.0E-07
  8.700E+00  5.75306E-03  1.26438E-15  4.51518E+01  2.56534E-03  1.0E-07
  8.800E+00  5.88581E-03  1.24828E-15  4.45769E+01  2.59709E-03  1.0E-07
  8.900E+00  6.02007E-03  1.23228E-15  4.40056E+01  2.62875E-03  1.0E-07
  9.000E+00  6.15583E-03  1.21639E-15  4.34379E+01  2.66031E-03  1.0E-07
  9.100E+00  6.29310E-03  1.20059E-15  4.28740E+01  2.69177E-03  1.0E-07
  9.200E+00  6.43187E-03  1.18491E-15  4.23139E+01  2.72310E-03  1.0E-07
  9.300E+00  6.57214E-03  1.16934E-15  4.17578E+01  2.75431E-03  1.0E-07
  9.400E+00  6.71392E-03  1.15388E-15  4.12057E+01  2.78537E-03  1.0E-07
  9.500E+00  6.85720E-03  1.13853E-15  4.06576E+01  2.81628E-03  1.0E-07
  9.600E+00  7.00198E-03  1.12330E-15  4.01138E+01  2.84702E-03  1.0E-07
  9.700E+00  7.14827E-03  1.10819E-15  3.95742E+01  2.87758E-03  1.0E-07
  9.800E+00  7.29605E-03  1.09320E-15  3.90388E+01  2.90795E-03  1.0E-07
  9.900E+00  7.44534E-03  1.07833E-15  3.85079E+01  2.93812E-03  1.0E-07
  1.000E+01  7.59612E-03  1.06359E-15  3.79813E+01  2.96807E-03  1.0E-07
  1.025E+01  7.97965E-03  1.02728E-15  3.66847E+01  3.04188E-03  1.0E-07
  1.050E+01  8.37255E-03  9.91767E-16  3.54166E+01  3.11402E-03  1.0E-07
  1.075E+01  8.77480E-03  9.57076E-16  3.41778E+01  3.18424E-03  1.0E-07
  1.100E+01  9.18641E-03  9.23215E-16  3.29686E+01  3.25228E-03  1.0E-07
  1.125E+01  9.60736E-03  8.90192E-16  3.17893E+01  3.31786E-03  1.0E-07
  1.150E+01  1.00376E-02  8.58012E-16  3.06402E+01  3.38071E-03  1.0E-07
  1.175E+01  1.04773E-02  8.26677E-16  2.95212E+01  3.44053E-03  1.0E-07
  1.200E+01  1.09262E-02  7.96188E-16  2.84324E+01  3.49697E-03  1.0E-07
  1.225E+01  1.13844E-02  7.66542E-16  2.73737E+01  3.54972E-03  1.0E-07
  1.250E+01  1.18520E-02  7.37733E-16  2.63449E+01  3.59841E-03  1.0E-07
  1.275E+01  1.23288E-02  7.09754E-16  2.53458E+01  3.64267E-03  1.0E-07
  1.300E+01  1.28150E-02  6.82598E-16  2.43760E+01  3.68209E-03  1.0E-07
  1.325E+01  1.33104E-02  6.56254E-16  2.34352E+01  3.71625E-03  1.0E-07
  1.350E+01  1.38150E-02  6.30711E-16  2.25231E+01  3.74471E-03  1.0E-07
  1.375E+01  1.43290E-02  6.05956E-16  2.16391E+01  3.76701E-03  1.0E-07
  1.400E+01  1.48521E-02  5.81976E-16  2.07827E+01  3.78266E-03  1.0E-07
  1.425E+01  1.53845E-02  5.58757E-16  1.99536E+01  3.79112E-03  1.0E-07
  1.450E+01  1.59262E-02  5.36284E-16  1.91510E+01  3.79185E-03  1.0E-07
  1.475E+01  1.64770E-02  5.14541E-16  1.83746E+01  3.78428E-03  1.0E-07
  1.500E+01  1.70371E-02  4.93513E-16  1.76237E+01  3.76778E-03  1.0E-07
  1.525E+01  1.76063E-02  4.73183E-16  1.68977E+01  3.74172E-03  1.0E-07
  1.550E+01  1.81848E-02  4.53535E-16  1.61960E+01  3.70540E-03  1.0E-07
  1.575E+01  1.87724E-02  4.34553E-16  1.55182E+01  3.65811E-03  1.0E-07
  1.600E+01  1.93692E-02  4.16220E-16  1.48635E+01  3.59907E-03  1.0E-07
  1.625E+01  1.99751E-02  3.98518E-16  1.42313E+01  3.52747E-03  1.0E-07
  1.650E+01  2.05901E-02  3.81432E-16  1.36212E+01  3.44245E-03  1.0E-07
  1.675E+01  2.12143E-02  3.64945E-16  1.30324E+01  3.34308E-03  1.0E-07
  1.700E+01  2.18476E-02  3.49041E-16  1.24645E+01  3.22841E-03  1.0E-07
  1.725E+01  2.24900E-02  3.33704E-16  1.19168E+01  3.09739E-03  1.0E-07
  1.750E+01  2.31415E-02  3.18916E-16  1.13887E+01  2.94892E-03  1.0E-07
  1.775E+01  2.38021E-02  3.04664E-16  1.08798E+01  2.78183E-03  1.0E-07
  1.800E+01  2.44717E-02  2.90931E-16  1.03893E+01  2.59487E-03  1.0E-07
  1.825E+01  2.51504E-02  2.77703E-16  9.91694E+00  2.38670E-03  1.0E-07
  1.850E+01  2.58382E-02  2.64964E-16  9.46202E+00  2.15590E-03  1.0E-07
  1.875E+01  2.65349E-02  2.52699E-16  9.02406E+00  1.90095E-03  1.0E-07
  1.900E+01  2.72407E-02  2.40896E-16  8.60256E+00  1.62022E-03  1.0E-07
  1.925E+01  2.79555E-02  2.29540E-16  8.19702E+00  1.31197E-03  1.0E-07
  1.950E+01  2.86793E-02  2.18617E-16  7.80696E+00  9.74327E-04  1.0E-07
  1.975E+01  2.94120E-02  2.08115E-16  7.43192E+00  6.05292E-04  1.0E-07
  2.000E+01  3.01537E-02  1.98020E-16  7.07143E+00  2.02719E-04  1.0E-07
  2.025E+01  3.09043E-02  1.88320E-16  6.72504E+00 -2.35698E-04  1.0E-07
  2.050E+01  3.16639E-02  1.79004E-16  6.39234E+00 -7.12434E-04  1.0E-07
  2.075E+01  3.24324E-02  1.70058E-16  6.07289E+00 -1.23015E-03  1.0E-07
  2.100E+01  3.32098E-02  1.61473E-16  5.76629E+00 -1.79170E-03  1.0E-07
  2.125E+01  3.39961E-02  1.53236E-16  5.47215E+00 -2.40017E-03  1.0E-07
  2.150E+01  3.47912E-02  1.45337E-16  5.19007E+00 -3.05887E-03  1.0E-07
  2.175E+01  3.55952E-02  1.37765E-16  4.91968E+00 -3.77135E-03  1.0E-07
  2.200E+01  3.64081E-02  1.30511E-16  4.66062E+00 -4.54145E-03  1.0E-07
  2.225E+01  3.72297E-02  1.23564E-16  4.41254E+00 -5.37328E-03  1.0E-07
  2.250E+01  3.80602E-02  1.16915E-16  4.17510E+00 -6.27129E-03  1.0E-07
  2.275E+01  3.88995E-02  1.10554E-16  3.94796E+00 -7.24024E-03  1.0E-07
  2.300E+01  3.97476E-02  1.04473E-16  3.73080E+00 -8.28526E-03  1.0E-07
  2.325E+01  4.06044E-02  9.86627E-17  3.52331E+00 -9.41183E-03  1.0E-07
  2.350E+01  4.14700E-02  9.31147E-17  3.32519E+00 -1.06259E-02  1.0E-07
  2.375E+01  4.23443E-02  8.78208E-17  3.13614E+00 -1.19336E-02  1.0E-07
  2.400E+01  4.32273E-02  8.27729E-17  2.95587E+00 -1.33419E-02  1.0E-07
  2.425E+01  4.41190E-02  7.79633E-17  2.78412E+00 -1.48579E-02  1.0E-07
  2.450E+01  4.50194E-02  7.33845E-17  2.62061E+00 -1.64891E-02  1.0E-07
  2.475E+01  4.59284E-02  6.90290E-17  2.46507E+00 -1.82437E-02  1.0E-07
  2.500E+01  4.68461E-02  6.48899E-17  2.31726E+00 -2.01302E-02  1.0E-07
  2.550E+01  4.87074E-02  5.72331E-17  2.04383E+00 -2.43342E-02  1.0E-07
  2.600E+01  5.06030E-02  5.03610E-17  1.79842E+00 -2.91756E-02  1.0E-07
  2.650E+01  5.25328E-02  4.42234E-17  1.57925E+00 -3.47303E-02  1.0E-07
  2.700E+01  5.44967E-02  3.87726E-17  1.38460E+00 -4.10695E-02  1.0E-07
  2.750E+01  5.64946E-02  3.39637E-17  1.21286E+00 -4.82495E-02  1.0E-07
  2.800E+01  5.85262E-02  2.97536E-17  1.06252E+00 -5.62944E-02  1.0E-07
  2.850E+01  6.05914E-02  2.61017E-17  9.32109E-01 -6.51727E-02  1.0E-07
  2.900E+01  6.26901E-02  2.29691E-17  8.20243E-01 -7.47652E-02  1.0E-07
  2.950E+01  6.48222E-02  2.03188E-17  7.25599E-01 -8.48278E-02  1.0E-07
  3.000E+01  6.69873E-02  1.81155E-17  6.46915E-01 -9.49582E-02  1.0E-07
  3.050E+01  6.91854E-02  1.63253E-17  5.82986E-01 -1.04581E-01  1.0E-07
  3.100E+01  7.14163E-02  1.49159E-17  5.32657E-01 -1.12976E-01  1.0E-07
  3.150E+01  7.36799E-02  1.38566E-17  4.94827E-01 -1.19361E-01  1.0E-07
  3.200E+01  7.59760E-02  1.31176E-17  4.68437E-01 -1.23041E-01  1.0E-07
  3.250E+01  7.83043E-02  1.26706E-17  4.52476E-01 -1.23565E-01  1.0E-07
  3.300E+01  8.06647E-02  1.24886E-17  4.45975E-01 -1.20847E-01  1.0E-07
  3.350E+01  8.30571E-02  1.25455E-17  4.48007E-01 -1.15185E-01  1.0E-07
  3.400E+01  8.54812E-02  1.28164E-17  4.57684E-01 -1.07171E-01  1.0E-07
  3.450E+01  8.79369E-02  1.32777E-17  4.74154E-01 -9.75404E-02  1.0E-07
  3.500E+01  9.04240E-02  1.39064E-17  4.96607E-01 -8.70212E-02  1.0E-07
  3.550E+01  9.29422E-02  1.46810E-17  5.24267E-01 -7.62289E-02  1.0E-07
  3.600E+01  9.54915E-02  1.55806E-17  5.56392E-01 -6.56226E-02  1.0E-07
  3.650E+01  9.80716E-02  1.65855E-17  5.92280E-01 -5.55052E-02  1.0E-07
  3.700E+01  1.00682E-01  1.76771E-17  6.31259E-01 -4.60496E-02  1.0E-07
  3.750E+01  1.03323E-01  1.88374E-17  6.72695E-01 -3.73316E-02  1.0E-07
  3.800E+01  1.05995E-01  2.00496E-17  7.15985E-01 -2.93614E-02  1.0E-07
  3.850E+01  1.08696E-01  2.12979E-17  7.60562E-01 -2.21092E-02  1.0E-07
  3.900E+01  1.11427E-01  2.25672E-17  8.05891E-01 -1.55225E-02  1.0E-07
  3.950E+01  1.14188E-01  2.38436E-17  8.51470E-01 -9.53870E-03  1.0E-07
  4.000E+01  1.16978E-01  2.51138E-17  8.96830E-01 -4.09241E-03  1.0E-07
  4.050E+01  1.19797E-01  2.63657E-17  9.41536E-01  8.79793E-04  1.0E-07
  4.100E+01  1.22645E-01  2.75879E-17  9.85183E-01  5.43712E-03  1.0E-07
  4.150E+01  1.25522E-01  2.87701E-17  1.02740E+00  9.63350E-03  1.0E-07
  4.200E+01  1.28428E-01  2.99027E-17  1.06785E+00  1.35173E-02  1.0E-07
  4.250E+01  1.31361E-01  3.09770E-17  1.10621E+00  1.71313E-02  1.0E-07
  4.300E+01  1.34323E-01  3.19853E-17  1.14222E+00  2.05136E-02  1.0E-07
  4.350E+01  1.37313E-01  3.29206E-17  1.17562E+00  2.36974E-02  1.0E-07
  4.400E+01  1.40330E-01  3.37768E-17  1.20619E+00  2.67121E-02  1.0E-07
  4.450E+01  1.43375E-01  3.45485E-17  1.23375E+00  2.95838E-02  1.0E-07
  4.500E+01  1.46447E-01  3.52313E-17  1.25813E+00  3.23353E-02  1.0E-07
  4.550E+01  1.49545E-01  3.58215E-17  1.27921E+00  3.49870E-02  1.0E-07
  4.600E+01  1.52671E-01  3.63160E-17  1.29687E+00  3.75572E-02  1.0E-07
  4.650E+01  1.55823E-01  3.67127E-17  1.31103E+00  4.00623E-02  1.0E-07
  4.700E+01  1.59001E-01  3.70100E-17  1.32165E+00  4.25171E-02  1.0E-07
  4.750E+01  1.62205E-01  3.72071E-17  1.32869E+00  4.49354E-02  1.0E-07
  4.800E+01  1.65435E-01  3.73038E-17  1.33214E+00  4.73296E-02  1.0E-07
  4.850E+01  1.68690E-01  3.73006E-17  1.33203E+00  4.97115E-02  1.0E-07
  4.900E+01  1.71970E-01  3.71985E-17  1.32838E+00  5.20922E-02  1.0E-07
  4.950E+01  1.75276E-01  3.69990E-17  1.32126E+00  5.44823E-02  1.0E-07
  5.000E+01  1.78606E-01  3.67045E-17  1.31074E+00  5.68921E-02  1.0E-07
  5.050E+01  1.81961E-01  3.63175E-17  1.29692E+00  5.93316E-02  1.0E-07
  5.100E+01  1.85340E-01  3.58411E-17  1.27991E+00  6.18107E-02  1.0E-07
  5.150E+01  1.88743E-01  3.52790E-17  1.25983E+00  6.43396E-02  1.0E-07
  5.200E+01  1.92169E-01  3.46350E-17  1.23684E+00  6.69283E-02  1.0E-07
  5.250E+01  1.95619E-01  3.39135E-17  1.21107E+00  6.95874E-02  1.0E-07
  5.300E+01  1.99092E-01  3.31191E-17  1.18271E+00  7.23276E-02  1.0E-07
  5.350E+01  2.02589E-01  3.22568E-17  1.15191E+00  7.51605E-02  1.0E-07
  5.400E+01  2.06107E-01  3.13319E-17  1.11888E+00  7.80982E-02  1.0E-07
  5.450E+01  2.09649E-01  3.03496E-17  1.08380E+00  8.11535E-02  1.0E-07
  5.500E+01  2.13212E-01  2.93156E-17  1.04688E+00  8.43405E-02  1.0E-07
  5.550E+01  2.16797E-01  2.82357E-17  1.00832E+00  8.76743E-02  1.0E-07
  5.600E+01  2.20404E-01  2.71157E-17  9.68321E-01  9.11715E-02  1.0E-07
  5.650E+01  2.24032E-01  2.59617E-17  9.27108E-01  9.48503E-02  1.0E-07
  5.700E+01  2.27680E-01  2.47795E-17  8.84890E-01  9.87310E-02  1.0E-07
  5.750E+01  2.31350E-01  2.35751E-17  8.41884E-01  1.02836E-01  1.0E-07
  5.800E+01  2.35040E-01  2.23547E-17  7.98302E-01  1.07190E-01  1.0E-07
  5.850E+01  2.38751E-01  2.11241E-17  7.54356E-01  1.11822E-01  1.0E-07
  5.900E+01  2.42481E-01  1.98892E-17  7.10256E-01  1.16764E-01  1.0E-07
  5.950E+01  2.46231E-01  1.86557E-17  6.66208E-01  1.22051E-01  1.0E-07
  6.000E+01  2.50000E-01  1.74293E-17  6.22413E-01  1.27725E-01  1.0E-07
  6.050E+01  2.53788E-01  1.62155E-17  5.79065E-01  1.33834E-01  1.0E-07
  6.100E+01  2.57595E-01  1.50194E-17  5.36354E-01  1.40432E-01  1.0E-07
  6.150E+01  2.61421E-01  1.38463E-17  4.94461E-01  1.47581E-01  1.0E-07
  6.200E+01  2.65264E-01  1.27009E-17  4.53558E-01  1.55355E-01  1.0E-07
  6.250E+01  2.69126E-01  1.15879E-17  4.13811E-01  1.63838E-01  1.0E-07
  6.300E+01  2.73005E-01  1.05115E-17  3.75374E-01  1.73129E-01  1.0E-07
  6.350E+01  2.76901E-01  9.47596E-18  3.38393E-01  1.83344E-01  1.0E-07
  6.400E+01  2.80814E-01  8.48492E-18  3.03002E-01  1.94617E-01  1.0E-07
  6.450E+01  2.84744E-01  7.54188E-18  2.69325E-01  2.07108E-01  1.0E-07
  6.500E+01  2.88691E-01  6.64999E-18  2.37475E-01  2.20998E-01  1.0E-07
  6.550E+01  2.92653E-01  5.81209E-18  2.07553E-01  2.36498E-01  1.0E-07
  6.600E+01  2.96632E-01  5.03066E-18  1.79648E-01  2.53842E-01  1.0E-07
  6.650E+01  3.00625E-01  4.30789E-18  1.53838E-01  2.73279E-01  1.0E-07
  6.700E+01  3.04634E-01  3.64559E-18  1.30186E-01  2.95046E-01  1.0E-07
  6.750E+01  3.08658E-01  3.04525E-18  1.08748E-01  3.19301E-01  1.0E-07
  6.800E+01  3.12697E-01  2.50801E-18  8.95627E-02  3.45988E-01  1.0E-07
  6.850E+01  3.16749E-01  2.03469E-18  7.26601E-02  3.74537E-01  1.0E-07
  6.900E+01  3.20816E-01  1.62576E-18  5.80568E-02  4.03259E-01  1.0E-07
  6.950E+01  3.24896E-01  1.28136E-18  4.57582E-02  4.28155E-01  1.0E-07
  7.000E+01  3.28990E-01  1.00132E-18  3.57579E-02  4.40811E-01  1.0E-07
  7.050E+01  3.33097E-01  7.85153E-19  2.80383E-02  4.25630E-01  1.0E-07
  7.100E+01  3.37216E-01  6.32054E-19  2.25711E-02  3.59548E-01  1.0E-07
  7.150E+01  3.41348E-01  5.40933E-19  1.93171E-02  2.23417E-01  1.0E-07
  7.200E+01  3.45492E-01  5.10417E-19  1.82273E-02  2.98421E-02  1.0E-07
  7.250E+01  3.49647E-01  5.38860E-19  1.92430E-02 -1.65852E-01  1.0E-07
  7.300E+01  3.53814E-01  6.24362E-19  2.22964E-02 -3.08671E-01  1.0E-07
  7.350E+01  3.57992E-01  7.64780E-19  2.73108E-02 -3.85207E-01  1.0E-07
  7.400E+01  3.62181E-01  9.57746E-19  3.42017E-02 -4.12201E-01  1.0E-07
  7.450E+01  3.66381E-01  1.20068E-18  4.28772E-02 -4.10658E-01  1.0E-07
  7.500E+01  3.70590E-01  1.49082E-18  5.32382E-02 -3.95260E-01  1.0E-07
  7.550E+01  3.74810E-01  1.82522E-18  6.51797E-02 -3.74296E-01  1.0E-07
  7.600E+01  3.79039E-01  2.20077E-18  7.85910E-02 -3.51977E-01  1.0E-07
  7.650E+01  3.83277E-01  2.61425E-18  9.33564E-02 -3.30284E-01  1.0E-07
  7.700E+01  3.87524E-01  3.06228E-18  1.09356E-01 -3.10058E-01  1.0E-07
  7.750E+01  3.91780E-01  3.54143E-18  1.26467E-01 -2.91577E-01  1.0E-07
  7.800E+01  3.96044E-01  4.04814E-18  1.44562E-01 -2.74855E-01  1.0E-07
  7.850E+01  4.00316E-01  4.57883E-18  1.63513E-01 -2.59786E-01  1.0E-07
  7.900E+01  4.04596E-01  5.12984E-18  1.83190E-01 -2.46224E-01  1.0E-07
  7.950E+01  4.08882E-01  5.69752E-18  2.03462E-01 -2.34007E-01  1.0E-07
  8.000E+01  4.13176E-01  6.27818E-18  2.24198E-01 -2.22986E-01  1.0E-07
  8.050E+01  4.17476E-01  6.86819E-18  2.45267E-01 -2.13021E-01  1.0E-07
  8.100E+01  4.21783E-01  7.46390E-18  2.66541E-01 -2.03991E-01  1.0E-07
  8.150E+01  4.26095E-01  8.06173E-18  2.87890E-01 -1.95786E-01  1.0E-07
  8.200E+01  4.30413E-01  8.65818E-18  3.09189E-01 -1.88313E-01  1.0E-07
  8.250E+01  4.34737E-01  9.24980E-18  3.30316E-01 -1.81492E-01  1.0E-07
  8.300E+01  4.39065E-01  9.83326E-18  3.51152E-01 -1.75251E-01  1.0E-07
  8.350E+01  4.43398E-01  1.04053E-17  3.71581E-01 -1.69530E-01  1.0E-07
  8.400E+01  4.47736E-01  1.09629E-17  3.91493E-01 -1.64276E-01  1.0E-07
  8.450E+01  4.52077E-01  1.15030E-17  4.10780E-01 -1.59443E-01  1.0E-07
  8.500E+01  4.56422E-01  1.20229E-17  4.29344E-01 -1.54992E-01  1.0E-07
  8.550E+01  4.60770E-01  1.25198E-17  4.47088E-01 -1.50886E-01  1.0E-07
  8.600E+01  4.65122E-01  1.29912E-17  4.63925E-01 -1.47096E-01  1.0E-07
  8.650E+01  4.69476E-01  1.34350E-17  4.79771E-01 -1.43595E-01  1.0E-07
  8.700E+01  4.73832E-01  1.38488E-17  4.94551E-01 -1.40359E-01  1.0E-07
  8.750E+01  4.78190E-01  1.42309E-17  5.08195E-01 -1.37368E-01  1.0E-07
  8.800E+01  4.82550E-01  1.45795E-17  5.20643E-01 -1.34604E-01  1.0E-07
  8.850E+01  4.86912E-01  1.48930E-17  5.31839E-01 -1.32051E-01  1.0E-07
  8.900E+01  4.91274E-01  1.51702E-17  5.41737E-01 -1.29694E-01  1.0E-07
  8.950E+01  4.95637E-01  1.54099E-17  5.50297E-01 -1.27522E-01  1.0E-07
  9.000E+01  5.00000E-01  1.56112E-17  5.57486E-01 -1.25523E-01  1.0E-07
  9.050E+01  5.04363E-01  1.57735E-17  5.63282E-01 -1.23689E-01  1.0E-07
  9.100E+01  5.08726E-01  1.58963E-17  5.67666E-01 -1.22010E-01  1.0E-07
  9.150E+01  5.13088E-01  1.59793E-17  5.70630E-01 -1.20479E-01  1.0E-07
  9.200E+01  5.17450E-01  1.60224E-17  5.72171E-01 -1.19091E-01  1.0E-07
  9.250E+01  5.21810E-01  1.60259E-17  5.72295E-01 -1.17840E-01  1.0E-07
  9.300E+01  5.26168E-01  1.59900E-17  5.71014E-01 -1.16722E-01  1.0E-07
  9.350E+01  5.30524E-01  1.59154E-17  5.68348E-01 -1.15732E-01  1.0E-07
  9.400E+01  5.34878E-01  1.58026E-17  5.64322E-01 -1.14869E-01  1.0E-07
  9.450E+01  5.39230E-01  1.56527E-17  5.58969E-01 -1.14131E-01  1.0E-07
  9.500E+01  5.43578E-01  1.54668E-17  5.52328E-01 -1.13515E-01  1.0E-07
  9.550E+01  5.47923E-01  1.52459E-17  5.44442E-01 -1.13022E-01  1.0E-07
  9.600E+01  5.52264E-01  1.49917E-17  5.35362E-01 -1.12652E-01  1.0E-07
  9.650E+01  5.56602E-01  1.47055E-17  5.25143E-01 -1.12406E-01  1.0E-07
  9.700E+01  5.60935E-01  1.43891E-17  5.13844E-01 -1.12285E-01  1.0E-07
  9.750E+01  5.65263E-01  1.40443E-17  5.01530E-01 -1.12293E-01  1.0E-07
  9.800E+01  5.69587E-01  1.36729E-17  4.88269E-01 -1.12432E-01  1.0E-07
  9.850E+01  5.73905E-01  1.32770E-17  4.74132E-01 -1.12707E-01  1.0E-07
  9.900E+01  5.78217E-01  1.28588E-17  4.59194E-01 -1.13125E-01  1.0E-07
  9.950E+01  5.82524E-01  1.24202E-17  4.43534E-01 -1.13691E-01  1.0E-07
  1.000E+02  5.86824E-01  1.19637E-17  4.27231E-01 -1.14413E-01  1.0E-07
  1.005E+02  5.91118E-01  1.14914E-17  4.10366E-01 -1.15303E-01  1.0E-07
  1.010E+02  5.95404E-01  1.10057E-17  3.93022E-01 -1.16370E-01  1.0E-07
  1.015E+02  5.99684E-01  1.05090E-17  3.75284E-01 -1.17629E-01  1.0E-07
  1.020E+02  6.03956E-01  1.00036E-17  3.57235E-01 -1.19094E-01  1.0E-07
  1.025E+02  6.08220E-01  9.49185E-18  3.38960E-01 -1.20785E-01  1.0E-07
  1.030E+02  6.12476E-01  8.97614E-18  3.20544E-01 -1.22723E-01  1.0E-07
  1.035E+02  6.16723E-01  8.45878E-18  3.02069E-01 -1.24934E-01  1.0E-07
  1.040E+02  6.20961E-01  7.94208E-18  2.83617E-01 -1.27447E-01  1.0E-07
  1.045E+02  6.25190E-01  7.42827E-18  2.65268E-01 -1.30299E-01  1.0E-07
  1.050E+02  6.29410E-01  6.91955E-18  2.47102E-01 -1.33531E-01  1.0E-07
  1.055E+02  6.33619E-01  6.41805E-18  2.29193E-01 -1.37195E-01  1.0E-07
  1.060E+02  6.37819E-01  5.92581E-18  2.11614E-01 -1.41350E-01  1.0E-07
  1.065E+02  6.42008E-01  5.44480E-18  1.94437E-01 -1.46072E-01  1.0E-07
  1.070E+02  6.46186E-01  4.97688E-18  1.77728E-01 -1.51449E-01  1.0E-07
  1.075E+02  6.50353E-01  4.52383E-18  1.61549E-01 -1.57591E-01  1.0E-07
  1.080E+02  6.54508E-01  4.08728E-18  1.45960E-01 -1.64634E-01  1.0E-07
  1.085E+02  6.58652E-01  3.66880E-18  1.31015E-01 -1.72749E-01  1.0E-07
  1.090E+02  6.62784E-01  3.26977E-18  1.16766E-01 -1.82150E-01  1.0E-07
  1.095E+02  6.66903E-01  2.89150E-18  1.03257E-01 -1.93111E-01  1.0E-07
  1.100E+02  6.71010E-01  2.53514E-18  9.05315E-02 -2.05985E-01  1.0E-07
  1.105E+02  6.75104E-01  2.20170E-18  7.86242E-02 -2.21232E-01  1.0E-07
  1.110E+02  6.79184E-01  1.89206E-18  6.75668E-02 -2.39461E-01  1.0E-07
  1.115E+02  6.83251E-01  1.60696E-18  5.73855E-02 -2.61486E-01  1.0E-07
  1.120E+02  6.87303E-01  1.34698E-18  4.81014E-02 -2.88408E-01  1.0E-07
  1.125E+02  6.91342E-01  1.11257E-18  3.97306E-02 -3.21728E-01  1.0E-07
  1.130E+02  6.95366E-01  9.04035E-19  3.22837E-02 -3.63496E-01  1.0E-07
  1.135E+02  6.99375E-01  7.21533E-19  2.57664E-02 -4.16471E-01  1.0E-07
  1.140E+02  7.03368E-01  5.65078E-19  2.01793E-02 -4.84198E-01  1.0E-07
  1.145E+02  7.07347E-01  4.34545E-19  1.55179E-02 -5.70613E-01  1.0E-07
  1.150E+02  7.11309E-01  3.29675E-19  1.17729E-02 -6.78074E-01  1.0E-07
  1.155E+02  7.15256E-01  2.50070E-19  8.93016E-03 -8.01257E-01  1.0E-07
  1.160E+02  7.19186E-01  1.95207E-19  6.97097E-03 -9.14074E-01  1.0E-07
  1.165E+02  7.23099E-01  1.64437E-19  5.87214E-03 -9.59204E-01  1.0E-07
  1.170E+02  7.26995E-01  1.56991E-19  5.60625E-03 -8.80595E-01  1.0E-07
  1.175E+02  7.30874E-01  1.71989E-19  6.14182E-03 -6.97567E-01  1.0E-07
  1.180E+02  7.34736E-01  2.08442E-19  7.44361E-03 -4.93655E-01  1.0E-07
  1.185E+02  7.38579E-01  2.65265E-19  9.47278E-03 -3.27989E-01  1.0E-07
  1.190E+02  7.42405E-01  3.41278E-19  1.21873E-02 -2.11766E-01  1.0E-07
  1.195E+02  7.46212E-01  4.35219E-19  1.55419E-02 -1.34826E-01  1.0E-07
  1.200E+02  7.50000E-01  5.45749E-19  1.94890E-02 -8.46625E-02  1.0E-07
  1.205E+02  7.53769E-01  6.71463E-19  2.39784E-02 -5.18616E-02  1.0E-07
  1.210E+02  7.57519E-01  8.10896E-19  2.89576E-02 -3.02241E-02  1.0E-07
  1.215E+02  7.61249E-01  9.62537E-19  3.43728E-02 -1.58261E-02  1.0E-07
  1.220E+02  7.64960E-01  1.12483E-18  4.01685E-02 -6.19440E-03  1.0E-07
  1.225E+02  7.68650E-01  1.29620E-18  4.62880E-02  2.45476E-04  1.0E-07
  1.230E+02  7.72320E-01  1.47503E-18  5.26742E-02  4.51222E-03  1.0E-07
  1.235E+02  7.75968E-01  1.65971E-18  5.92693E-02  7.27650E-03  1.0E-07
  1.240E+02  7.79596E-01  1.84862E-18  6.60155E-02  8.98766E-03  1.0E-07
  1.245E+02  7.83203E-01  2.04016E-18  7.28553E-02  9.95163E-03  1.0E-07
  1.250E+02  7.86788E-01  2.23272E-18  7.97318E-02  1.03798E-02  1.0E-07
  1.255E+02  7.90351E-01  2.42474E-18  8.65890E-02  1.04200E-02  1.0E-07
  1.260E+02  7.93893E-01  2.61468E-18  9.33721E-02  1.01769E-02  1.0E-07
  1.265E+02  7.97411E-01  2.80106E-18  1.00028E-01  9.72512E-03  1.0E-07
  1.270E+02  8.00908E-01  2.98244E-18  1.06505E-01  9.11810E-03  1.0E-07
  1.275E+02  8.04381E-01  3.15744E-18  1.12754E-01  8.39431E-03  1.0E-07
  1.280E+02  8.07831E-01  3.32474E-18  1.18729E-01  7.58134E-03  1.0E-07
  1.285E+02  8.11257E-01  3.48312E-18  1.24384E-01  6.69879E-03  1.0E-07
  1.290E+02  8.14660E-01  3.63142E-18  1.29680E-01  5.76035E-03  1.0E-07
  1.295E+02  8.18039E-01  3.76856E-18  1.34578E-01  4.77528E-03  1.0E-07
  1.300E+02  8.21394E-01  3.89360E-18  1.39043E-01  3.74937E-03  1.0E-07
  1.305E+02  8.24724E-01  4.00564E-18  1.43044E-01  2.68576E-03  1.0E-07
  1.310E+02  8.28030E-01  4.10392E-18  1.46554E-01  1.58540E-03  1.0E-07
  1.315E+02  8.31310E-01  4.18779E-18  1.49549E-01  4.47467E-04  1.0E-07
  1.320E+02  8.34565E-01  4.25670E-18  1.52010E-01 -7.30392E-04  1.0E-07
  1.325E+02  8.37795E-01  4.31022E-18  1.53921E-01 -1.95192E-03  1.0E-07
  1.330E+02  8.40999E-01  4.34803E-18  1.55271E-01 -3.22215E-03  1.0E-07
  1.335E+02  8.44177E-01  4.36995E-18  1.56054E-01 -4.54738E-03  1.0E-07
  1.340E+02  8.47329E-01  4.37589E-18  1.56266E-01 -5.93519E-03  1.0E-07
  1.345E+02  8.50455E-01  4.36591E-18  1.55909E-01 -7.39452E-03  1.0E-07
  1.350E+02  8.53553E-01  4.34018E-18  1.54990E-01 -8.93579E-03  1.0E-07
  1.355E+02  8.56625E-01  4.29898E-18  1.53519E-01 -1.05711E-02  1.0E-07
  1.360E+02  8.59670E-01  4.24273E-18  1.51511E-01 -1.23143E-02  1.0E-07
  1.365E+02  8.62687E-01  4.17196E-18  1.48983E-01 -1.41816E-02  1.0E-07
  1.370E+02  8.65677E-01  4.08730E-18  1.45960E-01 -1.61915E-02  1.0E-07
  1.375E+02  8.68639E-01  3.98951E-18  1.42468E-01 -1.83654E-02  1.0E-07
  1.380E+02  8.71572E-01  3.87944E-18  1.38537E-01 -2.07281E-02  1.0E-07
  1.385E+02  8.74478E-01  3.75806E-18  1.34203E-01 -2.33083E-02  1.0E-07
  1.390E+02  8.77355E-01  3.62644E-18  1.29502E-01 -2.61394E-02  1.0E-07
  1.395E+02  8.80203E-01  3.48571E-18  1.24477E-01 -2.92602E-02  1.0E-07
  1.400E+02  8.83022E-01  3.33713E-18  1.19171E-01 -3.27157E-02  1.0E-07
  1.405E+02  8.85812E-01  3.18201E-18  1.13632E-01 -3.65583E-02  1.0E-07
  1.410E+02  8.88573E-01  3.02175E-18  1.07909E-01 -4.08488E-02  1.0E-07
  1.415E+02  8.91304E-01  2.85780E-18  1.02054E-01 -4.56574E-02  1.0E-07
  1.420E+02  8.94005E-01  2.69170E-18  9.61223E-02 -5.10645E-02  1.0E-07
  1.425E+02  8.96677E-01  2.52500E-18  9.01695E-02 -5.71617E-02  1.0E-07
  1.430E+02  8.99318E-01  2.35933E-18  8.42532E-02 -6.40507E-02  1.0E-07
  1.435E+02  9.01928E-01  2.19633E-18  7.84323E-02 -7.18420E-02  1.0E-07
  1.440E+02  9.04508E-01  2.03767E-18  7.27666E-02 -8.06496E-02  1.0E-07
  1.445E+02  9.07058E-01  1.88505E-18  6.73164E-02 -9.05824E-02  1.0E-07
  1.450E+02  9.09576E-01  1.74017E-18  6.21426E-02 -1.01728E-01  1.0E-07
  1.455E+02  9.12063E-01  1.60472E-18  5.73057E-02 -1.14127E-01  1.0E-07
  1.460E+02  9.14519E-01  1.48040E-18  5.28662E-02 -1.27733E-01  1.0E-07
  1.465E+02  9.16943E-01  1.36888E-18  4.88837E-02 -1.42365E-01  1.0E-07
  1.470E+02  9.19335E-01  1.27180E-18  4.54169E-02 -1.57637E-01  1.0E-07
  1.475E+02  9.21696E-01  1.19077E-18  4.25233E-02 -1.72912E-01  1.0E-07
  1.480E+02  9.24024E-01  1.12736E-18  4.02587E-02 -1.87267E-01  1.0E-07
  1.485E+02  9.26320E-01  1.08306E-18  3.86769E-02 -1.99556E-01  1.0E-07
  1.490E+02  9.28584E-01  1.05934E-18  3.78299E-02 -2.08560E-01  1.0E-07
  1.495E+02  9.30815E-01  1.05757E-18  3.77666E-02 -2.13246E-01  1.0E-07
  1.500E+02  9.33013E-01  1.07905E-18  3.85337E-02 -2.13044E-01  1.0E-07
  1.505E+02  9.35178E-01  1.12500E-18  4.01746E-02 -2.08016E-01  1.0E-07
  1.510E+02  9.37310E-01  1.19655E-18  4.27295E-02 -1.98834E-01  1.0E-07
  1.515E+02  9.39409E-01  1.29471E-18  4.62351E-02 -1.86579E-01  1.0E-07
  1.520E+02  9.41474E-01  1.42042E-18  5.07242E-02 -1.72464E-01  1.0E-07
  1.525E+02  9.43505E-01  1.57448E-18  5.62259E-02 -1.57590E-01  1.0E-07
  1.530E+02  9.45503E-01  1.75760E-18  6.27650E-02 -1.42817E-01  1.0E-07
  1.535E+02  9.47467E-01  1.97035E-18  7.03623E-02 -1.28731E-01  1.0E-07
  1.540E+02  9.49397E-01  2.21317E-18  7.90338E-02 -1.15673E-01  1.0E-07
  1.545E+02  9.51293E-01  2.48641E-18  8.87911E-02 -1.03801E-01  1.0E-07
  1.550E+02  9.53154E-01  2.79024E-18  9.96412E-02 -9.31464E-02  1.0E-07
  1.555E+02  9.54981E-01  3.12473E-18  1.11586E-01 -8.36644E-02  1.0E-07
  1.560E+02  9.56773E-01  3.48981E-18  1.24624E-01 -7.52681E-02  1.0E-07
  1.565E+02  9.58530E-01  3.88527E-18  1.38745E-01 -6.78526E-02  1.0E-07
  1.570E+02  9.60252E-01  4.31075E-18  1.53940E-01 -6.13088E-02  1.0E-07
  1.575E+02  9.61940E-01  4.76578E-18  1.70189E-01 -5.55321E-02  1.0E-07
  1.580E+02  9.63592E-01  5.24972E-18  1.87471E-01 -5.04258E-02  1.0E-07
  1.585E+02  9.65209E-01  5.76183E-18  2.05759E-01 -4.59036E-02  1.0E-07
  1.590E+02  9.66790E-01  6.30122E-18  2.25021E-01 -4.18892E-02  1.0E-07
  1.595E+02  9.68336E-01  6.86686E-18  2.45220E-01 -3.83163E-02  1.0E-07
  1.600E+02  9.69846E-01  7.45760E-18  2.66316E-01 -3.51274E-02  1.0E-07
  1.605E+02  9.71321E-01  8.07218E-18  2.88263E-01 -3.22727E-02  1.0E-07
  1.610E+02  9.72759E-01  8.70920E-18  3.11011E-01 -2.97098E-02  1.0E-07
  1.615E+02  9.74162E-01  9.36716E-18  3.34507E-01 -2.74017E-02  1.0E-07
  1.620E+02  9.75528E-01  1.00444E-17  3.58694E-01 -2.53170E-02  1.0E-07
  1.625E+02  9.76858E-01  1.07393E-17  3.83508E-01 -2.34285E-02  1.0E-07
  1.630E+02  9.78152E-01  1.14500E-17  4.08887E-01 -2.17125E-02  1.0E-07
  1.635E+02  9.79410E-01  1.21745E-17  4.34760E-01 -2.01489E-02  1.0E-07
  1.640E+02  9.80631E-01  1.29110E-17  4.61059E-01 -1.87201E-02  1.0E-07
  1.645E+02  9.81815E-01  1.36572E-17  4.87708E-01 -1.74107E-02  1.0E-07
  1.650E+02  9.82963E-01  1.44111E-17  5.14631E-01 -1.62075E-02  1.0E-07
  1.655E+02  9.84074E-01  1.51706E-17  5.41751E-01 -1.50988E-02  1.0E-07
  1.660E+02  9.85148E-01  1.59332E-17  5.68986E-01 -1.40745E-02  1.0E-07
  1.665E+02  9.86185E-01  1.66969E-17  5.96256E-01 -1.31257E-02  1.0E-07
  1.670E+02  9.87185E-01  1.74592E-17  6.23478E-01 -1.22444E-02  1.0E-07
  1.675E+02  9.88148E-01  1.82177E-17  6.50567E-01 -1.14239E-02  1.0E-07
  1.680E+02  9.89074E-01  1.89703E-17  6.77440E-01 -1.06578E-02  1.0E-07
  1.685E+02  9.89962E-01  1.97144E-17  7.04012E-01 -9.94085E-03  1.0E-07
  1.690E+02  9.90814E-01  2.04477E-17  7.30200E-01 -9.26809E-03  1.0E-07
  1.695E+02  9.91627E-01  2.11679E-17  7.55919E-01 -8.63522E-03  1.0E-07
  1.700E+02  9.92404E-01  2.18727E-17  7.81087E-01 -8.03835E-03  1.0E-07
  1.705E+02  9.93143E-01  2.25597E-17  8.05622E-01 -7.47400E-03  1.0E-07
  1.710E+02  9.93844E-01  2.32268E-17  8.29444E-01 -6.93902E-03  1.0E-07
  1.715E+02  9.94508E-01  2.38717E-17  8.52475E-01 -6.43060E-03  1.0E-07
  1.720E+02  9.95134E-01  2.44924E-17  8.74639E-01 -5.94614E-03  1.0E-07
  1.725E+02  9.95722E-01  2.50867E-17  8.95862E-01 -5.48331E-03  1.0E-07
  1.730E+02  9.96273E-01  2.56527E-17  9.16074E-01 -5.03998E-03  1.0E-07
  1.735E+02  9.96786E-01  2.61885E-17  9.35207E-01 -4.61419E-03  1.0E-07
  1.740E+02  9.97261E-01  2.66922E-17  9.53196E-01 -4.20413E-03  1.0E-07
  1.745E+02  9.97698E-01  2.71622E-17  9.69981E-01 -3.80816E-03  1.0E-07
  1.750E+02  9.98097E-01  2.75969E-17  9.85504E-01 -3.42472E-03  1.0E-07
  1.755E+02  9.98459E-01  2.79949E-17  9.99715E-01 -3.05238E-03  1.0E-07
  1.760E+02  9.98782E-01  2.83546E-17  1.01256E+00 -2.68979E-03  1.0E-07
  1.765E+02  9.99067E-01  2.86751E-17  1.02400E+00 -2.33570E-03  1.0E-07
  1.770E+02  9.99315E-01  2.89550E-17  1.03400E+00 -1.98889E-03  1.0E-07
  1.775E+02  9.99524E-01  2.91935E-17  1.04252E+00 -1.64823E-03  1.0E-07
  1.780E+02  9.99695E-01  2.93898E-17  1.04953E+00 -1.31262E-03  1.0E-07
  1.785E+02  9.99829E-01  2.95432E-17  1.05501E+00 -9.81005E-04  1.0E-07
  1.790E+02  9.99924E-01  2.96531E-17  1.05893E+00 -6.52364E-04  1.0E-07
  1.795E+02  9.99981E-01  2.97192E-17  1.06129E+00 -3.25692E-04  1.0E-07
  1.800E+02  1.00000E+00  2.97413E-17  1.06208E+00 -4.56828E-18  1.0E-07
