 #
 # Subroutine ELSEPA. Elastic scattering of electrons and positrons
 #                    by neutral atoms and positive ions
 #
 # Projectile: electron
 # Kinetic energy = 1.60000E+02 eV = 5.87989E+00 a.u.
 #
 # Element: Au,  Z =  79,  atomic weight = 1.96967E+02 g/mol
 #
 # Nuclear model: Fermi distribution
 #                Average radius = 6.22560E-13 cm
 #                Skin thickness = 5.46000E-14 cm
 #
 # Number of electrons = 79
 #
 # Electron density: Read from file z_079.den   
 #                   Number of data points =  777
 #                   Volume integral = 7.90000E+01
 #
 # Furness-McCarthy exchange potential
 #
 # Total elastic cross section = 7.53976E-16 cm**2 = 2.69250E+01 a0**2
 # 1st transport cross section = 1.07298E-16 cm**2 = 3.83168E+00 a0**2
 # 2nd transport cross section = 2.10016E-16 cm**2 = 7.49980E+00 a0**2
 #
 #
 # Differential cross section:                       MU=(1-COS(THETA))/2
 #
 #  THETA        MU          DCS          DCS        Sherman      error
 #  (deg)                 (cm**2/sr)   (a0**2/sr)    function
 #----------------------------------------------------------------------
  0.000E+00  0.00000E+00  2.37795E-15  8.49183E+01  0.00000E+00  1.0E-07
  1.000E-04  7.61557E-13  2.37795E-15  8.49183E+01  6.33667E-08  1.0E-07
  1.250E-04  1.18994E-12  2.37795E-15  8.49183E+01  7.92084E-08  1.0E-07
  1.500E-04  1.71346E-12  2.37795E-15  8.49183E+01  9.50501E-08  1.0E-07
  1.750E-04  2.33225E-12  2.37795E-15  8.49183E+01  1.10892E-07  1.0E-07
  2.000E-04  3.04617E-12  2.37795E-15  8.49183E+01  1.26733E-07  1.0E-07
  2.250E-04  3.85530E-12  2.37795E-15  8.49183E+01  1.42575E-07  1.0E-07
  2.500E-04  4.75964E-12  2.37795E-15  8.49183E+01  1.58417E-07  1.0E-07
  2.750E-04  5.75917E-12  2.37795E-15  8.49183E+01  1.74258E-07  1.0E-07
  3.000E-04  6.85391E-12  2.37795E-15  8.49183E+01  1.90100E-07  1.0E-07
  3.250E-04  8.04379E-12  2.37795E-15  8.49183E+01  2.05942E-07  1.0E-07
  3.500E-04  9.32893E-12  2.37795E-15  8.49183E+01  2.21783E-07  1.0E-07
  3.750E-04  1.07092E-11  2.37795E-15  8.49183E+01  2.37625E-07  1.0E-07
  4.000E-04  1.21847E-11  2.37795E-15  8.49183E+01  2.53467E-07  1.0E-07
  4.250E-04  1.37554E-11  2.37795E-15  8.49183E+01  2.69308E-07  1.0E-07
  4.500E-04  1.54213E-11  2.37795E-15  8.49183E+01  2.85150E-07  1.0E-07
  4.750E-04  1.71823E-11  2.37795E-15  8.49183E+01  3.00992E-07  1.0E-07
  5.000E-04  1.90386E-11  2.37795E-15  8.49183E+01  3.16834E-07  1.0E-07
  5.250E-04  2.09900E-11  2.37795E-15  8.49183E+01  3.32675E-07  1.0E-07
  5.500E-04  2.30367E-11  2.37795E-15  8.49183E+01  3.48517E-07  1.0E-07
  5.750E-04  2.51785E-11  2.37795E-15  8.49183E+01  3.64359E-07  1.0E-07
  6.000E-04  2.74156E-11  2.37795E-15  8.49183E+01  3.80200E-07  1.0E-07
  6.250E-04  2.97478E-11  2.37795E-15  8.49183E+01  3.96042E-07  1.0E-07
  6.500E-04  3.21752E-11  2.37795E-15  8.49183E+01  4.11884E-07  1.0E-07
  6.750E-04  3.46979E-11  2.37795E-15  8.49183E+01  4.27725E-07  1.0E-07
  7.000E-04  3.73157E-11  2.37795E-15  8.49183E+01  4.43567E-07  1.0E-07
  7.250E-04  4.00286E-11  2.37795E-15  8.49183E+01  4.59409E-07  1.0E-07
  7.500E-04  4.28368E-11  2.37795E-15  8.49183E+01  4.75250E-07  1.0E-07
  7.750E-04  4.57402E-11  2.37795E-15  8.49183E+01  4.91092E-07  1.0E-07
  8.000E-04  4.87388E-11  2.37795E-15  8.49183E+01  5.06934E-07  1.0E-07
  8.250E-04  5.18325E-11  2.37795E-15  8.49183E+01  5.22775E-07  1.0E-07
  8.500E-04  5.50215E-11  2.37795E-15  8.49183E+01  5.38617E-07  1.0E-07
  8.750E-04  5.83057E-11  2.37795E-15  8.49183E+01  5.54459E-07  1.0E-07
  9.000E-04  6.16850E-11  2.37795E-15  8.49183E+01  5.70300E-07  1.0E-07
  9.250E-04  6.51595E-11  2.37795E-15  8.49183E+01  5.86142E-07  1.0E-07
  9.500E-04  6.87293E-11  2.37795E-15  8.49183E+01  6.01984E-07  1.0E-07
  9.750E-04  7.23943E-11  2.37795E-15  8.49183E+01  6.17825E-07  1.0E-07
  1.000E-03  7.61544E-11  2.37795E-15  8.49183E+01  6.33667E-07  1.0E-07
  1.250E-03  1.18991E-10  2.37795E-15  8.49183E+01  7.92084E-07  1.0E-07
  1.500E-03  1.71347E-10  2.37795E-15  8.49183E+01  9.50501E-07  1.0E-07
  1.750E-03  2.33223E-10  2.37795E-15  8.49183E+01  1.10892E-06  1.0E-07
  2.000E-03  3.04617E-10  2.37795E-15  8.49183E+01  1.26733E-06  1.0E-07
  2.250E-03  3.85531E-10  2.37795E-15  8.49183E+01  1.42575E-06  1.0E-07
  2.500E-03  4.75965E-10  2.37795E-15  8.49183E+01  1.58417E-06  1.0E-07
  2.750E-03  5.75917E-10  2.37795E-15  8.49183E+01  1.74258E-06  1.0E-07
  3.000E-03  6.85389E-10  2.37795E-15  8.49183E+01  1.90100E-06  1.0E-07
  3.250E-03  8.04380E-10  2.37795E-15  8.49183E+01  2.05942E-06  1.0E-07
  3.500E-03  9.32891E-10  2.37795E-15  8.49183E+01  2.21783E-06  1.0E-07
  3.750E-03  1.07092E-09  2.37795E-15  8.49183E+01  2.37625E-06  1.0E-07
  4.000E-03  1.21847E-09  2.37795E-15  8.49183E+01  2.53467E-06  1.0E-07
  4.250E-03  1.37554E-09  2.37795E-15  8.49183E+01  2.69309E-06  1.0E-07
  4.500E-03  1.54213E-09  2.37795E-15  8.49183E+01  2.85150E-06  1.0E-07
  4.750E-03  1.71823E-09  2.37795E-15  8.49183E+01  3.00992E-06  1.0E-07
  5.000E-03  1.90386E-09  2.37795E-15  8.49183E+01  3.16834E-06  1.0E-07
  5.250E-03  2.09900E-09  2.37795E-15  8.49183E+01  3.32675E-06  1.0E-07
  5.500E-03  2.30367E-09  2.37795E-15  8.49183E+01  3.48517E-06  1.0E-07
  5.750E-03  2.51785E-09  2.37795E-15  8.49183E+01  3.64359E-06  1.0E-07
  6.000E-03  2.74156E-09  2.37795E-15  8.49183E+01  3.80200E-06  1.0E-07
  6.250E-03  2.97478E-09  2.37795E-15  8.49183E+01  3.96042E-06  1.0E-07
  6.500E-03  3.21752E-09  2.37795E-15  8.49183E+01  4.11884E-06  1.0E-07
  6.750E-03  3.46978E-09  2.37795E-15  8.49183E+01  4.27725E-06  1.0E-07
  7.000E-03  3.73156E-09  2.37795E-15  8.49183E+01  4.43567E-06  1.0E-07
  7.250E-03  4.00286E-09  2.37795E-15  8.49183E+01  4.59409E-06  1.0E-07
  7.500E-03  4.28368E-09  2.37795E-15  8.49183E+01  4.75250E-06  1.0E-07
  7.750E-03  4.57402E-09  2.37795E-15  8.49183E+01  4.91092E-06  1.0E-07
  8.000E-03  4.87388E-09  2.37795E-15  8.49183E+01  5.06934E-06  1.0E-07
  8.250E-03  5.18326E-09  2.37795E-15  8.49182E+01  5.22775E-06  1.0E-07
  8.500E-03  5.50215E-09  2.37795E-15  8.49182E+01  5.38617E-06  1.0E-07
  8.750E-03  5.83057E-09  2.37795E-15  8.49182E+01  5.54459E-06  1.0E-07
  9.000E-03  6.16850E-09  2.37795E-15  8.49182E+01  5.70300E-06  1.0E-07
  9.250E-03  6.51596E-09  2.37795E-15  8.49182E+01  5.86142E-06  1.0E-07
  9.500E-03  6.87293E-09  2.37795E-15  8.49182E+01  6.01984E-06  1.0E-07
  9.750E-03  7.23942E-09  2.37795E-15  8.49182E+01  6.17826E-06  1.0E-07
  1.000E-02  7.61544E-09  2.37795E-15  8.49182E+01  6.33667E-06  1.0E-07
  1.250E-02  1.18991E-08  2.37795E-15  8.49182E+01  7.92084E-06  1.0E-07
  1.500E-02  1.71347E-08  2.37795E-15  8.49182E+01  9.50501E-06  1.0E-07
  1.750E-02  2.33223E-08  2.37795E-15  8.49182E+01  1.10892E-05  1.0E-07
  2.000E-02  3.04617E-08  2.37795E-15  8.49181E+01  1.26734E-05  1.0E-07
  2.250E-02  3.85531E-08  2.37795E-15  8.49181E+01  1.42575E-05  1.0E-07
  2.500E-02  4.75965E-08  2.37795E-15  8.49180E+01  1.58417E-05  1.0E-07
  2.750E-02  5.75917E-08  2.37795E-15  8.49180E+01  1.74259E-05  1.0E-07
  3.000E-02  6.85389E-08  2.37794E-15  8.49179E+01  1.90101E-05  1.0E-07
  3.250E-02  8.04380E-08  2.37794E-15  8.49179E+01  2.05942E-05  1.0E-07
  3.500E-02  9.32891E-08  2.37794E-15  8.49178E+01  2.21784E-05  1.0E-07
  3.750E-02  1.07092E-07  2.37794E-15  8.49178E+01  2.37626E-05  1.0E-07
  4.000E-02  1.21847E-07  2.37794E-15  8.49177E+01  2.53468E-05  1.0E-07
  4.250E-02  1.37554E-07  2.37794E-15  8.49176E+01  2.69310E-05  1.0E-07
  4.500E-02  1.54213E-07  2.37793E-15  8.49175E+01  2.85152E-05  1.0E-07
  4.750E-02  1.71823E-07  2.37793E-15  8.49174E+01  3.00994E-05  1.0E-07
  5.000E-02  1.90386E-07  2.37793E-15  8.49173E+01  3.16836E-05  1.0E-07
  5.250E-02  2.09900E-07  2.37793E-15  8.49172E+01  3.32678E-05  1.0E-07
  5.500E-02  2.30367E-07  2.37792E-15  8.49171E+01  3.48520E-05  1.0E-07
  5.750E-02  2.51785E-07  2.37792E-15  8.49170E+01  3.64362E-05  1.0E-07
  6.000E-02  2.74156E-07  2.37792E-15  8.49169E+01  3.80204E-05  1.0E-07
  6.250E-02  2.97478E-07  2.37791E-15  8.49168E+01  3.96046E-05  1.0E-07
  6.500E-02  3.21752E-07  2.37791E-15  8.49167E+01  4.11888E-05  1.0E-07
  6.750E-02  3.46978E-07  2.37791E-15  8.49166E+01  4.27730E-05  1.0E-07
  7.000E-02  3.73156E-07  2.37790E-15  8.49165E+01  4.43573E-05  1.0E-07
  7.250E-02  4.00286E-07  2.37790E-15  8.49163E+01  4.59415E-05  1.0E-07
  7.500E-02  4.28368E-07  2.37790E-15  8.49162E+01  4.75257E-05  1.0E-07
  7.750E-02  4.57402E-07  2.37789E-15  8.49160E+01  4.91100E-05  1.0E-07
  8.000E-02  4.87388E-07  2.37789E-15  8.49159E+01  5.06942E-05  1.0E-07
  8.250E-02  5.18325E-07  2.37788E-15  8.49157E+01  5.22785E-05  1.0E-07
  8.500E-02  5.50215E-07  2.37788E-15  8.49156E+01  5.38627E-05  1.0E-07
  8.750E-02  5.83057E-07  2.37787E-15  8.49154E+01  5.54470E-05  1.0E-07
  9.000E-02  6.16850E-07  2.37787E-15  8.49153E+01  5.70312E-05  1.0E-07
  9.250E-02  6.51596E-07  2.37786E-15  8.49151E+01  5.86155E-05  1.0E-07
  9.500E-02  6.87293E-07  2.37786E-15  8.49149E+01  6.01998E-05  1.0E-07
  9.750E-02  7.23942E-07  2.37785E-15  8.49147E+01  6.17841E-05  1.0E-07
  1.000E-01  7.61543E-07  2.37785E-15  8.49146E+01  6.33684E-05  1.0E-07
  1.250E-01  1.18991E-06  2.37779E-15  8.49125E+01  7.92116E-05  1.0E-07
  1.500E-01  1.71347E-06  2.37772E-15  8.49099E+01  9.50557E-05  1.0E-07
  1.750E-01  2.33223E-06  2.37763E-15  8.49069E+01  1.10901E-04  1.0E-07
  2.000E-01  3.04617E-06  2.37754E-15  8.49034E+01  1.26747E-04  1.0E-07
  2.250E-01  3.85531E-06  2.37743E-15  8.48994E+01  1.42594E-04  1.0E-07
  2.500E-01  4.75964E-06  2.37730E-15  8.48950E+01  1.58443E-04  1.0E-07
  2.750E-01  5.75916E-06  2.37717E-15  8.48902E+01  1.74293E-04  1.0E-07
  3.000E-01  6.85388E-06  2.37702E-15  8.48848E+01  1.90145E-04  1.0E-07
  3.250E-01  8.04378E-06  2.37685E-15  8.48790E+01  2.05999E-04  1.0E-07
  3.500E-01  9.32888E-06  2.37668E-15  8.48727E+01  2.21855E-04  1.0E-07
  3.750E-01  1.07092E-05  2.37649E-15  8.48660E+01  2.37713E-04  1.0E-07
  4.000E-01  1.21846E-05  2.37629E-15  8.48588E+01  2.53573E-04  1.0E-07
  4.250E-01  1.37553E-05  2.37607E-15  8.48511E+01  2.69436E-04  1.0E-07
  4.500E-01  1.54212E-05  2.37585E-15  8.48430E+01  2.85301E-04  1.0E-07
  4.750E-01  1.71822E-05  2.37561E-15  8.48344E+01  3.01170E-04  1.0E-07
  5.000E-01  1.90385E-05  2.37535E-15  8.48254E+01  3.17041E-04  1.0E-07
  5.250E-01  2.09899E-05  2.37509E-15  8.48158E+01  3.32915E-04  1.0E-07
  5.500E-01  2.30365E-05  2.37481E-15  8.48059E+01  3.48793E-04  1.0E-07
  5.750E-01  2.51783E-05  2.37451E-15  8.47954E+01  3.64674E-04  1.0E-07
  6.000E-01  2.74153E-05  2.37421E-15  8.47845E+01  3.80559E-04  1.0E-07
  6.250E-01  2.97475E-05  2.37389E-15  8.47732E+01  3.96447E-04  1.0E-07
  6.500E-01  3.21749E-05  2.37356E-15  8.47613E+01  4.12339E-04  1.0E-07
  6.750E-01  3.46974E-05  2.37321E-15  8.47490E+01  4.28236E-04  1.0E-07
  7.000E-01  3.73152E-05  2.37286E-15  8.47363E+01  4.44136E-04  1.0E-07
  7.250E-01  4.00281E-05  2.37249E-15  8.47231E+01  4.60041E-04  1.0E-07
  7.500E-01  4.28362E-05  2.37210E-15  8.47094E+01  4.75951E-04  1.0E-07
  7.750E-01  4.57395E-05  2.37171E-15  8.46953E+01  4.91865E-04  1.0E-07
  8.000E-01  4.87380E-05  2.37130E-15  8.46807E+01  5.07784E-04  1.0E-07
  8.250E-01  5.18317E-05  2.37088E-15  8.46656E+01  5.23707E-04  1.0E-07
  8.500E-01  5.50205E-05  2.37044E-15  8.46501E+01  5.39636E-04  1.0E-07
  8.750E-01  5.83045E-05  2.37000E-15  8.46342E+01  5.55571E-04  1.0E-07
  9.000E-01  6.16838E-05  2.36954E-15  8.46177E+01  5.71510E-04  1.0E-07
  9.250E-01  6.51582E-05  2.36906E-15  8.46008E+01  5.87456E-04  1.0E-07
  9.500E-01  6.87277E-05  2.36858E-15  8.45835E+01  6.03407E-04  1.0E-07
  9.750E-01  7.23925E-05  2.36808E-15  8.45657E+01  6.19364E-04  1.0E-07
  1.000E+00  7.61524E-05  2.36757E-15  8.45474E+01  6.35327E-04  1.0E-07
  1.100E+00  9.21439E-05  2.36540E-15  8.44699E+01  6.99243E-04  1.0E-07
  1.200E+00  1.09658E-04  2.36302E-15  8.43850E+01  7.63269E-04  1.0E-07
  1.300E+00  1.28695E-04  2.36044E-15  8.42929E+01  8.27414E-04  1.0E-07
  1.400E+00  1.49255E-04  2.35766E-15  8.41936E+01  8.91689E-04  1.0E-07
  1.500E+00  1.71338E-04  2.35468E-15  8.40871E+01  9.56103E-04  1.0E-07
  1.600E+00  1.94942E-04  2.35150E-15  8.39735E+01  1.02067E-03  1.0E-07
  1.700E+00  2.20070E-04  2.34812E-15  8.38527E+01  1.08539E-03  1.0E-07
  1.800E+00  2.46720E-04  2.34454E-15  8.37249E+01  1.15028E-03  1.0E-07
  1.900E+00  2.74892E-04  2.34076E-15  8.35902E+01  1.21535E-03  1.0E-07
  2.000E+00  3.04586E-04  2.33679E-15  8.34484E+01  1.28061E-03  1.0E-07
  2.100E+00  3.35803E-04  2.33263E-15  8.32998E+01  1.34607E-03  1.0E-07
  2.200E+00  3.68542E-04  2.32828E-15  8.31443E+01  1.41174E-03  1.0E-07
  2.300E+00  4.02802E-04  2.32373E-15  8.29819E+01  1.47763E-03  1.0E-07
  2.400E+00  4.38585E-04  2.31900E-15  8.28129E+01  1.54375E-03  1.0E-07
  2.500E+00  4.75889E-04  2.31408E-15  8.26371E+01  1.61011E-03  1.0E-07
  2.600E+00  5.14715E-04  2.30897E-15  8.24548E+01  1.67671E-03  1.0E-07
  2.700E+00  5.55063E-04  2.30368E-15  8.22659E+01  1.74358E-03  1.0E-07
  2.800E+00  5.96931E-04  2.29821E-15  8.20705E+01  1.81071E-03  1.0E-07
  2.900E+00  6.40321E-04  2.29255E-15  8.18686E+01  1.87813E-03  1.0E-07
  3.000E+00  6.85233E-04  2.28672E-15  8.16604E+01  1.94583E-03  1.0E-07
  3.100E+00  7.31665E-04  2.28072E-15  8.14459E+01  2.01383E-03  1.0E-07
  3.200E+00  7.79618E-04  2.27454E-15  8.12252E+01  2.08214E-03  1.0E-07
  3.300E+00  8.29092E-04  2.26819E-15  8.09984E+01  2.15077E-03  1.0E-07
  3.400E+00  8.80086E-04  2.26166E-15  8.07655E+01  2.21973E-03  1.0E-07
  3.500E+00  9.32601E-04  2.25498E-15  8.05266E+01  2.28902E-03  1.0E-07
  3.600E+00  9.86636E-04  2.24812E-15  8.02819E+01  2.35867E-03  1.0E-07
  3.700E+00  1.04219E-03  2.24110E-15  8.00313E+01  2.42867E-03  1.0E-07
  3.800E+00  1.09927E-03  2.23393E-15  7.97749E+01  2.49904E-03  1.0E-07
  3.900E+00  1.15786E-03  2.22659E-15  7.95129E+01  2.56980E-03  1.0E-07
  4.000E+00  1.21797E-03  2.21910E-15  7.92454E+01  2.64094E-03  1.0E-07
  4.100E+00  1.27961E-03  2.21145E-15  7.89723E+01  2.71248E-03  1.0E-07
  4.200E+00  1.34276E-03  2.20365E-15  7.86939E+01  2.78442E-03  1.0E-07
  4.300E+00  1.40743E-03  2.19571E-15  7.84101E+01  2.85679E-03  1.0E-07
  4.400E+00  1.47362E-03  2.18762E-15  7.81212E+01  2.92959E-03  1.0E-07
  4.500E+00  1.54133E-03  2.17938E-15  7.78271E+01  3.00282E-03  1.0E-07
  4.600E+00  1.61056E-03  2.17101E-15  7.75280E+01  3.07650E-03  1.0E-07
  4.700E+00  1.68131E-03  2.16249E-15  7.72240E+01  3.15064E-03  1.0E-07
  4.800E+00  1.75357E-03  2.15384E-15  7.69151E+01  3.22525E-03  1.0E-07
  4.900E+00  1.82735E-03  2.14506E-15  7.66014E+01  3.30034E-03  1.0E-07
  5.000E+00  1.90265E-03  2.13615E-15  7.62832E+01  3.37592E-03  1.0E-07
  5.100E+00  1.97947E-03  2.12711E-15  7.59603E+01  3.45199E-03  1.0E-07
  5.200E+00  2.05780E-03  2.11794E-15  7.56330E+01  3.52858E-03  1.0E-07
  5.300E+00  2.13765E-03  2.10865E-15  7.53014E+01  3.60568E-03  1.0E-07
  5.400E+00  2.21902E-03  2.09925E-15  7.49654E+01  3.68331E-03  1.0E-07
  5.500E+00  2.30190E-03  2.08972E-15  7.46254E+01  3.76148E-03  1.0E-07
  5.600E+00  2.38630E-03  2.08009E-15  7.42812E+01  3.84020E-03  1.0E-07
  5.700E+00  2.47222E-03  2.07034E-15  7.39331E+01  3.91947E-03  1.0E-07
  5.800E+00  2.55965E-03  2.06048E-15  7.35811E+01  3.99932E-03  1.0E-07
  5.900E+00  2.64859E-03  2.05052E-15  7.32254E+01  4.07974E-03  1.0E-07
  6.000E+00  2.73905E-03  2.04045E-15  7.28660E+01  4.16075E-03  1.0E-07
  6.100E+00  2.83103E-03  2.03029E-15  7.25030E+01  4.24236E-03  1.0E-07
  6.200E+00  2.92452E-03  2.02003E-15  7.21365E+01  4.32458E-03  1.0E-07
  6.300E+00  3.01952E-03  2.00967E-15  7.17667E+01  4.40741E-03  1.0E-07
  6.400E+00  3.11604E-03  1.99923E-15  7.13936E+01  4.49088E-03  1.0E-07
  6.500E+00  3.21407E-03  1.98869E-15  7.10174E+01  4.57498E-03  1.0E-07
  6.600E+00  3.31362E-03  1.97807E-15  7.06381E+01  4.65973E-03  1.0E-07
  6.700E+00  3.41468E-03  1.96736E-15  7.02558E+01  4.74514E-03  1.0E-07
  6.800E+00  3.51725E-03  1.95658E-15  6.98706E+01  4.83121E-03  1.0E-07
  6.900E+00  3.62133E-03  1.94571E-15  6.94827E+01  4.91797E-03  1.0E-07
  7.000E+00  3.72692E-03  1.93478E-15  6.90921E+01  5.00541E-03  1.0E-07
  7.100E+00  3.83403E-03  1.92377E-15  6.86990E+01  5.09355E-03  1.0E-07
  7.200E+00  3.94265E-03  1.91269E-15  6.83033E+01  5.18240E-03  1.0E-07
  7.300E+00  4.05278E-03  1.90154E-15  6.79053E+01  5.27196E-03  1.0E-07
  7.400E+00  4.16442E-03  1.89033E-15  6.75050E+01  5.36225E-03  1.0E-07
  7.500E+00  4.27757E-03  1.87906E-15  6.71025E+01  5.45328E-03  1.0E-07
  7.600E+00  4.39223E-03  1.86773E-15  6.66980E+01  5.54506E-03  1.0E-07
  7.700E+00  4.50840E-03  1.85635E-15  6.62914E+01  5.63760E-03  1.0E-07
  7.800E+00  4.62608E-03  1.84491E-15  6.58829E+01  5.73090E-03  1.0E-07
  7.900E+00  4.74527E-03  1.83342E-15  6.54726E+01  5.82498E-03  1.0E-07
  8.000E+00  4.86597E-03  1.82188E-15  6.50606E+01  5.91985E-03  1.0E-07
  8.100E+00  4.98817E-03  1.81030E-15  6.46470E+01  6.01552E-03  1.0E-07
  8.200E+00  5.11188E-03  1.79868E-15  6.42319E+01  6.11199E-03  1.0E-07
  8.300E+00  5.23711E-03  1.78701E-15  6.38153E+01  6.20928E-03  1.0E-07
  8.400E+00  5.36383E-03  1.77531E-15  6.33973E+01  6.30740E-03  1.0E-07
  8.500E+00  5.49207E-03  1.76357E-15  6.29781E+01  6.40635E-03  1.0E-07
  8.600E+00  5.62181E-03  1.75180E-15  6.25577E+01  6.50615E-03  1.0E-07
  8.700E+00  5.75306E-03  1.73999E-15  6.21363E+01  6.60681E-03  1.0E-07
  8.800E+00  5.88581E-03  1.72816E-15  6.17138E+01  6.70834E-03  1.0E-07
  8.900E+00  6.02007E-03  1.71631E-15  6.12904E+01  6.81074E-03  1.0E-07
  9.000E+00  6.15583E-03  1.70443E-15  6.08661E+01  6.91403E-03  1.0E-07
  9.100E+00  6.29310E-03  1.69252E-15  6.04411E+01  7.01822E-03  1.0E-07
  9.200E+00  6.43187E-03  1.68060E-15  6.00155E+01  7.12331E-03  1.0E-07
  9.300E+00  6.57214E-03  1.66867E-15  5.95892E+01  7.22932E-03  1.0E-07
  9.400E+00  6.71392E-03  1.65672E-15  5.91624E+01  7.33625E-03  1.0E-07
  9.500E+00  6.85720E-03  1.64475E-15  5.87352E+01  7.44413E-03  1.0E-07
  9.600E+00  7.00198E-03  1.63278E-15  5.83076E+01  7.55295E-03  1.0E-07
  9.700E+00  7.14827E-03  1.62080E-15  5.78798E+01  7.66272E-03  1.0E-07
  9.800E+00  7.29605E-03  1.60881E-15  5.74517E+01  7.77346E-03  1.0E-07
  9.900E+00  7.44534E-03  1.59682E-15  5.70235E+01  7.88518E-03  1.0E-07
  1.000E+01  7.59612E-03  1.58483E-15  5.65952E+01  7.99789E-03  1.0E-07
  1.025E+01  7.97965E-03  1.55485E-15  5.55247E+01  8.28403E-03  1.0E-07
  1.050E+01  8.37255E-03  1.52490E-15  5.44552E+01  8.57655E-03  1.0E-07
  1.075E+01  8.77480E-03  1.49502E-15  5.33880E+01  8.87562E-03  1.0E-07
  1.100E+01  9.18641E-03  1.46522E-15  5.23238E+01  9.18138E-03  1.0E-07
  1.125E+01  9.60736E-03  1.43553E-15  5.12637E+01  9.49398E-03  1.0E-07
  1.150E+01  1.00376E-02  1.40598E-15  5.02084E+01  9.81360E-03  1.0E-07
  1.175E+01  1.04773E-02  1.37659E-15  4.91590E+01  1.01404E-02  1.0E-07
  1.200E+01  1.09262E-02  1.34739E-15  4.81161E+01  1.04745E-02  1.0E-07
  1.225E+01  1.13844E-02  1.31839E-15  4.70805E+01  1.08161E-02  1.0E-07
  1.250E+01  1.18520E-02  1.28961E-15  4.60528E+01  1.11653E-02  1.0E-07
  1.275E+01  1.23288E-02  1.26108E-15  4.50338E+01  1.15223E-02  1.0E-07
  1.300E+01  1.28150E-02  1.23280E-15  4.40240E+01  1.18873E-02  1.0E-07
  1.325E+01  1.33104E-02  1.20480E-15  4.30241E+01  1.22605E-02  1.0E-07
  1.350E+01  1.38150E-02  1.17708E-15  4.20344E+01  1.26419E-02  1.0E-07
  1.375E+01  1.43290E-02  1.14967E-15  4.10555E+01  1.30317E-02  1.0E-07
  1.400E+01  1.48521E-02  1.12258E-15  4.00879E+01  1.34302E-02  1.0E-07
  1.425E+01  1.53845E-02  1.09581E-15  3.91319E+01  1.38374E-02  1.0E-07
  1.450E+01  1.59262E-02  1.06937E-15  3.81880E+01  1.42536E-02  1.0E-07
  1.475E+01  1.64770E-02  1.04328E-15  3.72563E+01  1.46789E-02  1.0E-07
  1.500E+01  1.70371E-02  1.01755E-15  3.63373E+01  1.51135E-02  1.0E-07
  1.525E+01  1.76063E-02  9.92175E-16  3.54312E+01  1.55576E-02  1.0E-07
  1.550E+01  1.81848E-02  9.67169E-16  3.45382E+01  1.60113E-02  1.0E-07
  1.575E+01  1.87724E-02  9.42538E-16  3.36586E+01  1.64748E-02  1.0E-07
  1.600E+01  1.93692E-02  9.18284E-16  3.27925E+01  1.69483E-02  1.0E-07
  1.625E+01  1.99751E-02  8.94414E-16  3.19401E+01  1.74320E-02  1.0E-07
  1.650E+01  2.05901E-02  8.70930E-16  3.11015E+01  1.79261E-02  1.0E-07
  1.675E+01  2.12143E-02  8.47836E-16  3.02768E+01  1.84306E-02  1.0E-07
  1.700E+01  2.18476E-02  8.25133E-16  2.94660E+01  1.89460E-02  1.0E-07
  1.725E+01  2.24900E-02  8.02824E-16  2.86694E+01  1.94722E-02  1.0E-07
  1.750E+01  2.31415E-02  7.80909E-16  2.78868E+01  2.00096E-02  1.0E-07
  1.775E+01  2.38021E-02  7.59390E-16  2.71183E+01  2.05582E-02  1.0E-07
  1.800E+01  2.44717E-02  7.38266E-16  2.63639E+01  2.11184E-02  1.0E-07
  1.825E+01  2.51504E-02  7.17536E-16  2.56237E+01  2.16903E-02  1.0E-07
  1.850E+01  2.58382E-02  6.97202E-16  2.48975E+01  2.22741E-02  1.0E-07
  1.875E+01  2.65349E-02  6.77260E-16  2.41854E+01  2.28700E-02  1.0E-07
  1.900E+01  2.72407E-02  6.57711E-16  2.34873E+01  2.34783E-02  1.0E-07
  1.925E+01  2.79555E-02  6.38552E-16  2.28031E+01  2.40992E-02  1.0E-07
  1.950E+01  2.86793E-02  6.19780E-16  2.21328E+01  2.47328E-02  1.0E-07
  1.975E+01  2.94120E-02  6.01394E-16  2.14762E+01  2.53793E-02  1.0E-07
  2.000E+01  3.01537E-02  5.83392E-16  2.08333E+01  2.60391E-02  1.0E-07
  2.025E+01  3.09043E-02  5.65769E-16  2.02040E+01  2.67124E-02  1.0E-07
  2.050E+01  3.16639E-02  5.48524E-16  1.95881E+01  2.73992E-02  1.0E-07
  2.075E+01  3.24324E-02  5.31652E-16  1.89856E+01  2.81000E-02  1.0E-07
  2.100E+01  3.32098E-02  5.15151E-16  1.83964E+01  2.88149E-02  1.0E-07
  2.125E+01  3.39961E-02  4.99016E-16  1.78202E+01  2.95441E-02  1.0E-07
  2.150E+01  3.47912E-02  4.83245E-16  1.72570E+01  3.02879E-02  1.0E-07
  2.175E+01  3.55952E-02  4.67832E-16  1.67066E+01  3.10466E-02  1.0E-07
  2.200E+01  3.64081E-02  4.52775E-16  1.61689E+01  3.18202E-02  1.0E-07
  2.225E+01  3.72297E-02  4.38069E-16  1.56437E+01  3.26091E-02  1.0E-07
  2.250E+01  3.80602E-02  4.23709E-16  1.51309E+01  3.34135E-02  1.0E-07
  2.275E+01  3.88995E-02  4.09692E-16  1.46304E+01  3.42336E-02  1.0E-07
  2.300E+01  3.97476E-02  3.96013E-16  1.41419E+01  3.50697E-02  1.0E-07
  2.325E+01  4.06044E-02  3.82667E-16  1.36653E+01  3.59219E-02  1.0E-07
  2.350E+01  4.14700E-02  3.69651E-16  1.32005E+01  3.67904E-02  1.0E-07
  2.375E+01  4.23443E-02  3.56960E-16  1.27473E+01  3.76755E-02  1.0E-07
  2.400E+01  4.32273E-02  3.44588E-16  1.23055E+01  3.85773E-02  1.0E-07
  2.425E+01  4.41190E-02  3.32532E-16  1.18749E+01  3.94960E-02  1.0E-07
  2.450E+01  4.50194E-02  3.20788E-16  1.14555E+01  4.04317E-02  1.0E-07
  2.475E+01  4.59284E-02  3.09349E-16  1.10471E+01  4.13847E-02  1.0E-07
  2.500E+01  4.68461E-02  2.98212E-16  1.06493E+01  4.23549E-02  1.0E-07
  2.550E+01  4.87074E-02  2.76825E-16  9.88560E+00  4.43476E-02  1.0E-07
  2.600E+01  5.06030E-02  2.56589E-16  9.16296E+00  4.64100E-02  1.0E-07
  2.650E+01  5.25328E-02  2.37467E-16  8.48010E+00  4.85420E-02  1.0E-07
  2.700E+01  5.44967E-02  2.19422E-16  7.83571E+00  5.07423E-02  1.0E-07
  2.750E+01  5.64946E-02  2.02418E-16  7.22849E+00  5.30087E-02  1.0E-07
  2.800E+01  5.85262E-02  1.86419E-16  6.65714E+00  5.53374E-02  1.0E-07
  2.850E+01  6.05914E-02  1.71388E-16  6.12038E+00  5.77230E-02  1.0E-07
  2.900E+01  6.26901E-02  1.57291E-16  5.61696E+00  6.01577E-02  1.0E-07
  2.950E+01  6.48222E-02  1.44092E-16  5.14562E+00  6.26307E-02  1.0E-07
  3.000E+01  6.69873E-02  1.31757E-16  4.70515E+00  6.51274E-02  1.0E-07
  3.050E+01  6.91854E-02  1.20253E-16  4.29432E+00  6.76286E-02  1.0E-07
  3.100E+01  7.14163E-02  1.09546E-16  3.91195E+00  7.01091E-02  1.0E-07
  3.150E+01  7.36799E-02  9.96024E-17  3.55687E+00  7.25363E-02  1.0E-07
  3.200E+01  7.59760E-02  9.03911E-17  3.22792E+00  7.48679E-02  1.0E-07
  3.250E+01  7.83043E-02  8.18801E-17  2.92399E+00  7.70505E-02  1.0E-07
  3.300E+01  8.06647E-02  7.40383E-17  2.64396E+00  7.90162E-02  1.0E-07
  3.350E+01  8.30571E-02  6.68353E-17  2.38673E+00  8.06796E-02  1.0E-07
  3.400E+01  8.54812E-02  6.02411E-17  2.15125E+00  8.19346E-02  1.0E-07
  3.450E+01  8.79369E-02  5.42263E-17  1.93646E+00  8.26501E-02  1.0E-07
  3.500E+01  9.04240E-02  4.87623E-17  1.74133E+00  8.26666E-02  1.0E-07
  3.550E+01  9.29422E-02  4.38209E-17  1.56487E+00  8.17926E-02  1.0E-07
  3.600E+01  9.54915E-02  3.93745E-17  1.40609E+00  7.98030E-02  1.0E-07
  3.650E+01  9.80716E-02  3.53963E-17  1.26403E+00  7.64400E-02  1.0E-07
  3.700E+01  1.00682E-01  3.18600E-17  1.13774E+00  7.14186E-02  1.0E-07
  3.750E+01  1.03323E-01  2.87398E-17  1.02632E+00  6.44396E-02  1.0E-07
  3.800E+01  1.05995E-01  2.60107E-17  9.28858E-01  5.52117E-02  1.0E-07
  3.850E+01  1.08696E-01  2.36483E-17  8.44496E-01  4.34850E-02  1.0E-07
  3.900E+01  1.11427E-01  2.16289E-17  7.72381E-01  2.90964E-02  1.0E-07
  3.950E+01  1.14188E-01  1.99293E-17  7.11687E-01  1.20207E-02  1.0E-07
  4.000E+01  1.16978E-01  1.85271E-17  6.61614E-01 -7.57859E-03  1.0E-07
  4.050E+01  1.19797E-01  1.74006E-17  6.21385E-01 -2.93163E-02  1.0E-07
  4.100E+01  1.22645E-01  1.65286E-17  5.90247E-01 -5.25827E-02  1.0E-07
  4.150E+01  1.25522E-01  1.58908E-17  5.67471E-01 -7.65847E-02  1.0E-07
  4.200E+01  1.28428E-01  1.54675E-17  5.52354E-01 -1.00428E-01  1.0E-07
  4.250E+01  1.31361E-01  1.52397E-17  5.44218E-01 -1.23223E-01  1.0E-07
  4.300E+01  1.34323E-01  1.51890E-17  5.42408E-01 -1.44199E-01  1.0E-07
  4.350E+01  1.37313E-01  1.52979E-17  5.46298E-01 -1.62777E-01  1.0E-07
  4.400E+01  1.40330E-01  1.55496E-17  5.55285E-01 -1.78615E-01  1.0E-07
  4.450E+01  1.43375E-01  1.59278E-17  5.68791E-01 -1.91596E-01  1.0E-07
  4.500E+01  1.46447E-01  1.64171E-17  5.86266E-01 -2.01798E-01  1.0E-07
  4.550E+01  1.49545E-01  1.70029E-17  6.07184E-01 -2.09433E-01  1.0E-07
  4.600E+01  1.52671E-01  1.76711E-17  6.31045E-01 -2.14793E-01  1.0E-07
  4.650E+01  1.55823E-01  1.84084E-17  6.57375E-01 -2.18208E-01  1.0E-07
  4.700E+01  1.59001E-01  1.92023E-17  6.85725E-01 -2.20005E-01  1.0E-07
  4.750E+01  1.62205E-01  2.00409E-17  7.15672E-01 -2.20491E-01  1.0E-07
  4.800E+01  1.65435E-01  2.09130E-17  7.46817E-01 -2.19937E-01  1.0E-07
  4.850E+01  1.68690E-01  2.18082E-17  7.78786E-01 -2.18577E-01  1.0E-07
  4.900E+01  1.71970E-01  2.27168E-17  8.11231E-01 -2.16607E-01  1.0E-07
  4.950E+01  1.75276E-01  2.36296E-17  8.43827E-01 -2.14184E-01  1.0E-07
  5.000E+01  1.78606E-01  2.45381E-17  8.76273E-01 -2.11439E-01  1.0E-07
  5.050E+01  1.81961E-01  2.54347E-17  9.08291E-01 -2.08474E-01  1.0E-07
  5.100E+01  1.85340E-01  2.63123E-17  9.39628E-01 -2.05368E-01  1.0E-07
  5.150E+01  1.88743E-01  2.71642E-17  9.70051E-01 -2.02184E-01  1.0E-07
  5.200E+01  1.92169E-01  2.79846E-17  9.99350E-01 -1.98969E-01  1.0E-07
  5.250E+01  1.95619E-01  2.87683E-17  1.02734E+00 -1.95759E-01  1.0E-07
  5.300E+01  1.99092E-01  2.95106E-17  1.05384E+00 -1.92580E-01  1.0E-07
  5.350E+01  2.02589E-01  3.02072E-17  1.07872E+00 -1.89451E-01  1.0E-07
  5.400E+01  2.06107E-01  3.08546E-17  1.10184E+00 -1.86387E-01  1.0E-07
  5.450E+01  2.09649E-01  3.14498E-17  1.12309E+00 -1.83396E-01  1.0E-07
  5.500E+01  2.13212E-01  3.19900E-17  1.14239E+00 -1.80483E-01  1.0E-07
  5.550E+01  2.16797E-01  3.24734E-17  1.15965E+00 -1.77651E-01  1.0E-07
  5.600E+01  2.20404E-01  3.28981E-17  1.17481E+00 -1.74900E-01  1.0E-07
  5.650E+01  2.24032E-01  3.32631E-17  1.18785E+00 -1.72230E-01  1.0E-07
  5.700E+01  2.27680E-01  3.35675E-17  1.19872E+00 -1.69639E-01  1.0E-07
  5.750E+01  2.31350E-01  3.38110E-17  1.20741E+00 -1.67122E-01  1.0E-07
  5.800E+01  2.35040E-01  3.39935E-17  1.21393E+00 -1.64676E-01  1.0E-07
  5.850E+01  2.38751E-01  3.41154E-17  1.21828E+00 -1.62297E-01  1.0E-07
  5.900E+01  2.42481E-01  3.41772E-17  1.22049E+00 -1.59979E-01  1.0E-07
  5.950E+01  2.46231E-01  3.41800E-17  1.22059E+00 -1.57717E-01  1.0E-07
  6.000E+01  2.50000E-01  3.41250E-17  1.21863E+00 -1.55505E-01  1.0E-07
  6.050E+01  2.53788E-01  3.40136E-17  1.21465E+00 -1.53338E-01  1.0E-07
  6.100E+01  2.57595E-01  3.38476E-17  1.20872E+00 -1.51208E-01  1.0E-07
  6.150E+01  2.61421E-01  3.36288E-17  1.20091E+00 -1.49111E-01  1.0E-07
  6.200E+01  2.65264E-01  3.33593E-17  1.19128E+00 -1.47039E-01  1.0E-07
  6.250E+01  2.69126E-01  3.30415E-17  1.17993E+00 -1.44987E-01  1.0E-07
  6.300E+01  2.73005E-01  3.26776E-17  1.16694E+00 -1.42946E-01  1.0E-07
  6.350E+01  2.76901E-01  3.22703E-17  1.15239E+00 -1.40911E-01  1.0E-07
  6.400E+01  2.80814E-01  3.18221E-17  1.13639E+00 -1.38874E-01  1.0E-07
  6.450E+01  2.84744E-01  3.13357E-17  1.11902E+00 -1.36828E-01  1.0E-07
  6.500E+01  2.88691E-01  3.08138E-17  1.10038E+00 -1.34765E-01  1.0E-07
  6.550E+01  2.92653E-01  3.02594E-17  1.08058E+00 -1.32678E-01  1.0E-07
  6.600E+01  2.96632E-01  2.96752E-17  1.05972E+00 -1.30559E-01  1.0E-07
  6.650E+01  3.00625E-01  2.90641E-17  1.03790E+00 -1.28400E-01  1.0E-07
  6.700E+01  3.04634E-01  2.84288E-17  1.01521E+00 -1.26191E-01  1.0E-07
  6.750E+01  3.08658E-01  2.77723E-17  9.91766E-01 -1.23923E-01  1.0E-07
  6.800E+01  3.12697E-01  2.70972E-17  9.67659E-01 -1.21589E-01  1.0E-07
  6.850E+01  3.16749E-01  2.64064E-17  9.42989E-01 -1.19178E-01  1.0E-07
  6.900E+01  3.20816E-01  2.57025E-17  9.17851E-01 -1.16679E-01  1.0E-07
  6.950E+01  3.24896E-01  2.49880E-17  8.92339E-01 -1.14083E-01  1.0E-07
  7.000E+01  3.28990E-01  2.42656E-17  8.66542E-01 -1.11379E-01  1.0E-07
  7.050E+01  3.33097E-01  2.35377E-17  8.40547E-01 -1.08555E-01  1.0E-07
  7.100E+01  3.37216E-01  2.28066E-17  8.14439E-01 -1.05600E-01  1.0E-07
  7.150E+01  3.41348E-01  2.20746E-17  7.88297E-01 -1.02501E-01  1.0E-07
  7.200E+01  3.45492E-01  2.13437E-17  7.62197E-01 -9.92459E-02  1.0E-07
  7.250E+01  3.49647E-01  2.06160E-17  7.36211E-01 -9.58213E-02  1.0E-07
  7.300E+01  3.53814E-01  1.98934E-17  7.10407E-01 -9.22136E-02  1.0E-07
  7.350E+01  3.57992E-01  1.91777E-17  6.84847E-01 -8.84088E-02  1.0E-07
  7.400E+01  3.62181E-01  1.84704E-17  6.59591E-01 -8.43926E-02  1.0E-07
  7.450E+01  3.66381E-01  1.77732E-17  6.34693E-01 -8.01503E-02  1.0E-07
  7.500E+01  3.70590E-01  1.70874E-17  6.10201E-01 -7.56667E-02  1.0E-07
  7.550E+01  3.74810E-01  1.64142E-17  5.86162E-01 -7.09267E-02  1.0E-07
  7.600E+01  3.79039E-01  1.57548E-17  5.62615E-01 -6.59148E-02  1.0E-07
  7.650E+01  3.83277E-01  1.51102E-17  5.39596E-01 -6.06155E-02  1.0E-07
  7.700E+01  3.87524E-01  1.44813E-17  5.17137E-01 -5.50134E-02  1.0E-07
  7.750E+01  3.91780E-01  1.38688E-17  4.95263E-01 -4.90934E-02  1.0E-07
  7.800E+01  3.96044E-01  1.32733E-17  4.73999E-01 -4.28404E-02  1.0E-07
  7.850E+01  4.00316E-01  1.26954E-17  4.53361E-01 -3.62401E-02  1.0E-07
  7.900E+01  4.04596E-01  1.21355E-17  4.33365E-01 -2.92786E-02  1.0E-07
  7.950E+01  4.08882E-01  1.15938E-17  4.14021E-01 -2.19431E-02  1.0E-07
  8.000E+01  4.13176E-01  1.10705E-17  3.95335E-01 -1.42215E-02  1.0E-07
  8.050E+01  4.17476E-01  1.05658E-17  3.77311E-01 -6.10304E-03  1.0E-07
  8.100E+01  4.21783E-01  1.00796E-17  3.59949E-01  2.42152E-03  1.0E-07
  8.150E+01  4.26095E-01  9.61188E-18  3.43246E-01  1.13600E-02  1.0E-07
  8.200E+01  4.30413E-01  9.16242E-18  3.27196E-01  2.07183E-02  1.0E-07
  8.250E+01  4.34737E-01  8.73100E-18  3.11790E-01  3.05006E-02  1.0E-07
  8.300E+01  4.39065E-01  8.31731E-18  2.97016E-01  4.07089E-02  1.0E-07
  8.350E+01  4.43398E-01  7.92096E-18  2.82863E-01  5.13429E-02  1.0E-07
  8.400E+01  4.47736E-01  7.54153E-18  2.69313E-01  6.24003E-02  1.0E-07
  8.450E+01  4.52077E-01  7.17855E-18  2.56351E-01  7.38766E-02  1.0E-07
  8.500E+01  4.56422E-01  6.83150E-18  2.43957E-01  8.57649E-02  1.0E-07
  8.550E+01  4.60770E-01  6.49981E-18  2.32112E-01  9.80564E-02  1.0E-07
  8.600E+01  4.65122E-01  6.18291E-18  2.20796E-01  1.10740E-01  1.0E-07
  8.650E+01  4.69476E-01  5.88019E-18  2.09985E-01  1.23805E-01  1.0E-07
  8.700E+01  4.73832E-01  5.59103E-18  1.99659E-01  1.37235E-01  1.0E-07
  8.750E+01  4.78190E-01  5.31478E-18  1.89794E-01  1.51018E-01  1.0E-07
  8.800E+01  4.82550E-01  5.05082E-18  1.80368E-01  1.65139E-01  1.0E-07
  8.850E+01  4.86912E-01  4.79850E-18  1.71357E-01  1.79581E-01  1.0E-07
  8.900E+01  4.91274E-01  4.55718E-18  1.62740E-01  1.94332E-01  1.0E-07
  8.950E+01  4.95637E-01  4.32624E-18  1.54493E-01  2.09378E-01  1.0E-07
  9.000E+01  5.00000E-01  4.10506E-18  1.46594E-01  2.24709E-01  1.0E-07
  9.050E+01  5.04363E-01  3.89307E-18  1.39024E-01  2.40317E-01  1.0E-07
  9.100E+01  5.08726E-01  3.68968E-18  1.31761E-01  2.56196E-01  1.0E-07
  9.150E+01  5.13088E-01  3.49435E-18  1.24786E-01  2.72347E-01  1.0E-07
  9.200E+01  5.17450E-01  3.30657E-18  1.18080E-01  2.88774E-01  1.0E-07
  9.250E+01  5.21810E-01  3.12587E-18  1.11627E-01  3.05486E-01  1.0E-07
  9.300E+01  5.26168E-01  2.95178E-18  1.05410E-01  3.22500E-01  1.0E-07
  9.350E+01  5.30524E-01  2.78391E-18  9.94152E-02  3.39839E-01  1.0E-07
  9.400E+01  5.34878E-01  2.62187E-18  9.36288E-02  3.57534E-01  1.0E-07
  9.450E+01  5.39230E-01  2.46535E-18  8.80392E-02  3.75624E-01  1.0E-07
  9.500E+01  5.43578E-01  2.31404E-18  8.26358E-02  3.94159E-01  1.0E-07
  9.550E+01  5.47923E-01  2.16770E-18  7.74098E-02  4.13196E-01  1.0E-07
  9.600E+01  5.52264E-01  2.02611E-18  7.23537E-02  4.32806E-01  1.0E-07
  9.650E+01  5.56602E-01  1.88911E-18  6.74615E-02  4.53068E-01  1.0E-07
  9.700E+01  5.60935E-01  1.75658E-18  6.27286E-02  4.74076E-01  1.0E-07
  9.750E+01  5.65263E-01  1.62842E-18  5.81521E-02  4.95936E-01  1.0E-07
  9.800E+01  5.69587E-01  1.50460E-18  5.37301E-02  5.18767E-01  1.0E-07
  9.850E+01  5.73905E-01  1.38509E-18  4.94623E-02  5.42701E-01  1.0E-07
  9.900E+01  5.78217E-01  1.26992E-18  4.53497E-02  5.67884E-01  1.0E-07
  9.950E+01  5.82524E-01  1.15916E-18  4.13944E-02  5.94470E-01  1.0E-07
  1.000E+02  5.86824E-01  1.05289E-18  3.75996E-02  6.22622E-01  1.0E-07
  1.005E+02  5.91118E-01  9.51246E-19  3.39696E-02  6.52498E-01  1.0E-07
  1.010E+02  5.95404E-01  8.54362E-19  3.05098E-02  6.84238E-01  1.0E-07
  1.015E+02  5.99684E-01  7.62414E-19  2.72263E-02  7.17938E-01  1.0E-07
  1.020E+02  6.03956E-01  6.75596E-19  2.41260E-02  7.53599E-01  1.0E-07
  1.025E+02  6.08220E-01  5.94119E-19  2.12164E-02  7.91052E-01  1.0E-07
  1.030E+02  6.12476E-01  5.18211E-19  1.85056E-02  8.29819E-01  1.0E-07
  1.035E+02  6.16723E-01  4.48109E-19  1.60023E-02  8.68884E-01  1.0E-07
  1.040E+02  6.20961E-01  3.84061E-19  1.37151E-02  9.06310E-01  1.0E-07
  1.045E+02  6.25190E-01  3.26320E-19  1.16531E-02  9.38613E-01  1.0E-07
  1.050E+02  6.29410E-01  2.75140E-19  9.82543E-03  9.59796E-01  1.0E-07
  1.055E+02  6.33619E-01  2.30775E-19  8.24111E-03  9.59983E-01  1.0E-07
  1.060E+02  6.37819E-01  1.93473E-19  6.90904E-03  9.23964E-01  1.0E-07
  1.065E+02  6.42008E-01  1.63476E-19  5.83782E-03  8.30896E-01  1.0E-07
  1.070E+02  6.46186E-01  1.41013E-19  5.03568E-03  6.58318E-01  1.0E-07
  1.075E+02  6.50353E-01  1.26302E-19  4.51034E-03  3.94645E-01  1.0E-07
  1.080E+02  6.54508E-01  1.19542E-19  4.26893E-03  5.81258E-02  1.0E-07
  1.085E+02  6.58652E-01  1.20913E-19  4.31787E-03 -2.95921E-01  1.0E-07
  1.090E+02  6.62784E-01  1.30571E-19  4.66279E-03 -5.99440E-01  1.0E-07
  1.095E+02  6.66903E-01  1.48651E-19  5.30843E-03 -8.10275E-01  1.0E-07
  1.100E+02  6.71010E-01  1.75258E-19  6.25856E-03 -9.25774E-01  1.0E-07
  1.105E+02  6.75104E-01  2.10467E-19  7.51591E-03 -9.67404E-01  1.0E-07
  1.110E+02  6.79184E-01  2.54325E-19  9.08211E-03 -9.61209E-01  1.0E-07
  1.115E+02  6.83251E-01  3.06844E-19  1.09576E-02 -9.27990E-01  1.0E-07
  1.120E+02  6.87303E-01  3.68002E-19  1.31416E-02 -8.81561E-01  1.0E-07
  1.125E+02  6.91342E-01  4.37742E-19  1.56320E-02 -8.30193E-01  1.0E-07
  1.130E+02  6.95366E-01  5.15970E-19  1.84256E-02 -7.78494E-01  1.0E-07
  1.135E+02  6.99375E-01  6.02555E-19  2.15176E-02 -7.28855E-01  1.0E-07
  1.140E+02  7.03368E-01  6.97328E-19  2.49020E-02 -6.82393E-01  1.0E-07
  1.145E+02  7.07347E-01  8.00083E-19  2.85715E-02 -6.39518E-01  1.0E-07
  1.150E+02  7.11309E-01  9.10574E-19  3.25172E-02 -6.00261E-01  1.0E-07
  1.155E+02  7.15256E-01  1.02852E-18  3.67291E-02 -5.64459E-01  1.0E-07
  1.160E+02  7.19186E-01  1.15360E-18  4.11957E-02 -5.31865E-01  1.0E-07
  1.165E+02  7.23099E-01  1.28545E-18  4.59043E-02 -5.02198E-01  1.0E-07
  1.170E+02  7.26995E-01  1.42369E-18  5.08410E-02 -4.75180E-01  1.0E-07
  1.175E+02  7.30874E-01  1.56789E-18  5.59904E-02 -4.50544E-01  1.0E-07
  1.180E+02  7.34736E-01  1.71759E-18  6.13362E-02 -4.28048E-01  1.0E-07
  1.185E+02  7.38579E-01  1.87230E-18  6.68609E-02 -4.07470E-01  1.0E-07
  1.190E+02  7.42405E-01  2.03149E-18  7.25459E-02 -3.88615E-01  1.0E-07
  1.195E+02  7.46212E-01  2.19463E-18  7.83716E-02 -3.71307E-01  1.0E-07
  1.200E+02  7.50000E-01  2.36113E-18  8.43175E-02 -3.55392E-01  1.0E-07
  1.205E+02  7.53769E-01  2.53041E-18  9.03625E-02 -3.40734E-01  1.0E-07
  1.210E+02  7.57519E-01  2.70184E-18  9.64846E-02 -3.27211E-01  1.0E-07
  1.215E+02  7.61249E-01  2.87480E-18  1.02661E-01 -3.14717E-01  1.0E-07
  1.220E+02  7.64960E-01  3.04864E-18  1.08869E-01 -3.03157E-01  1.0E-07
  1.225E+02  7.68650E-01  3.22269E-18  1.15084E-01 -2.92448E-01  1.0E-07
  1.230E+02  7.72320E-01  3.39629E-18  1.21284E-01 -2.82515E-01  1.0E-07
  1.235E+02  7.75968E-01  3.56877E-18  1.27443E-01 -2.73294E-01  1.0E-07
  1.240E+02  7.79596E-01  3.73945E-18  1.33538E-01 -2.64723E-01  1.0E-07
  1.245E+02  7.83203E-01  3.90765E-18  1.39545E-01 -2.56752E-01  1.0E-07
  1.250E+02  7.86788E-01  4.07271E-18  1.45439E-01 -2.49334E-01  1.0E-07
  1.255E+02  7.90351E-01  4.23395E-18  1.51197E-01 -2.42426E-01  1.0E-07
  1.260E+02  7.93893E-01  4.39073E-18  1.56796E-01 -2.35991E-01  1.0E-07
  1.265E+02  7.97411E-01  4.54241E-18  1.62212E-01 -2.29995E-01  1.0E-07
  1.270E+02  8.00908E-01  4.68836E-18  1.67424E-01 -2.24407E-01  1.0E-07
  1.275E+02  8.04381E-01  4.82798E-18  1.72410E-01 -2.19201E-01  1.0E-07
  1.280E+02  8.07831E-01  4.96069E-18  1.77149E-01 -2.14353E-01  1.0E-07
  1.285E+02  8.11257E-01  5.08593E-18  1.81622E-01 -2.09839E-01  1.0E-07
  1.290E+02  8.14660E-01  5.20319E-18  1.85809E-01 -2.05640E-01  1.0E-07
  1.295E+02  8.18039E-01  5.31195E-18  1.89693E-01 -2.01738E-01  1.0E-07
  1.300E+02  8.21394E-01  5.41178E-18  1.93258E-01 -1.98116E-01  1.0E-07
  1.305E+02  8.24724E-01  5.50222E-18  1.96488E-01 -1.94761E-01  1.0E-07
  1.310E+02  8.28030E-01  5.58291E-18  1.99369E-01 -1.91660E-01  1.0E-07
  1.315E+02  8.31310E-01  5.65350E-18  2.01890E-01 -1.88800E-01  1.0E-07
  1.320E+02  8.34565E-01  5.71368E-18  2.04039E-01 -1.86171E-01  1.0E-07
  1.325E+02  8.37795E-01  5.76319E-18  2.05807E-01 -1.83765E-01  1.0E-07
  1.330E+02  8.40999E-01  5.80181E-18  2.07186E-01 -1.81572E-01  1.0E-07
  1.335E+02  8.44177E-01  5.82938E-18  2.08171E-01 -1.79586E-01  1.0E-07
  1.340E+02  8.47329E-01  5.84577E-18  2.08756E-01 -1.77801E-01  1.0E-07
  1.345E+02  8.50455E-01  5.85092E-18  2.08940E-01 -1.76211E-01  1.0E-07
  1.350E+02  8.53553E-01  5.84479E-18  2.08721E-01 -1.74813E-01  1.0E-07
  1.355E+02  8.56625E-01  5.82742E-18  2.08101E-01 -1.73602E-01  1.0E-07
  1.360E+02  8.59670E-01  5.79886E-18  2.07081E-01 -1.72577E-01  1.0E-07
  1.365E+02  8.62687E-01  5.75925E-18  2.05667E-01 -1.71735E-01  1.0E-07
  1.370E+02  8.65677E-01  5.70876E-18  2.03863E-01 -1.71075E-01  1.0E-07
  1.375E+02  8.68639E-01  5.64759E-18  2.01679E-01 -1.70598E-01  1.0E-07
  1.380E+02  8.71572E-01  5.57602E-18  1.99123E-01 -1.70304E-01  1.0E-07
  1.385E+02  8.74478E-01  5.49436E-18  1.96207E-01 -1.70194E-01  1.0E-07
  1.390E+02  8.77355E-01  5.40295E-18  1.92943E-01 -1.70272E-01  1.0E-07
  1.395E+02  8.80203E-01  5.30220E-18  1.89345E-01 -1.70540E-01  1.0E-07
  1.400E+02  8.83022E-01  5.19254E-18  1.85429E-01 -1.71003E-01  1.0E-07
  1.405E+02  8.85812E-01  5.07445E-18  1.81212E-01 -1.71667E-01  1.0E-07
  1.410E+02  8.88573E-01  4.94844E-18  1.76712E-01 -1.72538E-01  1.0E-07
  1.415E+02  8.91304E-01  4.81506E-18  1.71949E-01 -1.73623E-01  1.0E-07
  1.420E+02  8.94005E-01  4.67488E-18  1.66943E-01 -1.74933E-01  1.0E-07
  1.425E+02  8.96677E-01  4.52852E-18  1.61717E-01 -1.76476E-01  1.0E-07
  1.430E+02  8.99318E-01  4.37661E-18  1.56292E-01 -1.78266E-01  1.0E-07
  1.435E+02  9.01928E-01  4.21981E-18  1.50692E-01 -1.80315E-01  1.0E-07
  1.440E+02  9.04508E-01  4.05879E-18  1.44942E-01 -1.82639E-01  1.0E-07
  1.445E+02  9.07058E-01  3.89425E-18  1.39066E-01 -1.85254E-01  1.0E-07
  1.450E+02  9.09576E-01  3.72690E-18  1.33090E-01 -1.88182E-01  1.0E-07
  1.455E+02  9.12063E-01  3.55747E-18  1.27039E-01 -1.91442E-01  1.0E-07
  1.460E+02  9.14519E-01  3.38667E-18  1.20940E-01 -1.95058E-01  1.0E-07
  1.465E+02  9.16943E-01  3.21524E-18  1.14818E-01 -1.99058E-01  1.0E-07
  1.470E+02  9.19335E-01  3.04392E-18  1.08700E-01 -2.03470E-01  1.0E-07
  1.475E+02  9.21696E-01  2.87343E-18  1.02612E-01 -2.08326E-01  1.0E-07
  1.480E+02  9.24024E-01  2.70449E-18  9.65791E-02 -2.13660E-01  1.0E-07
  1.485E+02  9.26320E-01  2.53782E-18  9.06273E-02 -2.19508E-01  1.0E-07
  1.490E+02  9.28584E-01  2.37412E-18  8.47815E-02 -2.25909E-01  1.0E-07
  1.495E+02  9.30815E-01  2.21408E-18  7.90662E-02 -2.32901E-01  1.0E-07
  1.500E+02  9.33013E-01  2.05835E-18  7.35052E-02 -2.40522E-01  1.0E-07
  1.505E+02  9.35178E-01  1.90759E-18  6.81214E-02 -2.48805E-01  1.0E-07
  1.510E+02  9.37310E-01  1.76241E-18  6.29368E-02 -2.57778E-01  1.0E-07
  1.515E+02  9.39409E-01  1.62339E-18  5.79725E-02 -2.67452E-01  1.0E-07
  1.520E+02  9.41474E-01  1.49111E-18  5.32484E-02 -2.77819E-01  1.0E-07
  1.525E+02  9.43505E-01  1.36607E-18  4.87833E-02 -2.88835E-01  1.0E-07
  1.530E+02  9.45503E-01  1.24878E-18  4.45946E-02 -3.00406E-01  1.0E-07
  1.535E+02  9.47467E-01  1.13967E-18  4.06984E-02 -3.12367E-01  1.0E-07
  1.540E+02  9.49397E-01  1.03917E-18  3.71094E-02 -3.24452E-01  1.0E-07
  1.545E+02  9.51293E-01  9.47639E-19  3.38408E-02 -3.36266E-01  1.0E-07
  1.550E+02  9.53154E-01  8.65403E-19  3.09041E-02 -3.47251E-01  1.0E-07
  1.555E+02  9.54981E-01  7.92742E-19  2.83093E-02 -3.56662E-01  1.0E-07
  1.560E+02  9.56773E-01  7.29891E-19  2.60649E-02 -3.63571E-01  1.0E-07
  1.565E+02  9.58530E-01  6.77034E-19  2.41773E-02 -3.66909E-01  1.0E-07
  1.570E+02  9.60252E-01  6.34311E-19  2.26516E-02 -3.65574E-01  1.0E-07
  1.575E+02  9.61940E-01  6.01811E-19  2.14910E-02 -3.58612E-01  1.0E-07
  1.580E+02  9.63592E-01  5.79574E-19  2.06970E-02 -3.45449E-01  1.0E-07
  1.585E+02  9.65209E-01  5.67594E-19  2.02691E-02 -3.26102E-01  1.0E-07
  1.590E+02  9.66790E-01  5.65812E-19  2.02055E-02 -3.01283E-01  1.0E-07
  1.595E+02  9.68336E-01  5.74123E-19  2.05023E-02 -2.72336E-01  1.0E-07
  1.600E+02  9.69846E-01  5.92375E-19  2.11541E-02 -2.40995E-01  1.0E-07
  1.605E+02  9.71321E-01  6.20367E-19  2.21537E-02 -2.09061E-01  1.0E-07
  1.610E+02  9.72759E-01  6.57854E-19  2.34924E-02 -1.78107E-01  1.0E-07
  1.615E+02  9.74162E-01  7.04546E-19  2.51598E-02 -1.49300E-01  1.0E-07
  1.620E+02  9.75528E-01  7.60108E-19  2.71440E-02 -1.23353E-01  1.0E-07
  1.625E+02  9.76858E-01  8.24168E-19  2.94316E-02 -1.00576E-01  1.0E-07
  1.630E+02  9.78152E-01  8.96310E-19  3.20078E-02 -8.09785E-02  1.0E-07
  1.635E+02  9.79410E-01  9.76085E-19  3.48566E-02 -6.43749E-02  1.0E-07
  1.640E+02  9.80631E-01  1.06301E-18  3.79606E-02 -5.04727E-02  1.0E-07
  1.645E+02  9.81815E-01  1.15655E-18  4.13013E-02 -3.89377E-02  1.0E-07
  1.650E+02  9.82963E-01  1.25618E-18  4.48591E-02 -2.94354E-02  1.0E-07
  1.655E+02  9.84074E-01  1.36131E-18  4.86134E-02 -2.16539E-02  1.0E-07
  1.660E+02  9.85148E-01  1.47135E-18  5.25429E-02 -1.53150E-02  1.0E-07
  1.665E+02  9.86185E-01  1.58567E-18  5.66253E-02 -1.01778E-02  1.0E-07
  1.670E+02  9.87185E-01  1.70363E-18  6.08379E-02 -6.03750E-03  1.0E-07
  1.675E+02  9.88148E-01  1.82459E-18  6.51572E-02 -2.72216E-03  1.0E-07
  1.680E+02  9.89074E-01  1.94786E-18  6.95595E-02 -8.86760E-05  1.0E-07
  1.685E+02  9.89962E-01  2.07279E-18  7.40207E-02  1.98143E-03  1.0E-07
  1.690E+02  9.90814E-01  2.19869E-18  7.85165E-02  3.58590E-03  1.0E-07
  1.695E+02  9.91627E-01  2.32487E-18  8.30226E-02  4.80529E-03  1.0E-07
  1.700E+02  9.92404E-01  2.45066E-18  8.75146E-02  5.70590E-03  1.0E-07
  1.705E+02  9.93143E-01  2.57538E-18  9.19685E-02  6.34234E-03  1.0E-07
  1.710E+02  9.93844E-01  2.69837E-18  9.63605E-02  6.75961E-03  1.0E-07
  1.715E+02  9.94508E-01  2.81896E-18  1.00667E-01  6.99485E-03  1.0E-07
  1.720E+02  9.95134E-01  2.93653E-18  1.04865E-01  7.07876E-03  1.0E-07
  1.725E+02  9.95722E-01  3.05044E-18  1.08933E-01  7.03675E-03  1.0E-07
  1.730E+02  9.96273E-01  3.16009E-18  1.12849E-01  6.88989E-03  1.0E-07
  1.735E+02  9.96786E-01  3.26490E-18  1.16592E-01  6.65570E-03  1.0E-07
  1.740E+02  9.97261E-01  3.36433E-18  1.20142E-01  6.34879E-03  1.0E-07
  1.745E+02  9.97698E-01  3.45784E-18  1.23482E-01  5.98133E-03  1.0E-07
  1.750E+02  9.98097E-01  3.54495E-18  1.26592E-01  5.56354E-03  1.0E-07
  1.755E+02  9.98459E-01  3.62520E-18  1.29458E-01  5.10398E-03  1.0E-07
  1.760E+02  9.98782E-01  3.69817E-18  1.32064E-01  4.60991E-03  1.0E-07
  1.765E+02  9.99067E-01  3.76349E-18  1.34397E-01  4.08745E-03  1.0E-07
  1.770E+02  9.99315E-01  3.82079E-18  1.36443E-01  3.54184E-03  1.0E-07
  1.775E+02  9.99524E-01  3.86980E-18  1.38193E-01  2.97759E-03  1.0E-07
  1.780E+02  9.99695E-01  3.91025E-18  1.39638E-01  2.39861E-03  1.0E-07
  1.785E+02  9.99829E-01  3.94193E-18  1.40769E-01  1.80838E-03  1.0E-07
  1.790E+02  9.99924E-01  3.96468E-18  1.41581E-01  1.20999E-03  1.0E-07
  1.795E+02  9.99981E-01  3.97838E-18  1.42070E-01  6.06297E-04  1.0E-07
  1.800E+02  1.00000E+00  3.98295E-18  1.42234E-01  8.51448E-18  1.0E-07
