 #
 # Subroutine ELSEPA. Elastic scattering of electrons and positrons
 #                    by neutral atoms and positive ions
 #
 # Projectile: electron
 # Kinetic energy = 1.80000E+04 eV = 6.61488E+02 a.u.
 #
 # Element: Au,  Z =  79,  atomic weight = 1.96967E+02 g/mol
 #
 # Nuclear model: Fermi distribution
 #                Average radius = 6.22560E-13 cm
 #                Skin thickness = 5.46000E-14 cm
 #
 # Number of electrons = 79
 #
 # Electron density: Read from file z_079.den   
 #                   Number of data points =  777
 #                   Volume integral = 7.90000E+01
 #
 # Furness-McCarthy exchange potential
 #
 # Total elastic cross section = 5.82353E-17 cm**2 = 2.07962E+00 a0**2
 # 1st transport cross section = 1.93983E-18 cm**2 = 6.92726E-02 a0**2
 # 2nd transport cross section = 3.44737E-18 cm**2 = 1.23108E-01 a0**2
 #
 #
 # Differential cross section:                       MU=(1-COS(THETA))/2
 #
 #  THETA        MU          DCS          DCS        Sherman      error
 #  (deg)                 (cm**2/sr)   (a0**2/sr)    function
 #----------------------------------------------------------------------
  0.000E+00  0.00000E+00  7.40576E-15  2.64465E+02  0.00000E+00  1.0E-07
  1.000E-04  7.61557E-13  7.40576E-15  2.64465E+02  1.18019E-09  1.0E-07
  1.250E-04  1.18994E-12  7.40576E-15  2.64465E+02  1.47524E-09  1.0E-07
  1.500E-04  1.71346E-12  7.40576E-15  2.64465E+02  1.77029E-09  1.0E-07
  1.750E-04  2.33225E-12  7.40576E-15  2.64465E+02  2.06534E-09  1.0E-07
  2.000E-04  3.04617E-12  7.40576E-15  2.64465E+02  2.36039E-09  1.0E-07
  2.250E-04  3.85530E-12  7.40576E-15  2.64465E+02  2.65544E-09  1.0E-07
  2.500E-04  4.75964E-12  7.40576E-15  2.64465E+02  2.95048E-09  1.0E-07
  2.750E-04  5.75917E-12  7.40576E-15  2.64465E+02  3.24553E-09  1.0E-07
  3.000E-04  6.85391E-12  7.40576E-15  2.64465E+02  3.54058E-09  1.0E-07
  3.250E-04  8.04379E-12  7.40576E-15  2.64465E+02  3.83563E-09  1.0E-07
  3.500E-04  9.32893E-12  7.40576E-15  2.64465E+02  4.13068E-09  1.0E-07
  3.750E-04  1.07092E-11  7.40576E-15  2.64465E+02  4.42573E-09  1.0E-07
  4.000E-04  1.21847E-11  7.40576E-15  2.64465E+02  4.72077E-09  1.0E-07
  4.250E-04  1.37554E-11  7.40576E-15  2.64465E+02  5.01582E-09  1.0E-07
  4.500E-04  1.54213E-11  7.40576E-15  2.64465E+02  5.31087E-09  1.0E-07
  4.750E-04  1.71823E-11  7.40576E-15  2.64465E+02  5.60592E-09  1.0E-07
  5.000E-04  1.90386E-11  7.40576E-15  2.64465E+02  5.90097E-09  1.0E-07
  5.250E-04  2.09900E-11  7.40576E-15  2.64465E+02  6.19602E-09  1.0E-07
  5.500E-04  2.30367E-11  7.40576E-15  2.64465E+02  6.49106E-09  1.0E-07
  5.750E-04  2.51785E-11  7.40576E-15  2.64465E+02  6.78611E-09  1.0E-07
  6.000E-04  2.74156E-11  7.40576E-15  2.64465E+02  7.08116E-09  1.0E-07
  6.250E-04  2.97478E-11  7.40576E-15  2.64465E+02  7.37621E-09  1.0E-07
  6.500E-04  3.21752E-11  7.40576E-15  2.64465E+02  7.67126E-09  1.0E-07
  6.750E-04  3.46979E-11  7.40576E-15  2.64465E+02  7.96631E-09  1.0E-07
  7.000E-04  3.73157E-11  7.40576E-15  2.64465E+02  8.26136E-09  1.0E-07
  7.250E-04  4.00286E-11  7.40576E-15  2.64465E+02  8.55640E-09  1.0E-07
  7.500E-04  4.28368E-11  7.40576E-15  2.64465E+02  8.85145E-09  1.0E-07
  7.750E-04  4.57402E-11  7.40576E-15  2.64465E+02  9.14650E-09  1.0E-07
  8.000E-04  4.87388E-11  7.40576E-15  2.64465E+02  9.44155E-09  1.0E-07
  8.250E-04  5.18325E-11  7.40576E-15  2.64465E+02  9.73660E-09  1.0E-07
  8.500E-04  5.50215E-11  7.40576E-15  2.64465E+02  1.00316E-08  1.0E-07
  8.750E-04  5.83057E-11  7.40576E-15  2.64465E+02  1.03267E-08  1.0E-07
  9.000E-04  6.16850E-11  7.40576E-15  2.64465E+02  1.06217E-08  1.0E-07
  9.250E-04  6.51595E-11  7.40576E-15  2.64465E+02  1.09168E-08  1.0E-07
  9.500E-04  6.87293E-11  7.40576E-15  2.64465E+02  1.12118E-08  1.0E-07
  9.750E-04  7.23943E-11  7.40576E-15  2.64465E+02  1.15069E-08  1.0E-07
  1.000E-03  7.61544E-11  7.40576E-15  2.64464E+02  1.18019E-08  1.0E-07
  1.250E-03  1.18991E-10  7.40576E-15  2.64464E+02  1.47524E-08  1.0E-07
  1.500E-03  1.71347E-10  7.40576E-15  2.64464E+02  1.77029E-08  1.0E-07
  1.750E-03  2.33223E-10  7.40576E-15  2.64464E+02  2.06534E-08  1.0E-07
  2.000E-03  3.04617E-10  7.40575E-15  2.64464E+02  2.36039E-08  1.0E-07
  2.250E-03  3.85531E-10  7.40575E-15  2.64464E+02  2.65544E-08  1.0E-07
  2.500E-03  4.75965E-10  7.40575E-15  2.64464E+02  2.95049E-08  1.0E-07
  2.750E-03  5.75917E-10  7.40574E-15  2.64464E+02  3.24554E-08  1.0E-07
  3.000E-03  6.85389E-10  7.40574E-15  2.64464E+02  3.54059E-08  1.0E-07
  3.250E-03  8.04380E-10  7.40574E-15  2.64464E+02  3.83564E-08  1.0E-07
  3.500E-03  9.32891E-10  7.40573E-15  2.64464E+02  4.13069E-08  1.0E-07
  3.750E-03  1.07092E-09  7.40573E-15  2.64463E+02  4.42574E-08  1.0E-07
  4.000E-03  1.21847E-09  7.40572E-15  2.64463E+02  4.72079E-08  1.0E-07
  4.250E-03  1.37554E-09  7.40572E-15  2.64463E+02  5.01584E-08  1.0E-07
  4.500E-03  1.54213E-09  7.40571E-15  2.64463E+02  5.31089E-08  1.0E-07
  4.750E-03  1.71823E-09  7.40571E-15  2.64463E+02  5.60594E-08  1.0E-07
  5.000E-03  1.90386E-09  7.40570E-15  2.64462E+02  5.90100E-08  1.0E-07
  5.250E-03  2.09900E-09  7.40569E-15  2.64462E+02  6.19605E-08  1.0E-07
  5.500E-03  2.30367E-09  7.40569E-15  2.64462E+02  6.49110E-08  1.0E-07
  5.750E-03  2.51785E-09  7.40568E-15  2.64462E+02  6.78616E-08  1.0E-07
  6.000E-03  2.74156E-09  7.40567E-15  2.64461E+02  7.08121E-08  1.0E-07
  6.250E-03  2.97478E-09  7.40567E-15  2.64461E+02  7.37627E-08  1.0E-07
  6.500E-03  3.21752E-09  7.40566E-15  2.64461E+02  7.67132E-08  1.0E-07
  6.750E-03  3.46978E-09  7.40565E-15  2.64461E+02  7.96638E-08  1.0E-07
  7.000E-03  3.73156E-09  7.40564E-15  2.64460E+02  8.26143E-08  1.0E-07
  7.250E-03  4.00286E-09  7.40563E-15  2.64460E+02  8.55649E-08  1.0E-07
  7.500E-03  4.28368E-09  7.40562E-15  2.64460E+02  8.85155E-08  1.0E-07
  7.750E-03  4.57402E-09  7.40561E-15  2.64459E+02  9.14661E-08  1.0E-07
  8.000E-03  4.87388E-09  7.40560E-15  2.64459E+02  9.44167E-08  1.0E-07
  8.250E-03  5.18326E-09  7.40559E-15  2.64459E+02  9.73672E-08  1.0E-07
  8.500E-03  5.50215E-09  7.40558E-15  2.64458E+02  1.00318E-07  1.0E-07
  8.750E-03  5.83057E-09  7.40557E-15  2.64458E+02  1.03268E-07  1.0E-07
  9.000E-03  6.16850E-09  7.40556E-15  2.64457E+02  1.06219E-07  1.0E-07
  9.250E-03  6.51596E-09  7.40555E-15  2.64457E+02  1.09170E-07  1.0E-07
  9.500E-03  6.87293E-09  7.40554E-15  2.64457E+02  1.12120E-07  1.0E-07
  9.750E-03  7.23942E-09  7.40553E-15  2.64456E+02  1.15071E-07  1.0E-07
  1.000E-02  7.61544E-09  7.40551E-15  2.64456E+02  1.18022E-07  1.0E-07
  1.250E-02  1.18991E-08  7.40537E-15  2.64451E+02  1.47529E-07  1.0E-07
  1.500E-02  1.71347E-08  7.40520E-15  2.64445E+02  1.77037E-07  1.0E-07
  1.750E-02  2.33223E-08  7.40500E-15  2.64437E+02  2.06546E-07  1.0E-07
  2.000E-02  3.04617E-08  7.40477E-15  2.64429E+02  2.36057E-07  1.0E-07
  2.250E-02  3.85531E-08  7.40451E-15  2.64420E+02  2.65570E-07  1.0E-07
  2.500E-02  4.75965E-08  7.40421E-15  2.64409E+02  2.95084E-07  1.0E-07
  2.750E-02  5.75917E-08  7.40389E-15  2.64398E+02  3.24601E-07  1.0E-07
  3.000E-02  6.85389E-08  7.40353E-15  2.64385E+02  3.54120E-07  1.0E-07
  3.250E-02  8.04380E-08  7.40314E-15  2.64371E+02  3.83641E-07  1.0E-07
  3.500E-02  9.32891E-08  7.40272E-15  2.64356E+02  4.13166E-07  1.0E-07
  3.750E-02  1.07092E-07  7.40227E-15  2.64340E+02  4.42693E-07  1.0E-07
  4.000E-02  1.21847E-07  7.40179E-15  2.64323E+02  4.72223E-07  1.0E-07
  4.250E-02  1.37554E-07  7.40128E-15  2.64305E+02  5.01757E-07  1.0E-07
  4.500E-02  1.54213E-07  7.40074E-15  2.64285E+02  5.31295E-07  1.0E-07
  4.750E-02  1.71823E-07  7.40016E-15  2.64265E+02  5.60837E-07  1.0E-07
  5.000E-02  1.90386E-07  7.39956E-15  2.64243E+02  5.90382E-07  1.0E-07
  5.250E-02  2.09900E-07  7.39892E-15  2.64220E+02  6.19932E-07  1.0E-07
  5.500E-02  2.30367E-07  7.39826E-15  2.64197E+02  6.49486E-07  1.0E-07
  5.750E-02  2.51785E-07  7.39756E-15  2.64172E+02  6.79045E-07  1.0E-07
  6.000E-02  2.74156E-07  7.39683E-15  2.64146E+02  7.08609E-07  1.0E-07
  6.250E-02  2.97478E-07  7.39607E-15  2.64119E+02  7.38178E-07  1.0E-07
  6.500E-02  3.21752E-07  7.39529E-15  2.64090E+02  7.67753E-07  1.0E-07
  6.750E-02  3.46978E-07  7.39447E-15  2.64061E+02  7.97333E-07  1.0E-07
  7.000E-02  3.73156E-07  7.39361E-15  2.64031E+02  8.26918E-07  1.0E-07
  7.250E-02  4.00286E-07  7.39273E-15  2.63999E+02  8.56510E-07  1.0E-07
  7.500E-02  4.28368E-07  7.39182E-15  2.63967E+02  8.86108E-07  1.0E-07
  7.750E-02  4.57402E-07  7.39088E-15  2.63933E+02  9.15712E-07  1.0E-07
  8.000E-02  4.87388E-07  7.38990E-15  2.63898E+02  9.45323E-07  1.0E-07
  8.250E-02  5.18325E-07  7.38890E-15  2.63862E+02  9.74941E-07  1.0E-07
  8.500E-02  5.50215E-07  7.38786E-15  2.63825E+02  1.00457E-06  1.0E-07
  8.750E-02  5.83057E-07  7.38680E-15  2.63787E+02  1.03420E-06  1.0E-07
  9.000E-02  6.16850E-07  7.38570E-15  2.63748E+02  1.06384E-06  1.0E-07
  9.250E-02  6.51596E-07  7.38457E-15  2.63708E+02  1.09349E-06  1.0E-07
  9.500E-02  6.87293E-07  7.38341E-15  2.63666E+02  1.12314E-06  1.0E-07
  9.750E-02  7.23942E-07  7.38222E-15  2.63624E+02  1.15280E-06  1.0E-07
  1.000E-01  7.61543E-07  7.38101E-15  2.63581E+02  1.18248E-06  1.0E-07
  1.250E-01  1.18991E-06  7.36714E-15  2.63085E+02  1.47970E-06  1.0E-07
  1.500E-01  1.71347E-06  7.35026E-15  2.62483E+02  1.77799E-06  1.0E-07
  1.750E-01  2.33223E-06  7.33039E-15  2.61773E+02  2.07756E-06  1.0E-07
  2.000E-01  3.04617E-06  7.30759E-15  2.60959E+02  2.37863E-06  1.0E-07
  2.250E-01  3.85531E-06  7.28188E-15  2.60041E+02  2.68140E-06  1.0E-07
  2.500E-01  4.75964E-06  7.25334E-15  2.59022E+02  2.98610E-06  1.0E-07
  2.750E-01  5.75916E-06  7.22202E-15  2.57903E+02  3.29292E-06  1.0E-07
  3.000E-01  6.85388E-06  7.18798E-15  2.56688E+02  3.60208E-06  1.0E-07
  3.250E-01  8.04378E-06  7.15130E-15  2.55378E+02  3.91379E-06  1.0E-07
  3.500E-01  9.32888E-06  7.11204E-15  2.53976E+02  4.22826E-06  1.0E-07
  3.750E-01  1.07092E-05  7.07029E-15  2.52485E+02  4.54569E-06  1.0E-07
  4.000E-01  1.21846E-05  7.02612E-15  2.50907E+02  4.86630E-06  1.0E-07
  4.250E-01  1.37553E-05  6.97962E-15  2.49247E+02  5.19030E-06  1.0E-07
  4.500E-01  1.54212E-05  6.93088E-15  2.47506E+02  5.51787E-06  1.0E-07
  4.750E-01  1.71822E-05  6.87999E-15  2.45689E+02  5.84924E-06  1.0E-07
  5.000E-01  1.90385E-05  6.82705E-15  2.43798E+02  6.18461E-06  1.0E-07
  5.250E-01  2.09899E-05  6.77214E-15  2.41837E+02  6.52417E-06  1.0E-07
  5.500E-01  2.30365E-05  6.71536E-15  2.39810E+02  6.86813E-06  1.0E-07
  5.750E-01  2.51783E-05  6.65682E-15  2.37719E+02  7.21669E-06  1.0E-07
  6.000E-01  2.74153E-05  6.59660E-15  2.35569E+02  7.57005E-06  1.0E-07
  6.250E-01  2.97475E-05  6.53482E-15  2.33363E+02  7.92840E-06  1.0E-07
  6.500E-01  3.21749E-05  6.47156E-15  2.31104E+02  8.29195E-06  1.0E-07
  6.750E-01  3.46974E-05  6.40693E-15  2.28796E+02  8.66089E-06  1.0E-07
  7.000E-01  3.73152E-05  6.34103E-15  2.26442E+02  9.03540E-06  1.0E-07
  7.250E-01  4.00281E-05  6.27395E-15  2.24047E+02  9.41570E-06  1.0E-07
  7.500E-01  4.28362E-05  6.20579E-15  2.21613E+02  9.80196E-06  1.0E-07
  7.750E-01  4.57395E-05  6.13665E-15  2.19144E+02  1.01944E-05  1.0E-07
  8.000E-01  4.87380E-05  6.06661E-15  2.16643E+02  1.05931E-05  1.0E-07
  8.250E-01  5.18317E-05  5.99578E-15  2.14113E+02  1.09984E-05  1.0E-07
  8.500E-01  5.50205E-05  5.92424E-15  2.11558E+02  1.14105E-05  1.0E-07
  8.750E-01  5.83045E-05  5.85208E-15  2.08982E+02  1.18294E-05  1.0E-07
  9.000E-01  6.16838E-05  5.77939E-15  2.06386E+02  1.22554E-05  1.0E-07
  9.250E-01  6.51582E-05  5.70624E-15  2.03774E+02  1.26887E-05  1.0E-07
  9.500E-01  6.87277E-05  5.63273E-15  2.01148E+02  1.31294E-05  1.0E-07
  9.750E-01  7.23925E-05  5.55892E-15  1.98513E+02  1.35778E-05  1.0E-07
  1.000E+00  7.61524E-05  5.48490E-15  1.95869E+02  1.40340E-05  1.0E-07
  1.100E+00  9.21439E-05  5.18807E-15  1.85269E+02  1.59404E-05  1.0E-07
  1.200E+00  1.09658E-04  4.89308E-15  1.74735E+02  1.79858E-05  1.0E-07
  1.300E+00  1.28695E-04  4.60337E-15  1.64389E+02  2.01812E-05  1.0E-07
  1.400E+00  1.49255E-04  4.32165E-15  1.54329E+02  2.25373E-05  1.0E-07
  1.500E+00  1.71338E-04  4.04999E-15  1.44628E+02  2.50645E-05  1.0E-07
  1.600E+00  1.94942E-04  3.78986E-15  1.35338E+02  2.77733E-05  1.0E-07
  1.700E+00  2.20070E-04  3.54222E-15  1.26495E+02  3.06736E-05  1.0E-07
  1.800E+00  2.46720E-04  3.30763E-15  1.18118E+02  3.37756E-05  1.0E-07
  1.900E+00  2.74892E-04  3.08632E-15  1.10214E+02  3.70892E-05  1.0E-07
  2.000E+00  3.04586E-04  2.87823E-15  1.02784E+02  4.06242E-05  1.0E-07
  2.100E+00  3.35803E-04  2.68315E-15  9.58169E+01  4.43903E-05  1.0E-07
  2.200E+00  3.68542E-04  2.50067E-15  8.93006E+01  4.83973E-05  1.0E-07
  2.300E+00  4.02802E-04  2.33032E-15  8.32173E+01  5.26544E-05  1.0E-07
  2.400E+00  4.38585E-04  2.17154E-15  7.75471E+01  5.71710E-05  1.0E-07
  2.500E+00  4.75889E-04  2.02373E-15  7.22688E+01  6.19561E-05  1.0E-07
  2.600E+00  5.14715E-04  1.88628E-15  6.73603E+01  6.70185E-05  1.0E-07
  2.700E+00  5.55063E-04  1.75856E-15  6.27994E+01  7.23667E-05  1.0E-07
  2.800E+00  5.96931E-04  1.63997E-15  5.85644E+01  7.80087E-05  1.0E-07
  2.900E+00  6.40321E-04  1.52990E-15  5.46337E+01  8.39523E-05  1.0E-07
  3.000E+00  6.85233E-04  1.42778E-15  5.09870E+01  9.02045E-05  1.0E-07
  3.100E+00  7.31665E-04  1.33306E-15  4.76044E+01  9.67719E-05  1.0E-07
  3.200E+00  7.79618E-04  1.24522E-15  4.44675E+01  1.03660E-04  1.0E-07
  3.300E+00  8.29092E-04  1.16376E-15  4.15585E+01  1.10875E-04  1.0E-07
  3.400E+00  8.80086E-04  1.08822E-15  3.88609E+01  1.18420E-04  1.0E-07
  3.500E+00  9.32601E-04  1.01816E-15  3.63593E+01  1.26300E-04  1.0E-07
  3.600E+00  9.86636E-04  9.53191E-16  3.40391E+01  1.34516E-04  1.0E-07
  3.700E+00  1.04219E-03  8.92921E-16  3.18868E+01  1.43070E-04  1.0E-07
  3.800E+00  1.09927E-03  8.37001E-16  2.98899E+01  1.51962E-04  1.0E-07
  3.900E+00  1.15786E-03  7.85105E-16  2.80366E+01  1.61193E-04  1.0E-07
  4.000E+00  1.21797E-03  7.36929E-16  2.63162E+01  1.70759E-04  1.0E-07
  4.100E+00  1.27961E-03  6.92194E-16  2.47187E+01  1.80658E-04  1.0E-07
  4.200E+00  1.34276E-03  6.50638E-16  2.32347E+01  1.90886E-04  1.0E-07
  4.300E+00  1.40743E-03  6.12021E-16  2.18556E+01  2.01437E-04  1.0E-07
  4.400E+00  1.47362E-03  5.76120E-16  2.05736E+01  2.12305E-04  1.0E-07
  4.500E+00  1.54133E-03  5.42731E-16  1.93813E+01  2.23480E-04  1.0E-07
  4.600E+00  1.61056E-03  5.11663E-16  1.82718E+01  2.34954E-04  1.0E-07
  4.700E+00  1.68131E-03  4.82741E-16  1.72390E+01  2.46716E-04  1.0E-07
  4.800E+00  1.75357E-03  4.55803E-16  1.62770E+01  2.58755E-04  1.0E-07
  4.900E+00  1.82735E-03  4.30700E-16  1.53806E+01  2.71057E-04  1.0E-07
  5.000E+00  1.90265E-03  4.07293E-16  1.45447E+01  2.83609E-04  1.0E-07
  5.100E+00  1.97947E-03  3.85457E-16  1.37649E+01  2.96394E-04  1.0E-07
  5.200E+00  2.05780E-03  3.65073E-16  1.30370E+01  3.09398E-04  1.0E-07
  5.300E+00  2.13765E-03  3.46033E-16  1.23571E+01  3.22603E-04  1.0E-07
  5.400E+00  2.21902E-03  3.28238E-16  1.17216E+01  3.35991E-04  1.0E-07
  5.500E+00  2.30190E-03  3.11595E-16  1.11273E+01  3.49544E-04  1.0E-07
  5.600E+00  2.38630E-03  2.96020E-16  1.05711E+01  3.63242E-04  1.0E-07
  5.700E+00  2.47222E-03  2.81433E-16  1.00502E+01  3.77066E-04  1.0E-07
  5.800E+00  2.55965E-03  2.67764E-16  9.56203E+00  3.90996E-04  1.0E-07
  5.900E+00  2.64859E-03  2.54945E-16  9.10426E+00  4.05011E-04  1.0E-07
  6.000E+00  2.73905E-03  2.42915E-16  8.67465E+00  4.19090E-04  1.0E-07
  6.100E+00  2.83103E-03  2.31617E-16  8.27118E+00  4.33212E-04  1.0E-07
  6.200E+00  2.92452E-03  2.20998E-16  7.89199E+00  4.47356E-04  1.0E-07
  6.300E+00  3.01952E-03  2.11011E-16  7.53535E+00  4.61500E-04  1.0E-07
  6.400E+00  3.11604E-03  2.01611E-16  7.19966E+00  4.75623E-04  1.0E-07
  6.500E+00  3.21407E-03  1.92757E-16  6.88346E+00  4.89703E-04  1.0E-07
  6.600E+00  3.31362E-03  1.84410E-16  6.58539E+00  5.03720E-04  1.0E-07
  6.700E+00  3.41468E-03  1.76536E-16  6.30420E+00  5.17652E-04  1.0E-07
  6.800E+00  3.51725E-03  1.69102E-16  6.03873E+00  5.31478E-04  1.0E-07
  6.900E+00  3.62133E-03  1.62078E-16  5.78791E+00  5.45178E-04  1.0E-07
  7.000E+00  3.72692E-03  1.55437E-16  5.55075E+00  5.58730E-04  1.0E-07
  7.100E+00  3.83403E-03  1.49153E-16  5.32634E+00  5.72115E-04  1.0E-07
  7.200E+00  3.94265E-03  1.43202E-16  5.11383E+00  5.85311E-04  1.0E-07
  7.300E+00  4.05278E-03  1.37563E-16  4.91245E+00  5.98300E-04  1.0E-07
  7.400E+00  4.16442E-03  1.32215E-16  4.72147E+00  6.11061E-04  1.0E-07
  7.500E+00  4.27757E-03  1.27139E-16  4.54023E+00  6.23574E-04  1.0E-07
  7.600E+00  4.39223E-03  1.22319E-16  4.36810E+00  6.35820E-04  1.0E-07
  7.700E+00  4.50840E-03  1.17738E-16  4.20451E+00  6.47780E-04  1.0E-07
  7.800E+00  4.62608E-03  1.13382E-16  4.04893E+00  6.59434E-04  1.0E-07
  7.900E+00  4.74527E-03  1.09235E-16  3.90087E+00  6.70764E-04  1.0E-07
  8.000E+00  4.86597E-03  1.05287E-16  3.75986E+00  6.81749E-04  1.0E-07
  8.100E+00  4.98817E-03  1.01524E-16  3.62550E+00  6.92372E-04  1.0E-07
  8.200E+00  5.11188E-03  9.79365E-17  3.49738E+00  7.02613E-04  1.0E-07
  8.300E+00  5.23711E-03  9.45133E-17  3.37513E+00  7.12453E-04  1.0E-07
  8.400E+00  5.36383E-03  9.12451E-17  3.25842E+00  7.21873E-04  1.0E-07
  8.500E+00  5.49207E-03  8.81231E-17  3.14693E+00  7.30853E-04  1.0E-07
  8.600E+00  5.62181E-03  8.51392E-17  3.04037E+00  7.39375E-04  1.0E-07
  8.700E+00  5.75306E-03  8.22855E-17  2.93847E+00  7.47419E-04  1.0E-07
  8.800E+00  5.88581E-03  7.95549E-17  2.84096E+00  7.54967E-04  1.0E-07
  8.900E+00  6.02007E-03  7.69409E-17  2.74761E+00  7.61997E-04  1.0E-07
  9.000E+00  6.15583E-03  7.44371E-17  2.65820E+00  7.68490E-04  1.0E-07
  9.100E+00  6.29310E-03  7.20378E-17  2.57252E+00  7.74427E-04  1.0E-07
  9.200E+00  6.43187E-03  6.97375E-17  2.49037E+00  7.79788E-04  1.0E-07
  9.300E+00  6.57214E-03  6.75312E-17  2.41158E+00  7.84552E-04  1.0E-07
  9.400E+00  6.71392E-03  6.54140E-17  2.33598E+00  7.88699E-04  1.0E-07
  9.500E+00  6.85720E-03  6.33816E-17  2.26340E+00  7.92207E-04  1.0E-07
  9.600E+00  7.00198E-03  6.14297E-17  2.19370E+00  7.95058E-04  1.0E-07
  9.700E+00  7.14827E-03  5.95545E-17  2.12673E+00  7.97229E-04  1.0E-07
  9.800E+00  7.29605E-03  5.77522E-17  2.06237E+00  7.98701E-04  1.0E-07
  9.900E+00  7.44534E-03  5.60195E-17  2.00049E+00  7.99451E-04  1.0E-07
  1.000E+01  7.59612E-03  5.43529E-17  1.94098E+00  7.99458E-04  1.0E-07
  1.025E+01  7.97965E-03  5.04567E-17  1.80184E+00  7.96091E-04  1.0E-07
  1.050E+01  8.37255E-03  4.69125E-17  1.67528E+00  7.87620E-04  1.0E-07
  1.075E+01  8.77480E-03  4.36828E-17  1.55994E+00  7.73716E-04  1.0E-07
  1.100E+01  9.18641E-03  4.07348E-17  1.45467E+00  7.54056E-04  1.0E-07
  1.125E+01  9.60736E-03  3.80400E-17  1.35843E+00  7.28325E-04  1.0E-07
  1.150E+01  1.00376E-02  3.55731E-17  1.27034E+00  6.96221E-04  1.0E-07
  1.175E+01  1.04773E-02  3.33120E-17  1.18959E+00  6.57463E-04  1.0E-07
  1.200E+01  1.09262E-02  3.12368E-17  1.11549E+00  6.11790E-04  1.0E-07
  1.225E+01  1.13844E-02  2.93301E-17  1.04740E+00  5.58966E-04  1.0E-07
  1.250E+01  1.18520E-02  2.75761E-17  9.84760E-01  4.98788E-04  1.0E-07
  1.275E+01  1.23288E-02  2.59607E-17  9.27074E-01  4.31085E-04  1.0E-07
  1.300E+01  1.28150E-02  2.44714E-17  8.73888E-01  3.55720E-04  1.0E-07
  1.325E+01  1.33104E-02  2.30967E-17  8.24797E-01  2.72599E-04  1.0E-07
  1.350E+01  1.38150E-02  2.18263E-17  7.79433E-01  1.81662E-04  1.0E-07
  1.375E+01  1.43290E-02  2.06511E-17  7.37466E-01  8.28943E-05  1.0E-07
  1.400E+01  1.48521E-02  1.95627E-17  6.98596E-01 -2.36811E-05  1.0E-07
  1.425E+01  1.53845E-02  1.85534E-17  6.62553E-01 -1.38000E-04  1.0E-07
  1.450E+01  1.59262E-02  1.76163E-17  6.29090E-01 -2.59961E-04  1.0E-07
  1.475E+01  1.64770E-02  1.67453E-17  5.97984E-01 -3.89422E-04  1.0E-07
  1.500E+01  1.70371E-02  1.59345E-17  5.69033E-01 -5.26211E-04  1.0E-07
  1.525E+01  1.76063E-02  1.51790E-17  5.42053E-01 -6.70120E-04  1.0E-07
  1.550E+01  1.81848E-02  1.44741E-17  5.16878E-01 -8.20913E-04  1.0E-07
  1.575E+01  1.87724E-02  1.38154E-17  4.93355E-01 -9.78327E-04  1.0E-07
  1.600E+01  1.93692E-02  1.31991E-17  4.71348E-01 -1.14207E-03  1.0E-07
  1.625E+01  1.99751E-02  1.26217E-17  4.50730E-01 -1.31185E-03  1.0E-07
  1.650E+01  2.05901E-02  1.20801E-17  4.31389E-01 -1.48733E-03  1.0E-07
  1.675E+01  2.12143E-02  1.15713E-17  4.13220E-01 -1.66817E-03  1.0E-07
  1.700E+01  2.18476E-02  1.10928E-17  3.96130E-01 -1.85402E-03  1.0E-07
  1.725E+01  2.24900E-02  1.06420E-17  3.80034E-01 -2.04453E-03  1.0E-07
  1.750E+01  2.31415E-02  1.02169E-17  3.64854E-01 -2.23931E-03  1.0E-07
  1.775E+01  2.38021E-02  9.81553E-18  3.50519E-01 -2.43799E-03  1.0E-07
  1.800E+01  2.44717E-02  9.43599E-18  3.36965E-01 -2.64020E-03  1.0E-07
  1.825E+01  2.51504E-02  9.07670E-18  3.24135E-01 -2.84554E-03  1.0E-07
  1.850E+01  2.58382E-02  8.73616E-18  3.11974E-01 -3.05363E-03  1.0E-07
  1.875E+01  2.65349E-02  8.41303E-18  3.00435E-01 -3.26408E-03  1.0E-07
  1.900E+01  2.72407E-02  8.10608E-18  2.89473E-01 -3.47648E-03  1.0E-07
  1.925E+01  2.79555E-02  7.81417E-18  2.79049E-01 -3.69046E-03  1.0E-07
  1.950E+01  2.86793E-02  7.53630E-18  2.69126E-01 -3.90560E-03  1.0E-07
  1.975E+01  2.94120E-02  7.27152E-18  2.59671E-01 -4.12152E-03  1.0E-07
  2.000E+01  3.01537E-02  7.01898E-18  2.50652E-01 -4.33780E-03  1.0E-07
  2.025E+01  3.09043E-02  6.77790E-18  2.42043E-01 -4.55404E-03  1.0E-07
  2.050E+01  3.16639E-02  6.54757E-18  2.33818E-01 -4.76984E-03  1.0E-07
  2.075E+01  3.24324E-02  6.32734E-18  2.25953E-01 -4.98479E-03  1.0E-07
  2.100E+01  3.32098E-02  6.11660E-18  2.18428E-01 -5.19846E-03  1.0E-07
  2.125E+01  3.39961E-02  5.91481E-18  2.11222E-01 -5.41045E-03  1.0E-07
  2.150E+01  3.47912E-02  5.72145E-18  2.04317E-01 -5.62033E-03  1.0E-07
  2.175E+01  3.55952E-02  5.53607E-18  1.97697E-01 -5.82766E-03  1.0E-07
  2.200E+01  3.64081E-02  5.35823E-18  1.91346E-01 -6.03203E-03  1.0E-07
  2.225E+01  3.72297E-02  5.18753E-18  1.85250E-01 -6.23299E-03  1.0E-07
  2.250E+01  3.80602E-02  5.02361E-18  1.79396E-01 -6.43010E-03  1.0E-07
  2.275E+01  3.88995E-02  4.86612E-18  1.73772E-01 -6.62291E-03  1.0E-07
  2.300E+01  3.97476E-02  4.71474E-18  1.68366E-01 -6.81097E-03  1.0E-07
  2.325E+01  4.06044E-02  4.56918E-18  1.63168E-01 -6.99382E-03  1.0E-07
  2.350E+01  4.14700E-02  4.42916E-18  1.58168E-01 -7.17101E-03  1.0E-07
  2.375E+01  4.23443E-02  4.29442E-18  1.53357E-01 -7.34206E-03  1.0E-07
  2.400E+01  4.32273E-02  4.16472E-18  1.48725E-01 -7.50650E-03  1.0E-07
  2.425E+01  4.41190E-02  4.03984E-18  1.44265E-01 -7.66387E-03  1.0E-07
  2.450E+01  4.50194E-02  3.91956E-18  1.39970E-01 -7.81369E-03  1.0E-07
  2.475E+01  4.59284E-02  3.80367E-18  1.35832E-01 -7.95548E-03  1.0E-07
  2.500E+01  4.68461E-02  3.69200E-18  1.31844E-01 -8.08877E-03  1.0E-07
  2.550E+01  4.87074E-02  3.48057E-18  1.24293E-01 -8.32789E-03  1.0E-07
  2.600E+01  5.06030E-02  3.28395E-18  1.17272E-01 -8.52724E-03  1.0E-07
  2.650E+01  5.25328E-02  3.10095E-18  1.10737E-01 -8.68302E-03  1.0E-07
  2.700E+01  5.44967E-02  2.93049E-18  1.04650E-01 -8.79148E-03  1.0E-07
  2.750E+01  5.64946E-02  2.77161E-18  9.89760E-02 -8.84895E-03  1.0E-07
  2.800E+01  5.85262E-02  2.62340E-18  9.36834E-02 -8.85189E-03  1.0E-07
  2.850E+01  6.05914E-02  2.48506E-18  8.87431E-02 -8.79690E-03  1.0E-07
  2.900E+01  6.26901E-02  2.35584E-18  8.41285E-02 -8.68070E-03  1.0E-07
  2.950E+01  6.48222E-02  2.23505E-18  7.98151E-02 -8.50025E-03  1.0E-07
  3.000E+01  6.69873E-02  2.12207E-18  7.57804E-02 -8.25269E-03  1.0E-07
  3.050E+01  6.91854E-02  2.01631E-18  7.20038E-02 -7.93539E-03  1.0E-07
  3.100E+01  7.14163E-02  1.91725E-18  6.84662E-02 -7.54594E-03  1.0E-07
  3.150E+01  7.36799E-02  1.82439E-18  6.51502E-02 -7.08221E-03  1.0E-07
  3.200E+01  7.59760E-02  1.73728E-18  6.20396E-02 -6.54233E-03  1.0E-07
  3.250E+01  7.83043E-02  1.65551E-18  5.91194E-02 -5.92466E-03  1.0E-07
  3.300E+01  8.06647E-02  1.57869E-18  5.63761E-02 -5.22789E-03  1.0E-07
  3.350E+01  8.30571E-02  1.50647E-18  5.37969E-02 -4.45092E-03  1.0E-07
  3.400E+01  8.54812E-02  1.43851E-18  5.13702E-02 -3.59299E-03  1.0E-07
  3.450E+01  8.79369E-02  1.37453E-18  4.90852E-02 -2.65355E-03  1.0E-07
  3.500E+01  9.04240E-02  1.31423E-18  4.69321E-02 -1.63237E-03  1.0E-07
  3.550E+01  9.29422E-02  1.25737E-18  4.49016E-02 -5.29466E-04  1.0E-07
  3.600E+01  9.54915E-02  1.20371E-18  4.29854E-02  6.54889E-04  1.0E-07
  3.650E+01  9.80716E-02  1.15304E-18  4.11758E-02  1.92015E-03  1.0E-07
  3.700E+01  1.00682E-01  1.10514E-18  3.94654E-02  3.26554E-03  1.0E-07
  3.750E+01  1.03323E-01  1.05985E-18  3.78478E-02  4.69000E-03  1.0E-07
  3.800E+01  1.05995E-01  1.01697E-18  3.63168E-02  6.19228E-03  1.0E-07
  3.850E+01  1.08696E-01  9.76367E-19  3.48667E-02  7.77084E-03  1.0E-07
  3.900E+01  1.11427E-01  9.37883E-19  3.34924E-02  9.42396E-03  1.0E-07
  3.950E+01  1.14188E-01  9.01385E-19  3.21890E-02  1.11497E-02  1.0E-07
  4.000E+01  1.16978E-01  8.66748E-19  3.09521E-02  1.29458E-02  1.0E-07
  4.050E+01  1.19797E-01  8.33857E-19  2.97776E-02  1.48099E-02  1.0E-07
  4.100E+01  1.22645E-01  8.02604E-19  2.86615E-02  1.67394E-02  1.0E-07
  4.150E+01  1.25522E-01  7.72890E-19  2.76004E-02  1.87315E-02  1.0E-07
  4.200E+01  1.28428E-01  7.44622E-19  2.65909E-02  2.07833E-02  1.0E-07
  4.250E+01  1.31361E-01  7.17716E-19  2.56301E-02  2.28914E-02  1.0E-07
  4.300E+01  1.34323E-01  6.92091E-19  2.47150E-02  2.50525E-02  1.0E-07
  4.350E+01  1.37313E-01  6.67674E-19  2.38431E-02  2.72632E-02  1.0E-07
  4.400E+01  1.40330E-01  6.44395E-19  2.30118E-02  2.95195E-02  1.0E-07
  4.450E+01  1.43375E-01  6.22190E-19  2.22188E-02  3.18177E-02  1.0E-07
  4.500E+01  1.46447E-01  6.01000E-19  2.14621E-02  3.41537E-02  1.0E-07
  4.550E+01  1.49545E-01  5.80768E-19  2.07396E-02  3.65232E-02  1.0E-07
  4.600E+01  1.52671E-01  5.61441E-19  2.00494E-02  3.89219E-02  1.0E-07
  4.650E+01  1.55823E-01  5.42972E-19  1.93899E-02  4.13453E-02  1.0E-07
  4.700E+01  1.59001E-01  5.25314E-19  1.87593E-02  4.37887E-02  1.0E-07
  4.750E+01  1.62205E-01  5.08424E-19  1.81562E-02  4.62474E-02  1.0E-07
  4.800E+01  1.65435E-01  4.92263E-19  1.75790E-02  4.87165E-02  1.0E-07
  4.850E+01  1.68690E-01  4.76792E-19  1.70266E-02  5.11910E-02  1.0E-07
  4.900E+01  1.71970E-01  4.61977E-19  1.64975E-02  5.36658E-02  1.0E-07
  4.950E+01  1.75276E-01  4.47783E-19  1.59906E-02  5.61357E-02  1.0E-07
  5.000E+01  1.78606E-01  4.34181E-19  1.55049E-02  5.85954E-02  1.0E-07
  5.050E+01  1.81961E-01  4.21139E-19  1.50392E-02  6.10397E-02  1.0E-07
  5.100E+01  1.85340E-01  4.08632E-19  1.45925E-02  6.34631E-02  1.0E-07
  5.150E+01  1.88743E-01  3.96632E-19  1.41640E-02  6.58601E-02  1.0E-07
  5.200E+01  1.92169E-01  3.85115E-19  1.37527E-02  6.82253E-02  1.0E-07
  5.250E+01  1.95619E-01  3.74057E-19  1.33578E-02  7.05531E-02  1.0E-07
  5.300E+01  1.99092E-01  3.63438E-19  1.29786E-02  7.28380E-02  1.0E-07
  5.350E+01  2.02589E-01  3.53236E-19  1.26143E-02  7.50745E-02  1.0E-07
  5.400E+01  2.06107E-01  3.43432E-19  1.22642E-02  7.72570E-02  1.0E-07
  5.450E+01  2.09649E-01  3.34007E-19  1.19276E-02  7.93799E-02  1.0E-07
  5.500E+01  2.13212E-01  3.24945E-19  1.16040E-02  8.14377E-02  1.0E-07
  5.550E+01  2.16797E-01  3.16227E-19  1.12927E-02  8.34251E-02  1.0E-07
  5.600E+01  2.20404E-01  3.07840E-19  1.09932E-02  8.53365E-02  1.0E-07
  5.650E+01  2.24032E-01  2.99767E-19  1.07049E-02  8.71665E-02  1.0E-07
  5.700E+01  2.27680E-01  2.91996E-19  1.04274E-02  8.89100E-02  1.0E-07
  5.750E+01  2.31350E-01  2.84512E-19  1.01601E-02  9.05616E-02  1.0E-07
  5.800E+01  2.35040E-01  2.77303E-19  9.90269E-03  9.21162E-02  1.0E-07
  5.850E+01  2.38751E-01  2.70358E-19  9.65466E-03  9.35688E-02  1.0E-07
  5.900E+01  2.42481E-01  2.63665E-19  9.41564E-03  9.49145E-02  1.0E-07
  5.950E+01  2.46231E-01  2.57212E-19  9.18522E-03  9.61486E-02  1.0E-07
  6.000E+01  2.50000E-01  2.50991E-19  8.96305E-03  9.72662E-02  1.0E-07
  6.050E+01  2.53788E-01  2.44991E-19  8.74878E-03  9.82631E-02  1.0E-07
  6.100E+01  2.57595E-01  2.39203E-19  8.54209E-03  9.91347E-02  1.0E-07
  6.150E+01  2.61421E-01  2.33618E-19  8.34265E-03  9.98769E-02  1.0E-07
  6.200E+01  2.65264E-01  2.28228E-19  8.15017E-03  1.00486E-01  1.0E-07
  6.250E+01  2.69126E-01  2.23025E-19  7.96437E-03  1.00957E-01  1.0E-07
  6.300E+01  2.73005E-01  2.18002E-19  7.78498E-03  1.01288E-01  1.0E-07
  6.350E+01  2.76901E-01  2.13151E-19  7.61175E-03  1.01474E-01  1.0E-07
  6.400E+01  2.80814E-01  2.08465E-19  7.44442E-03  1.01512E-01  1.0E-07
  6.450E+01  2.84744E-01  2.03938E-19  7.28277E-03  1.01400E-01  1.0E-07
  6.500E+01  2.88691E-01  1.99564E-19  7.12658E-03  1.01134E-01  1.0E-07
  6.550E+01  2.92653E-01  1.95338E-19  6.97563E-03  1.00713E-01  1.0E-07
  6.600E+01  2.96632E-01  1.91252E-19  6.82973E-03  1.00133E-01  1.0E-07
  6.650E+01  3.00625E-01  1.87302E-19  6.68868E-03  9.93918E-02  1.0E-07
  6.700E+01  3.04634E-01  1.83483E-19  6.55230E-03  9.84887E-02  1.0E-07
  6.750E+01  3.08658E-01  1.79790E-19  6.42041E-03  9.74216E-02  1.0E-07
  6.800E+01  3.12697E-01  1.76218E-19  6.29286E-03  9.61891E-02  1.0E-07
  6.850E+01  3.16749E-01  1.72763E-19  6.16947E-03  9.47902E-02  1.0E-07
  6.900E+01  3.20816E-01  1.69420E-19  6.05011E-03  9.32240E-02  1.0E-07
  6.950E+01  3.24896E-01  1.66186E-19  5.93462E-03  9.14899E-02  1.0E-07
  7.000E+01  3.28990E-01  1.63057E-19  5.82286E-03  8.95876E-02  1.0E-07
  7.050E+01  3.33097E-01  1.60028E-19  5.71471E-03  8.75172E-02  1.0E-07
  7.100E+01  3.37216E-01  1.57097E-19  5.61004E-03  8.52789E-02  1.0E-07
  7.150E+01  3.41348E-01  1.54260E-19  5.50872E-03  8.28732E-02  1.0E-07
  7.200E+01  3.45492E-01  1.51513E-19  5.41064E-03  8.03009E-02  1.0E-07
  7.250E+01  3.49647E-01  1.48854E-19  5.31568E-03  7.75632E-02  1.0E-07
  7.300E+01  3.53814E-01  1.46280E-19  5.22376E-03  7.46614E-02  1.0E-07
  7.350E+01  3.57992E-01  1.43788E-19  5.13475E-03  7.15972E-02  1.0E-07
  7.400E+01  3.62181E-01  1.41374E-19  5.04856E-03  6.83724E-02  1.0E-07
  7.450E+01  3.66381E-01  1.39037E-19  4.96511E-03  6.49893E-02  1.0E-07
  7.500E+01  3.70590E-01  1.36774E-19  4.88429E-03  6.14504E-02  1.0E-07
  7.550E+01  3.74810E-01  1.34582E-19  4.80603E-03  5.77583E-02  1.0E-07
  7.600E+01  3.79039E-01  1.32460E-19  4.73024E-03  5.39160E-02  1.0E-07
  7.650E+01  3.83277E-01  1.30405E-19  4.65684E-03  4.99269E-02  1.0E-07
  7.700E+01  3.87524E-01  1.28414E-19  4.58576E-03  4.57943E-02  1.0E-07
  7.750E+01  3.91780E-01  1.26487E-19  4.51692E-03  4.15222E-02  1.0E-07
  7.800E+01  3.96044E-01  1.24620E-19  4.45026E-03  3.71144E-02  1.0E-07
  7.850E+01  4.00316E-01  1.22812E-19  4.38570E-03  3.25751E-02  1.0E-07
  7.900E+01  4.04596E-01  1.21062E-19  4.32319E-03  2.79089E-02  1.0E-07
  7.950E+01  4.08882E-01  1.19366E-19  4.26265E-03  2.31203E-02  1.0E-07
  8.000E+01  4.13176E-01  1.17725E-19  4.20403E-03  1.82142E-02  1.0E-07
  8.050E+01  4.17476E-01  1.16135E-19  4.14727E-03  1.31958E-02  1.0E-07
  8.100E+01  4.21783E-01  1.14597E-19  4.09232E-03  8.07018E-03  1.0E-07
  8.150E+01  4.26095E-01  1.13107E-19  4.03912E-03  2.84284E-03  1.0E-07
  8.200E+01  4.30413E-01  1.11665E-19  3.98762E-03 -2.48064E-03  1.0E-07
  8.250E+01  4.34737E-01  1.10269E-19  3.93777E-03 -7.89453E-03  1.0E-07
  8.300E+01  4.39065E-01  1.08918E-19  3.88952E-03 -1.33930E-02  1.0E-07
  8.350E+01  4.43398E-01  1.07610E-19  3.84283E-03 -1.89699E-02  1.0E-07
  8.400E+01  4.47736E-01  1.06345E-19  3.79765E-03 -2.46192E-02  1.0E-07
  8.450E+01  4.52077E-01  1.05121E-19  3.75394E-03 -3.03348E-02  1.0E-07
  8.500E+01  4.56422E-01  1.03937E-19  3.71165E-03 -3.61102E-02  1.0E-07
  8.550E+01  4.60770E-01  1.02791E-19  3.67075E-03 -4.19390E-02  1.0E-07
  8.600E+01  4.65122E-01  1.01684E-19  3.63120E-03 -4.78149E-02  1.0E-07
  8.650E+01  4.69476E-01  1.00613E-19  3.59295E-03 -5.37314E-02  1.0E-07
  8.700E+01  4.73832E-01  9.95776E-20  3.55598E-03 -5.96819E-02  1.0E-07
  8.750E+01  4.78190E-01  9.85770E-20  3.52025E-03 -6.56599E-02  1.0E-07
  8.800E+01  4.82550E-01  9.76101E-20  3.48572E-03 -7.16588E-02  1.0E-07
  8.850E+01  4.86912E-01  9.66760E-20  3.45236E-03 -7.76721E-02  1.0E-07
  8.900E+01  4.91274E-01  9.57738E-20  3.42014E-03 -8.36934E-02  1.0E-07
  8.950E+01  4.95637E-01  9.49025E-20  3.38903E-03 -8.97160E-02  1.0E-07
  9.000E+01  5.00000E-01  9.40615E-20  3.35900E-03 -9.57337E-02  1.0E-07
  9.050E+01  5.04363E-01  9.32498E-20  3.33001E-03 -1.01740E-01  1.0E-07
  9.100E+01  5.08726E-01  9.24667E-20  3.30205E-03 -1.07729E-01  1.0E-07
  9.150E+01  5.13088E-01  9.17115E-20  3.27508E-03 -1.13694E-01  1.0E-07
  9.200E+01  5.17450E-01  9.09832E-20  3.24907E-03 -1.19628E-01  1.0E-07
  9.250E+01  5.21810E-01  9.02814E-20  3.22401E-03 -1.25528E-01  1.0E-07
  9.300E+01  5.26168E-01  8.96051E-20  3.19986E-03 -1.31385E-01  1.0E-07
  9.350E+01  5.30524E-01  8.89539E-20  3.17660E-03 -1.37195E-01  1.0E-07
  9.400E+01  5.34878E-01  8.83269E-20  3.15421E-03 -1.42951E-01  1.0E-07
  9.450E+01  5.39230E-01  8.77236E-20  3.13267E-03 -1.48650E-01  1.0E-07
  9.500E+01  5.43578E-01  8.71433E-20  3.11194E-03 -1.54284E-01  1.0E-07
  9.550E+01  5.47923E-01  8.65855E-20  3.09202E-03 -1.59850E-01  1.0E-07
  9.600E+01  5.52264E-01  8.60494E-20  3.07288E-03 -1.65342E-01  1.0E-07
  9.650E+01  5.56602E-01  8.55347E-20  3.05450E-03 -1.70756E-01  1.0E-07
  9.700E+01  5.60935E-01  8.50406E-20  3.03686E-03 -1.76086E-01  1.0E-07
  9.750E+01  5.65263E-01  8.45667E-20  3.01993E-03 -1.81329E-01  1.0E-07
  9.800E+01  5.69587E-01  8.41124E-20  3.00371E-03 -1.86481E-01  1.0E-07
  9.850E+01  5.73905E-01  8.36773E-20  2.98817E-03 -1.91537E-01  1.0E-07
  9.900E+01  5.78217E-01  8.32607E-20  2.97329E-03 -1.96495E-01  1.0E-07
  9.950E+01  5.82524E-01  8.28623E-20  2.95907E-03 -2.01349E-01  1.0E-07
  1.000E+02  5.86824E-01  8.24815E-20  2.94547E-03 -2.06097E-01  1.0E-07
  1.005E+02  5.91118E-01  8.21178E-20  2.93248E-03 -2.10736E-01  1.0E-07
  1.010E+02  5.95404E-01  8.17709E-20  2.92009E-03 -2.15264E-01  1.0E-07
  1.015E+02  5.99684E-01  8.14403E-20  2.90829E-03 -2.19676E-01  1.0E-07
  1.020E+02  6.03956E-01  8.11255E-20  2.89705E-03 -2.23972E-01  1.0E-07
  1.025E+02  6.08220E-01  8.08262E-20  2.88635E-03 -2.28148E-01  1.0E-07
  1.030E+02  6.12476E-01  8.05418E-20  2.87620E-03 -2.32202E-01  1.0E-07
  1.035E+02  6.16723E-01  8.02721E-20  2.86657E-03 -2.36133E-01  1.0E-07
  1.040E+02  6.20961E-01  8.00166E-20  2.85745E-03 -2.39940E-01  1.0E-07
  1.045E+02  6.25190E-01  7.97750E-20  2.84882E-03 -2.43619E-01  1.0E-07
  1.050E+02  6.29410E-01  7.95468E-20  2.84067E-03 -2.47172E-01  1.0E-07
  1.055E+02  6.33619E-01  7.93317E-20  2.83299E-03 -2.50595E-01  1.0E-07
  1.060E+02  6.37819E-01  7.91294E-20  2.82576E-03 -2.53890E-01  1.0E-07
  1.065E+02  6.42008E-01  7.89395E-20  2.81898E-03 -2.57054E-01  1.0E-07
  1.070E+02  6.46186E-01  7.87616E-20  2.81263E-03 -2.60087E-01  1.0E-07
  1.075E+02  6.50353E-01  7.85955E-20  2.80670E-03 -2.62990E-01  1.0E-07
  1.080E+02  6.54508E-01  7.84408E-20  2.80117E-03 -2.65761E-01  1.0E-07
  1.085E+02  6.58652E-01  7.82972E-20  2.79604E-03 -2.68401E-01  1.0E-07
  1.090E+02  6.62784E-01  7.81643E-20  2.79130E-03 -2.70910E-01  1.0E-07
  1.095E+02  6.66903E-01  7.80420E-20  2.78693E-03 -2.73289E-01  1.0E-07
  1.100E+02  6.71010E-01  7.79298E-20  2.78293E-03 -2.75538E-01  1.0E-07
  1.105E+02  6.75104E-01  7.78276E-20  2.77927E-03 -2.77657E-01  1.0E-07
  1.110E+02  6.79184E-01  7.77349E-20  2.77597E-03 -2.79647E-01  1.0E-07
  1.115E+02  6.83251E-01  7.76516E-20  2.77299E-03 -2.81509E-01  1.0E-07
  1.120E+02  6.87303E-01  7.75774E-20  2.77034E-03 -2.83245E-01  1.0E-07
  1.125E+02  6.91342E-01  7.75120E-20  2.76800E-03 -2.84854E-01  1.0E-07
  1.130E+02  6.95366E-01  7.74551E-20  2.76597E-03 -2.86339E-01  1.0E-07
  1.135E+02  6.99375E-01  7.74065E-20  2.76424E-03 -2.87700E-01  1.0E-07
  1.140E+02  7.03368E-01  7.73659E-20  2.76279E-03 -2.88940E-01  1.0E-07
  1.145E+02  7.07347E-01  7.73332E-20  2.76162E-03 -2.90058E-01  1.0E-07
  1.150E+02  7.11309E-01  7.73080E-20  2.76072E-03 -2.91058E-01  1.0E-07
  1.155E+02  7.15256E-01  7.72902E-20  2.76008E-03 -2.91941E-01  1.0E-07
  1.160E+02  7.19186E-01  7.72794E-20  2.75970E-03 -2.92707E-01  1.0E-07
  1.165E+02  7.23099E-01  7.72756E-20  2.75956E-03 -2.93360E-01  1.0E-07
  1.170E+02  7.26995E-01  7.72784E-20  2.75966E-03 -2.93901E-01  1.0E-07
  1.175E+02  7.30874E-01  7.72876E-20  2.75999E-03 -2.94332E-01  1.0E-07
  1.180E+02  7.34736E-01  7.73031E-20  2.76054E-03 -2.94654E-01  1.0E-07
  1.185E+02  7.38579E-01  7.73246E-20  2.76131E-03 -2.94870E-01  1.0E-07
  1.190E+02  7.42405E-01  7.73520E-20  2.76229E-03 -2.94981E-01  1.0E-07
  1.195E+02  7.46212E-01  7.73850E-20  2.76347E-03 -2.94990E-01  1.0E-07
  1.200E+02  7.50000E-01  7.74235E-20  2.76484E-03 -2.94899E-01  1.0E-07
  1.205E+02  7.53769E-01  7.74672E-20  2.76641E-03 -2.94710E-01  1.0E-07
  1.210E+02  7.57519E-01  7.75160E-20  2.76815E-03 -2.94424E-01  1.0E-07
  1.215E+02  7.61249E-01  7.75697E-20  2.77007E-03 -2.94044E-01  1.0E-07
  1.220E+02  7.64960E-01  7.76282E-20  2.77215E-03 -2.93573E-01  1.0E-07
  1.225E+02  7.68650E-01  7.76911E-20  2.77440E-03 -2.93011E-01  1.0E-07
  1.230E+02  7.72320E-01  7.77585E-20  2.77681E-03 -2.92362E-01  1.0E-07
  1.235E+02  7.75968E-01  7.78301E-20  2.77936E-03 -2.91627E-01  1.0E-07
  1.240E+02  7.79596E-01  7.79057E-20  2.78206E-03 -2.90809E-01  1.0E-07
  1.245E+02  7.83203E-01  7.79852E-20  2.78490E-03 -2.89909E-01  1.0E-07
  1.250E+02  7.86788E-01  7.80684E-20  2.78787E-03 -2.88930E-01  1.0E-07
  1.255E+02  7.90351E-01  7.81552E-20  2.79097E-03 -2.87874E-01  1.0E-07
  1.260E+02  7.93893E-01  7.82455E-20  2.79420E-03 -2.86743E-01  1.0E-07
  1.265E+02  7.97411E-01  7.83390E-20  2.79754E-03 -2.85539E-01  1.0E-07
  1.270E+02  8.00908E-01  7.84357E-20  2.80099E-03 -2.84264E-01  1.0E-07
  1.275E+02  8.04381E-01  7.85354E-20  2.80455E-03 -2.82919E-01  1.0E-07
  1.280E+02  8.07831E-01  7.86379E-20  2.80821E-03 -2.81508E-01  1.0E-07
  1.285E+02  8.11257E-01  7.87432E-20  2.81197E-03 -2.80032E-01  1.0E-07
  1.290E+02  8.14660E-01  7.88511E-20  2.81582E-03 -2.78493E-01  1.0E-07
  1.295E+02  8.18039E-01  7.89614E-20  2.81976E-03 -2.76892E-01  1.0E-07
  1.300E+02  8.21394E-01  7.90740E-20  2.82379E-03 -2.75233E-01  1.0E-07
  1.305E+02  8.24724E-01  7.91889E-20  2.82789E-03 -2.73516E-01  1.0E-07
  1.310E+02  8.28030E-01  7.93059E-20  2.83206E-03 -2.71743E-01  1.0E-07
  1.315E+02  8.31310E-01  7.94248E-20  2.83631E-03 -2.69916E-01  1.0E-07
  1.320E+02  8.34565E-01  7.95456E-20  2.84063E-03 -2.68038E-01  1.0E-07
  1.325E+02  8.37795E-01  7.96681E-20  2.84500E-03 -2.66109E-01  1.0E-07
  1.330E+02  8.40999E-01  7.97923E-20  2.84943E-03 -2.64132E-01  1.0E-07
  1.335E+02  8.44177E-01  7.99180E-20  2.85392E-03 -2.62108E-01  1.0E-07
  1.340E+02  8.47329E-01  8.00451E-20  2.85846E-03 -2.60039E-01  1.0E-07
  1.345E+02  8.50455E-01  8.01734E-20  2.86305E-03 -2.57926E-01  1.0E-07
  1.350E+02  8.53553E-01  8.03030E-20  2.86767E-03 -2.55771E-01  1.0E-07
  1.355E+02  8.56625E-01  8.04337E-20  2.87234E-03 -2.53576E-01  1.0E-07
  1.360E+02  8.59670E-01  8.05654E-20  2.87704E-03 -2.51341E-01  1.0E-07
  1.365E+02  8.62687E-01  8.06980E-20  2.88178E-03 -2.49069E-01  1.0E-07
  1.370E+02  8.65677E-01  8.08314E-20  2.88654E-03 -2.46761E-01  1.0E-07
  1.375E+02  8.68639E-01  8.09655E-20  2.89133E-03 -2.44418E-01  1.0E-07
  1.380E+02  8.71572E-01  8.11002E-20  2.89614E-03 -2.42041E-01  1.0E-07
  1.385E+02  8.74478E-01  8.12354E-20  2.90097E-03 -2.39633E-01  1.0E-07
  1.390E+02  8.77355E-01  8.13711E-20  2.90582E-03 -2.37193E-01  1.0E-07
  1.395E+02  8.80203E-01  8.15072E-20  2.91067E-03 -2.34724E-01  1.0E-07
  1.400E+02  8.83022E-01  8.16435E-20  2.91554E-03 -2.32227E-01  1.0E-07
  1.405E+02  8.85812E-01  8.17800E-20  2.92042E-03 -2.29703E-01  1.0E-07
  1.410E+02  8.88573E-01  8.19166E-20  2.92530E-03 -2.27153E-01  1.0E-07
  1.415E+02  8.91304E-01  8.20533E-20  2.93018E-03 -2.24578E-01  1.0E-07
  1.420E+02  8.94005E-01  8.21899E-20  2.93505E-03 -2.21979E-01  1.0E-07
  1.425E+02  8.96677E-01  8.23264E-20  2.93993E-03 -2.19357E-01  1.0E-07
  1.430E+02  8.99318E-01  8.24626E-20  2.94479E-03 -2.16713E-01  1.0E-07
  1.435E+02  9.01928E-01  8.25987E-20  2.94965E-03 -2.14049E-01  1.0E-07
  1.440E+02  9.04508E-01  8.27343E-20  2.95450E-03 -2.11365E-01  1.0E-07
  1.445E+02  9.07058E-01  8.28696E-20  2.95933E-03 -2.08662E-01  1.0E-07
  1.450E+02  9.09576E-01  8.30044E-20  2.96414E-03 -2.05942E-01  1.0E-07
  1.455E+02  9.12063E-01  8.31386E-20  2.96893E-03 -2.03204E-01  1.0E-07
  1.460E+02  9.14519E-01  8.32723E-20  2.97371E-03 -2.00450E-01  1.0E-07
  1.465E+02  9.16943E-01  8.34052E-20  2.97846E-03 -1.97680E-01  1.0E-07
  1.470E+02  9.19335E-01  8.35375E-20  2.98318E-03 -1.94896E-01  1.0E-07
  1.475E+02  9.21696E-01  8.36689E-20  2.98787E-03 -1.92098E-01  1.0E-07
  1.480E+02  9.24024E-01  8.37995E-20  2.99253E-03 -1.89287E-01  1.0E-07
  1.485E+02  9.26320E-01  8.39291E-20  2.99716E-03 -1.86463E-01  1.0E-07
  1.490E+02  9.28584E-01  8.40578E-20  3.00176E-03 -1.83627E-01  1.0E-07
  1.495E+02  9.30815E-01  8.41855E-20  3.00632E-03 -1.80780E-01  1.0E-07
  1.500E+02  9.33013E-01  8.43121E-20  3.01084E-03 -1.77923E-01  1.0E-07
  1.505E+02  9.35178E-01  8.44376E-20  3.01532E-03 -1.75056E-01  1.0E-07
  1.510E+02  9.37310E-01  8.45618E-20  3.01976E-03 -1.72179E-01  1.0E-07
  1.515E+02  9.39409E-01  8.46849E-20  3.02415E-03 -1.69294E-01  1.0E-07
  1.520E+02  9.41474E-01  8.48066E-20  3.02850E-03 -1.66400E-01  1.0E-07
  1.525E+02  9.43505E-01  8.49270E-20  3.03280E-03 -1.63498E-01  1.0E-07
  1.530E+02  9.45503E-01  8.50461E-20  3.03705E-03 -1.60590E-01  1.0E-07
  1.535E+02  9.47467E-01  8.51637E-20  3.04125E-03 -1.57674E-01  1.0E-07
  1.540E+02  9.49397E-01  8.52798E-20  3.04540E-03 -1.54752E-01  1.0E-07
  1.545E+02  9.51293E-01  8.53944E-20  3.04949E-03 -1.51824E-01  1.0E-07
  1.550E+02  9.53154E-01  8.55075E-20  3.05353E-03 -1.48891E-01  1.0E-07
  1.555E+02  9.54981E-01  8.56190E-20  3.05751E-03 -1.45952E-01  1.0E-07
  1.560E+02  9.56773E-01  8.57288E-20  3.06143E-03 -1.43009E-01  1.0E-07
  1.565E+02  9.58530E-01  8.58369E-20  3.06529E-03 -1.40061E-01  1.0E-07
  1.570E+02  9.60252E-01  8.59434E-20  3.06909E-03 -1.37109E-01  1.0E-07
  1.575E+02  9.61940E-01  8.60481E-20  3.07283E-03 -1.34153E-01  1.0E-07
  1.580E+02  9.63592E-01  8.61509E-20  3.07651E-03 -1.31194E-01  1.0E-07
  1.585E+02  9.65209E-01  8.62520E-20  3.08011E-03 -1.28232E-01  1.0E-07
  1.590E+02  9.66790E-01  8.63512E-20  3.08366E-03 -1.25267E-01  1.0E-07
  1.595E+02  9.68336E-01  8.64485E-20  3.08713E-03 -1.22299E-01  1.0E-07
  1.600E+02  9.69846E-01  8.65439E-20  3.09054E-03 -1.19329E-01  1.0E-07
  1.605E+02  9.71321E-01  8.66373E-20  3.09387E-03 -1.16356E-01  1.0E-07
  1.610E+02  9.72759E-01  8.67287E-20  3.09714E-03 -1.13382E-01  1.0E-07
  1.615E+02  9.74162E-01  8.68181E-20  3.10033E-03 -1.10405E-01  1.0E-07
  1.620E+02  9.75528E-01  8.69054E-20  3.10345E-03 -1.07428E-01  1.0E-07
  1.625E+02  9.76858E-01  8.69907E-20  3.10649E-03 -1.04448E-01  1.0E-07
  1.630E+02  9.78152E-01  8.70739E-20  3.10946E-03 -1.01468E-01  1.0E-07
  1.635E+02  9.79410E-01  8.71549E-20  3.11236E-03 -9.84865E-02  1.0E-07
  1.640E+02  9.80631E-01  8.72338E-20  3.11518E-03 -9.55041E-02  1.0E-07
  1.645E+02  9.81815E-01  8.73105E-20  3.11792E-03 -9.25209E-02  1.0E-07
  1.650E+02  9.82963E-01  8.73850E-20  3.12058E-03 -8.95370E-02  1.0E-07
  1.655E+02  9.84074E-01  8.74573E-20  3.12316E-03 -8.65525E-02  1.0E-07
  1.660E+02  9.85148E-01  8.75273E-20  3.12566E-03 -8.35676E-02  1.0E-07
  1.665E+02  9.86185E-01  8.75951E-20  3.12808E-03 -8.05823E-02  1.0E-07
  1.670E+02  9.87185E-01  8.76605E-20  3.13041E-03 -7.75967E-02  1.0E-07
  1.675E+02  9.88148E-01  8.77237E-20  3.13267E-03 -7.46109E-02  1.0E-07
  1.680E+02  9.89074E-01  8.77845E-20  3.13484E-03 -7.16250E-02  1.0E-07
  1.685E+02  9.89962E-01  8.78430E-20  3.13693E-03 -6.86390E-02  1.0E-07
  1.690E+02  9.90814E-01  8.78991E-20  3.13893E-03 -6.56530E-02  1.0E-07
  1.695E+02  9.91627E-01  8.79529E-20  3.14085E-03 -6.26671E-02  1.0E-07
  1.700E+02  9.92404E-01  8.80042E-20  3.14269E-03 -5.96812E-02  1.0E-07
  1.705E+02  9.93143E-01  8.80531E-20  3.14443E-03 -5.66954E-02  1.0E-07
  1.710E+02  9.93844E-01  8.80996E-20  3.14610E-03 -5.37098E-02  1.0E-07
  1.715E+02  9.94508E-01  8.81437E-20  3.14767E-03 -5.07244E-02  1.0E-07
  1.720E+02  9.95134E-01  8.81853E-20  3.14915E-03 -4.77391E-02  1.0E-07
  1.725E+02  9.95722E-01  8.82245E-20  3.15055E-03 -4.47540E-02  1.0E-07
  1.730E+02  9.96273E-01  8.82611E-20  3.15186E-03 -4.17691E-02  1.0E-07
  1.735E+02  9.96786E-01  8.82953E-20  3.15308E-03 -3.87845E-02  1.0E-07
  1.740E+02  9.97261E-01  8.83270E-20  3.15422E-03 -3.58001E-02  1.0E-07
  1.745E+02  9.97698E-01  8.83562E-20  3.15526E-03 -3.28158E-02  1.0E-07
  1.750E+02  9.98097E-01  8.83829E-20  3.15621E-03 -2.98318E-02  1.0E-07
  1.755E+02  9.98459E-01  8.84071E-20  3.15707E-03 -2.68480E-02  1.0E-07
  1.760E+02  9.98782E-01  8.84287E-20  3.15785E-03 -2.38644E-02  1.0E-07
  1.765E+02  9.99067E-01  8.84478E-20  3.15853E-03 -2.08809E-02  1.0E-07
  1.770E+02  9.99315E-01  8.84644E-20  3.15912E-03 -1.78977E-02  1.0E-07
  1.775E+02  9.99524E-01  8.84784E-20  3.15962E-03 -1.49145E-02  1.0E-07
  1.780E+02  9.99695E-01  8.84899E-20  3.16003E-03 -1.19314E-02  1.0E-07
  1.785E+02  9.99829E-01  8.84988E-20  3.16035E-03 -8.94850E-03  1.0E-07
  1.790E+02  9.99924E-01  8.85052E-20  3.16058E-03 -5.96563E-03  1.0E-07
  1.795E+02  9.99981E-01  8.85091E-20  3.16072E-03 -2.98280E-03  1.0E-07
  1.800E+02  1.00000E+00  8.85103E-20  3.16076E-03 -4.18588E-17  1.0E-07
