 #
 # Subroutine ELSEPA. Elastic scattering of electrons and positrons
 #                    by neutral atoms and positive ions
 #
 # Projectile: electron
 # Kinetic energy = 1.60000E+03 eV = 5.87989E+01 a.u.
 #
 # Element: Au,  Z =  79,  atomic weight = 1.96967E+02 g/mol
 #
 # Nuclear model: Fermi distribution
 #                Average radius = 6.22560E-13 cm
 #                Skin thickness = 5.46000E-14 cm
 #
 # Number of electrons = 79
 #
 # Electron density: Read from file z_079.den   
 #                   Number of data points =  777
 #                   Volume integral = 7.90000E+01
 #
 # Furness-McCarthy exchange potential
 #
 # Total elastic cross section = 2.03147E-16 cm**2 = 7.25452E+00 a0**2
 # 1st transport cross section = 4.55274E-17 cm**2 = 1.62581E+00 a0**2
 # 2nd transport cross section = 4.00969E-17 cm**2 = 1.43189E+00 a0**2
 #
 #
 # Differential cross section:                       MU=(1-COS(THETA))/2
 #
 #  THETA        MU          DCS          DCS        Sherman      error
 #  (deg)                 (cm**2/sr)   (a0**2/sr)    function
 #----------------------------------------------------------------------
  0.000E+00  0.00000E+00  3.40115E-15  1.21457E+02  0.00000E+00  1.0E-07
  1.000E-04  7.61557E-13  3.40115E-15  1.21457E+02  1.84219E-09  1.0E-07
  1.250E-04  1.18994E-12  3.40115E-15  1.21457E+02  2.30274E-09  1.0E-07
  1.500E-04  1.71346E-12  3.40115E-15  1.21457E+02  2.76328E-09  1.0E-07
  1.750E-04  2.33225E-12  3.40115E-15  1.21457E+02  3.22383E-09  1.0E-07
  2.000E-04  3.04617E-12  3.40115E-15  1.21457E+02  3.68438E-09  1.0E-07
  2.250E-04  3.85530E-12  3.40115E-15  1.21457E+02  4.14493E-09  1.0E-07
  2.500E-04  4.75964E-12  3.40115E-15  1.21457E+02  4.60547E-09  1.0E-07
  2.750E-04  5.75917E-12  3.40115E-15  1.21457E+02  5.06602E-09  1.0E-07
  3.000E-04  6.85391E-12  3.40115E-15  1.21457E+02  5.52657E-09  1.0E-07
  3.250E-04  8.04379E-12  3.40115E-15  1.21457E+02  5.98712E-09  1.0E-07
  3.500E-04  9.32893E-12  3.40115E-15  1.21457E+02  6.44766E-09  1.0E-07
  3.750E-04  1.07092E-11  3.40115E-15  1.21457E+02  6.90821E-09  1.0E-07
  4.000E-04  1.21847E-11  3.40115E-15  1.21457E+02  7.36876E-09  1.0E-07
  4.250E-04  1.37554E-11  3.40115E-15  1.21457E+02  7.82931E-09  1.0E-07
  4.500E-04  1.54213E-11  3.40115E-15  1.21457E+02  8.28985E-09  1.0E-07
  4.750E-04  1.71823E-11  3.40115E-15  1.21457E+02  8.75040E-09  1.0E-07
  5.000E-04  1.90386E-11  3.40115E-15  1.21457E+02  9.21095E-09  1.0E-07
  5.250E-04  2.09900E-11  3.40115E-15  1.21457E+02  9.67150E-09  1.0E-07
  5.500E-04  2.30367E-11  3.40115E-15  1.21457E+02  1.01320E-08  1.0E-07
  5.750E-04  2.51785E-11  3.40115E-15  1.21457E+02  1.05926E-08  1.0E-07
  6.000E-04  2.74156E-11  3.40115E-15  1.21457E+02  1.10531E-08  1.0E-07
  6.250E-04  2.97478E-11  3.40115E-15  1.21457E+02  1.15137E-08  1.0E-07
  6.500E-04  3.21752E-11  3.40115E-15  1.21457E+02  1.19742E-08  1.0E-07
  6.750E-04  3.46979E-11  3.40115E-15  1.21457E+02  1.24348E-08  1.0E-07
  7.000E-04  3.73157E-11  3.40115E-15  1.21457E+02  1.28953E-08  1.0E-07
  7.250E-04  4.00286E-11  3.40115E-15  1.21457E+02  1.33559E-08  1.0E-07
  7.500E-04  4.28368E-11  3.40115E-15  1.21457E+02  1.38164E-08  1.0E-07
  7.750E-04  4.57402E-11  3.40115E-15  1.21457E+02  1.42770E-08  1.0E-07
  8.000E-04  4.87388E-11  3.40115E-15  1.21457E+02  1.47375E-08  1.0E-07
  8.250E-04  5.18325E-11  3.40115E-15  1.21457E+02  1.51981E-08  1.0E-07
  8.500E-04  5.50215E-11  3.40115E-15  1.21457E+02  1.56586E-08  1.0E-07
  8.750E-04  5.83057E-11  3.40115E-15  1.21457E+02  1.61192E-08  1.0E-07
  9.000E-04  6.16850E-11  3.40115E-15  1.21457E+02  1.65797E-08  1.0E-07
  9.250E-04  6.51595E-11  3.40115E-15  1.21457E+02  1.70403E-08  1.0E-07
  9.500E-04  6.87293E-11  3.40115E-15  1.21457E+02  1.75008E-08  1.0E-07
  9.750E-04  7.23943E-11  3.40115E-15  1.21457E+02  1.79613E-08  1.0E-07
  1.000E-03  7.61544E-11  3.40115E-15  1.21457E+02  1.84219E-08  1.0E-07
  1.250E-03  1.18991E-10  3.40115E-15  1.21457E+02  2.30274E-08  1.0E-07
  1.500E-03  1.71347E-10  3.40115E-15  1.21457E+02  2.76328E-08  1.0E-07
  1.750E-03  2.33223E-10  3.40115E-15  1.21457E+02  3.22383E-08  1.0E-07
  2.000E-03  3.04617E-10  3.40115E-15  1.21457E+02  3.68438E-08  1.0E-07
  2.250E-03  3.85531E-10  3.40115E-15  1.21457E+02  4.14493E-08  1.0E-07
  2.500E-03  4.75965E-10  3.40115E-15  1.21457E+02  4.60548E-08  1.0E-07
  2.750E-03  5.75917E-10  3.40114E-15  1.21457E+02  5.06602E-08  1.0E-07
  3.000E-03  6.85389E-10  3.40114E-15  1.21457E+02  5.52657E-08  1.0E-07
  3.250E-03  8.04380E-10  3.40114E-15  1.21457E+02  5.98712E-08  1.0E-07
  3.500E-03  9.32891E-10  3.40114E-15  1.21457E+02  6.44767E-08  1.0E-07
  3.750E-03  1.07092E-09  3.40114E-15  1.21457E+02  6.90822E-08  1.0E-07
  4.000E-03  1.21847E-09  3.40114E-15  1.21457E+02  7.36876E-08  1.0E-07
  4.250E-03  1.37554E-09  3.40114E-15  1.21457E+02  7.82931E-08  1.0E-07
  4.500E-03  1.54213E-09  3.40114E-15  1.21457E+02  8.28986E-08  1.0E-07
  4.750E-03  1.71823E-09  3.40114E-15  1.21457E+02  8.75041E-08  1.0E-07
  5.000E-03  1.90386E-09  3.40114E-15  1.21457E+02  9.21096E-08  1.0E-07
  5.250E-03  2.09900E-09  3.40114E-15  1.21457E+02  9.67151E-08  1.0E-07
  5.500E-03  2.30367E-09  3.40114E-15  1.21457E+02  1.01321E-07  1.0E-07
  5.750E-03  2.51785E-09  3.40114E-15  1.21457E+02  1.05926E-07  1.0E-07
  6.000E-03  2.74156E-09  3.40114E-15  1.21457E+02  1.10532E-07  1.0E-07
  6.250E-03  2.97478E-09  3.40114E-15  1.21457E+02  1.15137E-07  1.0E-07
  6.500E-03  3.21752E-09  3.40114E-15  1.21457E+02  1.19743E-07  1.0E-07
  6.750E-03  3.46978E-09  3.40114E-15  1.21457E+02  1.24348E-07  1.0E-07
  7.000E-03  3.73156E-09  3.40114E-15  1.21457E+02  1.28954E-07  1.0E-07
  7.250E-03  4.00286E-09  3.40114E-15  1.21457E+02  1.33559E-07  1.0E-07
  7.500E-03  4.28368E-09  3.40114E-15  1.21457E+02  1.38165E-07  1.0E-07
  7.750E-03  4.57402E-09  3.40114E-15  1.21457E+02  1.42770E-07  1.0E-07
  8.000E-03  4.87388E-09  3.40114E-15  1.21457E+02  1.47376E-07  1.0E-07
  8.250E-03  5.18326E-09  3.40114E-15  1.21457E+02  1.51981E-07  1.0E-07
  8.500E-03  5.50215E-09  3.40114E-15  1.21457E+02  1.56587E-07  1.0E-07
  8.750E-03  5.83057E-09  3.40114E-15  1.21457E+02  1.61192E-07  1.0E-07
  9.000E-03  6.16850E-09  3.40114E-15  1.21457E+02  1.65798E-07  1.0E-07
  9.250E-03  6.51596E-09  3.40113E-15  1.21457E+02  1.70403E-07  1.0E-07
  9.500E-03  6.87293E-09  3.40113E-15  1.21457E+02  1.75009E-07  1.0E-07
  9.750E-03  7.23942E-09  3.40113E-15  1.21457E+02  1.79614E-07  1.0E-07
  1.000E-02  7.61544E-09  3.40113E-15  1.21457E+02  1.84220E-07  1.0E-07
  1.250E-02  1.18991E-08  3.40113E-15  1.21456E+02  2.30275E-07  1.0E-07
  1.500E-02  1.71347E-08  3.40112E-15  1.21456E+02  2.76331E-07  1.0E-07
  1.750E-02  2.33223E-08  3.40111E-15  1.21456E+02  3.22388E-07  1.0E-07
  2.000E-02  3.04617E-08  3.40109E-15  1.21455E+02  3.68445E-07  1.0E-07
  2.250E-02  3.85531E-08  3.40108E-15  1.21455E+02  4.14502E-07  1.0E-07
  2.500E-02  4.75965E-08  3.40106E-15  1.21454E+02  4.60561E-07  1.0E-07
  2.750E-02  5.75917E-08  3.40105E-15  1.21454E+02  5.06620E-07  1.0E-07
  3.000E-02  6.85389E-08  3.40103E-15  1.21453E+02  5.52680E-07  1.0E-07
  3.250E-02  8.04380E-08  3.40101E-15  1.21452E+02  5.98741E-07  1.0E-07
  3.500E-02  9.32891E-08  3.40099E-15  1.21451E+02  6.44803E-07  1.0E-07
  3.750E-02  1.07092E-07  3.40096E-15  1.21451E+02  6.90866E-07  1.0E-07
  4.000E-02  1.21847E-07  3.40094E-15  1.21450E+02  7.36930E-07  1.0E-07
  4.250E-02  1.37554E-07  3.40091E-15  1.21449E+02  7.82996E-07  1.0E-07
  4.500E-02  1.54213E-07  3.40088E-15  1.21448E+02  8.29063E-07  1.0E-07
  4.750E-02  1.71823E-07  3.40085E-15  1.21447E+02  8.75131E-07  1.0E-07
  5.000E-02  1.90386E-07  3.40082E-15  1.21445E+02  9.21201E-07  1.0E-07
  5.250E-02  2.09900E-07  3.40079E-15  1.21444E+02  9.67272E-07  1.0E-07
  5.500E-02  2.30367E-07  3.40075E-15  1.21443E+02  1.01335E-06  1.0E-07
  5.750E-02  2.51785E-07  3.40071E-15  1.21442E+02  1.05942E-06  1.0E-07
  6.000E-02  2.74156E-07  3.40068E-15  1.21440E+02  1.10550E-06  1.0E-07
  6.250E-02  2.97478E-07  3.40064E-15  1.21439E+02  1.15158E-06  1.0E-07
  6.500E-02  3.21752E-07  3.40059E-15  1.21437E+02  1.19766E-06  1.0E-07
  6.750E-02  3.46978E-07  3.40055E-15  1.21436E+02  1.24374E-06  1.0E-07
  7.000E-02  3.73156E-07  3.40051E-15  1.21434E+02  1.28982E-06  1.0E-07
  7.250E-02  4.00286E-07  3.40046E-15  1.21433E+02  1.33591E-06  1.0E-07
  7.500E-02  4.28368E-07  3.40041E-15  1.21431E+02  1.38200E-06  1.0E-07
  7.750E-02  4.57402E-07  3.40036E-15  1.21429E+02  1.42809E-06  1.0E-07
  8.000E-02  4.87388E-07  3.40031E-15  1.21427E+02  1.47419E-06  1.0E-07
  8.250E-02  5.18325E-07  3.40026E-15  1.21425E+02  1.52028E-06  1.0E-07
  8.500E-02  5.50215E-07  3.40020E-15  1.21423E+02  1.56638E-06  1.0E-07
  8.750E-02  5.83057E-07  3.40015E-15  1.21421E+02  1.61248E-06  1.0E-07
  9.000E-02  6.16850E-07  3.40009E-15  1.21419E+02  1.65859E-06  1.0E-07
  9.250E-02  6.51596E-07  3.40003E-15  1.21417E+02  1.70470E-06  1.0E-07
  9.500E-02  6.87293E-07  3.39997E-15  1.21415E+02  1.75081E-06  1.0E-07
  9.750E-02  7.23942E-07  3.39991E-15  1.21413E+02  1.79692E-06  1.0E-07
  1.000E-01  7.61543E-07  3.39984E-15  1.21411E+02  1.84304E-06  1.0E-07
  1.250E-01  1.18991E-06  3.39911E-15  1.21384E+02  2.30440E-06  1.0E-07
  1.500E-01  1.71347E-06  3.39821E-15  1.21352E+02  2.76615E-06  1.0E-07
  1.750E-01  2.33223E-06  3.39715E-15  1.21315E+02  3.22838E-06  1.0E-07
  2.000E-01  3.04617E-06  3.39593E-15  1.21271E+02  3.69118E-06  1.0E-07
  2.250E-01  3.85531E-06  3.39455E-15  1.21222E+02  4.15460E-06  1.0E-07
  2.500E-01  4.75964E-06  3.39301E-15  1.21166E+02  4.61875E-06  1.0E-07
  2.750E-01  5.75916E-06  3.39130E-15  1.21106E+02  5.08370E-06  1.0E-07
  3.000E-01  6.85388E-06  3.38943E-15  1.21039E+02  5.54952E-06  1.0E-07
  3.250E-01  8.04378E-06  3.38741E-15  1.20966E+02  6.01630E-06  1.0E-07
  3.500E-01  9.32888E-06  3.38522E-15  1.20888E+02  6.48411E-06  1.0E-07
  3.750E-01  1.07092E-05  3.38287E-15  1.20805E+02  6.95305E-06  1.0E-07
  4.000E-01  1.21846E-05  3.38037E-15  1.20715E+02  7.42319E-06  1.0E-07
  4.250E-01  1.37553E-05  3.37770E-15  1.20620E+02  7.89460E-06  1.0E-07
  4.500E-01  1.54212E-05  3.37488E-15  1.20519E+02  8.36738E-06  1.0E-07
  4.750E-01  1.71822E-05  3.37190E-15  1.20413E+02  8.84159E-06  1.0E-07
  5.000E-01  1.90385E-05  3.36876E-15  1.20301E+02  9.31733E-06  1.0E-07
  5.250E-01  2.09899E-05  3.36547E-15  1.20183E+02  9.79467E-06  1.0E-07
  5.500E-01  2.30365E-05  3.36202E-15  1.20060E+02  1.02737E-05  1.0E-07
  5.750E-01  2.51783E-05  3.35842E-15  1.19931E+02  1.07545E-05  1.0E-07
  6.000E-01  2.74153E-05  3.35466E-15  1.19797E+02  1.12371E-05  1.0E-07
  6.250E-01  2.97475E-05  3.35075E-15  1.19657E+02  1.17217E-05  1.0E-07
  6.500E-01  3.21749E-05  3.34669E-15  1.19512E+02  1.22083E-05  1.0E-07
  6.750E-01  3.46974E-05  3.34247E-15  1.19362E+02  1.26970E-05  1.0E-07
  7.000E-01  3.73152E-05  3.33811E-15  1.19206E+02  1.31878E-05  1.0E-07
  7.250E-01  4.00281E-05  3.33359E-15  1.19045E+02  1.36809E-05  1.0E-07
  7.500E-01  4.28362E-05  3.32893E-15  1.18878E+02  1.41764E-05  1.0E-07
  7.750E-01  4.57395E-05  3.32412E-15  1.18706E+02  1.46743E-05  1.0E-07
  8.000E-01  4.87380E-05  3.31916E-15  1.18529E+02  1.51747E-05  1.0E-07
  8.250E-01  5.18317E-05  3.31406E-15  1.18347E+02  1.56776E-05  1.0E-07
  8.500E-01  5.50205E-05  3.30881E-15  1.18160E+02  1.61833E-05  1.0E-07
  8.750E-01  5.83045E-05  3.30342E-15  1.17967E+02  1.66917E-05  1.0E-07
  9.000E-01  6.16838E-05  3.29788E-15  1.17770E+02  1.72030E-05  1.0E-07
  9.250E-01  6.51582E-05  3.29221E-15  1.17567E+02  1.77172E-05  1.0E-07
  9.500E-01  6.87277E-05  3.28639E-15  1.17359E+02  1.82344E-05  1.0E-07
  9.750E-01  7.23925E-05  3.28044E-15  1.17147E+02  1.87547E-05  1.0E-07
  1.000E+00  7.61524E-05  3.27435E-15  1.16929E+02  1.92782E-05  1.0E-07
  1.100E+00  9.21439E-05  3.24862E-15  1.16010E+02  2.14058E-05  1.0E-07
  1.200E+00  1.09658E-04  3.22080E-15  1.15017E+02  2.35912E-05  1.0E-07
  1.300E+00  1.28695E-04  3.19096E-15  1.13951E+02  2.58403E-05  1.0E-07
  1.400E+00  1.49255E-04  3.15920E-15  1.12817E+02  2.81586E-05  1.0E-07
  1.500E+00  1.71338E-04  3.12561E-15  1.11618E+02  3.05520E-05  1.0E-07
  1.600E+00  1.94942E-04  3.09030E-15  1.10357E+02  3.30265E-05  1.0E-07
  1.700E+00  2.20070E-04  3.05336E-15  1.09038E+02  3.55882E-05  1.0E-07
  1.800E+00  2.46720E-04  3.01491E-15  1.07664E+02  3.82432E-05  1.0E-07
  1.900E+00  2.74892E-04  2.97504E-15  1.06241E+02  4.09979E-05  1.0E-07
  2.000E+00  3.04586E-04  2.93387E-15  1.04771E+02  4.38587E-05  1.0E-07
  2.100E+00  3.35803E-04  2.89151E-15  1.03258E+02  4.68322E-05  1.0E-07
  2.200E+00  3.68542E-04  2.84806E-15  1.01706E+02  4.99252E-05  1.0E-07
  2.300E+00  4.02802E-04  2.80363E-15  1.00119E+02  5.31446E-05  1.0E-07
  2.400E+00  4.38585E-04  2.75832E-15  9.85015E+01  5.64974E-05  1.0E-07
  2.500E+00  4.75889E-04  2.71225E-15  9.68561E+01  5.99908E-05  1.0E-07
  2.600E+00  5.14715E-04  2.66551E-15  9.51870E+01  6.36323E-05  1.0E-07
  2.700E+00  5.55063E-04  2.61820E-15  9.34977E+01  6.74294E-05  1.0E-07
  2.800E+00  5.96931E-04  2.57043E-15  9.17916E+01  7.13898E-05  1.0E-07
  2.900E+00  6.40321E-04  2.52228E-15  9.00722E+01  7.55215E-05  1.0E-07
  3.000E+00  6.85233E-04  2.47385E-15  8.83427E+01  7.98326E-05  1.0E-07
  3.100E+00  7.31665E-04  2.42522E-15  8.66062E+01  8.43313E-05  1.0E-07
  3.200E+00  7.79618E-04  2.37648E-15  8.48658E+01  8.90261E-05  1.0E-07
  3.300E+00  8.29092E-04  2.32772E-15  8.31243E+01  9.39258E-05  1.0E-07
  3.400E+00  8.80086E-04  2.27900E-15  8.13844E+01  9.90391E-05  1.0E-07
  3.500E+00  9.32601E-04  2.23039E-15  7.96487E+01  1.04375E-04  1.0E-07
  3.600E+00  9.86636E-04  2.18197E-15  7.79196E+01  1.09943E-04  1.0E-07
  3.700E+00  1.04219E-03  2.13380E-15  7.61995E+01  1.15753E-04  1.0E-07
  3.800E+00  1.09927E-03  2.08594E-15  7.44904E+01  1.21814E-04  1.0E-07
  3.900E+00  1.15786E-03  2.03845E-15  7.27943E+01  1.28135E-04  1.0E-07
  4.000E+00  1.21797E-03  1.99137E-15  7.11131E+01  1.34728E-04  1.0E-07
  4.100E+00  1.27961E-03  1.94475E-15  6.94484E+01  1.41602E-04  1.0E-07
  4.200E+00  1.34276E-03  1.89865E-15  6.78019E+01  1.48768E-04  1.0E-07
  4.300E+00  1.40743E-03  1.85309E-15  6.61749E+01  1.56237E-04  1.0E-07
  4.400E+00  1.47362E-03  1.80811E-15  6.45688E+01  1.64019E-04  1.0E-07
  4.500E+00  1.54133E-03  1.76375E-15  6.29847E+01  1.72126E-04  1.0E-07
  4.600E+00  1.61056E-03  1.72004E-15  6.14236E+01  1.80569E-04  1.0E-07
  4.700E+00  1.68131E-03  1.67699E-15  5.98865E+01  1.89359E-04  1.0E-07
  4.800E+00  1.75357E-03  1.63465E-15  5.83742E+01  1.98508E-04  1.0E-07
  4.900E+00  1.82735E-03  1.59301E-15  5.68875E+01  2.08029E-04  1.0E-07
  5.000E+00  1.90265E-03  1.55211E-15  5.54268E+01  2.17932E-04  1.0E-07
  5.100E+00  1.97947E-03  1.51195E-15  5.39928E+01  2.28231E-04  1.0E-07
  5.200E+00  2.05780E-03  1.47255E-15  5.25858E+01  2.38938E-04  1.0E-07
  5.300E+00  2.13765E-03  1.43392E-15  5.12063E+01  2.50066E-04  1.0E-07
  5.400E+00  2.21902E-03  1.39606E-15  4.98543E+01  2.61626E-04  1.0E-07
  5.500E+00  2.30190E-03  1.35899E-15  4.85303E+01  2.73634E-04  1.0E-07
  5.600E+00  2.38630E-03  1.32269E-15  4.72341E+01  2.86101E-04  1.0E-07
  5.700E+00  2.47222E-03  1.28718E-15  4.59660E+01  2.99040E-04  1.0E-07
  5.800E+00  2.55965E-03  1.25245E-15  4.47259E+01  3.12467E-04  1.0E-07
  5.900E+00  2.64859E-03  1.21851E-15  4.35138E+01  3.26393E-04  1.0E-07
  6.000E+00  2.73905E-03  1.18535E-15  4.23295E+01  3.40833E-04  1.0E-07
  6.100E+00  2.83103E-03  1.15296E-15  4.11728E+01  3.55800E-04  1.0E-07
  6.200E+00  2.92452E-03  1.12134E-15  4.00437E+01  3.71309E-04  1.0E-07
  6.300E+00  3.01952E-03  1.09048E-15  3.89418E+01  3.87374E-04  1.0E-07
  6.400E+00  3.11604E-03  1.06038E-15  3.78668E+01  4.04008E-04  1.0E-07
  6.500E+00  3.21407E-03  1.03103E-15  3.68186E+01  4.21226E-04  1.0E-07
  6.600E+00  3.31362E-03  1.00241E-15  3.57967E+01  4.39043E-04  1.0E-07
  6.700E+00  3.41468E-03  9.74522E-16  3.48008E+01  4.57472E-04  1.0E-07
  6.800E+00  3.51725E-03  9.47352E-16  3.38306E+01  4.76528E-04  1.0E-07
  6.900E+00  3.62133E-03  9.20889E-16  3.28855E+01  4.96225E-04  1.0E-07
  7.000E+00  3.72692E-03  8.95121E-16  3.19654E+01  5.16577E-04  1.0E-07
  7.100E+00  3.83403E-03  8.70037E-16  3.10696E+01  5.37599E-04  1.0E-07
  7.200E+00  3.94265E-03  8.45623E-16  3.01978E+01  5.59305E-04  1.0E-07
  7.300E+00  4.05278E-03  8.21869E-16  2.93495E+01  5.81709E-04  1.0E-07
  7.400E+00  4.16442E-03  7.98761E-16  2.85243E+01  6.04825E-04  1.0E-07
  7.500E+00  4.27757E-03  7.76287E-16  2.77217E+01  6.28666E-04  1.0E-07
  7.600E+00  4.39223E-03  7.54432E-16  2.69413E+01  6.53248E-04  1.0E-07
  7.700E+00  4.50840E-03  7.33186E-16  2.61825E+01  6.78582E-04  1.0E-07
  7.800E+00  4.62608E-03  7.12533E-16  2.54450E+01  7.04682E-04  1.0E-07
  7.900E+00  4.74527E-03  6.92461E-16  2.47282E+01  7.31562E-04  1.0E-07
  8.000E+00  4.86597E-03  6.72958E-16  2.40318E+01  7.59234E-04  1.0E-07
  8.100E+00  4.98817E-03  6.54009E-16  2.33551E+01  7.87711E-04  1.0E-07
  8.200E+00  5.11188E-03  6.35602E-16  2.26977E+01  8.17004E-04  1.0E-07
  8.300E+00  5.23711E-03  6.17723E-16  2.20593E+01  8.47125E-04  1.0E-07
  8.400E+00  5.36383E-03  6.00361E-16  2.14393E+01  8.78086E-04  1.0E-07
  8.500E+00  5.49207E-03  5.83502E-16  2.08372E+01  9.09897E-04  1.0E-07
  8.600E+00  5.62181E-03  5.67133E-16  2.02527E+01  9.42568E-04  1.0E-07
  8.700E+00  5.75306E-03  5.51243E-16  1.96852E+01  9.76110E-04  1.0E-07
  8.800E+00  5.88581E-03  5.35818E-16  1.91344E+01  1.01053E-03  1.0E-07
  8.900E+00  6.02007E-03  5.20847E-16  1.85998E+01  1.04584E-03  1.0E-07
  9.000E+00  6.15583E-03  5.06318E-16  1.80809E+01  1.08205E-03  1.0E-07
  9.100E+00  6.29310E-03  4.92219E-16  1.75774E+01  1.11915E-03  1.0E-07
  9.200E+00  6.43187E-03  4.78538E-16  1.70889E+01  1.15717E-03  1.0E-07
  9.300E+00  6.57214E-03  4.65265E-16  1.66149E+01  1.19610E-03  1.0E-07
  9.400E+00  6.71392E-03  4.52387E-16  1.61550E+01  1.23595E-03  1.0E-07
  9.500E+00  6.85720E-03  4.39895E-16  1.57089E+01  1.27673E-03  1.0E-07
  9.600E+00  7.00198E-03  4.27777E-16  1.52762E+01  1.31843E-03  1.0E-07
  9.700E+00  7.14827E-03  4.16024E-16  1.48565E+01  1.36105E-03  1.0E-07
  9.800E+00  7.29605E-03  4.04624E-16  1.44494E+01  1.40461E-03  1.0E-07
  9.900E+00  7.44534E-03  3.93567E-16  1.40545E+01  1.44909E-03  1.0E-07
  1.000E+01  7.59612E-03  3.82845E-16  1.36716E+01  1.49450E-03  1.0E-07
  1.025E+01  7.97965E-03  3.57437E-16  1.27643E+01  1.61206E-03  1.0E-07
  1.050E+01  8.37255E-03  3.33914E-16  1.19243E+01  1.73530E-03  1.0E-07
  1.075E+01  8.77480E-03  3.12139E-16  1.11467E+01  1.86410E-03  1.0E-07
  1.100E+01  9.18641E-03  2.91987E-16  1.04270E+01  1.99827E-03  1.0E-07
  1.125E+01  9.60736E-03  2.73337E-16  9.76105E+00  2.13754E-03  1.0E-07
  1.150E+01  1.00376E-02  2.56080E-16  9.14478E+00  2.28161E-03  1.0E-07
  1.175E+01  1.04773E-02  2.40111E-16  8.57452E+00  2.43008E-03  1.0E-07
  1.200E+01  1.09262E-02  2.25334E-16  8.04682E+00  2.58250E-03  1.0E-07
  1.225E+01  1.13844E-02  2.11659E-16  7.55847E+00  2.73834E-03  1.0E-07
  1.250E+01  1.18520E-02  1.99001E-16  7.10647E+00  2.89700E-03  1.0E-07
  1.275E+01  1.23288E-02  1.87284E-16  6.68805E+00  3.05780E-03  1.0E-07
  1.300E+01  1.28150E-02  1.76436E-16  6.30063E+00  3.22000E-03  1.0E-07
  1.325E+01  1.33104E-02  1.66388E-16  5.94181E+00  3.38280E-03  1.0E-07
  1.350E+01  1.38150E-02  1.57079E-16  5.60939E+00  3.54533E-03  1.0E-07
  1.375E+01  1.43290E-02  1.48452E-16  5.30132E+00  3.70667E-03  1.0E-07
  1.400E+01  1.48521E-02  1.40453E-16  5.01568E+00  3.86584E-03  1.0E-07
  1.425E+01  1.53845E-02  1.33034E-16  4.75073E+00  4.02184E-03  1.0E-07
  1.450E+01  1.59262E-02  1.26148E-16  4.50484E+00  4.17361E-03  1.0E-07
  1.475E+01  1.64770E-02  1.19755E-16  4.27651E+00  4.32009E-03  1.0E-07
  1.500E+01  1.70371E-02  1.13814E-16  4.06436E+00  4.46019E-03  1.0E-07
  1.525E+01  1.76063E-02  1.08290E-16  3.86711E+00  4.59283E-03  1.0E-07
  1.550E+01  1.81848E-02  1.03151E-16  3.68358E+00  4.71692E-03  1.0E-07
  1.575E+01  1.87724E-02  9.83653E-17  3.51269E+00  4.83139E-03  1.0E-07
  1.600E+01  1.93692E-02  9.39054E-17  3.35342E+00  4.93519E-03  1.0E-07
  1.625E+01  1.99751E-02  8.97455E-17  3.20487E+00  5.02732E-03  1.0E-07
  1.650E+01  2.05901E-02  8.58616E-17  3.06617E+00  5.10679E-03  1.0E-07
  1.675E+01  2.12143E-02  8.22319E-17  2.93655E+00  5.17267E-03  1.0E-07
  1.700E+01  2.18476E-02  7.88362E-17  2.81529E+00  5.22409E-03  1.0E-07
  1.725E+01  2.24900E-02  7.56561E-17  2.70173E+00  5.26023E-03  1.0E-07
  1.750E+01  2.31415E-02  7.26745E-17  2.59525E+00  5.28031E-03  1.0E-07
  1.775E+01  2.38021E-02  6.98757E-17  2.49531E+00  5.28364E-03  1.0E-07
  1.800E+01  2.44717E-02  6.72453E-17  2.40137E+00  5.26958E-03  1.0E-07
  1.825E+01  2.51504E-02  6.47703E-17  2.31299E+00  5.23755E-03  1.0E-07
  1.850E+01  2.58382E-02  6.24384E-17  2.22972E+00  5.18704E-03  1.0E-07
  1.875E+01  2.65349E-02  6.02386E-17  2.15116E+00  5.11759E-03  1.0E-07
  1.900E+01  2.72407E-02  5.81606E-17  2.07695E+00  5.02881E-03  1.0E-07
  1.925E+01  2.79555E-02  5.61951E-17  2.00676E+00  4.92035E-03  1.0E-07
  1.950E+01  2.86793E-02  5.43336E-17  1.94029E+00  4.79194E-03  1.0E-07
  1.975E+01  2.94120E-02  5.25683E-17  1.87725E+00  4.64334E-03  1.0E-07
  2.000E+01  3.01537E-02  5.08918E-17  1.81738E+00  4.47435E-03  1.0E-07
  2.025E+01  3.09043E-02  4.92978E-17  1.76046E+00  4.28484E-03  1.0E-07
  2.050E+01  3.16639E-02  4.77800E-17  1.70626E+00  4.07468E-03  1.0E-07
  2.075E+01  3.24324E-02  4.63331E-17  1.65458E+00  3.84381E-03  1.0E-07
  2.100E+01  3.32098E-02  4.49520E-17  1.60526E+00  3.59219E-03  1.0E-07
  2.125E+01  3.39961E-02  4.36320E-17  1.55813E+00  3.31981E-03  1.0E-07
  2.150E+01  3.47912E-02  4.23690E-17  1.51302E+00  3.02668E-03  1.0E-07
  2.175E+01  3.55952E-02  4.11591E-17  1.46982E+00  2.71284E-03  1.0E-07
  2.200E+01  3.64081E-02  3.99987E-17  1.42838E+00  2.37837E-03  1.0E-07
  2.225E+01  3.72297E-02  3.88848E-17  1.38860E+00  2.02333E-03  1.0E-07
  2.250E+01  3.80602E-02  3.78142E-17  1.35037E+00  1.64784E-03  1.0E-07
  2.275E+01  3.88995E-02  3.67843E-17  1.31359E+00  1.25203E-03  1.0E-07
  2.300E+01  3.97476E-02  3.57926E-17  1.27818E+00  8.36019E-04  1.0E-07
  2.325E+01  4.06044E-02  3.48369E-17  1.24405E+00  3.99979E-04  1.0E-07
  2.350E+01  4.14700E-02  3.39151E-17  1.21113E+00 -5.59146E-05  1.0E-07
  2.375E+01  4.23443E-02  3.30253E-17  1.17936E+00 -5.31468E-04  1.0E-07
  2.400E+01  4.32273E-02  3.21658E-17  1.14866E+00 -1.02647E-03  1.0E-07
  2.425E+01  4.41190E-02  3.13349E-17  1.11899E+00 -1.54068E-03  1.0E-07
  2.450E+01  4.50194E-02  3.05313E-17  1.09029E+00 -2.07385E-03  1.0E-07
  2.475E+01  4.59284E-02  2.97536E-17  1.06252E+00 -2.62570E-03  1.0E-07
  2.500E+01  4.68461E-02  2.90005E-17  1.03563E+00 -3.19593E-03  1.0E-07
  2.550E+01  4.87074E-02  2.75638E-17  9.84320E-01 -4.39021E-03  1.0E-07
  2.600E+01  5.06030E-02  2.62131E-17  9.36086E-01 -5.65375E-03  1.0E-07
  2.650E+01  5.25328E-02  2.49415E-17  8.90678E-01 -6.98313E-03  1.0E-07
  2.700E+01  5.44967E-02  2.37432E-17  8.47884E-01 -8.37439E-03  1.0E-07
  2.750E+01  5.64946E-02  2.26128E-17  8.07518E-01 -9.82295E-03  1.0E-07
  2.800E+01  5.85262E-02  2.15459E-17  7.69420E-01 -1.13236E-02  1.0E-07
  2.850E+01  6.05914E-02  2.05386E-17  7.33445E-01 -1.28703E-02  1.0E-07
  2.900E+01  6.26901E-02  1.95871E-17  6.99466E-01 -1.44565E-02  1.0E-07
  2.950E+01  6.48222E-02  1.86882E-17  6.67367E-01 -1.60746E-02  1.0E-07
  3.000E+01  6.69873E-02  1.78390E-17  6.37042E-01 -1.77163E-02  1.0E-07
  3.050E+01  6.91854E-02  1.70368E-17  6.08394E-01 -1.93725E-02  1.0E-07
  3.100E+01  7.14163E-02  1.62790E-17  5.81333E-01 -2.10332E-02  1.0E-07
  3.150E+01  7.36799E-02  1.55632E-17  5.55773E-01 -2.26879E-02  1.0E-07
  3.200E+01  7.59760E-02  1.48873E-17  5.31637E-01 -2.43249E-02  1.0E-07
  3.250E+01  7.83043E-02  1.42492E-17  5.08847E-01 -2.59322E-02  1.0E-07
  3.300E+01  8.06647E-02  1.36468E-17  4.87335E-01 -2.74970E-02  1.0E-07
  3.350E+01  8.30571E-02  1.30782E-17  4.67030E-01 -2.90060E-02  1.0E-07
  3.400E+01  8.54812E-02  1.25416E-17  4.47870E-01 -3.04455E-02  1.0E-07
  3.450E+01  8.79369E-02  1.20354E-17  4.29792E-01 -3.18014E-02  1.0E-07
  3.500E+01  9.04240E-02  1.15578E-17  4.12737E-01 -3.30595E-02  1.0E-07
  3.550E+01  9.29422E-02  1.11073E-17  3.96649E-01 -3.42056E-02  1.0E-07
  3.600E+01  9.54915E-02  1.06823E-17  3.81474E-01 -3.52256E-02  1.0E-07
  3.650E+01  9.80716E-02  1.02815E-17  3.67160E-01 -3.61055E-02  1.0E-07
  3.700E+01  1.00682E-01  9.90348E-18  3.53660E-01 -3.68319E-02  1.0E-07
  3.750E+01  1.03323E-01  9.54688E-18  3.40925E-01 -3.73918E-02  1.0E-07
  3.800E+01  1.05995E-01  9.21050E-18  3.28913E-01 -3.77730E-02  1.0E-07
  3.850E+01  1.08696E-01  8.89314E-18  3.17580E-01 -3.79640E-02  1.0E-07
  3.900E+01  1.11427E-01  8.59370E-18  3.06887E-01 -3.79545E-02  1.0E-07
  3.950E+01  1.14188E-01  8.31110E-18  2.96795E-01 -3.77352E-02  1.0E-07
  4.000E+01  1.16978E-01  8.04435E-18  2.87269E-01 -3.72979E-02  1.0E-07
  4.050E+01  1.19797E-01  7.79249E-18  2.78275E-01 -3.66358E-02  1.0E-07
  4.100E+01  1.22645E-01  7.55461E-18  2.69780E-01 -3.57435E-02  1.0E-07
  4.150E+01  1.25522E-01  7.32988E-18  2.61755E-01 -3.46170E-02  1.0E-07
  4.200E+01  1.28428E-01  7.11749E-18  2.54170E-01 -3.32538E-02  1.0E-07
  4.250E+01  1.31361E-01  6.91667E-18  2.46999E-01 -3.16530E-02  1.0E-07
  4.300E+01  1.34323E-01  6.72673E-18  2.40216E-01 -2.98152E-02  1.0E-07
  4.350E+01  1.37313E-01  6.54698E-18  2.33797E-01 -2.77424E-02  1.0E-07
  4.400E+01  1.40330E-01  6.37679E-18  2.27719E-01 -2.54385E-02  1.0E-07
  4.450E+01  1.43375E-01  6.21557E-18  2.21962E-01 -2.29085E-02  1.0E-07
  4.500E+01  1.46447E-01  6.06276E-18  2.16505E-01 -2.01590E-02  1.0E-07
  4.550E+01  1.49545E-01  5.91781E-18  2.11329E-01 -1.71981E-02  1.0E-07
  4.600E+01  1.52671E-01  5.78025E-18  2.06416E-01 -1.40349E-02  1.0E-07
  4.650E+01  1.55823E-01  5.64958E-18  2.01750E-01 -1.06799E-02  1.0E-07
  4.700E+01  1.59001E-01  5.52536E-18  1.97314E-01 -7.14482E-03  1.0E-07
  4.750E+01  1.62205E-01  5.40718E-18  1.93094E-01 -3.44213E-03  1.0E-07
  4.800E+01  1.65435E-01  5.29463E-18  1.89075E-01  4.14665E-04  1.0E-07
  4.850E+01  1.68690E-01  5.18733E-18  1.85243E-01  4.41132E-03  1.0E-07
  4.900E+01  1.71970E-01  5.08493E-18  1.81586E-01  8.53295E-03  1.0E-07
  4.950E+01  1.75276E-01  4.98709E-18  1.78092E-01  1.27642E-02  1.0E-07
  5.000E+01  1.78606E-01  4.89347E-18  1.74749E-01  1.70892E-02  1.0E-07
  5.050E+01  1.81961E-01  4.80378E-18  1.71546E-01  2.14920E-02  1.0E-07
  5.100E+01  1.85340E-01  4.71771E-18  1.68473E-01  2.59564E-02  1.0E-07
  5.150E+01  1.88743E-01  4.63500E-18  1.65519E-01  3.04663E-02  1.0E-07
  5.200E+01  1.92169E-01  4.55536E-18  1.62675E-01  3.50054E-02  1.0E-07
  5.250E+01  1.95619E-01  4.47856E-18  1.59932E-01  3.95579E-02  1.0E-07
  5.300E+01  1.99092E-01  4.40434E-18  1.57282E-01  4.41082E-02  1.0E-07
  5.350E+01  2.02589E-01  4.33248E-18  1.54716E-01  4.86410E-02  1.0E-07
  5.400E+01  2.06107E-01  4.26274E-18  1.52225E-01  5.31415E-02  1.0E-07
  5.450E+01  2.09649E-01  4.19493E-18  1.49804E-01  5.75954E-02  1.0E-07
  5.500E+01  2.13212E-01  4.12884E-18  1.47444E-01  6.19891E-02  1.0E-07
  5.550E+01  2.16797E-01  4.06428E-18  1.45138E-01  6.63093E-02  1.0E-07
  5.600E+01  2.20404E-01  4.00106E-18  1.42880E-01  7.05437E-02  1.0E-07
  5.650E+01  2.24032E-01  3.93901E-18  1.40665E-01  7.46803E-02  1.0E-07
  5.700E+01  2.27680E-01  3.87798E-18  1.38485E-01  7.87079E-02  1.0E-07
  5.750E+01  2.31350E-01  3.81779E-18  1.36336E-01  8.26161E-02  1.0E-07
  5.800E+01  2.35040E-01  3.75831E-18  1.34212E-01  8.63949E-02  1.0E-07
  5.850E+01  2.38751E-01  3.69941E-18  1.32108E-01  9.00351E-02  1.0E-07
  5.900E+01  2.42481E-01  3.64094E-18  1.30020E-01  9.35278E-02  1.0E-07
  5.950E+01  2.46231E-01  3.58279E-18  1.27944E-01  9.68650E-02  1.0E-07
  6.000E+01  2.50000E-01  3.52485E-18  1.25875E-01  1.00039E-01  1.0E-07
  6.050E+01  2.53788E-01  3.46702E-18  1.23810E-01  1.03042E-01  1.0E-07
  6.100E+01  2.57595E-01  3.40921E-18  1.21745E-01  1.05868E-01  1.0E-07
  6.150E+01  2.61421E-01  3.35133E-18  1.19678E-01  1.08509E-01  1.0E-07
  6.200E+01  2.65264E-01  3.29330E-18  1.17606E-01  1.10960E-01  1.0E-07
  6.250E+01  2.69126E-01  3.23507E-18  1.15526E-01  1.13214E-01  1.0E-07
  6.300E+01  2.73005E-01  3.17657E-18  1.13438E-01  1.15265E-01  1.0E-07
  6.350E+01  2.76901E-01  3.11777E-18  1.11337E-01  1.17107E-01  1.0E-07
  6.400E+01  2.80814E-01  3.05861E-18  1.09225E-01  1.18733E-01  1.0E-07
  6.450E+01  2.84744E-01  2.99908E-18  1.07099E-01  1.20136E-01  1.0E-07
  6.500E+01  2.88691E-01  2.93915E-18  1.04959E-01  1.21311E-01  1.0E-07
  6.550E+01  2.92653E-01  2.87882E-18  1.02804E-01  1.22249E-01  1.0E-07
  6.600E+01  2.96632E-01  2.81808E-18  1.00635E-01  1.22942E-01  1.0E-07
  6.650E+01  3.00625E-01  2.75694E-18  9.84521E-02  1.23383E-01  1.0E-07
  6.700E+01  3.04634E-01  2.69542E-18  9.62551E-02  1.23562E-01  1.0E-07
  6.750E+01  3.08658E-01  2.63354E-18  9.40453E-02  1.23470E-01  1.0E-07
  6.800E+01  3.12697E-01  2.57134E-18  9.18241E-02  1.23094E-01  1.0E-07
  6.850E+01  3.16749E-01  2.50885E-18  8.95928E-02  1.22424E-01  1.0E-07
  6.900E+01  3.20816E-01  2.44614E-18  8.73534E-02  1.21445E-01  1.0E-07
  6.950E+01  3.24896E-01  2.38326E-18  8.51078E-02  1.20144E-01  1.0E-07
  7.000E+01  3.28990E-01  2.32027E-18  8.28585E-02  1.18504E-01  1.0E-07
  7.050E+01  3.33097E-01  2.25726E-18  8.06081E-02  1.16509E-01  1.0E-07
  7.100E+01  3.37216E-01  2.19429E-18  7.83594E-02  1.14139E-01  1.0E-07
  7.150E+01  3.41348E-01  2.13145E-18  7.61156E-02  1.11372E-01  1.0E-07
  7.200E+01  3.45492E-01  2.06885E-18  7.38799E-02  1.08187E-01  1.0E-07
  7.250E+01  3.49647E-01  2.00657E-18  7.16560E-02  1.04560E-01  1.0E-07
  7.300E+01  3.53814E-01  1.94473E-18  6.94475E-02  1.00463E-01  1.0E-07
  7.350E+01  3.57992E-01  1.88343E-18  6.72585E-02  9.58678E-02  1.0E-07
  7.400E+01  3.62181E-01  1.82278E-18  6.50928E-02  9.07453E-02  1.0E-07
  7.450E+01  3.66381E-01  1.76291E-18  6.29548E-02  8.50633E-02  1.0E-07
  7.500E+01  3.70590E-01  1.70394E-18  6.08488E-02  7.87889E-02  1.0E-07
  7.550E+01  3.74810E-01  1.64599E-18  5.87792E-02  7.18878E-02  1.0E-07
  7.600E+01  3.79039E-01  1.58918E-18  5.67506E-02  6.43255E-02  1.0E-07
  7.650E+01  3.83277E-01  1.53365E-18  5.47676E-02  5.60674E-02  1.0E-07
  7.700E+01  3.87524E-01  1.47953E-18  5.28349E-02  4.70801E-02  1.0E-07
  7.750E+01  3.91780E-01  1.42694E-18  5.09571E-02  3.73325E-02  1.0E-07
  7.800E+01  3.96044E-01  1.37603E-18  4.91388E-02  2.67973E-02  1.0E-07
  7.850E+01  4.00316E-01  1.32691E-18  4.73849E-02  1.54525E-02  1.0E-07
  7.900E+01  4.04596E-01  1.27973E-18  4.56998E-02  3.28373E-03  1.0E-07
  7.950E+01  4.08882E-01  1.23460E-18  4.40883E-02 -9.71324E-03  1.0E-07
  8.000E+01  4.13176E-01  1.19165E-18  4.25547E-02 -2.35298E-02  1.0E-07
  8.050E+01  4.17476E-01  1.15102E-18  4.11035E-02 -3.81415E-02  1.0E-07
  8.100E+01  4.21783E-01  1.11281E-18  3.97391E-02 -5.35048E-02  1.0E-07
  8.150E+01  4.26095E-01  1.07714E-18  3.84654E-02 -6.95539E-02  1.0E-07
  8.200E+01  4.30413E-01  1.04413E-18  3.72865E-02 -8.61979E-02  1.0E-07
  8.250E+01  4.34737E-01  1.01388E-18  3.62062E-02 -1.03319E-01  1.0E-07
  8.300E+01  4.39065E-01  9.86488E-19  3.52281E-02 -1.20769E-01  1.0E-07
  8.350E+01  4.43398E-01  9.62055E-19  3.43556E-02 -1.38374E-01  1.0E-07
  8.400E+01  4.47736E-01  9.40666E-19  3.35918E-02 -1.55930E-01  1.0E-07
  8.450E+01  4.52077E-01  9.22401E-19  3.29395E-02 -1.73212E-01  1.0E-07
  8.500E+01  4.56422E-01  9.07333E-19  3.24014E-02 -1.89977E-01  1.0E-07
  8.550E+01  4.60770E-01  8.95527E-19  3.19799E-02 -2.05972E-01  1.0E-07
  8.600E+01  4.65122E-01  8.87040E-19  3.16768E-02 -2.20947E-01  1.0E-07
  8.650E+01  4.69476E-01  8.81917E-19  3.14938E-02 -2.34661E-01  1.0E-07
  8.700E+01  4.73832E-01  8.80197E-19  3.14324E-02 -2.46898E-01  1.0E-07
  8.750E+01  4.78190E-01  8.81909E-19  3.14935E-02 -2.57474E-01  1.0E-07
  8.800E+01  4.82550E-01  8.87069E-19  3.16778E-02 -2.66246E-01  1.0E-07
  8.850E+01  4.86912E-01  8.95685E-19  3.19855E-02 -2.73121E-01  1.0E-07
  8.900E+01  4.91274E-01  9.07754E-19  3.24165E-02 -2.78057E-01  1.0E-07
  8.950E+01  4.95637E-01  9.23262E-19  3.29703E-02 -2.81060E-01  1.0E-07
  9.000E+01  5.00000E-01  9.42184E-19  3.36460E-02 -2.82186E-01  1.0E-07
  9.050E+01  5.04363E-01  9.64485E-19  3.44424E-02 -2.81532E-01  1.0E-07
  9.100E+01  5.08726E-01  9.90115E-19  3.53577E-02 -2.79227E-01  1.0E-07
  9.150E+01  5.13088E-01  1.01902E-18  3.63898E-02 -2.75424E-01  1.0E-07
  9.200E+01  5.17450E-01  1.05112E-18  3.75362E-02 -2.70296E-01  1.0E-07
  9.250E+01  5.21810E-01  1.08634E-18  3.87941E-02 -2.64019E-01  1.0E-07
  9.300E+01  5.26168E-01  1.12459E-18  4.01600E-02 -2.56772E-01  1.0E-07
  9.350E+01  5.30524E-01  1.16577E-18  4.16303E-02 -2.48728E-01  1.0E-07
  9.400E+01  5.34878E-01  1.20975E-18  4.32009E-02 -2.40049E-01  1.0E-07
  9.450E+01  5.39230E-01  1.25641E-18  4.48672E-02 -2.30885E-01  1.0E-07
  9.500E+01  5.43578E-01  1.30562E-18  4.66244E-02 -2.21371E-01  1.0E-07
  9.550E+01  5.47923E-01  1.35722E-18  4.84673E-02 -2.11624E-01  1.0E-07
  9.600E+01  5.52264E-01  1.41107E-18  5.03901E-02 -2.01749E-01  1.0E-07
  9.650E+01  5.56602E-01  1.46698E-18  5.23869E-02 -1.91833E-01  1.0E-07
  9.700E+01  5.60935E-01  1.52480E-18  5.44515E-02 -1.81947E-01  1.0E-07
  9.750E+01  5.65263E-01  1.58432E-18  5.65771E-02 -1.72154E-01  1.0E-07
  9.800E+01  5.69587E-01  1.64536E-18  5.87570E-02 -1.62501E-01  1.0E-07
  9.850E+01  5.73905E-01  1.70772E-18  6.09838E-02 -1.53025E-01  1.0E-07
  9.900E+01  5.78217E-01  1.77119E-18  6.32502E-02 -1.43757E-01  1.0E-07
  9.950E+01  5.82524E-01  1.83554E-18  6.55483E-02 -1.34717E-01  1.0E-07
  1.000E+02  5.86824E-01  1.90056E-18  6.78703E-02 -1.25921E-01  1.0E-07
  1.005E+02  5.91118E-01  1.96603E-18  7.02081E-02 -1.17378E-01  1.0E-07
  1.010E+02  5.95404E-01  2.03170E-18  7.25532E-02 -1.09093E-01  1.0E-07
  1.015E+02  5.99684E-01  2.09734E-18  7.48973E-02 -1.01067E-01  1.0E-07
  1.020E+02  6.03956E-01  2.16271E-18  7.72318E-02 -9.32997E-02  1.0E-07
  1.025E+02  6.08220E-01  2.22757E-18  7.95479E-02 -8.57858E-02  1.0E-07
  1.030E+02  6.12476E-01  2.29167E-18  8.18371E-02 -7.85198E-02  1.0E-07
  1.035E+02  6.16723E-01  2.35477E-18  8.40904E-02 -7.14946E-02  1.0E-07
  1.040E+02  6.20961E-01  2.41662E-18  8.62991E-02 -6.47017E-02  1.0E-07
  1.045E+02  6.25190E-01  2.47698E-18  8.84544E-02 -5.81318E-02  1.0E-07
  1.050E+02  6.29410E-01  2.53559E-18  9.05477E-02 -5.17753E-02  1.0E-07
  1.055E+02  6.33619E-01  2.59223E-18  9.25702E-02 -4.56217E-02  1.0E-07
  1.060E+02  6.37819E-01  2.64665E-18  9.45135E-02 -3.96608E-02  1.0E-07
  1.065E+02  6.42008E-01  2.69861E-18  9.63692E-02 -3.38819E-02  1.0E-07
  1.070E+02  6.46186E-01  2.74789E-18  9.81290E-02 -2.82744E-02  1.0E-07
  1.075E+02  6.50353E-01  2.79427E-18  9.97851E-02 -2.28277E-02  1.0E-07
  1.080E+02  6.54508E-01  2.83752E-18  1.01330E-01 -1.75313E-02  1.0E-07
  1.085E+02  6.58652E-01  2.87744E-18  1.02755E-01 -1.23748E-02  1.0E-07
  1.090E+02  6.62784E-01  2.91383E-18  1.04055E-01 -7.34783E-03  1.0E-07
  1.095E+02  6.66903E-01  2.94650E-18  1.05221E-01 -2.44036E-03  1.0E-07
  1.100E+02  6.71010E-01  2.97526E-18  1.06248E-01  2.35766E-03  1.0E-07
  1.105E+02  6.75104E-01  2.99994E-18  1.07130E-01  7.05607E-03  1.0E-07
  1.110E+02  6.79184E-01  3.02040E-18  1.07860E-01  1.16646E-02  1.0E-07
  1.115E+02  6.83251E-01  3.03647E-18  1.08434E-01  1.61930E-02  1.0E-07
  1.120E+02  6.87303E-01  3.04804E-18  1.08847E-01  2.06507E-02  1.0E-07
  1.125E+02  6.91342E-01  3.05497E-18  1.09095E-01  2.50473E-02  1.0E-07
  1.130E+02  6.95366E-01  3.05718E-18  1.09174E-01  2.93924E-02  1.0E-07
  1.135E+02  6.99375E-01  3.05457E-18  1.09081E-01  3.36953E-02  1.0E-07
  1.140E+02  7.03368E-01  3.04707E-18  1.08813E-01  3.79658E-02  1.0E-07
  1.145E+02  7.07347E-01  3.03462E-18  1.08368E-01  4.22136E-02  1.0E-07
  1.150E+02  7.11309E-01  3.01719E-18  1.07746E-01  4.64486E-02  1.0E-07
  1.155E+02  7.15256E-01  2.99476E-18  1.06945E-01  5.06809E-02  1.0E-07
  1.160E+02  7.19186E-01  2.96733E-18  1.05965E-01  5.49209E-02  1.0E-07
  1.165E+02  7.23099E-01  2.93492E-18  1.04808E-01  5.91795E-02  1.0E-07
  1.170E+02  7.26995E-01  2.89755E-18  1.03473E-01  6.34678E-02  1.0E-07
  1.175E+02  7.30874E-01  2.85529E-18  1.01964E-01  6.77978E-02  1.0E-07
  1.180E+02  7.34736E-01  2.80821E-18  1.00283E-01  7.21817E-02  1.0E-07
  1.185E+02  7.38579E-01  2.75641E-18  9.84331E-02  7.66329E-02  1.0E-07
  1.190E+02  7.42405E-01  2.70000E-18  9.64186E-02  8.11655E-02  1.0E-07
  1.195E+02  7.46212E-01  2.63911E-18  9.42444E-02  8.57946E-02  1.0E-07
  1.200E+02  7.50000E-01  2.57391E-18  9.19158E-02  9.05368E-02  1.0E-07
  1.205E+02  7.53769E-01  2.50455E-18  8.94393E-02  9.54098E-02  1.0E-07
  1.210E+02  7.57519E-01  2.43125E-18  8.68216E-02  1.00433E-01  1.0E-07
  1.215E+02  7.61249E-01  2.35422E-18  8.40706E-02  1.05629E-01  1.0E-07
  1.220E+02  7.64960E-01  2.27368E-18  8.11944E-02  1.11020E-01  1.0E-07
  1.225E+02  7.68650E-01  2.18988E-18  7.82022E-02  1.16635E-01  1.0E-07
  1.230E+02  7.72320E-01  2.10312E-18  7.51036E-02  1.22502E-01  1.0E-07
  1.235E+02  7.75968E-01  2.01366E-18  7.19090E-02  1.28656E-01  1.0E-07
  1.240E+02  7.79596E-01  1.92182E-18  6.86294E-02  1.35134E-01  1.0E-07
  1.245E+02  7.83203E-01  1.82793E-18  6.52764E-02  1.41982E-01  1.0E-07
  1.250E+02  7.86788E-01  1.73232E-18  6.18622E-02  1.49249E-01  1.0E-07
  1.255E+02  7.90351E-01  1.63536E-18  5.83996E-02  1.56993E-01  1.0E-07
  1.260E+02  7.93893E-01  1.53741E-18  5.49020E-02  1.65283E-01  1.0E-07
  1.265E+02  7.97411E-01  1.43888E-18  5.13832E-02  1.74199E-01  1.0E-07
  1.270E+02  8.00908E-01  1.34015E-18  4.78575E-02  1.83834E-01  1.0E-07
  1.275E+02  8.04381E-01  1.24164E-18  4.43399E-02  1.94301E-01  1.0E-07
  1.280E+02  8.07831E-01  1.14379E-18  4.08455E-02  2.05734E-01  1.0E-07
  1.285E+02  8.11257E-01  1.04703E-18  3.73900E-02  2.18297E-01  1.0E-07
  1.290E+02  8.14660E-01  9.51801E-19  3.39894E-02  2.32188E-01  1.0E-07
  1.295E+02  8.18039E-01  8.58569E-19  3.06600E-02  2.47652E-01  1.0E-07
  1.300E+02  8.21394E-01  7.67796E-19  2.74185E-02  2.64996E-01  1.0E-07
  1.305E+02  8.24724E-01  6.79953E-19  2.42816E-02  2.84603E-01  1.0E-07
  1.310E+02  8.28030E-01  5.95518E-19  2.12663E-02  3.06965E-01  1.0E-07
  1.315E+02  8.31310E-01  5.14972E-19  1.83900E-02  3.32711E-01  1.0E-07
  1.320E+02  8.34565E-01  4.38798E-19  1.56697E-02  3.62659E-01  1.0E-07
  1.325E+02  8.37795E-01  3.67482E-19  1.31230E-02  3.97882E-01  1.0E-07
  1.330E+02  8.40999E-01  3.01510E-19  1.07671E-02  4.39778E-01  1.0E-07
  1.335E+02  8.44177E-01  2.41367E-19  8.61937E-03  4.90148E-01  1.0E-07
  1.340E+02  8.47329E-01  1.87536E-19  6.69703E-03  5.51157E-01  1.0E-07
  1.345E+02  8.50455E-01  1.40496E-19  5.01719E-03  6.24867E-01  1.0E-07
  1.350E+02  8.53553E-01  1.00720E-19  3.59676E-03  7.11081E-01  1.0E-07
  1.355E+02  8.56625E-01  6.86754E-20  2.45244E-03  7.99059E-01  1.0E-07
  1.360E+02  8.59670E-01  4.48225E-20  1.60064E-03  8.38593E-01  1.0E-07
  1.365E+02  8.62687E-01  2.96110E-20  1.05743E-03  6.68217E-01  1.0E-07
  1.370E+02  8.65677E-01  2.34805E-20  8.38503E-04  6.40309E-02  1.0E-07
  1.375E+02  8.68639E-01  2.68584E-20  9.59132E-04 -6.41463E-01  1.0E-07
  1.380E+02  8.71572E-01  4.01590E-20  1.43411E-03 -9.05799E-01  1.0E-07
  1.385E+02  8.74478E-01  6.37818E-20  2.27769E-03 -8.76482E-01  1.0E-07
  1.390E+02  8.77355E-01  9.81102E-20  3.50358E-03 -7.72351E-01  1.0E-07
  1.395E+02  8.80203E-01  1.43510E-19  5.12484E-03 -6.68628E-01  1.0E-07
  1.400E+02  8.83022E-01  2.00330E-19  7.15390E-03 -5.81064E-01  1.0E-07
  1.405E+02  8.85812E-01  2.68896E-19  9.60245E-03 -5.09808E-01  1.0E-07
  1.410E+02  8.88573E-01  3.49516E-19  1.24814E-02 -4.51935E-01  1.0E-07
  1.415E+02  8.91304E-01  4.42475E-19  1.58011E-02 -4.04508E-01  1.0E-07
  1.420E+02  8.94005E-01  5.48033E-19  1.95706E-02 -3.65167E-01  1.0E-07
  1.425E+02  8.96677E-01  6.66428E-19  2.37986E-02 -3.32119E-01  1.0E-07
  1.430E+02  8.99318E-01  7.97871E-19  2.84925E-02 -3.04028E-01  1.0E-07
  1.435E+02  9.01928E-01  9.42548E-19  3.36590E-02 -2.79885E-01  1.0E-07
  1.440E+02  9.04508E-01  1.10062E-18  3.93037E-02 -2.58931E-01  1.0E-07
  1.445E+02  9.07058E-01  1.27221E-18  4.54314E-02 -2.40580E-01  1.0E-07
  1.450E+02  9.09576E-01  1.45742E-18  5.20455E-02 -2.24381E-01  1.0E-07
  1.455E+02  9.12063E-01  1.65633E-18  5.91487E-02 -2.09975E-01  1.0E-07
  1.460E+02  9.14519E-01  1.86898E-18  6.67425E-02 -1.97082E-01  1.0E-07
  1.465E+02  9.16943E-01  2.09538E-18  7.48273E-02 -1.85473E-01  1.0E-07
  1.470E+02  9.19335E-01  2.33550E-18  8.34023E-02 -1.74963E-01  1.0E-07
  1.475E+02  9.21696E-01  2.58930E-18  9.24657E-02 -1.65403E-01  1.0E-07
  1.480E+02  9.24024E-01  2.85670E-18  1.02015E-01 -1.56665E-01  1.0E-07
  1.485E+02  9.26320E-01  3.13757E-18  1.12045E-01 -1.48647E-01  1.0E-07
  1.490E+02  9.28584E-01  3.43177E-18  1.22551E-01 -1.41261E-01  1.0E-07
  1.495E+02  9.30815E-01  3.73912E-18  1.33527E-01 -1.34433E-01  1.0E-07
  1.500E+02  9.33013E-01  4.05941E-18  1.44964E-01 -1.28100E-01  1.0E-07
  1.505E+02  9.35178E-01  4.39239E-18  1.56855E-01 -1.22208E-01  1.0E-07
  1.510E+02  9.37310E-01  4.73778E-18  1.69189E-01 -1.16711E-01  1.0E-07
  1.515E+02  9.39409E-01  5.09527E-18  1.81955E-01 -1.11569E-01  1.0E-07
  1.520E+02  9.41474E-01  5.46452E-18  1.95142E-01 -1.06746E-01  1.0E-07
  1.525E+02  9.43505E-01  5.84516E-18  2.08735E-01 -1.02212E-01  1.0E-07
  1.530E+02  9.45503E-01  6.23679E-18  2.22720E-01 -9.79402E-02  1.0E-07
  1.535E+02  9.47467E-01  6.63897E-18  2.37082E-01 -9.39073E-02  1.0E-07
  1.540E+02  9.49397E-01  7.05124E-18  2.51804E-01 -9.00921E-02  1.0E-07
  1.545E+02  9.51293E-01  7.47310E-18  2.66869E-01 -8.64760E-02  1.0E-07
  1.550E+02  9.53154E-01  7.90404E-18  2.82258E-01 -8.30426E-02  1.0E-07
  1.555E+02  9.54981E-01  8.34351E-18  2.97952E-01 -7.97769E-02  1.0E-07
  1.560E+02  9.56773E-01  8.79094E-18  3.13930E-01 -7.66657E-02  1.0E-07
  1.565E+02  9.58530E-01  9.24572E-18  3.30171E-01 -7.36971E-02  1.0E-07
  1.570E+02  9.60252E-01  9.70724E-18  3.46652E-01 -7.08602E-02  1.0E-07
  1.575E+02  9.61940E-01  1.01748E-17  3.63350E-01 -6.81454E-02  1.0E-07
  1.580E+02  9.63592E-01  1.06479E-17  3.80243E-01 -6.55436E-02  1.0E-07
  1.585E+02  9.65209E-01  1.11256E-17  3.97304E-01 -6.30469E-02  1.0E-07
  1.590E+02  9.66790E-01  1.16074E-17  4.14510E-01 -6.06480E-02  1.0E-07
  1.595E+02  9.68336E-01  1.20926E-17  4.31833E-01 -5.83401E-02  1.0E-07
  1.600E+02  9.69846E-01  1.25802E-17  4.49248E-01 -5.61170E-02  1.0E-07
  1.605E+02  9.71321E-01  1.30697E-17  4.66729E-01 -5.39731E-02  1.0E-07
  1.610E+02  9.72759E-01  1.35603E-17  4.84246E-01 -5.19033E-02  1.0E-07
  1.615E+02  9.74162E-01  1.40511E-17  5.01774E-01 -4.99027E-02  1.0E-07
  1.620E+02  9.75528E-01  1.45414E-17  5.19283E-01 -4.79668E-02  1.0E-07
  1.625E+02  9.76858E-01  1.50304E-17  5.36745E-01 -4.60917E-02  1.0E-07
  1.630E+02  9.78152E-01  1.55173E-17  5.54132E-01 -4.42735E-02  1.0E-07
  1.635E+02  9.79410E-01  1.60013E-17  5.71415E-01 -4.25087E-02  1.0E-07
  1.640E+02  9.80631E-01  1.64815E-17  5.88566E-01 -4.07939E-02  1.0E-07
  1.645E+02  9.81815E-01  1.69572E-17  6.05554E-01 -3.91262E-02  1.0E-07
  1.650E+02  9.82963E-01  1.74276E-17  6.22352E-01 -3.75027E-02  1.0E-07
  1.655E+02  9.84074E-01  1.78919E-17  6.38931E-01 -3.59206E-02  1.0E-07
  1.660E+02  9.85148E-01  1.83492E-17  6.55262E-01 -3.43775E-02  1.0E-07
  1.665E+02  9.86185E-01  1.87988E-17  6.71317E-01 -3.28710E-02  1.0E-07
  1.670E+02  9.87185E-01  1.92399E-17  6.87068E-01 -3.13989E-02  1.0E-07
  1.675E+02  9.88148E-01  1.96716E-17  7.02487E-01 -2.99591E-02  1.0E-07
  1.680E+02  9.89074E-01  2.00934E-17  7.17547E-01 -2.85496E-02  1.0E-07
  1.685E+02  9.89962E-01  2.05043E-17  7.32221E-01 -2.71686E-02  1.0E-07
  1.690E+02  9.90814E-01  2.09037E-17  7.46484E-01 -2.58142E-02  1.0E-07
  1.695E+02  9.91627E-01  2.12908E-17  7.60309E-01 -2.44849E-02  1.0E-07
  1.700E+02  9.92404E-01  2.16650E-17  7.73672E-01 -2.31789E-02  1.0E-07
  1.705E+02  9.93143E-01  2.20256E-17  7.86549E-01 -2.18948E-02  1.0E-07
  1.710E+02  9.93844E-01  2.23719E-17  7.98915E-01 -2.06311E-02  1.0E-07
  1.715E+02  9.94508E-01  2.27033E-17  8.10749E-01 -1.93864E-02  1.0E-07
  1.720E+02  9.95134E-01  2.30192E-17  8.22030E-01 -1.81594E-02  1.0E-07
  1.725E+02  9.95722E-01  2.33190E-17  8.32735E-01 -1.69488E-02  1.0E-07
  1.730E+02  9.96273E-01  2.36021E-17  8.42846E-01 -1.57534E-02  1.0E-07
  1.735E+02  9.96786E-01  2.38681E-17  8.52344E-01 -1.45720E-02  1.0E-07
  1.740E+02  9.97261E-01  2.41164E-17  8.61211E-01 -1.34033E-02  1.0E-07
  1.745E+02  9.97698E-01  2.43466E-17  8.69431E-01 -1.22464E-02  1.0E-07
  1.750E+02  9.98097E-01  2.45582E-17  8.76989E-01 -1.11001E-02  1.0E-07
  1.755E+02  9.98459E-01  2.47509E-17  8.83870E-01 -9.96335E-03  1.0E-07
  1.760E+02  9.98782E-01  2.49243E-17  8.90062E-01 -8.83515E-03  1.0E-07
  1.765E+02  9.99067E-01  2.50781E-17  8.95554E-01 -7.71449E-03  1.0E-07
  1.770E+02  9.99315E-01  2.52119E-17  9.00334E-01 -6.60038E-03  1.0E-07
  1.775E+02  9.99524E-01  2.53256E-17  9.04394E-01 -5.49185E-03  1.0E-07
  1.780E+02  9.99695E-01  2.54189E-17  9.07726E-01 -4.38795E-03  1.0E-07
  1.785E+02  9.99829E-01  2.54917E-17  9.10324E-01 -3.28775E-03  1.0E-07
  1.790E+02  9.99924E-01  2.55437E-17  9.12183E-01 -2.19030E-03  1.0E-07
  1.795E+02  9.99981E-01  2.55750E-17  9.13300E-01 -1.09469E-03  1.0E-07
  1.800E+02  1.00000E+00  2.55854E-17  9.13673E-01 -1.53601E-17  1.0E-07
