 #
 # Subroutine ELSEPA. Elastic scattering of electrons and positrons
 #                    by neutral atoms and positive ions
 #
 # Projectile: electron
 # Kinetic energy = 1.20000E+03 eV = 4.40992E+01 a.u.
 #
 # Element: Au,  Z =  79,  atomic weight = 1.96967E+02 g/mol
 #
 # Nuclear model: Fermi distribution
 #                Average radius = 6.22560E-13 cm
 #                Skin thickness = 5.46000E-14 cm
 #
 # Number of electrons = 79
 #
 # Electron density: Read from file z_079.den   
 #                   Number of data points =  777
 #                   Volume integral = 7.90000E+01
 #
 # Furness-McCarthy exchange potential
 #
 # Total elastic cross section = 2.31037E-16 cm**2 = 8.25049E+00 a0**2
 # 1st transport cross section = 5.97031E-17 cm**2 = 2.13203E+00 a0**2
 # 2nd transport cross section = 5.24702E-17 cm**2 = 1.87374E+00 a0**2
 #
 #
 # Differential cross section:                       MU=(1-COS(THETA))/2
 #
 #  THETA        MU          DCS          DCS        Sherman      error
 #  (deg)                 (cm**2/sr)   (a0**2/sr)    function
 #----------------------------------------------------------------------
  0.000E+00  0.00000E+00  3.05491E-15  1.09093E+02  0.00000E+00  1.0E-07
  1.000E-04  7.61557E-13  3.05491E-15  1.09093E+02 -3.45669E-09  1.0E-07
  1.250E-04  1.18994E-12  3.05491E-15  1.09093E+02 -4.32086E-09  1.0E-07
  1.500E-04  1.71346E-12  3.05491E-15  1.09093E+02 -5.18503E-09  1.0E-07
  1.750E-04  2.33225E-12  3.05491E-15  1.09093E+02 -6.04920E-09  1.0E-07
  2.000E-04  3.04617E-12  3.05491E-15  1.09093E+02 -6.91337E-09  1.0E-07
  2.250E-04  3.85530E-12  3.05491E-15  1.09093E+02 -7.77754E-09  1.0E-07
  2.500E-04  4.75964E-12  3.05491E-15  1.09093E+02 -8.64172E-09  1.0E-07
  2.750E-04  5.75917E-12  3.05491E-15  1.09093E+02 -9.50589E-09  1.0E-07
  3.000E-04  6.85391E-12  3.05491E-15  1.09093E+02 -1.03701E-08  1.0E-07
  3.250E-04  8.04379E-12  3.05491E-15  1.09093E+02 -1.12342E-08  1.0E-07
  3.500E-04  9.32893E-12  3.05491E-15  1.09093E+02 -1.20984E-08  1.0E-07
  3.750E-04  1.07092E-11  3.05491E-15  1.09093E+02 -1.29626E-08  1.0E-07
  4.000E-04  1.21847E-11  3.05491E-15  1.09093E+02 -1.38267E-08  1.0E-07
  4.250E-04  1.37554E-11  3.05491E-15  1.09093E+02 -1.46909E-08  1.0E-07
  4.500E-04  1.54213E-11  3.05491E-15  1.09093E+02 -1.55551E-08  1.0E-07
  4.750E-04  1.71823E-11  3.05491E-15  1.09093E+02 -1.64193E-08  1.0E-07
  5.000E-04  1.90386E-11  3.05491E-15  1.09093E+02 -1.72834E-08  1.0E-07
  5.250E-04  2.09900E-11  3.05491E-15  1.09093E+02 -1.81476E-08  1.0E-07
  5.500E-04  2.30367E-11  3.05491E-15  1.09093E+02 -1.90118E-08  1.0E-07
  5.750E-04  2.51785E-11  3.05491E-15  1.09093E+02 -1.98759E-08  1.0E-07
  6.000E-04  2.74156E-11  3.05491E-15  1.09093E+02 -2.07401E-08  1.0E-07
  6.250E-04  2.97478E-11  3.05491E-15  1.09093E+02 -2.16043E-08  1.0E-07
  6.500E-04  3.21752E-11  3.05491E-15  1.09093E+02 -2.24685E-08  1.0E-07
  6.750E-04  3.46979E-11  3.05491E-15  1.09093E+02 -2.33326E-08  1.0E-07
  7.000E-04  3.73157E-11  3.05491E-15  1.09093E+02 -2.41968E-08  1.0E-07
  7.250E-04  4.00286E-11  3.05491E-15  1.09093E+02 -2.50610E-08  1.0E-07
  7.500E-04  4.28368E-11  3.05491E-15  1.09093E+02 -2.59251E-08  1.0E-07
  7.750E-04  4.57402E-11  3.05491E-15  1.09093E+02 -2.67893E-08  1.0E-07
  8.000E-04  4.87388E-11  3.05491E-15  1.09093E+02 -2.76535E-08  1.0E-07
  8.250E-04  5.18325E-11  3.05491E-15  1.09093E+02 -2.85177E-08  1.0E-07
  8.500E-04  5.50215E-11  3.05491E-15  1.09093E+02 -2.93818E-08  1.0E-07
  8.750E-04  5.83057E-11  3.05491E-15  1.09093E+02 -3.02460E-08  1.0E-07
  9.000E-04  6.16850E-11  3.05491E-15  1.09093E+02 -3.11102E-08  1.0E-07
  9.250E-04  6.51595E-11  3.05491E-15  1.09093E+02 -3.19743E-08  1.0E-07
  9.500E-04  6.87293E-11  3.05491E-15  1.09093E+02 -3.28385E-08  1.0E-07
  9.750E-04  7.23943E-11  3.05491E-15  1.09093E+02 -3.37027E-08  1.0E-07
  1.000E-03  7.61544E-11  3.05491E-15  1.09093E+02 -3.45669E-08  1.0E-07
  1.250E-03  1.18991E-10  3.05491E-15  1.09093E+02 -4.32086E-08  1.0E-07
  1.500E-03  1.71347E-10  3.05491E-15  1.09093E+02 -5.18503E-08  1.0E-07
  1.750E-03  2.33223E-10  3.05491E-15  1.09093E+02 -6.04920E-08  1.0E-07
  2.000E-03  3.04617E-10  3.05491E-15  1.09093E+02 -6.91337E-08  1.0E-07
  2.250E-03  3.85531E-10  3.05491E-15  1.09093E+02 -7.77754E-08  1.0E-07
  2.500E-03  4.75965E-10  3.05491E-15  1.09093E+02 -8.64172E-08  1.0E-07
  2.750E-03  5.75917E-10  3.05491E-15  1.09093E+02 -9.50589E-08  1.0E-07
  3.000E-03  6.85389E-10  3.05491E-15  1.09093E+02 -1.03701E-07  1.0E-07
  3.250E-03  8.04380E-10  3.05490E-15  1.09093E+02 -1.12342E-07  1.0E-07
  3.500E-03  9.32891E-10  3.05490E-15  1.09093E+02 -1.20984E-07  1.0E-07
  3.750E-03  1.07092E-09  3.05490E-15  1.09093E+02 -1.29626E-07  1.0E-07
  4.000E-03  1.21847E-09  3.05490E-15  1.09093E+02 -1.38267E-07  1.0E-07
  4.250E-03  1.37554E-09  3.05490E-15  1.09093E+02 -1.46909E-07  1.0E-07
  4.500E-03  1.54213E-09  3.05490E-15  1.09093E+02 -1.55551E-07  1.0E-07
  4.750E-03  1.71823E-09  3.05490E-15  1.09093E+02 -1.64193E-07  1.0E-07
  5.000E-03  1.90386E-09  3.05490E-15  1.09093E+02 -1.72834E-07  1.0E-07
  5.250E-03  2.09900E-09  3.05490E-15  1.09093E+02 -1.81476E-07  1.0E-07
  5.500E-03  2.30367E-09  3.05490E-15  1.09093E+02 -1.90118E-07  1.0E-07
  5.750E-03  2.51785E-09  3.05490E-15  1.09093E+02 -1.98759E-07  1.0E-07
  6.000E-03  2.74156E-09  3.05490E-15  1.09093E+02 -2.07401E-07  1.0E-07
  6.250E-03  2.97478E-09  3.05490E-15  1.09093E+02 -2.16043E-07  1.0E-07
  6.500E-03  3.21752E-09  3.05490E-15  1.09093E+02 -2.24685E-07  1.0E-07
  6.750E-03  3.46978E-09  3.05490E-15  1.09093E+02 -2.33326E-07  1.0E-07
  7.000E-03  3.73156E-09  3.05490E-15  1.09093E+02 -2.41968E-07  1.0E-07
  7.250E-03  4.00286E-09  3.05490E-15  1.09093E+02 -2.50610E-07  1.0E-07
  7.500E-03  4.28368E-09  3.05490E-15  1.09092E+02 -2.59252E-07  1.0E-07
  7.750E-03  4.57402E-09  3.05490E-15  1.09092E+02 -2.67893E-07  1.0E-07
  8.000E-03  4.87388E-09  3.05490E-15  1.09092E+02 -2.76535E-07  1.0E-07
  8.250E-03  5.18326E-09  3.05490E-15  1.09092E+02 -2.85177E-07  1.0E-07
  8.500E-03  5.50215E-09  3.05490E-15  1.09092E+02 -2.93818E-07  1.0E-07
  8.750E-03  5.83057E-09  3.05490E-15  1.09092E+02 -3.02460E-07  1.0E-07
  9.000E-03  6.16850E-09  3.05490E-15  1.09092E+02 -3.11102E-07  1.0E-07
  9.250E-03  6.51596E-09  3.05490E-15  1.09092E+02 -3.19744E-07  1.0E-07
  9.500E-03  6.87293E-09  3.05490E-15  1.09092E+02 -3.28385E-07  1.0E-07
  9.750E-03  7.23942E-09  3.05490E-15  1.09092E+02 -3.37027E-07  1.0E-07
  1.000E-02  7.61544E-09  3.05490E-15  1.09092E+02 -3.45669E-07  1.0E-07
  1.250E-02  1.18991E-08  3.05489E-15  1.09092E+02 -4.32086E-07  1.0E-07
  1.500E-02  1.71347E-08  3.05489E-15  1.09092E+02 -5.18503E-07  1.0E-07
  1.750E-02  2.33223E-08  3.05488E-15  1.09092E+02 -6.04920E-07  1.0E-07
  2.000E-02  3.04617E-08  3.05487E-15  1.09091E+02 -6.91338E-07  1.0E-07
  2.250E-02  3.85531E-08  3.05486E-15  1.09091E+02 -7.77755E-07  1.0E-07
  2.500E-02  4.75965E-08  3.05485E-15  1.09091E+02 -8.64173E-07  1.0E-07
  2.750E-02  5.75917E-08  3.05484E-15  1.09090E+02 -9.50590E-07  1.0E-07
  3.000E-02  6.85389E-08  3.05482E-15  1.09090E+02 -1.03701E-06  1.0E-07
  3.250E-02  8.04380E-08  3.05481E-15  1.09089E+02 -1.12343E-06  1.0E-07
  3.500E-02  9.32891E-08  3.05479E-15  1.09089E+02 -1.20984E-06  1.0E-07
  3.750E-02  1.07092E-07  3.05478E-15  1.09088E+02 -1.29626E-06  1.0E-07
  4.000E-02  1.21847E-07  3.05476E-15  1.09087E+02 -1.38268E-06  1.0E-07
  4.250E-02  1.37554E-07  3.05474E-15  1.09087E+02 -1.46910E-06  1.0E-07
  4.500E-02  1.54213E-07  3.05472E-15  1.09086E+02 -1.55552E-06  1.0E-07
  4.750E-02  1.71823E-07  3.05470E-15  1.09085E+02 -1.64193E-06  1.0E-07
  5.000E-02  1.90386E-07  3.05468E-15  1.09085E+02 -1.72835E-06  1.0E-07
  5.250E-02  2.09900E-07  3.05465E-15  1.09084E+02 -1.81477E-06  1.0E-07
  5.500E-02  2.30367E-07  3.05463E-15  1.09083E+02 -1.90119E-06  1.0E-07
  5.750E-02  2.51785E-07  3.05460E-15  1.09082E+02 -1.98761E-06  1.0E-07
  6.000E-02  2.74156E-07  3.05458E-15  1.09081E+02 -2.07403E-06  1.0E-07
  6.250E-02  2.97478E-07  3.05455E-15  1.09080E+02 -2.16045E-06  1.0E-07
  6.500E-02  3.21752E-07  3.05452E-15  1.09079E+02 -2.24687E-06  1.0E-07
  6.750E-02  3.46978E-07  3.05449E-15  1.09078E+02 -2.33329E-06  1.0E-07
  7.000E-02  3.73156E-07  3.05446E-15  1.09077E+02 -2.41971E-06  1.0E-07
  7.250E-02  4.00286E-07  3.05443E-15  1.09075E+02 -2.50613E-06  1.0E-07
  7.500E-02  4.28368E-07  3.05439E-15  1.09074E+02 -2.59255E-06  1.0E-07
  7.750E-02  4.57402E-07  3.05436E-15  1.09073E+02 -2.67897E-06  1.0E-07
  8.000E-02  4.87388E-07  3.05432E-15  1.09072E+02 -2.76539E-06  1.0E-07
  8.250E-02  5.18325E-07  3.05428E-15  1.09070E+02 -2.85181E-06  1.0E-07
  8.500E-02  5.50215E-07  3.05424E-15  1.09069E+02 -2.93823E-06  1.0E-07
  8.750E-02  5.83057E-07  3.05421E-15  1.09068E+02 -3.02465E-06  1.0E-07
  9.000E-02  6.16850E-07  3.05416E-15  1.09066E+02 -3.11107E-06  1.0E-07
  9.250E-02  6.51596E-07  3.05412E-15  1.09065E+02 -3.19749E-06  1.0E-07
  9.500E-02  6.87293E-07  3.05408E-15  1.09063E+02 -3.28391E-06  1.0E-07
  9.750E-02  7.23942E-07  3.05404E-15  1.09062E+02 -3.37034E-06  1.0E-07
  1.000E-01  7.61543E-07  3.05399E-15  1.09060E+02 -3.45676E-06  1.0E-07
  1.250E-01  1.18991E-06  3.05348E-15  1.09042E+02 -4.32100E-06  1.0E-07
  1.500E-01  1.71347E-06  3.05285E-15  1.09019E+02 -5.18527E-06  1.0E-07
  1.750E-01  2.33223E-06  3.05211E-15  1.08993E+02 -6.04959E-06  1.0E-07
  2.000E-01  3.04617E-06  3.05125E-15  1.08962E+02 -6.91395E-06  1.0E-07
  2.250E-01  3.85531E-06  3.05028E-15  1.08927E+02 -7.77836E-06  1.0E-07
  2.500E-01  4.75964E-06  3.04919E-15  1.08889E+02 -8.64284E-06  1.0E-07
  2.750E-01  5.75916E-06  3.04800E-15  1.08846E+02 -9.50738E-06  1.0E-07
  3.000E-01  6.85388E-06  3.04669E-15  1.08799E+02 -1.03720E-05  1.0E-07
  3.250E-01  8.04378E-06  3.04526E-15  1.08748E+02 -1.12367E-05  1.0E-07
  3.500E-01  9.32888E-06  3.04373E-15  1.08693E+02 -1.21015E-05  1.0E-07
  3.750E-01  1.07092E-05  3.04208E-15  1.08635E+02 -1.29663E-05  1.0E-07
  4.000E-01  1.21846E-05  3.04032E-15  1.08572E+02 -1.38313E-05  1.0E-07
  4.250E-01  1.37553E-05  3.03844E-15  1.08505E+02 -1.46964E-05  1.0E-07
  4.500E-01  1.54212E-05  3.03646E-15  1.08434E+02 -1.55616E-05  1.0E-07
  4.750E-01  1.71822E-05  3.03436E-15  1.08359E+02 -1.64269E-05  1.0E-07
  5.000E-01  1.90385E-05  3.03216E-15  1.08280E+02 -1.72923E-05  1.0E-07
  5.250E-01  2.09899E-05  3.02984E-15  1.08197E+02 -1.81578E-05  1.0E-07
  5.500E-01  2.30365E-05  3.02741E-15  1.08111E+02 -1.90235E-05  1.0E-07
  5.750E-01  2.51783E-05  3.02487E-15  1.08020E+02 -1.98893E-05  1.0E-07
  6.000E-01  2.74153E-05  3.02222E-15  1.07926E+02 -2.07552E-05  1.0E-07
  6.250E-01  2.97475E-05  3.01947E-15  1.07827E+02 -2.16213E-05  1.0E-07
  6.500E-01  3.21749E-05  3.01660E-15  1.07725E+02 -2.24876E-05  1.0E-07
  6.750E-01  3.46974E-05  3.01363E-15  1.07619E+02 -2.33540E-05  1.0E-07
  7.000E-01  3.73152E-05  3.01055E-15  1.07509E+02 -2.42205E-05  1.0E-07
  7.250E-01  4.00281E-05  3.00736E-15  1.07395E+02 -2.50872E-05  1.0E-07
  7.500E-01  4.28362E-05  3.00407E-15  1.07277E+02 -2.59541E-05  1.0E-07
  7.750E-01  4.57395E-05  3.00067E-15  1.07156E+02 -2.68212E-05  1.0E-07
  8.000E-01  4.87380E-05  2.99716E-15  1.07031E+02 -2.76884E-05  1.0E-07
  8.250E-01  5.18317E-05  2.99355E-15  1.06902E+02 -2.85558E-05  1.0E-07
  8.500E-01  5.50205E-05  2.98984E-15  1.06769E+02 -2.94234E-05  1.0E-07
  8.750E-01  5.83045E-05  2.98602E-15  1.06633E+02 -3.02911E-05  1.0E-07
  9.000E-01  6.16838E-05  2.98210E-15  1.06493E+02 -3.11591E-05  1.0E-07
  9.250E-01  6.51582E-05  2.97807E-15  1.06349E+02 -3.20272E-05  1.0E-07
  9.500E-01  6.87277E-05  2.97394E-15  1.06201E+02 -3.28955E-05  1.0E-07
  9.750E-01  7.23925E-05  2.96972E-15  1.06051E+02 -3.37640E-05  1.0E-07
  1.000E+00  7.61524E-05  2.96539E-15  1.05896E+02 -3.46327E-05  1.0E-07
  1.100E+00  9.21439E-05  2.94708E-15  1.05242E+02 -3.81094E-05  1.0E-07
  1.200E+00  1.09658E-04  2.92722E-15  1.04533E+02 -4.15891E-05  1.0E-07
  1.300E+00  1.28695E-04  2.90586E-15  1.03770E+02 -4.50717E-05  1.0E-07
  1.400E+00  1.49255E-04  2.88305E-15  1.02956E+02 -4.85571E-05  1.0E-07
  1.500E+00  1.71338E-04  2.85884E-15  1.02091E+02 -5.20450E-05  1.0E-07
  1.600E+00  1.94942E-04  2.83329E-15  1.01179E+02 -5.55350E-05  1.0E-07
  1.700E+00  2.20070E-04  2.80646E-15  1.00221E+02 -5.90267E-05  1.0E-07
  1.800E+00  2.46720E-04  2.77842E-15  9.92191E+01 -6.25193E-05  1.0E-07
  1.900E+00  2.74892E-04  2.74922E-15  9.81763E+01 -6.60121E-05  1.0E-07
  2.000E+00  3.04586E-04  2.71892E-15  9.70946E+01 -6.95042E-05  1.0E-07
  2.100E+00  3.35803E-04  2.68761E-15  9.59762E+01 -7.29945E-05  1.0E-07
  2.200E+00  3.68542E-04  2.65533E-15  9.48235E+01 -7.64820E-05  1.0E-07
  2.300E+00  4.02802E-04  2.62216E-15  9.36390E+01 -7.99651E-05  1.0E-07
  2.400E+00  4.38585E-04  2.58816E-15  9.24249E+01 -8.34424E-05  1.0E-07
  2.500E+00  4.75889E-04  2.55340E-15  9.11837E+01 -8.69121E-05  1.0E-07
  2.600E+00  5.14715E-04  2.51795E-15  8.99177E+01 -9.03724E-05  1.0E-07
  2.700E+00  5.55063E-04  2.48187E-15  8.86293E+01 -9.38212E-05  1.0E-07
  2.800E+00  5.96931E-04  2.44523E-15  8.73208E+01 -9.72561E-05  1.0E-07
  2.900E+00  6.40321E-04  2.40809E-15  8.59945E+01 -1.00675E-04  1.0E-07
  3.000E+00  6.85233E-04  2.37051E-15  8.46526E+01 -1.04074E-04  1.0E-07
  3.100E+00  7.31665E-04  2.33256E-15  8.32974E+01 -1.07452E-04  1.0E-07
  3.200E+00  7.79618E-04  2.29430E-15  8.19308E+01 -1.10804E-04  1.0E-07
  3.300E+00  8.29092E-04  2.25577E-15  8.05552E+01 -1.14128E-04  1.0E-07
  3.400E+00  8.80086E-04  2.21705E-15  7.91723E+01 -1.17420E-04  1.0E-07
  3.500E+00  9.32601E-04  2.17818E-15  7.77843E+01 -1.20675E-04  1.0E-07
  3.600E+00  9.86636E-04  2.13922E-15  7.63930E+01 -1.23890E-04  1.0E-07
  3.700E+00  1.04219E-03  2.10022E-15  7.50001E+01 -1.27061E-04  1.0E-07
  3.800E+00  1.09927E-03  2.06122E-15  7.36075E+01 -1.30182E-04  1.0E-07
  3.900E+00  1.15786E-03  2.02228E-15  7.22168E+01 -1.33249E-04  1.0E-07
  4.000E+00  1.21797E-03  1.98343E-15  7.08296E+01 -1.36256E-04  1.0E-07
  4.100E+00  1.27961E-03  1.94472E-15  6.94472E+01 -1.39198E-04  1.0E-07
  4.200E+00  1.34276E-03  1.90619E-15  6.80713E+01 -1.42069E-04  1.0E-07
  4.300E+00  1.40743E-03  1.86788E-15  6.67031E+01 -1.44863E-04  1.0E-07
  4.400E+00  1.47362E-03  1.82981E-15  6.53438E+01 -1.47572E-04  1.0E-07
  4.500E+00  1.54133E-03  1.79203E-15  6.39946E+01 -1.50192E-04  1.0E-07
  4.600E+00  1.61056E-03  1.75457E-15  6.26567E+01 -1.52713E-04  1.0E-07
  4.700E+00  1.68131E-03  1.71745E-15  6.13311E+01 -1.55129E-04  1.0E-07
  4.800E+00  1.75357E-03  1.68069E-15  6.00186E+01 -1.57432E-04  1.0E-07
  4.900E+00  1.82735E-03  1.64434E-15  5.87203E+01 -1.59614E-04  1.0E-07
  5.000E+00  1.90265E-03  1.60839E-15  5.74368E+01 -1.61666E-04  1.0E-07
  5.100E+00  1.97947E-03  1.57289E-15  5.61690E+01 -1.63579E-04  1.0E-07
  5.200E+00  2.05780E-03  1.53784E-15  5.49174E+01 -1.65343E-04  1.0E-07
  5.300E+00  2.13765E-03  1.50327E-15  5.36828E+01 -1.66950E-04  1.0E-07
  5.400E+00  2.21902E-03  1.46918E-15  5.24655E+01 -1.68389E-04  1.0E-07
  5.500E+00  2.30190E-03  1.43560E-15  5.12662E+01 -1.69649E-04  1.0E-07
  5.600E+00  2.38630E-03  1.40253E-15  5.00852E+01 -1.70720E-04  1.0E-07
  5.700E+00  2.47222E-03  1.36998E-15  4.89229E+01 -1.71590E-04  1.0E-07
  5.800E+00  2.55965E-03  1.33796E-15  4.77796E+01 -1.72248E-04  1.0E-07
  5.900E+00  2.64859E-03  1.30649E-15  4.66556E+01 -1.72681E-04  1.0E-07
  6.000E+00  2.73905E-03  1.27556E-15  4.55510E+01 -1.72877E-04  1.0E-07
  6.100E+00  2.83103E-03  1.24518E-15  4.44662E+01 -1.72822E-04  1.0E-07
  6.200E+00  2.92452E-03  1.21536E-15  4.34012E+01 -1.72504E-04  1.0E-07
  6.300E+00  3.01952E-03  1.18609E-15  4.23560E+01 -1.71907E-04  1.0E-07
  6.400E+00  3.11604E-03  1.15738E-15  4.13309E+01 -1.71019E-04  1.0E-07
  6.500E+00  3.21407E-03  1.12923E-15  4.03257E+01 -1.69824E-04  1.0E-07
  6.600E+00  3.31362E-03  1.10165E-15  3.93405E+01 -1.68306E-04  1.0E-07
  6.700E+00  3.41468E-03  1.07461E-15  3.83752E+01 -1.66449E-04  1.0E-07
  6.800E+00  3.51725E-03  1.04814E-15  3.74298E+01 -1.64239E-04  1.0E-07
  6.900E+00  3.62133E-03  1.02222E-15  3.65041E+01 -1.61656E-04  1.0E-07
  7.000E+00  3.72692E-03  9.96850E-16  3.55982E+01 -1.58685E-04  1.0E-07
  7.100E+00  3.83403E-03  9.72026E-16  3.47117E+01 -1.55308E-04  1.0E-07
  7.200E+00  3.94265E-03  9.47745E-16  3.38446E+01 -1.51505E-04  1.0E-07
  7.300E+00  4.05278E-03  9.24000E-16  3.29967E+01 -1.47260E-04  1.0E-07
  7.400E+00  4.16442E-03  9.00788E-16  3.21677E+01 -1.42551E-04  1.0E-07
  7.500E+00  4.27757E-03  8.78101E-16  3.13576E+01 -1.37359E-04  1.0E-07
  7.600E+00  4.39223E-03  8.55934E-16  3.05659E+01 -1.31664E-04  1.0E-07
  7.700E+00  4.50840E-03  8.34279E-16  2.97927E+01 -1.25446E-04  1.0E-07
  7.800E+00  4.62608E-03  8.13131E-16  2.90374E+01 -1.18682E-04  1.0E-07
  7.900E+00  4.74527E-03  7.92482E-16  2.83001E+01 -1.11351E-04  1.0E-07
  8.000E+00  4.86597E-03  7.72325E-16  2.75802E+01 -1.03430E-04  1.0E-07
  8.100E+00  4.98817E-03  7.52651E-16  2.68777E+01 -9.48975E-05  1.0E-07
  8.200E+00  5.11188E-03  7.33454E-16  2.61921E+01 -8.57291E-05  1.0E-07
  8.300E+00  5.23711E-03  7.14725E-16  2.55233E+01 -7.59010E-05  1.0E-07
  8.400E+00  5.36383E-03  6.96456E-16  2.48709E+01 -6.53891E-05  1.0E-07
  8.500E+00  5.49207E-03  6.78639E-16  2.42346E+01 -5.41685E-05  1.0E-07
  8.600E+00  5.62181E-03  6.61266E-16  2.36142E+01 -4.22138E-05  1.0E-07
  8.700E+00  5.75306E-03  6.44329E-16  2.30094E+01 -2.94993E-05  1.0E-07
  8.800E+00  5.88581E-03  6.27818E-16  2.24198E+01 -1.59988E-05  1.0E-07
  8.900E+00  6.02007E-03  6.11727E-16  2.18452E+01 -1.68552E-06  1.0E-07
  9.000E+00  6.15583E-03  5.96046E-16  2.12852E+01  1.34676E-05  1.0E-07
  9.100E+00  6.29310E-03  5.80767E-16  2.07396E+01  2.94880E-05  1.0E-07
  9.200E+00  6.43187E-03  5.65882E-16  2.02080E+01  4.64037E-05  1.0E-07
  9.300E+00  6.57214E-03  5.51383E-16  1.96902E+01  6.42430E-05  1.0E-07
  9.400E+00  6.71392E-03  5.37260E-16  1.91859E+01  8.30346E-05  1.0E-07
  9.500E+00  6.85720E-03  5.23507E-16  1.86948E+01  1.02808E-04  1.0E-07
  9.600E+00  7.00198E-03  5.10114E-16  1.82165E+01  1.23591E-04  1.0E-07
  9.700E+00  7.14827E-03  4.97074E-16  1.77508E+01  1.45415E-04  1.0E-07
  9.800E+00  7.29605E-03  4.84379E-16  1.72975E+01  1.68309E-04  1.0E-07
  9.900E+00  7.44534E-03  4.72021E-16  1.68562E+01  1.92303E-04  1.0E-07
  1.000E+01  7.59612E-03  4.59992E-16  1.64266E+01  2.17428E-04  1.0E-07
  1.025E+01  7.97965E-03  4.31310E-16  1.54023E+01  2.85388E-04  1.0E-07
  1.050E+01  8.37255E-03  4.04518E-16  1.44456E+01  3.61088E-04  1.0E-07
  1.075E+01  8.77480E-03  3.79505E-16  1.35524E+01  4.45008E-04  1.0E-07
  1.100E+01  9.18641E-03  3.56163E-16  1.27188E+01  5.37631E-04  1.0E-07
  1.125E+01  9.60736E-03  3.34387E-16  1.19412E+01  6.39430E-04  1.0E-07
  1.150E+01  1.00376E-02  3.14079E-16  1.12160E+01  7.50867E-04  1.0E-07
  1.175E+01  1.04773E-02  2.95146E-16  1.05398E+01  8.72387E-04  1.0E-07
  1.200E+01  1.09262E-02  2.77498E-16  9.90963E+00  1.00441E-03  1.0E-07
  1.225E+01  1.13844E-02  2.61052E-16  9.32234E+00  1.14733E-03  1.0E-07
  1.250E+01  1.18520E-02  2.45729E-16  8.77513E+00  1.30150E-03  1.0E-07
  1.275E+01  1.23288E-02  2.31453E-16  8.26533E+00  1.46723E-03  1.0E-07
  1.300E+01  1.28150E-02  2.18154E-16  7.79043E+00  1.64478E-03  1.0E-07
  1.325E+01  1.33104E-02  2.05767E-16  7.34807E+00  1.83436E-03  1.0E-07
  1.350E+01  1.38150E-02  1.94229E-16  6.93603E+00  2.03611E-03  1.0E-07
  1.375E+01  1.43290E-02  1.83481E-16  6.55223E+00  2.25008E-03  1.0E-07
  1.400E+01  1.48521E-02  1.73470E-16  6.19471E+00  2.47628E-03  1.0E-07
  1.425E+01  1.53845E-02  1.64143E-16  5.86166E+00  2.71461E-03  1.0E-07
  1.450E+01  1.59262E-02  1.55454E-16  5.55136E+00  2.96490E-03  1.0E-07
  1.475E+01  1.64770E-02  1.47357E-16  5.26221E+00  3.22686E-03  1.0E-07
  1.500E+01  1.70371E-02  1.39811E-16  4.99273E+00  3.50014E-03  1.0E-07
  1.525E+01  1.76063E-02  1.32776E-16  4.74152E+00  3.78428E-03  1.0E-07
  1.550E+01  1.81848E-02  1.26217E-16  4.50728E+00  4.07871E-03  1.0E-07
  1.575E+01  1.87724E-02  1.20098E-16  4.28879E+00  4.38279E-03  1.0E-07
  1.600E+01  1.93692E-02  1.14390E-16  4.08494E+00  4.69577E-03  1.0E-07
  1.625E+01  1.99751E-02  1.09061E-16  3.89466E+00  5.01680E-03  1.0E-07
  1.650E+01  2.05901E-02  1.04086E-16  3.71697E+00  5.34498E-03  1.0E-07
  1.675E+01  2.12143E-02  9.94373E-17  3.55097E+00  5.67930E-03  1.0E-07
  1.700E+01  2.18476E-02  9.50923E-17  3.39581E+00  6.01868E-03  1.0E-07
  1.725E+01  2.24900E-02  9.10287E-17  3.25069E+00  6.36200E-03  1.0E-07
  1.750E+01  2.31415E-02  8.72260E-17  3.11490E+00  6.70805E-03  1.0E-07
  1.775E+01  2.38021E-02  8.36650E-17  2.98773E+00  7.05560E-03  1.0E-07
  1.800E+01  2.44717E-02  8.03282E-17  2.86857E+00  7.40339E-03  1.0E-07
  1.825E+01  2.51504E-02  7.71990E-17  2.75683E+00  7.75010E-03  1.0E-07
  1.850E+01  2.58382E-02  7.42623E-17  2.65196E+00  8.09442E-03  1.0E-07
  1.875E+01  2.65349E-02  7.15040E-17  2.55345E+00  8.43504E-03  1.0E-07
  1.900E+01  2.72407E-02  6.89108E-17  2.46085E+00  8.77064E-03  1.0E-07
  1.925E+01  2.79555E-02  6.64707E-17  2.37371E+00  9.09990E-03  1.0E-07
  1.950E+01  2.86793E-02  6.41724E-17  2.29164E+00  9.42155E-03  1.0E-07
  1.975E+01  2.94120E-02  6.20055E-17  2.21426E+00  9.73432E-03  1.0E-07
  2.000E+01  3.01537E-02  5.99604E-17  2.14122E+00  1.00370E-02  1.0E-07
  2.025E+01  3.09043E-02  5.80281E-17  2.07222E+00  1.03284E-02  1.0E-07
  2.050E+01  3.16639E-02  5.62004E-17  2.00695E+00  1.06073E-02  1.0E-07
  2.075E+01  3.24324E-02  5.44697E-17  1.94515E+00  1.08727E-02  1.0E-07
  2.100E+01  3.32098E-02  5.28289E-17  1.88655E+00  1.11236E-02  1.0E-07
  2.125E+01  3.39961E-02  5.12715E-17  1.83094E+00  1.13588E-02  1.0E-07
  2.150E+01  3.47912E-02  4.97915E-17  1.77809E+00  1.15776E-02  1.0E-07
  2.175E+01  3.55952E-02  4.83833E-17  1.72780E+00  1.17789E-02  1.0E-07
  2.200E+01  3.64081E-02  4.70418E-17  1.67989E+00  1.19620E-02  1.0E-07
  2.225E+01  3.72297E-02  4.57623E-17  1.63420E+00  1.21260E-02  1.0E-07
  2.250E+01  3.80602E-02  4.45405E-17  1.59057E+00  1.22702E-02  1.0E-07
  2.275E+01  3.88995E-02  4.33722E-17  1.54885E+00  1.23940E-02  1.0E-07
  2.300E+01  3.97476E-02  4.22538E-17  1.50891E+00  1.24966E-02  1.0E-07
  2.325E+01  4.06044E-02  4.11819E-17  1.47063E+00  1.25774E-02  1.0E-07
  2.350E+01  4.14700E-02  4.01533E-17  1.43390E+00  1.26359E-02  1.0E-07
  2.375E+01  4.23443E-02  3.91652E-17  1.39861E+00  1.26715E-02  1.0E-07
  2.400E+01  4.32273E-02  3.82148E-17  1.36468E+00  1.26837E-02  1.0E-07
  2.425E+01  4.41190E-02  3.72998E-17  1.33200E+00  1.26721E-02  1.0E-07
  2.450E+01  4.50194E-02  3.64178E-17  1.30050E+00  1.26361E-02  1.0E-07
  2.475E+01  4.59284E-02  3.55667E-17  1.27011E+00  1.25755E-02  1.0E-07
  2.500E+01  4.68461E-02  3.47448E-17  1.24076E+00  1.24897E-02  1.0E-07
  2.550E+01  4.87074E-02  3.31812E-17  1.18492E+00  1.22412E-02  1.0E-07
  2.600E+01  5.06030E-02  3.17146E-17  1.13255E+00  1.18879E-02  1.0E-07
  2.650E+01  5.25328E-02  3.03344E-17  1.08326E+00  1.14272E-02  1.0E-07
  2.700E+01  5.44967E-02  2.90317E-17  1.03674E+00  1.08569E-02  1.0E-07
  2.750E+01  5.64946E-02  2.77989E-17  9.92717E-01  1.01747E-02  1.0E-07
  2.800E+01  5.85262E-02  2.66297E-17  9.50965E-01  9.37889E-03  1.0E-07
  2.850E+01  6.05914E-02  2.55186E-17  9.11286E-01  8.46764E-03  1.0E-07
  2.900E+01  6.26901E-02  2.44610E-17  8.73517E-01  7.43950E-03  1.0E-07
  2.950E+01  6.48222E-02  2.34527E-17  8.37513E-01  6.29323E-03  1.0E-07
  3.000E+01  6.69873E-02  2.24905E-17  8.03152E-01  5.02791E-03  1.0E-07
  3.050E+01  6.91854E-02  2.15714E-17  7.70328E-01  3.64292E-03  1.0E-07
  3.100E+01  7.14163E-02  2.06926E-17  7.38948E-01  2.13802E-03  1.0E-07
  3.150E+01  7.36799E-02  1.98521E-17  7.08930E-01  5.13386E-04  1.0E-07
  3.200E+01  7.59760E-02  1.90476E-17  6.80202E-01 -1.23030E-03  1.0E-07
  3.250E+01  7.83043E-02  1.82775E-17  6.52700E-01 -3.09185E-03  1.0E-07
  3.300E+01  8.06647E-02  1.75400E-17  6.26365E-01 -5.06946E-03  1.0E-07
  3.350E+01  8.30571E-02  1.68338E-17  6.01145E-01 -7.16069E-03  1.0E-07
  3.400E+01  8.54812E-02  1.61574E-17  5.76991E-01 -9.36237E-03  1.0E-07
  3.450E+01  8.79369E-02  1.55096E-17  5.53858E-01 -1.16706E-02  1.0E-07
  3.500E+01  9.04240E-02  1.48893E-17  5.31705E-01 -1.40805E-02  1.0E-07
  3.550E+01  9.29422E-02  1.42953E-17  5.10494E-01 -1.65866E-02  1.0E-07
  3.600E+01  9.54915E-02  1.37266E-17  4.90187E-01 -1.91821E-02  1.0E-07
  3.650E+01  9.80716E-02  1.31824E-17  4.70750E-01 -2.18595E-02  1.0E-07
  3.700E+01  1.00682E-01  1.26615E-17  4.52152E-01 -2.46101E-02  1.0E-07
  3.750E+01  1.03323E-01  1.21633E-17  4.34360E-01 -2.74241E-02  1.0E-07
  3.800E+01  1.05995E-01  1.16869E-17  4.17346E-01 -3.02904E-02  1.0E-07
  3.850E+01  1.08696E-01  1.12315E-17  4.01083E-01 -3.31970E-02  1.0E-07
  3.900E+01  1.11427E-01  1.07963E-17  3.85543E-01 -3.61304E-02  1.0E-07
  3.950E+01  1.14188E-01  1.03807E-17  3.70700E-01 -3.90758E-02  1.0E-07
  4.000E+01  1.16978E-01  9.98393E-18  3.56532E-01 -4.20171E-02  1.0E-07
  4.050E+01  1.19797E-01  9.60541E-18  3.43015E-01 -4.49371E-02  1.0E-07
  4.100E+01  1.22645E-01  9.24452E-18  3.30128E-01 -4.78170E-02  1.0E-07
  4.150E+01  1.25522E-01  8.90065E-18  3.17848E-01 -5.06367E-02  1.0E-07
  4.200E+01  1.28428E-01  8.57325E-18  3.06156E-01 -5.33751E-02  1.0E-07
  4.250E+01  1.31361E-01  8.26179E-18  2.95034E-01 -5.60095E-02  1.0E-07
  4.300E+01  1.34323E-01  7.96575E-18  2.84462E-01 -5.85166E-02  1.0E-07
  4.350E+01  1.37313E-01  7.68465E-18  2.74424E-01 -6.08716E-02  1.0E-07
  4.400E+01  1.40330E-01  7.41800E-18  2.64902E-01 -6.30494E-02  1.0E-07
  4.450E+01  1.43375E-01  7.16537E-18  2.55880E-01 -6.50239E-02  1.0E-07
  4.500E+01  1.46447E-01  6.92631E-18  2.47343E-01 -6.67690E-02  1.0E-07
  4.550E+01  1.49545E-01  6.70040E-18  2.39276E-01 -6.82583E-02  1.0E-07
  4.600E+01  1.52671E-01  6.48724E-18  2.31664E-01 -6.94659E-02  1.0E-07
  4.650E+01  1.55823E-01  6.28643E-18  2.24493E-01 -7.03666E-02  1.0E-07
  4.700E+01  1.59001E-01  6.09759E-18  2.17749E-01 -7.09363E-02  1.0E-07
  4.750E+01  1.62205E-01  5.92033E-18  2.11419E-01 -7.11524E-02  1.0E-07
  4.800E+01  1.65435E-01  5.75429E-18  2.05490E-01 -7.09945E-02  1.0E-07
  4.850E+01  1.68690E-01  5.59910E-18  1.99947E-01 -7.04447E-02  1.0E-07
  4.900E+01  1.71970E-01  5.45439E-18  1.94780E-01 -6.94880E-02  1.0E-07
  4.950E+01  1.75276E-01  5.31982E-18  1.89974E-01 -6.81130E-02  1.0E-07
  5.000E+01  1.78606E-01  5.19500E-18  1.85517E-01 -6.63120E-02  1.0E-07
  5.050E+01  1.81961E-01  5.07960E-18  1.81396E-01 -6.40817E-02  1.0E-07
  5.100E+01  1.85340E-01  4.97324E-18  1.77598E-01 -6.14229E-02  1.0E-07
  5.150E+01  1.88743E-01  4.87558E-18  1.74110E-01 -5.83414E-02  1.0E-07
  5.200E+01  1.92169E-01  4.78623E-18  1.70919E-01 -5.48471E-02  1.0E-07
  5.250E+01  1.95619E-01  4.70484E-18  1.68013E-01 -5.09549E-02  1.0E-07
  5.300E+01  1.99092E-01  4.63103E-18  1.65377E-01 -4.66837E-02  1.0E-07
  5.350E+01  2.02589E-01  4.56443E-18  1.62999E-01 -4.20567E-02  1.0E-07
  5.400E+01  2.06107E-01  4.50465E-18  1.60864E-01 -3.71006E-02  1.0E-07
  5.450E+01  2.09649E-01  4.45132E-18  1.58960E-01 -3.18450E-02  1.0E-07
  5.500E+01  2.13212E-01  4.40405E-18  1.57272E-01 -2.63223E-02  1.0E-07
  5.550E+01  2.16797E-01  4.36245E-18  1.55786E-01 -2.05667E-02  1.0E-07
  5.600E+01  2.20404E-01  4.32611E-18  1.54488E-01 -1.46134E-02  1.0E-07
  5.650E+01  2.24032E-01  4.29464E-18  1.53364E-01 -8.49846E-03  1.0E-07
  5.700E+01  2.27680E-01  4.26764E-18  1.52400E-01 -2.25762E-03  1.0E-07
  5.750E+01  2.31350E-01  4.24470E-18  1.51581E-01  4.07400E-03  1.0E-07
  5.800E+01  2.35040E-01  4.22542E-18  1.50893E-01  1.04625E-02  1.0E-07
  5.850E+01  2.38751E-01  4.20939E-18  1.50320E-01  1.68757E-02  1.0E-07
  5.900E+01  2.42481E-01  4.19621E-18  1.49849E-01  2.32834E-02  1.0E-07
  5.950E+01  2.46231E-01  4.18547E-18  1.49466E-01  2.96581E-02  1.0E-07
  6.000E+01  2.50000E-01  4.17677E-18  1.49155E-01  3.59745E-02  1.0E-07
  6.050E+01  2.53788E-01  4.16970E-18  1.48903E-01  4.22104E-02  1.0E-07
  6.100E+01  2.57595E-01  4.16388E-18  1.48695E-01  4.83462E-02  1.0E-07
  6.150E+01  2.61421E-01  4.15891E-18  1.48518E-01  5.43652E-02  1.0E-07
  6.200E+01  2.65264E-01  4.15442E-18  1.48357E-01  6.02533E-02  1.0E-07
  6.250E+01  2.69126E-01  4.15001E-18  1.48200E-01  6.59993E-02  1.0E-07
  6.300E+01  2.73005E-01  4.14534E-18  1.48033E-01  7.15942E-02  1.0E-07
  6.350E+01  2.76901E-01  4.14004E-18  1.47844E-01  7.70314E-02  1.0E-07
  6.400E+01  2.80814E-01  4.13378E-18  1.47620E-01  8.23065E-02  1.0E-07
  6.450E+01  2.84744E-01  4.12621E-18  1.47350E-01  8.74170E-02  1.0E-07
  6.500E+01  2.88691E-01  4.11702E-18  1.47021E-01  9.23620E-02  1.0E-07
  6.550E+01  2.92653E-01  4.10591E-18  1.46625E-01  9.71422E-02  1.0E-07
  6.600E+01  2.96632E-01  4.09260E-18  1.46149E-01  1.01759E-01  1.0E-07
  6.650E+01  3.00625E-01  4.07680E-18  1.45585E-01  1.06217E-01  1.0E-07
  6.700E+01  3.04634E-01  4.05829E-18  1.44924E-01  1.10519E-01  1.0E-07
  6.750E+01  3.08658E-01  4.03681E-18  1.44157E-01  1.14669E-01  1.0E-07
  6.800E+01  3.12697E-01  4.01217E-18  1.43277E-01  1.18674E-01  1.0E-07
  6.850E+01  3.16749E-01  3.98417E-18  1.42277E-01  1.22539E-01  1.0E-07
  6.900E+01  3.20816E-01  3.95264E-18  1.41151E-01  1.26270E-01  1.0E-07
  6.950E+01  3.24896E-01  3.91744E-18  1.39894E-01  1.29873E-01  1.0E-07
  7.000E+01  3.28990E-01  3.87844E-18  1.38502E-01  1.33355E-01  1.0E-07
  7.050E+01  3.33097E-01  3.83555E-18  1.36970E-01  1.36723E-01  1.0E-07
  7.100E+01  3.37216E-01  3.78869E-18  1.35297E-01  1.39982E-01  1.0E-07
  7.150E+01  3.41348E-01  3.73781E-18  1.33480E-01  1.43139E-01  1.0E-07
  7.200E+01  3.45492E-01  3.68289E-18  1.31518E-01  1.46200E-01  1.0E-07
  7.250E+01  3.49647E-01  3.62392E-18  1.29412E-01  1.49170E-01  1.0E-07
  7.300E+01  3.53814E-01  3.56093E-18  1.27163E-01  1.52055E-01  1.0E-07
  7.350E+01  3.57992E-01  3.49396E-18  1.24772E-01  1.54858E-01  1.0E-07
  7.400E+01  3.62181E-01  3.42309E-18  1.22241E-01  1.57585E-01  1.0E-07
  7.450E+01  3.66381E-01  3.34842E-18  1.19574E-01  1.60239E-01  1.0E-07
  7.500E+01  3.70590E-01  3.27007E-18  1.16776E-01  1.62822E-01  1.0E-07
  7.550E+01  3.74810E-01  3.18819E-18  1.13852E-01  1.65336E-01  1.0E-07
  7.600E+01  3.79039E-01  3.10293E-18  1.10808E-01  1.67782E-01  1.0E-07
  7.650E+01  3.83277E-01  3.01451E-18  1.07650E-01  1.70158E-01  1.0E-07
  7.700E+01  3.87524E-01  2.92312E-18  1.04386E-01  1.72463E-01  1.0E-07
  7.750E+01  3.91780E-01  2.82900E-18  1.01026E-01  1.74693E-01  1.0E-07
  7.800E+01  3.96044E-01  2.73241E-18  9.75763E-02  1.76841E-01  1.0E-07
  7.850E+01  4.00316E-01  2.63363E-18  9.40485E-02  1.78900E-01  1.0E-07
  7.900E+01  4.04596E-01  2.53293E-18  9.04525E-02  1.80856E-01  1.0E-07
  7.950E+01  4.08882E-01  2.43063E-18  8.67992E-02  1.82696E-01  1.0E-07
  8.000E+01  4.13176E-01  2.32705E-18  8.31004E-02  1.84399E-01  1.0E-07
  8.050E+01  4.17476E-01  2.22253E-18  7.93680E-02  1.85939E-01  1.0E-07
  8.100E+01  4.21783E-01  2.11742E-18  7.56145E-02  1.87286E-01  1.0E-07
  8.150E+01  4.26095E-01  2.01209E-18  7.18529E-02  1.88398E-01  1.0E-07
  8.200E+01  4.30413E-01  1.90689E-18  6.80964E-02  1.89225E-01  1.0E-07
  8.250E+01  4.34737E-01  1.80223E-18  6.43587E-02  1.89705E-01  1.0E-07
  8.300E+01  4.39065E-01  1.69847E-18  6.06535E-02  1.89760E-01  1.0E-07
  8.350E+01  4.43398E-01  1.59602E-18  5.69948E-02  1.89294E-01  1.0E-07
  8.400E+01  4.47736E-01  1.49526E-18  5.33967E-02  1.88185E-01  1.0E-07
  8.450E+01  4.52077E-01  1.39660E-18  4.98735E-02  1.86284E-01  1.0E-07
  8.500E+01  4.56422E-01  1.30043E-18  4.64394E-02  1.83408E-01  1.0E-07
  8.550E+01  4.60770E-01  1.20716E-18  4.31083E-02  1.79327E-01  1.0E-07
  8.600E+01  4.65122E-01  1.11716E-18  3.98944E-02  1.73762E-01  1.0E-07
  8.650E+01  4.69476E-01  1.03083E-18  3.68115E-02  1.66368E-01  1.0E-07
  8.700E+01  4.73832E-01  9.48543E-19  3.38731E-02  1.56729E-01  1.0E-07
  8.750E+01  4.78190E-01  8.70678E-19  3.10925E-02  1.44348E-01  1.0E-07
  8.800E+01  4.82550E-01  7.97591E-19  2.84825E-02  1.28638E-01  1.0E-07
  8.850E+01  4.86912E-01  7.29633E-19  2.60557E-02  1.08935E-01  1.0E-07
  8.900E+01  4.91274E-01  6.67138E-19  2.38239E-02  8.45146E-02  1.0E-07
  8.950E+01  4.95637E-01  6.10426E-19  2.17987E-02  5.46454E-02  1.0E-07
  9.000E+01  5.00000E-01  5.59800E-19  1.99908E-02  1.86861E-02  1.0E-07
  9.050E+01  5.04363E-01  5.15546E-19  1.84105E-02 -2.37649E-02  1.0E-07
  9.100E+01  5.08726E-01  4.77928E-19  1.70671E-02 -7.26603E-02  1.0E-07
  9.150E+01  5.13088E-01  4.47190E-19  1.59694E-02 -1.27262E-01  1.0E-07
  9.200E+01  5.17450E-01  4.23553E-19  1.51254E-02 -1.85931E-01  1.0E-07
  9.250E+01  5.21810E-01  4.07216E-19  1.45419E-02 -2.46063E-01  1.0E-07
  9.300E+01  5.26168E-01  3.98351E-19  1.42254E-02 -3.04274E-01  1.0E-07
  9.350E+01  5.30524E-01  3.97105E-19  1.41809E-02 -3.56897E-01  1.0E-07
  9.400E+01  5.34878E-01  4.03599E-19  1.44128E-02 -4.00665E-01  1.0E-07
  9.450E+01  5.39230E-01  4.17926E-19  1.49244E-02 -4.33359E-01  1.0E-07
  9.500E+01  5.43578E-01  4.40149E-19  1.57180E-02 -4.54150E-01  1.0E-07
  9.550E+01  5.47923E-01  4.70304E-19  1.67949E-02 -4.63559E-01  1.0E-07
  9.600E+01  5.52264E-01  5.08396E-19  1.81551E-02 -4.63090E-01  1.0E-07
  9.650E+01  5.56602E-01  5.54400E-19  1.97980E-02 -4.54754E-01  1.0E-07
  9.700E+01  5.60935E-01  6.08262E-19  2.17214E-02 -4.40645E-01  1.0E-07
  9.750E+01  5.65263E-01  6.69895E-19  2.39224E-02 -4.22658E-01  1.0E-07
  9.800E+01  5.69587E-01  7.39184E-19  2.63967E-02 -4.02354E-01  1.0E-07
  9.850E+01  5.73905E-01  8.15981E-19  2.91392E-02 -3.80930E-01  1.0E-07
  9.900E+01  5.78217E-01  9.00109E-19  3.21435E-02 -3.59252E-01  1.0E-07
  9.950E+01  5.82524E-01  9.91360E-19  3.54021E-02 -3.37913E-01  1.0E-07
  1.000E+02  5.86824E-01  1.08950E-18  3.89066E-02 -3.17300E-01  1.0E-07
  1.005E+02  5.91118E-01  1.19425E-18  4.26475E-02 -2.97641E-01  1.0E-07
  1.010E+02  5.95404E-01  1.30533E-18  4.66141E-02 -2.79057E-01  1.0E-07
  1.015E+02  5.99684E-01  1.42240E-18  5.07950E-02 -2.61597E-01  1.0E-07
  1.020E+02  6.03956E-01  1.54513E-18  5.51776E-02 -2.45259E-01  1.0E-07
  1.025E+02  6.08220E-01  1.67313E-18  5.97485E-02 -2.30007E-01  1.0E-07
  1.030E+02  6.12476E-01  1.80600E-18  6.44933E-02 -2.15793E-01  1.0E-07
  1.035E+02  6.16723E-01  1.94331E-18  6.93970E-02 -2.02552E-01  1.0E-07
  1.040E+02  6.20961E-01  2.08463E-18  7.44434E-02 -1.90220E-01  1.0E-07
  1.045E+02  6.25190E-01  2.22947E-18  7.96159E-02 -1.78730E-01  1.0E-07
  1.050E+02  6.29410E-01  2.37736E-18  8.48970E-02 -1.68016E-01  1.0E-07
  1.055E+02  6.33619E-01  2.52778E-18  9.02688E-02 -1.58017E-01  1.0E-07
  1.060E+02  6.37819E-01  2.68022E-18  9.57125E-02 -1.48673E-01  1.0E-07
  1.065E+02  6.42008E-01  2.83414E-18  1.01209E-01 -1.39932E-01  1.0E-07
  1.070E+02  6.46186E-01  2.98900E-18  1.06739E-01 -1.31743E-01  1.0E-07
  1.075E+02  6.50353E-01  3.14423E-18  1.12282E-01 -1.24059E-01  1.0E-07
  1.080E+02  6.54508E-01  3.29926E-18  1.17819E-01 -1.16840E-01  1.0E-07
  1.085E+02  6.58652E-01  3.45353E-18  1.23328E-01 -1.10047E-01  1.0E-07
  1.090E+02  6.62784E-01  3.60646E-18  1.28789E-01 -1.03645E-01  1.0E-07
  1.095E+02  6.66903E-01  3.75746E-18  1.34181E-01 -9.76016E-02  1.0E-07
  1.100E+02  6.71010E-01  3.90596E-18  1.39484E-01 -9.18887E-02  1.0E-07
  1.105E+02  6.75104E-01  4.05139E-18  1.44678E-01 -8.64797E-02  1.0E-07
  1.110E+02  6.79184E-01  4.19316E-18  1.49741E-01 -8.13505E-02  1.0E-07
  1.115E+02  6.83251E-01  4.33073E-18  1.54653E-01 -7.64792E-02  1.0E-07
  1.120E+02  6.87303E-01  4.46352E-18  1.59395E-01 -7.18458E-02  1.0E-07
  1.125E+02  6.91342E-01  4.59100E-18  1.63947E-01 -6.74320E-02  1.0E-07
  1.130E+02  6.95366E-01  4.71263E-18  1.68291E-01 -6.32209E-02  1.0E-07
  1.135E+02  6.99375E-01  4.82791E-18  1.72408E-01 -5.91972E-02  1.0E-07
  1.140E+02  7.03368E-01  4.93633E-18  1.76280E-01 -5.53469E-02  1.0E-07
  1.145E+02  7.07347E-01  5.03743E-18  1.79890E-01 -5.16569E-02  1.0E-07
  1.150E+02  7.11309E-01  5.13074E-18  1.83222E-01 -4.81152E-02  1.0E-07
  1.155E+02  7.15256E-01  5.21585E-18  1.86261E-01 -4.47109E-02  1.0E-07
  1.160E+02  7.19186E-01  5.29234E-18  1.88993E-01 -4.14337E-02  1.0E-07
  1.165E+02  7.23099E-01  5.35985E-18  1.91404E-01 -3.82741E-02  1.0E-07
  1.170E+02  7.26995E-01  5.41804E-18  1.93482E-01 -3.52234E-02  1.0E-07
  1.175E+02  7.30874E-01  5.46659E-18  1.95215E-01 -3.22733E-02  1.0E-07
  1.180E+02  7.34736E-01  5.50522E-18  1.96595E-01 -2.94164E-02  1.0E-07
  1.185E+02  7.38579E-01  5.53371E-18  1.97612E-01 -2.66454E-02  1.0E-07
  1.190E+02  7.42405E-01  5.55185E-18  1.98260E-01 -2.39537E-02  1.0E-07
  1.195E+02  7.46212E-01  5.55946E-18  1.98532E-01 -2.13351E-02  1.0E-07
  1.200E+02  7.50000E-01  5.55644E-18  1.98424E-01 -1.87838E-02  1.0E-07
  1.205E+02  7.53769E-01  5.54269E-18  1.97933E-01 -1.62942E-02  1.0E-07
  1.210E+02  7.57519E-01  5.51817E-18  1.97057E-01 -1.38612E-02  1.0E-07
  1.215E+02  7.61249E-01  5.48288E-18  1.95797E-01 -1.14798E-02  1.0E-07
  1.220E+02  7.64960E-01  5.43687E-18  1.94154E-01 -9.14557E-03  1.0E-07
  1.225E+02  7.68650E-01  5.38023E-18  1.92132E-01 -6.85406E-03  1.0E-07
  1.230E+02  7.72320E-01  5.31309E-18  1.89734E-01 -4.60124E-03  1.0E-07
  1.235E+02  7.75968E-01  5.23564E-18  1.86968E-01 -2.38327E-03  1.0E-07
  1.240E+02  7.79596E-01  5.14808E-18  1.83841E-01 -1.96579E-04  1.0E-07
  1.245E+02  7.83203E-01  5.05070E-18  1.80364E-01  1.96213E-03  1.0E-07
  1.250E+02  7.86788E-01  4.94381E-18  1.76547E-01  4.09589E-03  1.0E-07
  1.255E+02  7.90351E-01  4.82776E-18  1.72402E-01  6.20741E-03  1.0E-07
  1.260E+02  7.93893E-01  4.70296E-18  1.67946E-01  8.29907E-03  1.0E-07
  1.265E+02  7.97411E-01  4.56985E-18  1.63192E-01  1.03728E-02  1.0E-07
  1.270E+02  8.00908E-01  4.42892E-18  1.58160E-01  1.24301E-02  1.0E-07
  1.275E+02  8.04381E-01  4.28071E-18  1.52867E-01  1.44719E-02  1.0E-07
  1.280E+02  8.07831E-01  4.12579E-18  1.47335E-01  1.64982E-02  1.0E-07
  1.285E+02  8.11257E-01  3.96476E-18  1.41584E-01  1.85082E-02  1.0E-07
  1.290E+02  8.14660E-01  3.79827E-18  1.35639E-01  2.05000E-02  1.0E-07
  1.295E+02  8.18039E-01  3.62702E-18  1.29523E-01  2.24699E-02  1.0E-07
  1.300E+02  8.21394E-01  3.45172E-18  1.23263E-01  2.44126E-02  1.0E-07
  1.305E+02  8.24724E-01  3.27311E-18  1.16885E-01  2.63198E-02  1.0E-07
  1.310E+02  8.28030E-01  3.09200E-18  1.10417E-01  2.81799E-02  1.0E-07
  1.315E+02  8.31310E-01  2.90919E-18  1.03889E-01  2.99769E-02  1.0E-07
  1.320E+02  8.34565E-01  2.72551E-18  9.73297E-02  3.16885E-02  1.0E-07
  1.325E+02  8.37795E-01  2.54184E-18  9.07706E-02  3.32844E-02  1.0E-07
  1.330E+02  8.40999E-01  2.35905E-18  8.42432E-02  3.47231E-02  1.0E-07
  1.335E+02  8.44177E-01  2.17806E-18  7.77798E-02  3.59482E-02  1.0E-07
  1.340E+02  8.47329E-01  1.99978E-18  7.14133E-02  3.68824E-02  1.0E-07
  1.345E+02  8.50455E-01  1.82514E-18  6.51771E-02  3.74197E-02  1.0E-07
  1.350E+02  8.53553E-01  1.65511E-18  5.91050E-02  3.74138E-02  1.0E-07
  1.355E+02  8.56625E-01  1.49062E-18  5.32310E-02  3.66621E-02  1.0E-07
  1.360E+02  8.59670E-01  1.33264E-18  4.75894E-02  3.48821E-02  1.0E-07
  1.365E+02  8.62687E-01  1.18213E-18  4.22145E-02  3.16776E-02  1.0E-07
  1.370E+02  8.65677E-01  1.04004E-18  3.71406E-02  2.64915E-02  1.0E-07
  1.375E+02  8.68639E-01  9.07348E-19  3.24020E-02  1.85392E-02  1.0E-07
  1.380E+02  8.71572E-01  7.84986E-19  2.80324E-02  6.72279E-03  1.0E-07
  1.385E+02  8.74478E-01  6.73899E-19  2.40654E-02 -1.04691E-02  1.0E-07
  1.390E+02  8.77355E-01  5.75011E-19  2.05340E-02 -3.50399E-02  1.0E-07
  1.395E+02  8.80203E-01  4.89231E-19  1.74708E-02 -6.94407E-02  1.0E-07
  1.400E+02  8.83022E-01  4.17448E-19  1.49073E-02 -1.16172E-01  1.0E-07
  1.405E+02  8.85812E-01  3.60529E-19  1.28747E-02 -1.76640E-01  1.0E-07
  1.410E+02  8.88573E-01  3.19313E-19  1.14029E-02 -2.48974E-01  1.0E-07
  1.415E+02  8.91304E-01  2.94613E-19  1.05208E-02 -3.25540E-01  1.0E-07
  1.420E+02  8.94005E-01  2.87208E-19  1.02564E-02 -3.92979E-01  1.0E-07
  1.425E+02  8.96677E-01  2.97843E-19  1.06362E-02 -4.37594E-01  1.0E-07
  1.430E+02  8.99318E-01  3.27226E-19  1.16854E-02 -4.53105E-01  1.0E-07
  1.435E+02  9.01928E-01  3.76022E-19  1.34280E-02 -4.43116E-01  1.0E-07
  1.440E+02  9.04508E-01  4.44858E-19  1.58862E-02 -4.16651E-01  1.0E-07
  1.445E+02  9.07058E-01  5.34310E-19  1.90806E-02 -3.82560E-01  1.0E-07
  1.450E+02  9.09576E-01  6.44910E-19  2.30302E-02 -3.46931E-01  1.0E-07
  1.455E+02  9.12063E-01  7.77138E-19  2.77521E-02 -3.13073E-01  1.0E-07
  1.460E+02  9.14519E-01  9.31423E-19  3.32617E-02 -2.82406E-01  1.0E-07
  1.465E+02  9.16943E-01  1.10814E-18  3.95723E-02 -2.55297E-01  1.0E-07
  1.470E+02  9.19335E-01  1.30760E-18  4.66953E-02 -2.31601E-01  1.0E-07
  1.475E+02  9.21696E-01  1.53007E-18  5.46399E-02 -2.10970E-01  1.0E-07
  1.480E+02  9.24024E-01  1.77575E-18  6.34132E-02 -1.93003E-01  1.0E-07
  1.485E+02  9.26320E-01  2.04477E-18  7.30202E-02 -1.77312E-01  1.0E-07
  1.490E+02  9.28584E-01  2.33722E-18  8.34637E-02 -1.63554E-01  1.0E-07
  1.495E+02  9.30815E-01  2.65310E-18  9.47441E-02 -1.51432E-01  1.0E-07
  1.500E+02  9.33013E-01  2.99237E-18  1.06860E-01 -1.40698E-01  1.0E-07
  1.505E+02  9.35178E-01  3.35491E-18  1.19806E-01 -1.31144E-01  1.0E-07
  1.510E+02  9.37310E-01  3.74054E-18  1.33577E-01 -1.22597E-01  1.0E-07
  1.515E+02  9.39409E-01  4.14902E-18  1.48164E-01 -1.14912E-01  1.0E-07
  1.520E+02  9.41474E-01  4.58002E-18  1.63555E-01 -1.07971E-01  1.0E-07
  1.525E+02  9.43505E-01  5.03318E-18  1.79738E-01 -1.01673E-01  1.0E-07
  1.530E+02  9.45503E-01  5.50804E-18  1.96696E-01 -9.59337E-02  1.0E-07
  1.535E+02  9.47467E-01  6.00411E-18  2.14411E-01 -9.06824E-02  1.0E-07
  1.540E+02  9.49397E-01  6.52081E-18  2.32862E-01 -8.58594E-02  1.0E-07
  1.545E+02  9.51293E-01  7.05750E-18  2.52028E-01 -8.14135E-02  1.0E-07
  1.550E+02  9.53154E-01  7.61348E-18  2.71882E-01 -7.73013E-02  1.0E-07
  1.555E+02  9.54981E-01  8.18800E-18  2.92399E-01 -7.34853E-02  1.0E-07
  1.560E+02  9.56773E-01  8.78024E-18  3.13548E-01 -6.99333E-02  1.0E-07
  1.565E+02  9.58530E-01  9.38932E-18  3.35299E-01 -6.66175E-02  1.0E-07
  1.570E+02  9.60252E-01  1.00143E-17  3.57618E-01 -6.35136E-02  1.0E-07
  1.575E+02  9.61940E-01  1.06542E-17  3.80469E-01 -6.06005E-02  1.0E-07
  1.580E+02  9.63592E-01  1.13080E-17  4.03816E-01 -5.78597E-02  1.0E-07
  1.585E+02  9.65209E-01  1.19746E-17  4.27621E-01 -5.52747E-02  1.0E-07
  1.590E+02  9.66790E-01  1.26528E-17  4.51841E-01 -5.28313E-02  1.0E-07
  1.595E+02  9.68336E-01  1.33416E-17  4.76436E-01 -5.05166E-02  1.0E-07
  1.600E+02  9.69846E-01  1.40395E-17  5.01361E-01 -4.83195E-02  1.0E-07
  1.605E+02  9.71321E-01  1.47455E-17  5.26572E-01 -4.62296E-02  1.0E-07
  1.610E+02  9.72759E-01  1.54582E-17  5.52022E-01 -4.42382E-02  1.0E-07
  1.615E+02  9.74162E-01  1.61762E-17  5.77664E-01 -4.23369E-02  1.0E-07
  1.620E+02  9.75528E-01  1.68983E-17  6.03449E-01 -4.05186E-02  1.0E-07
  1.625E+02  9.76858E-01  1.76230E-17  6.29328E-01 -3.87766E-02  1.0E-07
  1.630E+02  9.78152E-01  1.83489E-17  6.55251E-01 -3.71051E-02  1.0E-07
  1.635E+02  9.79410E-01  1.90746E-17  6.81166E-01 -3.54986E-02  1.0E-07
  1.640E+02  9.80631E-01  1.97987E-17  7.07023E-01 -3.39522E-02  1.0E-07
  1.645E+02  9.81815E-01  2.05197E-17  7.32770E-01 -3.24614E-02  1.0E-07
  1.650E+02  9.82963E-01  2.12361E-17  7.58355E-01 -3.10222E-02  1.0E-07
  1.655E+02  9.84074E-01  2.19465E-17  7.83725E-01 -2.96308E-02  1.0E-07
  1.660E+02  9.85148E-01  2.26495E-17  8.08829E-01 -2.82838E-02  1.0E-07
  1.665E+02  9.86185E-01  2.33436E-17  8.33614E-01 -2.69779E-02  1.0E-07
  1.670E+02  9.87185E-01  2.40272E-17  8.58028E-01 -2.57104E-02  1.0E-07
  1.675E+02  9.88148E-01  2.46991E-17  8.82021E-01 -2.44784E-02  1.0E-07
  1.680E+02  9.89074E-01  2.53577E-17  9.05541E-01 -2.32794E-02  1.0E-07
  1.685E+02  9.89962E-01  2.60017E-17  9.28539E-01 -2.21112E-02  1.0E-07
  1.690E+02  9.90814E-01  2.66297E-17  9.50966E-01 -2.09716E-02  1.0E-07
  1.695E+02  9.91627E-01  2.72404E-17  9.72772E-01 -1.98585E-02  1.0E-07
  1.700E+02  9.92404E-01  2.78324E-17  9.93912E-01 -1.87700E-02  1.0E-07
  1.705E+02  9.93143E-01  2.84044E-17  1.01434E+00 -1.77045E-02  1.0E-07
  1.710E+02  9.93844E-01  2.89552E-17  1.03401E+00 -1.66601E-02  1.0E-07
  1.715E+02  9.94508E-01  2.94836E-17  1.05288E+00 -1.56353E-02  1.0E-07
  1.720E+02  9.95134E-01  2.99884E-17  1.07090E+00 -1.46286E-02  1.0E-07
  1.725E+02  9.95722E-01  3.04685E-17  1.08805E+00 -1.36387E-02  1.0E-07
  1.730E+02  9.96273E-01  3.09229E-17  1.10428E+00 -1.26641E-02  1.0E-07
  1.735E+02  9.96786E-01  3.13505E-17  1.11955E+00 -1.17037E-02  1.0E-07
  1.740E+02  9.97261E-01  3.17504E-17  1.13383E+00 -1.07561E-02  1.0E-07
  1.745E+02  9.97698E-01  3.21217E-17  1.14709E+00 -9.82018E-03  1.0E-07
  1.750E+02  9.98097E-01  3.24636E-17  1.15930E+00 -8.89486E-03  1.0E-07
  1.755E+02  9.98459E-01  3.27753E-17  1.17043E+00 -7.97905E-03  1.0E-07
  1.760E+02  9.98782E-01  3.30561E-17  1.18045E+00 -7.07168E-03  1.0E-07
  1.765E+02  9.99067E-01  3.33053E-17  1.18936E+00 -6.17175E-03  1.0E-07
  1.770E+02  9.99315E-01  3.35225E-17  1.19711E+00 -5.27827E-03  1.0E-07
  1.775E+02  9.99524E-01  3.37071E-17  1.20370E+00 -4.39027E-03  1.0E-07
  1.780E+02  9.99695E-01  3.38587E-17  1.20912E+00 -3.50681E-03  1.0E-07
  1.785E+02  9.99829E-01  3.39770E-17  1.21334E+00 -2.62696E-03  1.0E-07
  1.790E+02  9.99924E-01  3.40617E-17  1.21636E+00 -1.74981E-03  1.0E-07
  1.795E+02  9.99981E-01  3.41126E-17  1.21818E+00 -8.74459E-04  1.0E-07
  1.800E+02  1.00000E+00  3.41295E-17  1.21879E+00 -1.22696E-17  1.0E-07
