 #
 # Subroutine ELSEPA. Elastic scattering of electrons and positrons
 #                    by neutral atoms and positive ions
 #
 # Projectile: electron
 # Kinetic energy = 1.20000E+04 eV = 4.40992E+02 a.u.
 #
 # Element: Au,  Z =  79,  atomic weight = 1.96967E+02 g/mol
 #
 # Nuclear model: Fermi distribution
 #                Average radius = 6.22560E-13 cm
 #                Skin thickness = 5.46000E-14 cm
 #
 # Number of electrons = 79
 #
 # Electron density: Read from file z_079.den   
 #                   Number of data points =  777
 #                   Volume integral = 7.90000E+01
 #
 # Furness-McCarthy exchange potential
 #
 # Total elastic cross section = 7.33024E-17 cm**2 = 2.61768E+00 a0**2
 # 1st transport cross section = 3.50401E-18 cm**2 = 1.25131E-01 a0**2
 # 2nd transport cross section = 5.72188E-18 cm**2 = 2.04332E-01 a0**2
 #
 #
 # Differential cross section:                       MU=(1-COS(THETA))/2
 #
 #  THETA        MU          DCS          DCS        Sherman      error
 #  (deg)                 (cm**2/sr)   (a0**2/sr)    function
 #----------------------------------------------------------------------
  0.000E+00  0.00000E+00  6.57891E-15  2.34937E+02  0.00000E+00  1.0E-07
  1.000E-04  7.61557E-13  6.57891E-15  2.34937E+02  1.60593E-10  1.0E-07
  1.250E-04  1.18994E-12  6.57891E-15  2.34937E+02  2.00742E-10  1.0E-07
  1.500E-04  1.71346E-12  6.57891E-15  2.34937E+02  2.40890E-10  1.0E-07
  1.750E-04  2.33225E-12  6.57891E-15  2.34937E+02  2.81039E-10  1.0E-07
  2.000E-04  3.04617E-12  6.57891E-15  2.34937E+02  3.21187E-10  1.0E-07
  2.250E-04  3.85530E-12  6.57891E-15  2.34937E+02  3.61335E-10  1.0E-07
  2.500E-04  4.75964E-12  6.57891E-15  2.34937E+02  4.01484E-10  1.0E-07
  2.750E-04  5.75917E-12  6.57891E-15  2.34937E+02  4.41632E-10  1.0E-07
  3.000E-04  6.85391E-12  6.57891E-15  2.34937E+02  4.81780E-10  1.0E-07
  3.250E-04  8.04379E-12  6.57891E-15  2.34937E+02  5.21929E-10  1.0E-07
  3.500E-04  9.32893E-12  6.57891E-15  2.34937E+02  5.62077E-10  1.0E-07
  3.750E-04  1.07092E-11  6.57891E-15  2.34937E+02  6.02225E-10  1.0E-07
  4.000E-04  1.21847E-11  6.57890E-15  2.34937E+02  6.42374E-10  1.0E-07
  4.250E-04  1.37554E-11  6.57890E-15  2.34937E+02  6.82522E-10  1.0E-07
  4.500E-04  1.54213E-11  6.57890E-15  2.34937E+02  7.22671E-10  1.0E-07
  4.750E-04  1.71823E-11  6.57890E-15  2.34937E+02  7.62819E-10  1.0E-07
  5.000E-04  1.90386E-11  6.57890E-15  2.34937E+02  8.02967E-10  1.0E-07
  5.250E-04  2.09900E-11  6.57890E-15  2.34937E+02  8.43116E-10  1.0E-07
  5.500E-04  2.30367E-11  6.57890E-15  2.34937E+02  8.83264E-10  1.0E-07
  5.750E-04  2.51785E-11  6.57890E-15  2.34937E+02  9.23412E-10  1.0E-07
  6.000E-04  2.74156E-11  6.57890E-15  2.34937E+02  9.63561E-10  1.0E-07
  6.250E-04  2.97478E-11  6.57890E-15  2.34937E+02  1.00371E-09  1.0E-07
  6.500E-04  3.21752E-11  6.57890E-15  2.34937E+02  1.04386E-09  1.0E-07
  6.750E-04  3.46979E-11  6.57890E-15  2.34937E+02  1.08401E-09  1.0E-07
  7.000E-04  3.73157E-11  6.57890E-15  2.34937E+02  1.12415E-09  1.0E-07
  7.250E-04  4.00286E-11  6.57890E-15  2.34937E+02  1.16430E-09  1.0E-07
  7.500E-04  4.28368E-11  6.57890E-15  2.34937E+02  1.20445E-09  1.0E-07
  7.750E-04  4.57402E-11  6.57890E-15  2.34937E+02  1.24460E-09  1.0E-07
  8.000E-04  4.87388E-11  6.57890E-15  2.34937E+02  1.28475E-09  1.0E-07
  8.250E-04  5.18325E-11  6.57890E-15  2.34937E+02  1.32490E-09  1.0E-07
  8.500E-04  5.50215E-11  6.57890E-15  2.34937E+02  1.36504E-09  1.0E-07
  8.750E-04  5.83057E-11  6.57890E-15  2.34937E+02  1.40519E-09  1.0E-07
  9.000E-04  6.16850E-11  6.57890E-15  2.34937E+02  1.44534E-09  1.0E-07
  9.250E-04  6.51595E-11  6.57890E-15  2.34937E+02  1.48549E-09  1.0E-07
  9.500E-04  6.87293E-11  6.57890E-15  2.34937E+02  1.52564E-09  1.0E-07
  9.750E-04  7.23943E-11  6.57890E-15  2.34937E+02  1.56579E-09  1.0E-07
  1.000E-03  7.61544E-11  6.57890E-15  2.34937E+02  1.60594E-09  1.0E-07
  1.250E-03  1.18991E-10  6.57890E-15  2.34937E+02  2.00742E-09  1.0E-07
  1.500E-03  1.71347E-10  6.57890E-15  2.34937E+02  2.40890E-09  1.0E-07
  1.750E-03  2.33223E-10  6.57890E-15  2.34937E+02  2.81039E-09  1.0E-07
  2.000E-03  3.04617E-10  6.57890E-15  2.34937E+02  3.21187E-09  1.0E-07
  2.250E-03  3.85531E-10  6.57890E-15  2.34937E+02  3.61336E-09  1.0E-07
  2.500E-03  4.75965E-10  6.57890E-15  2.34937E+02  4.01485E-09  1.0E-07
  2.750E-03  5.75917E-10  6.57889E-15  2.34937E+02  4.41633E-09  1.0E-07
  3.000E-03  6.85389E-10  6.57889E-15  2.34936E+02  4.81782E-09  1.0E-07
  3.250E-03  8.04380E-10  6.57889E-15  2.34936E+02  5.21931E-09  1.0E-07
  3.500E-03  9.32891E-10  6.57889E-15  2.34936E+02  5.62080E-09  1.0E-07
  3.750E-03  1.07092E-09  6.57888E-15  2.34936E+02  6.02229E-09  1.0E-07
  4.000E-03  1.21847E-09  6.57888E-15  2.34936E+02  6.42378E-09  1.0E-07
  4.250E-03  1.37554E-09  6.57888E-15  2.34936E+02  6.82527E-09  1.0E-07
  4.500E-03  1.54213E-09  6.57887E-15  2.34936E+02  7.22676E-09  1.0E-07
  4.750E-03  1.71823E-09  6.57887E-15  2.34936E+02  7.62826E-09  1.0E-07
  5.000E-03  1.90386E-09  6.57887E-15  2.34936E+02  8.02975E-09  1.0E-07
  5.250E-03  2.09900E-09  6.57886E-15  2.34935E+02  8.43125E-09  1.0E-07
  5.500E-03  2.30367E-09  6.57886E-15  2.34935E+02  8.83275E-09  1.0E-07
  5.750E-03  2.51785E-09  6.57886E-15  2.34935E+02  9.23424E-09  1.0E-07
  6.000E-03  2.74156E-09  6.57885E-15  2.34935E+02  9.63574E-09  1.0E-07
  6.250E-03  2.97478E-09  6.57885E-15  2.34935E+02  1.00372E-08  1.0E-07
  6.500E-03  3.21752E-09  6.57884E-15  2.34935E+02  1.04387E-08  1.0E-07
  6.750E-03  3.46978E-09  6.57884E-15  2.34935E+02  1.08403E-08  1.0E-07
  7.000E-03  3.73156E-09  6.57883E-15  2.34934E+02  1.12418E-08  1.0E-07
  7.250E-03  4.00286E-09  6.57883E-15  2.34934E+02  1.16433E-08  1.0E-07
  7.500E-03  4.28368E-09  6.57882E-15  2.34934E+02  1.20448E-08  1.0E-07
  7.750E-03  4.57402E-09  6.57881E-15  2.34934E+02  1.24463E-08  1.0E-07
  8.000E-03  4.87388E-09  6.57881E-15  2.34934E+02  1.28478E-08  1.0E-07
  8.250E-03  5.18326E-09  6.57880E-15  2.34933E+02  1.32493E-08  1.0E-07
  8.500E-03  5.50215E-09  6.57880E-15  2.34933E+02  1.36508E-08  1.0E-07
  8.750E-03  5.83057E-09  6.57879E-15  2.34933E+02  1.40524E-08  1.0E-07
  9.000E-03  6.16850E-09  6.57878E-15  2.34933E+02  1.44539E-08  1.0E-07
  9.250E-03  6.51596E-09  6.57878E-15  2.34932E+02  1.48554E-08  1.0E-07
  9.500E-03  6.87293E-09  6.57877E-15  2.34932E+02  1.52569E-08  1.0E-07
  9.750E-03  7.23942E-09  6.57876E-15  2.34932E+02  1.56585E-08  1.0E-07
  1.000E-02  7.61544E-09  6.57875E-15  2.34932E+02  1.60600E-08  1.0E-07
  1.250E-02  1.18991E-08  6.57867E-15  2.34929E+02  2.00754E-08  1.0E-07
  1.500E-02  1.71347E-08  6.57856E-15  2.34925E+02  2.40912E-08  1.0E-07
  1.750E-02  2.33223E-08  6.57844E-15  2.34920E+02  2.81073E-08  1.0E-07
  2.000E-02  3.04617E-08  6.57830E-15  2.34915E+02  3.21238E-08  1.0E-07
  2.250E-02  3.85531E-08  6.57814E-15  2.34910E+02  3.61408E-08  1.0E-07
  2.500E-02  4.75965E-08  6.57796E-15  2.34903E+02  4.01584E-08  1.0E-07
  2.750E-02  5.75917E-08  6.57776E-15  2.34896E+02  4.41766E-08  1.0E-07
  3.000E-02  6.85389E-08  6.57754E-15  2.34888E+02  4.81954E-08  1.0E-07
  3.250E-02  8.04380E-08  6.57731E-15  2.34880E+02  5.22149E-08  1.0E-07
  3.500E-02  9.32891E-08  6.57705E-15  2.34871E+02  5.62353E-08  1.0E-07
  3.750E-02  1.07092E-07  6.57677E-15  2.34861E+02  6.02564E-08  1.0E-07
  4.000E-02  1.21847E-07  6.57648E-15  2.34850E+02  6.42785E-08  1.0E-07
  4.250E-02  1.37554E-07  6.57617E-15  2.34839E+02  6.83015E-08  1.0E-07
  4.500E-02  1.54213E-07  6.57584E-15  2.34827E+02  7.23256E-08  1.0E-07
  4.750E-02  1.71823E-07  6.57549E-15  2.34815E+02  7.63507E-08  1.0E-07
  5.000E-02  1.90386E-07  6.57512E-15  2.34802E+02  8.03770E-08  1.0E-07
  5.250E-02  2.09900E-07  6.57473E-15  2.34788E+02  8.44045E-08  1.0E-07
  5.500E-02  2.30367E-07  6.57432E-15  2.34773E+02  8.84333E-08  1.0E-07
  5.750E-02  2.51785E-07  6.57390E-15  2.34758E+02  9.24634E-08  1.0E-07
  6.000E-02  2.74156E-07  6.57345E-15  2.34742E+02  9.64949E-08  1.0E-07
  6.250E-02  2.97478E-07  6.57299E-15  2.34726E+02  1.00528E-07  1.0E-07
  6.500E-02  3.21752E-07  6.57251E-15  2.34709E+02  1.04562E-07  1.0E-07
  6.750E-02  3.46978E-07  6.57201E-15  2.34691E+02  1.08598E-07  1.0E-07
  7.000E-02  3.73156E-07  6.57149E-15  2.34672E+02  1.12636E-07  1.0E-07
  7.250E-02  4.00286E-07  6.57095E-15  2.34653E+02  1.16675E-07  1.0E-07
  7.500E-02  4.28368E-07  6.57039E-15  2.34633E+02  1.20716E-07  1.0E-07
  7.750E-02  4.57402E-07  6.56981E-15  2.34612E+02  1.24759E-07  1.0E-07
  8.000E-02  4.87388E-07  6.56922E-15  2.34591E+02  1.28804E-07  1.0E-07
  8.250E-02  5.18325E-07  6.56861E-15  2.34569E+02  1.32850E-07  1.0E-07
  8.500E-02  5.50215E-07  6.56797E-15  2.34547E+02  1.36899E-07  1.0E-07
  8.750E-02  5.83057E-07  6.56732E-15  2.34523E+02  1.40950E-07  1.0E-07
  9.000E-02  6.16850E-07  6.56665E-15  2.34499E+02  1.45003E-07  1.0E-07
  9.250E-02  6.51596E-07  6.56596E-15  2.34475E+02  1.49058E-07  1.0E-07
  9.500E-02  6.87293E-07  6.56525E-15  2.34449E+02  1.53115E-07  1.0E-07
  9.750E-02  7.23942E-07  6.56453E-15  2.34424E+02  1.57174E-07  1.0E-07
  1.000E-01  7.61543E-07  6.56378E-15  2.34397E+02  1.61236E-07  1.0E-07
  1.250E-01  1.18991E-06  6.55530E-15  2.34094E+02  2.01998E-07  1.0E-07
  1.500E-01  1.71347E-06  6.54496E-15  2.33725E+02  2.43061E-07  1.0E-07
  1.750E-01  2.33223E-06  6.53277E-15  2.33290E+02  2.84487E-07  1.0E-07
  2.000E-01  3.04617E-06  6.51876E-15  2.32789E+02  3.26337E-07  1.0E-07
  2.250E-01  3.85531E-06  6.50294E-15  2.32224E+02  3.68672E-07  1.0E-07
  2.500E-01  4.75964E-06  6.48534E-15  2.31596E+02  4.11554E-07  1.0E-07
  2.750E-01  5.75916E-06  6.46598E-15  2.30904E+02  4.55044E-07  1.0E-07
  3.000E-01  6.85388E-06  6.44488E-15  2.30151E+02  4.99206E-07  1.0E-07
  3.250E-01  8.04378E-06  6.42209E-15  2.29337E+02  5.44101E-07  1.0E-07
  3.500E-01  9.32888E-06  6.39762E-15  2.28463E+02  5.89793E-07  1.0E-07
  3.750E-01  1.07092E-05  6.37151E-15  2.27531E+02  6.36345E-07  1.0E-07
  4.000E-01  1.21846E-05  6.34380E-15  2.26541E+02  6.83822E-07  1.0E-07
  4.250E-01  1.37553E-05  6.31453E-15  2.25496E+02  7.32289E-07  1.0E-07
  4.500E-01  1.54212E-05  6.28374E-15  2.24396E+02  7.81810E-07  1.0E-07
  4.750E-01  1.71822E-05  6.25146E-15  2.23244E+02  8.32451E-07  1.0E-07
  5.000E-01  1.90385E-05  6.21773E-15  2.22039E+02  8.84279E-07  1.0E-07
  5.250E-01  2.09899E-05  6.18261E-15  2.20785E+02  9.37361E-07  1.0E-07
  5.500E-01  2.30365E-05  6.14613E-15  2.19482E+02  9.91766E-07  1.0E-07
  5.750E-01  2.51783E-05  6.10835E-15  2.18133E+02  1.04756E-06  1.0E-07
  6.000E-01  2.74153E-05  6.06930E-15  2.16739E+02  1.10481E-06  1.0E-07
  6.250E-01  2.97475E-05  6.02904E-15  2.15301E+02  1.16360E-06  1.0E-07
  6.500E-01  3.21749E-05  5.98761E-15  2.13821E+02  1.22398E-06  1.0E-07
  6.750E-01  3.46974E-05  5.94506E-15  2.12302E+02  1.28604E-06  1.0E-07
  7.000E-01  3.73152E-05  5.90145E-15  2.10745E+02  1.34984E-06  1.0E-07
  7.250E-01  4.00281E-05  5.85682E-15  2.09151E+02  1.41546E-06  1.0E-07
  7.500E-01  4.28362E-05  5.81121E-15  2.07522E+02  1.48298E-06  1.0E-07
  7.750E-01  4.57395E-05  5.76469E-15  2.05861E+02  1.55246E-06  1.0E-07
  8.000E-01  4.87380E-05  5.71730E-15  2.04169E+02  1.62398E-06  1.0E-07
  8.250E-01  5.18317E-05  5.66909E-15  2.02447E+02  1.69763E-06  1.0E-07
  8.500E-01  5.50205E-05  5.62011E-15  2.00698E+02  1.77348E-06  1.0E-07
  8.750E-01  5.83045E-05  5.57041E-15  1.98923E+02  1.85160E-06  1.0E-07
  9.000E-01  6.16838E-05  5.52003E-15  1.97124E+02  1.93209E-06  1.0E-07
  9.250E-01  6.51582E-05  5.46903E-15  1.95303E+02  2.01501E-06  1.0E-07
  9.500E-01  6.87277E-05  5.41746E-15  1.93461E+02  2.10046E-06  1.0E-07
  9.750E-01  7.23925E-05  5.36536E-15  1.91600E+02  2.18851E-06  1.0E-07
  1.000E+00  7.61524E-05  5.31277E-15  1.89722E+02  2.27925E-06  1.0E-07
  1.100E+00  9.21439E-05  5.09849E-15  1.82070E+02  2.67086E-06  1.0E-07
  1.200E+00  1.09658E-04  4.87996E-15  1.74267E+02  3.11257E-06  1.0E-07
  1.300E+00  1.28695E-04  4.65969E-15  1.66400E+02  3.61042E-06  1.0E-07
  1.400E+00  1.49255E-04  4.43985E-15  1.58550E+02  4.17055E-06  1.0E-07
  1.500E+00  1.71338E-04  4.22236E-15  1.50783E+02  4.79971E-06  1.0E-07
  1.600E+00  1.94942E-04  4.00879E-15  1.43157E+02  5.50491E-06  1.0E-07
  1.700E+00  2.20070E-04  3.80044E-15  1.35716E+02  6.29349E-06  1.0E-07
  1.800E+00  2.46720E-04  3.59833E-15  1.28499E+02  7.17318E-06  1.0E-07
  1.900E+00  2.74892E-04  3.40324E-15  1.21532E+02  8.15209E-06  1.0E-07
  2.000E+00  3.04586E-04  3.21571E-15  1.14835E+02  9.23874E-06  1.0E-07
  2.100E+00  3.35803E-04  3.03612E-15  1.08422E+02  1.04421E-05  1.0E-07
  2.200E+00  3.68542E-04  2.86469E-15  1.02300E+02  1.17715E-05  1.0E-07
  2.300E+00  4.02802E-04  2.70150E-15  9.64723E+01  1.32368E-05  1.0E-07
  2.400E+00  4.38585E-04  2.54652E-15  9.09379E+01  1.48483E-05  1.0E-07
  2.500E+00  4.75889E-04  2.39964E-15  8.56927E+01  1.66166E-05  1.0E-07
  2.600E+00  5.14715E-04  2.26068E-15  8.07304E+01  1.85529E-05  1.0E-07
  2.700E+00  5.55063E-04  2.12942E-15  7.60429E+01  2.06689E-05  1.0E-07
  2.800E+00  5.96931E-04  2.00559E-15  7.16208E+01  2.29766E-05  1.0E-07
  2.900E+00  6.40321E-04  1.88889E-15  6.74534E+01  2.54886E-05  1.0E-07
  3.000E+00  6.85233E-04  1.77902E-15  6.35299E+01  2.82178E-05  1.0E-07
  3.100E+00  7.31665E-04  1.67566E-15  5.98390E+01  3.11777E-05  1.0E-07
  3.200E+00  7.79618E-04  1.57849E-15  5.63690E+01  3.43820E-05  1.0E-07
  3.300E+00  8.29092E-04  1.48719E-15  5.31087E+01  3.78450E-05  1.0E-07
  3.400E+00  8.80086E-04  1.40145E-15  5.00467E+01  4.15812E-05  1.0E-07
  3.500E+00  9.32601E-04  1.32095E-15  4.71720E+01  4.56056E-05  1.0E-07
  3.600E+00  9.86636E-04  1.24540E-15  4.44740E+01  4.99334E-05  1.0E-07
  3.700E+00  1.04219E-03  1.17451E-15  4.19424E+01  5.45800E-05  1.0E-07
  3.800E+00  1.09927E-03  1.10800E-15  3.95673E+01  5.95612E-05  1.0E-07
  3.900E+00  1.15786E-03  1.04561E-15  3.73394E+01  6.48928E-05  1.0E-07
  4.000E+00  1.21797E-03  9.87092E-16  3.52497E+01  7.05908E-05  1.0E-07
  4.100E+00  1.27961E-03  9.32205E-16  3.32896E+01  7.66711E-05  1.0E-07
  4.200E+00  1.34276E-03  8.80723E-16  3.14512E+01  8.31499E-05  1.0E-07
  4.300E+00  1.40743E-03  8.32434E-16  2.97268E+01  9.00430E-05  1.0E-07
  4.400E+00  1.47362E-03  7.87136E-16  2.81091E+01  9.73663E-05  1.0E-07
  4.500E+00  1.54133E-03  7.44640E-16  2.65916E+01  1.05135E-04  1.0E-07
  4.600E+00  1.61056E-03  7.04767E-16  2.51677E+01  1.13365E-04  1.0E-07
  4.700E+00  1.68131E-03  6.67351E-16  2.38315E+01  1.22071E-04  1.0E-07
  4.800E+00  1.75357E-03  6.32233E-16  2.25774E+01  1.31268E-04  1.0E-07
  4.900E+00  1.82735E-03  5.99266E-16  2.14002E+01  1.40969E-04  1.0E-07
  5.000E+00  1.90265E-03  5.68311E-16  2.02948E+01  1.51187E-04  1.0E-07
  5.100E+00  1.97947E-03  5.39240E-16  1.92566E+01  1.61936E-04  1.0E-07
  5.200E+00  2.05780E-03  5.11930E-16  1.82813E+01  1.73228E-04  1.0E-07
  5.300E+00  2.13765E-03  4.86267E-16  1.73649E+01  1.85072E-04  1.0E-07
  5.400E+00  2.21902E-03  4.62146E-16  1.65035E+01  1.97481E-04  1.0E-07
  5.500E+00  2.30190E-03  4.39466E-16  1.56936E+01  2.10463E-04  1.0E-07
  5.600E+00  2.38630E-03  4.18135E-16  1.49319E+01  2.24026E-04  1.0E-07
  5.700E+00  2.47222E-03  3.98066E-16  1.42152E+01  2.38177E-04  1.0E-07
  5.800E+00  2.55965E-03  3.79176E-16  1.35406E+01  2.52923E-04  1.0E-07
  5.900E+00  2.64859E-03  3.61391E-16  1.29055E+01  2.68269E-04  1.0E-07
  6.000E+00  2.73905E-03  3.44639E-16  1.23073E+01  2.84218E-04  1.0E-07
  6.100E+00  2.83103E-03  3.28854E-16  1.17436E+01  3.00774E-04  1.0E-07
  6.200E+00  2.92452E-03  3.13974E-16  1.12122E+01  3.17937E-04  1.0E-07
  6.300E+00  3.01952E-03  2.99940E-16  1.07111E+01  3.35708E-04  1.0E-07
  6.400E+00  3.11604E-03  2.86700E-16  1.02382E+01  3.54085E-04  1.0E-07
  6.500E+00  3.21407E-03  2.74201E-16  9.79191E+00  3.73068E-04  1.0E-07
  6.600E+00  3.31362E-03  2.62398E-16  9.37041E+00  3.92651E-04  1.0E-07
  6.700E+00  3.41468E-03  2.51246E-16  8.97216E+00  4.12832E-04  1.0E-07
  6.800E+00  3.51725E-03  2.40704E-16  8.59570E+00  4.33603E-04  1.0E-07
  6.900E+00  3.62133E-03  2.30733E-16  8.23964E+00  4.54959E-04  1.0E-07
  7.000E+00  3.72692E-03  2.21299E-16  7.90272E+00  4.76892E-04  1.0E-07
  7.100E+00  3.83403E-03  2.12366E-16  7.58373E+00  4.99393E-04  1.0E-07
  7.200E+00  3.94265E-03  2.03905E-16  7.28157E+00  5.22451E-04  1.0E-07
  7.300E+00  4.05278E-03  1.95885E-16  6.99518E+00  5.46057E-04  1.0E-07
  7.400E+00  4.16442E-03  1.88280E-16  6.72359E+00  5.70199E-04  1.0E-07
  7.500E+00  4.27757E-03  1.81064E-16  6.46591E+00  5.94864E-04  1.0E-07
  7.600E+00  4.39223E-03  1.74213E-16  6.22127E+00  6.20041E-04  1.0E-07
  7.700E+00  4.50840E-03  1.67706E-16  5.98888E+00  6.45714E-04  1.0E-07
  7.800E+00  4.62608E-03  1.61521E-16  5.76801E+00  6.71869E-04  1.0E-07
  7.900E+00  4.74527E-03  1.55639E-16  5.55796E+00  6.98492E-04  1.0E-07
  8.000E+00  4.86597E-03  1.50042E-16  5.35809E+00  7.25568E-04  1.0E-07
  8.100E+00  4.98817E-03  1.44713E-16  5.16780E+00  7.53079E-04  1.0E-07
  8.200E+00  5.11188E-03  1.39637E-16  4.98651E+00  7.81011E-04  1.0E-07
  8.300E+00  5.23711E-03  1.34798E-16  4.81371E+00  8.09345E-04  1.0E-07
  8.400E+00  5.36383E-03  1.30183E-16  4.64890E+00  8.38066E-04  1.0E-07
  8.500E+00  5.49207E-03  1.25778E-16  4.49162E+00  8.67155E-04  1.0E-07
  8.600E+00  5.62181E-03  1.21573E-16  4.34145E+00  8.96596E-04  1.0E-07
  8.700E+00  5.75306E-03  1.17555E-16  4.19797E+00  9.26369E-04  1.0E-07
  8.800E+00  5.88581E-03  1.13714E-16  4.06081E+00  9.56458E-04  1.0E-07
  8.900E+00  6.02007E-03  1.10041E-16  3.92963E+00  9.86843E-04  1.0E-07
  9.000E+00  6.15583E-03  1.06525E-16  3.80408E+00  1.01751E-03  1.0E-07
  9.100E+00  6.29310E-03  1.03159E-16  3.68387E+00  1.04843E-03  1.0E-07
  9.200E+00  6.43187E-03  9.99339E-17  3.56871E+00  1.07959E-03  1.0E-07
  9.300E+00  6.57214E-03  9.68426E-17  3.45831E+00  1.11097E-03  1.0E-07
  9.400E+00  6.71392E-03  9.38780E-17  3.35244E+00  1.14256E-03  1.0E-07
  9.500E+00  6.85720E-03  9.10333E-17  3.25086E+00  1.17432E-03  1.0E-07
  9.600E+00  7.00198E-03  8.83023E-17  3.15333E+00  1.20625E-03  1.0E-07
  9.700E+00  7.14827E-03  8.56793E-17  3.05966E+00  1.23832E-03  1.0E-07
  9.800E+00  7.29605E-03  8.31586E-17  2.96965E+00  1.27051E-03  1.0E-07
  9.900E+00  7.44534E-03  8.07353E-17  2.88311E+00  1.30280E-03  1.0E-07
  1.000E+01  7.59612E-03  7.84045E-17  2.79988E+00  1.33518E-03  1.0E-07
  1.025E+01  7.97965E-03  7.29530E-17  2.60520E+00  1.41633E-03  1.0E-07
  1.050E+01  8.37255E-03  6.79882E-17  2.42790E+00  1.49751E-03  1.0E-07
  1.075E+01  8.77480E-03  6.34556E-17  2.26604E+00  1.57837E-03  1.0E-07
  1.100E+01  9.18641E-03  5.93080E-17  2.11793E+00  1.65855E-03  1.0E-07
  1.125E+01  9.60736E-03  5.55049E-17  1.98212E+00  1.73767E-03  1.0E-07
  1.150E+01  1.00376E-02  5.20108E-17  1.85734E+00  1.81533E-03  1.0E-07
  1.175E+01  1.04773E-02  4.87951E-17  1.74251E+00  1.89111E-03  1.0E-07
  1.200E+01  1.09262E-02  4.58309E-17  1.63665E+00  1.96458E-03  1.0E-07
  1.225E+01  1.13844E-02  4.30944E-17  1.53893E+00  2.03527E-03  1.0E-07
  1.250E+01  1.18520E-02  4.05650E-17  1.44860E+00  2.10273E-03  1.0E-07
  1.275E+01  1.23288E-02  3.82240E-17  1.36500E+00  2.16645E-03  1.0E-07
  1.300E+01  1.28150E-02  3.60550E-17  1.28755E+00  2.22595E-03  1.0E-07
  1.325E+01  1.33104E-02  3.40434E-17  1.21571E+00  2.28070E-03  1.0E-07
  1.350E+01  1.38150E-02  3.21759E-17  1.14902E+00  2.33017E-03  1.0E-07
  1.375E+01  1.43290E-02  3.04408E-17  1.08706E+00  2.37386E-03  1.0E-07
  1.400E+01  1.48521E-02  2.88272E-17  1.02944E+00  2.41121E-03  1.0E-07
  1.425E+01  1.53845E-02  2.73254E-17  9.75808E-01  2.44170E-03  1.0E-07
  1.450E+01  1.59262E-02  2.59267E-17  9.25859E-01  2.46482E-03  1.0E-07
  1.475E+01  1.64770E-02  2.46229E-17  8.79301E-01  2.48004E-03  1.0E-07
  1.500E+01  1.70371E-02  2.34068E-17  8.35872E-01  2.48688E-03  1.0E-07
  1.525E+01  1.76063E-02  2.22716E-17  7.95332E-01  2.48484E-03  1.0E-07
  1.550E+01  1.81848E-02  2.12111E-17  7.57461E-01  2.47349E-03  1.0E-07
  1.575E+01  1.87724E-02  2.02196E-17  7.22057E-01  2.45238E-03  1.0E-07
  1.600E+01  1.93692E-02  1.92921E-17  6.88933E-01  2.42112E-03  1.0E-07
  1.625E+01  1.99751E-02  1.84236E-17  6.57920E-01  2.37934E-03  1.0E-07
  1.650E+01  2.05901E-02  1.76098E-17  6.28859E-01  2.32671E-03  1.0E-07
  1.675E+01  2.12143E-02  1.68467E-17  6.01605E-01  2.26293E-03  1.0E-07
  1.700E+01  2.18476E-02  1.61304E-17  5.76026E-01  2.18774E-03  1.0E-07
  1.725E+01  2.24900E-02  1.54575E-17  5.51996E-01  2.10094E-03  1.0E-07
  1.750E+01  2.31415E-02  1.48248E-17  5.29404E-01  2.00233E-03  1.0E-07
  1.775E+01  2.38021E-02  1.42294E-17  5.08143E-01  1.89179E-03  1.0E-07
  1.800E+01  2.44717E-02  1.36687E-17  4.88116E-01  1.76920E-03  1.0E-07
  1.825E+01  2.51504E-02  1.31399E-17  4.69235E-01  1.63452E-03  1.0E-07
  1.850E+01  2.58382E-02  1.26410E-17  4.51417E-01  1.48770E-03  1.0E-07
  1.875E+01  2.65349E-02  1.21696E-17  4.34585E-01  1.32877E-03  1.0E-07
  1.900E+01  2.72407E-02  1.17240E-17  4.18670E-01  1.15777E-03  1.0E-07
  1.925E+01  2.79555E-02  1.13021E-17  4.03606E-01  9.74770E-04  1.0E-07
  1.950E+01  2.86793E-02  1.09025E-17  3.89335E-01  7.79877E-04  1.0E-07
  1.975E+01  2.94120E-02  1.05235E-17  3.75799E-01  5.73223E-04  1.0E-07
  2.000E+01  3.01537E-02  1.01636E-17  3.62950E-01  3.54969E-04  1.0E-07
  2.025E+01  3.09043E-02  9.82171E-18  3.50740E-01  1.25297E-04  1.0E-07
  2.050E+01  3.16639E-02  9.49647E-18  3.39125E-01 -1.15590E-04  1.0E-07
  2.075E+01  3.24324E-02  9.18679E-18  3.28066E-01 -3.67466E-04  1.0E-07
  2.100E+01  3.32098E-02  8.89165E-18  3.17527E-01 -6.30090E-04  1.0E-07
  2.125E+01  3.39961E-02  8.61010E-18  3.07472E-01 -9.03201E-04  1.0E-07
  2.150E+01  3.47912E-02  8.34127E-18  2.97872E-01 -1.18652E-03  1.0E-07
  2.175E+01  3.55952E-02  8.08435E-18  2.88697E-01 -1.47977E-03  1.0E-07
  2.200E+01  3.64081E-02  7.83859E-18  2.79921E-01 -1.78263E-03  1.0E-07
  2.225E+01  3.72297E-02  7.60331E-18  2.71519E-01 -2.09479E-03  1.0E-07
  2.250E+01  3.80602E-02  7.37788E-18  2.63469E-01 -2.41592E-03  1.0E-07
  2.275E+01  3.88995E-02  7.16171E-18  2.55749E-01 -2.74569E-03  1.0E-07
  2.300E+01  3.97476E-02  6.95427E-18  2.48341E-01 -3.08374E-03  1.0E-07
  2.325E+01  4.06044E-02  6.75505E-18  2.41227E-01 -3.42970E-03  1.0E-07
  2.350E+01  4.14700E-02  6.56359E-18  2.34390E-01 -3.78321E-03  1.0E-07
  2.375E+01  4.23443E-02  6.37947E-18  2.27815E-01 -4.14389E-03  1.0E-07
  2.400E+01  4.32273E-02  6.20229E-18  2.21488E-01 -4.51132E-03  1.0E-07
  2.425E+01  4.41190E-02  6.03169E-18  2.15395E-01 -4.88511E-03  1.0E-07
  2.450E+01  4.50194E-02  5.86732E-18  2.09526E-01 -5.26485E-03  1.0E-07
  2.475E+01  4.59284E-02  5.70888E-18  2.03868E-01 -5.65009E-03  1.0E-07
  2.500E+01  4.68461E-02  5.55606E-18  1.98411E-01 -6.04041E-03  1.0E-07
  2.550E+01  4.87074E-02  5.26625E-18  1.88061E-01 -6.83445E-03  1.0E-07
  2.600E+01  5.06030E-02  4.99593E-18  1.78408E-01 -7.64320E-03  1.0E-07
  2.650E+01  5.25328E-02  4.74337E-18  1.69389E-01 -8.46271E-03  1.0E-07
  2.700E+01  5.44967E-02  4.50708E-18  1.60951E-01 -9.28884E-03  1.0E-07
  2.750E+01  5.64946E-02  4.28574E-18  1.53047E-01 -1.01173E-02  1.0E-07
  2.800E+01  5.85262E-02  4.07817E-18  1.45634E-01 -1.09435E-02  1.0E-07
  2.850E+01  6.05914E-02  3.88332E-18  1.38676E-01 -1.17627E-02  1.0E-07
  2.900E+01  6.26901E-02  3.70026E-18  1.32139E-01 -1.25703E-02  1.0E-07
  2.950E+01  6.48222E-02  3.52813E-18  1.25992E-01 -1.33610E-02  1.0E-07
  3.000E+01  6.69873E-02  3.36616E-18  1.20208E-01 -1.41299E-02  1.0E-07
  3.050E+01  6.91854E-02  3.21365E-18  1.14762E-01 -1.48717E-02  1.0E-07
  3.100E+01  7.14163E-02  3.06996E-18  1.09630E-01 -1.55813E-02  1.0E-07
  3.150E+01  7.36799E-02  2.93449E-18  1.04793E-01 -1.62532E-02  1.0E-07
  3.200E+01  7.59760E-02  2.80671E-18  1.00229E-01 -1.68821E-02  1.0E-07
  3.250E+01  7.83043E-02  2.68610E-18  9.59225E-02 -1.74630E-02  1.0E-07
  3.300E+01  8.06647E-02  2.57221E-18  9.18552E-02 -1.79905E-02  1.0E-07
  3.350E+01  8.30571E-02  2.46459E-18  8.80120E-02 -1.84595E-02  1.0E-07
  3.400E+01  8.54812E-02  2.36284E-18  8.43785E-02 -1.88652E-02  1.0E-07
  3.450E+01  8.79369E-02  2.26659E-18  8.09414E-02 -1.92026E-02  1.0E-07
  3.500E+01  9.04240E-02  2.17549E-18  7.76882E-02 -1.94672E-02  1.0E-07
  3.550E+01  9.29422E-02  2.08921E-18  7.46071E-02 -1.96546E-02  1.0E-07
  3.600E+01  9.54915E-02  2.00745E-18  7.16874E-02 -1.97606E-02  1.0E-07
  3.650E+01  9.80716E-02  1.92993E-18  6.89190E-02 -1.97814E-02  1.0E-07
  3.700E+01  1.00682E-01  1.85637E-18  6.62923E-02 -1.97131E-02  1.0E-07
  3.750E+01  1.03323E-01  1.78654E-18  6.37986E-02 -1.95526E-02  1.0E-07
  3.800E+01  1.05995E-01  1.72020E-18  6.14296E-02 -1.92967E-02  1.0E-07
  3.850E+01  1.08696E-01  1.65715E-18  5.91778E-02 -1.89427E-02  1.0E-07
  3.900E+01  1.11427E-01  1.59717E-18  5.70360E-02 -1.84881E-02  1.0E-07
  3.950E+01  1.14188E-01  1.54008E-18  5.49974E-02 -1.79307E-02  1.0E-07
  4.000E+01  1.16978E-01  1.48572E-18  5.30560E-02 -1.72689E-02  1.0E-07
  4.050E+01  1.19797E-01  1.43391E-18  5.12059E-02 -1.65010E-02  1.0E-07
  4.100E+01  1.22645E-01  1.38451E-18  4.94417E-02 -1.56259E-02  1.0E-07
  4.150E+01  1.25522E-01  1.33737E-18  4.77584E-02 -1.46427E-02  1.0E-07
  4.200E+01  1.28428E-01  1.29237E-18  4.61513E-02 -1.35508E-02  1.0E-07
  4.250E+01  1.31361E-01  1.24938E-18  4.46161E-02 -1.23501E-02  1.0E-07
  4.300E+01  1.34323E-01  1.20829E-18  4.31487E-02 -1.10404E-02  1.0E-07
  4.350E+01  1.37313E-01  1.16898E-18  4.17452E-02 -9.62227E-03  1.0E-07
  4.400E+01  1.40330E-01  1.13138E-18  4.04022E-02 -8.09622E-03  1.0E-07
  4.450E+01  1.43375E-01  1.09537E-18  3.91163E-02 -6.46319E-03  1.0E-07
  4.500E+01  1.46447E-01  1.06087E-18  3.78845E-02 -4.72438E-03  1.0E-07
  4.550E+01  1.49545E-01  1.02781E-18  3.67038E-02 -2.88125E-03  1.0E-07
  4.600E+01  1.52671E-01  9.96107E-19  3.55716E-02 -9.35535E-04  1.0E-07
  4.650E+01  1.55823E-01  9.65689E-19  3.44854E-02  1.11077E-03  1.0E-07
  4.700E+01  1.59001E-01  9.36492E-19  3.34427E-02  3.25542E-03  1.0E-07
  4.750E+01  1.62205E-01  9.08453E-19  3.24415E-02  5.49593E-03  1.0E-07
  4.800E+01  1.65435E-01  8.81516E-19  3.14795E-02  7.82957E-03  1.0E-07
  4.850E+01  1.68690E-01  8.55625E-19  3.05549E-02  1.02534E-02  1.0E-07
  4.900E+01  1.71970E-01  8.30730E-19  2.96659E-02  1.27641E-02  1.0E-07
  4.950E+01  1.75276E-01  8.06783E-19  2.88107E-02  1.53584E-02  1.0E-07
  5.000E+01  1.78606E-01  7.83738E-19  2.79878E-02  1.80326E-02  1.0E-07
  5.050E+01  1.81961E-01  7.61554E-19  2.71956E-02  2.07829E-02  1.0E-07
  5.100E+01  1.85340E-01  7.40191E-19  2.64327E-02  2.36052E-02  1.0E-07
  5.150E+01  1.88743E-01  7.19610E-19  2.56978E-02  2.64953E-02  1.0E-07
  5.200E+01  1.92169E-01  6.99778E-19  2.49895E-02  2.94487E-02  1.0E-07
  5.250E+01  1.95619E-01  6.80659E-19  2.43068E-02  3.24609E-02  1.0E-07
  5.300E+01  1.99092E-01  6.62224E-19  2.36484E-02  3.55271E-02  1.0E-07
  5.350E+01  2.02589E-01  6.44442E-19  2.30134E-02  3.86422E-02  1.0E-07
  5.400E+01  2.06107E-01  6.27284E-19  2.24007E-02  4.18013E-02  1.0E-07
  5.450E+01  2.09649E-01  6.10724E-19  2.18094E-02  4.49989E-02  1.0E-07
  5.500E+01  2.13212E-01  5.94738E-19  2.12385E-02  4.82297E-02  1.0E-07
  5.550E+01  2.16797E-01  5.79300E-19  2.06872E-02  5.14881E-02  1.0E-07
  5.600E+01  2.20404E-01  5.64388E-19  2.01547E-02  5.47685E-02  1.0E-07
  5.650E+01  2.24032E-01  5.49981E-19  1.96402E-02  5.80649E-02  1.0E-07
  5.700E+01  2.27680E-01  5.36058E-19  1.91430E-02  6.13716E-02  1.0E-07
  5.750E+01  2.31350E-01  5.22600E-19  1.86624E-02  6.46823E-02  1.0E-07
  5.800E+01  2.35040E-01  5.09588E-19  1.81977E-02  6.79910E-02  1.0E-07
  5.850E+01  2.38751E-01  4.97005E-19  1.77484E-02  7.12914E-02  1.0E-07
  5.900E+01  2.42481E-01  4.84834E-19  1.73137E-02  7.45772E-02  1.0E-07
  5.950E+01  2.46231E-01  4.73059E-19  1.68932E-02  7.78421E-02  1.0E-07
  6.000E+01  2.50000E-01  4.61664E-19  1.64863E-02  8.10794E-02  1.0E-07
  6.050E+01  2.53788E-01  4.50636E-19  1.60925E-02  8.42828E-02  1.0E-07
  6.100E+01  2.57595E-01  4.39961E-19  1.57113E-02  8.74455E-02  1.0E-07
  6.150E+01  2.61421E-01  4.29625E-19  1.53422E-02  9.05611E-02  1.0E-07
  6.200E+01  2.65264E-01  4.19616E-19  1.49847E-02  9.36227E-02  1.0E-07
  6.250E+01  2.69126E-01  4.09922E-19  1.46386E-02  9.66239E-02  1.0E-07
  6.300E+01  2.73005E-01  4.00531E-19  1.43032E-02  9.95577E-02  1.0E-07
  6.350E+01  2.76901E-01  3.91434E-19  1.39783E-02  1.02418E-01  1.0E-07
  6.400E+01  2.80814E-01  3.82618E-19  1.36635E-02  1.05197E-01  1.0E-07
  6.450E+01  2.84744E-01  3.74075E-19  1.33585E-02  1.07889E-01  1.0E-07
  6.500E+01  2.88691E-01  3.65795E-19  1.30628E-02  1.10487E-01  1.0E-07
  6.550E+01  2.92653E-01  3.57768E-19  1.27761E-02  1.12984E-01  1.0E-07
  6.600E+01  2.96632E-01  3.49987E-19  1.24983E-02  1.15374E-01  1.0E-07
  6.650E+01  3.00625E-01  3.42442E-19  1.22288E-02  1.17650E-01  1.0E-07
  6.700E+01  3.04634E-01  3.35127E-19  1.19676E-02  1.19806E-01  1.0E-07
  6.750E+01  3.08658E-01  3.28033E-19  1.17143E-02  1.21836E-01  1.0E-07
  6.800E+01  3.12697E-01  3.21152E-19  1.14686E-02  1.23732E-01  1.0E-07
  6.850E+01  3.16749E-01  3.14479E-19  1.12303E-02  1.25490E-01  1.0E-07
  6.900E+01  3.20816E-01  3.08006E-19  1.09991E-02  1.27102E-01  1.0E-07
  6.950E+01  3.24896E-01  3.01728E-19  1.07749E-02  1.28563E-01  1.0E-07
  7.000E+01  3.28990E-01  2.95637E-19  1.05574E-02  1.29866E-01  1.0E-07
  7.050E+01  3.33097E-01  2.89728E-19  1.03464E-02  1.31007E-01  1.0E-07
  7.100E+01  3.37216E-01  2.83996E-19  1.01417E-02  1.31980E-01  1.0E-07
  7.150E+01  3.41348E-01  2.78435E-19  9.94311E-03  1.32779E-01  1.0E-07
  7.200E+01  3.45492E-01  2.73041E-19  9.75045E-03  1.33399E-01  1.0E-07
  7.250E+01  3.49647E-01  2.67807E-19  9.56355E-03  1.33835E-01  1.0E-07
  7.300E+01  3.53814E-01  2.62729E-19  9.38224E-03  1.34083E-01  1.0E-07
  7.350E+01  3.57992E-01  2.57804E-19  9.20635E-03  1.34138E-01  1.0E-07
  7.400E+01  3.62181E-01  2.53026E-19  9.03573E-03  1.33995E-01  1.0E-07
  7.450E+01  3.66381E-01  2.48391E-19  8.87022E-03  1.33651E-01  1.0E-07
  7.500E+01  3.70590E-01  2.43896E-19  8.70969E-03  1.33102E-01  1.0E-07
  7.550E+01  3.74810E-01  2.39536E-19  8.55400E-03  1.32344E-01  1.0E-07
  7.600E+01  3.79039E-01  2.35309E-19  8.40302E-03  1.31374E-01  1.0E-07
  7.650E+01  3.83277E-01  2.31209E-19  8.25662E-03  1.30190E-01  1.0E-07
  7.700E+01  3.87524E-01  2.27234E-19  8.11467E-03  1.28788E-01  1.0E-07
  7.750E+01  3.91780E-01  2.23381E-19  7.97707E-03  1.27168E-01  1.0E-07
  7.800E+01  3.96044E-01  2.19646E-19  7.84370E-03  1.25326E-01  1.0E-07
  7.850E+01  4.00316E-01  2.16027E-19  7.71445E-03  1.23263E-01  1.0E-07
  7.900E+01  4.04596E-01  2.12520E-19  7.58921E-03  1.20975E-01  1.0E-07
  7.950E+01  4.08882E-01  2.09122E-19  7.46790E-03  1.18464E-01  1.0E-07
  8.000E+01  4.13176E-01  2.05832E-19  7.35040E-03  1.15729E-01  1.0E-07
  8.050E+01  4.17476E-01  2.02646E-19  7.23663E-03  1.12771E-01  1.0E-07
  8.100E+01  4.21783E-01  1.99562E-19  7.12649E-03  1.09589E-01  1.0E-07
  8.150E+01  4.26095E-01  1.96577E-19  7.01991E-03  1.06185E-01  1.0E-07
  8.200E+01  4.30413E-01  1.93690E-19  6.91679E-03  1.02562E-01  1.0E-07
  8.250E+01  4.34737E-01  1.90897E-19  6.81707E-03  9.87203E-02  1.0E-07
  8.300E+01  4.39065E-01  1.88197E-19  6.72065E-03  9.46633E-02  1.0E-07
  8.350E+01  4.43398E-01  1.85588E-19  6.62746E-03  9.03941E-02  1.0E-07
  8.400E+01  4.47736E-01  1.83067E-19  6.53743E-03  8.59163E-02  1.0E-07
  8.450E+01  4.52077E-01  1.80632E-19  6.45050E-03  8.12340E-02  1.0E-07
  8.500E+01  4.56422E-01  1.78283E-19  6.36659E-03  7.63516E-02  1.0E-07
  8.550E+01  4.60770E-01  1.76016E-19  6.28563E-03  7.12745E-02  1.0E-07
  8.600E+01  4.65122E-01  1.73830E-19  6.20757E-03  6.60080E-02  1.0E-07
  8.650E+01  4.69476E-01  1.71723E-19  6.13233E-03  6.05582E-02  1.0E-07
  8.700E+01  4.73832E-01  1.69694E-19  6.05987E-03  5.49317E-02  1.0E-07
  8.750E+01  4.78190E-01  1.67741E-19  5.99012E-03  4.91354E-02  1.0E-07
  8.800E+01  4.82550E-01  1.65862E-19  5.92303E-03  4.31767E-02  1.0E-07
  8.850E+01  4.86912E-01  1.64056E-19  5.85854E-03  3.70635E-02  1.0E-07
  8.900E+01  4.91274E-01  1.62321E-19  5.79659E-03  3.08040E-02  1.0E-07
  8.950E+01  4.95637E-01  1.60656E-19  5.73714E-03  2.44069E-02  1.0E-07
  9.000E+01  5.00000E-01  1.59060E-19  5.68013E-03  1.78813E-02  1.0E-07
  9.050E+01  5.04363E-01  1.57531E-19  5.62552E-03  1.12364E-02  1.0E-07
  9.100E+01  5.08726E-01  1.56067E-19  5.57326E-03  4.48192E-03  1.0E-07
  9.150E+01  5.13088E-01  1.54668E-19  5.52329E-03 -2.37209E-03  1.0E-07
  9.200E+01  5.17450E-01  1.53332E-19  5.47558E-03 -9.31544E-03  1.0E-07
  9.250E+01  5.21810E-01  1.52058E-19  5.43008E-03 -1.63377E-02  1.0E-07
  9.300E+01  5.26168E-01  1.50844E-19  5.38675E-03 -2.34281E-02  1.0E-07
  9.350E+01  5.30524E-01  1.49690E-19  5.34553E-03 -3.05759E-02  1.0E-07
  9.400E+01  5.34878E-01  1.48594E-19  5.30640E-03 -3.77702E-02  1.0E-07
  9.450E+01  5.39230E-01  1.47556E-19  5.26931E-03 -4.49999E-02  1.0E-07
  9.500E+01  5.43578E-01  1.46573E-19  5.23421E-03 -5.22539E-02  1.0E-07
  9.550E+01  5.47923E-01  1.45645E-19  5.20108E-03 -5.95211E-02  1.0E-07
  9.600E+01  5.52264E-01  1.44771E-19  5.16987E-03 -6.67905E-02  1.0E-07
  9.650E+01  5.56602E-01  1.43950E-19  5.14054E-03 -7.40511E-02  1.0E-07
  9.700E+01  5.60935E-01  1.43180E-19  5.11306E-03 -8.12918E-02  1.0E-07
  9.750E+01  5.65263E-01  1.42462E-19  5.08739E-03 -8.85021E-02  1.0E-07
  9.800E+01  5.69587E-01  1.41792E-19  5.06350E-03 -9.56711E-02  1.0E-07
  9.850E+01  5.73905E-01  1.41172E-19  5.04134E-03 -1.02789E-01  1.0E-07
  9.900E+01  5.78217E-01  1.40599E-19  5.02089E-03 -1.09844E-01  1.0E-07
  9.950E+01  5.82524E-01  1.40073E-19  5.00211E-03 -1.16828E-01  1.0E-07
  1.000E+02  5.86824E-01  1.39593E-19  4.98496E-03 -1.23731E-01  1.0E-07
  1.005E+02  5.91118E-01  1.39158E-19  4.96942E-03 -1.30543E-01  1.0E-07
  1.010E+02  5.95404E-01  1.38767E-19  4.95545E-03 -1.37255E-01  1.0E-07
  1.015E+02  5.99684E-01  1.38419E-19  4.94302E-03 -1.43860E-01  1.0E-07
  1.020E+02  6.03956E-01  1.38113E-19  4.93209E-03 -1.50348E-01  1.0E-07
  1.025E+02  6.08220E-01  1.37848E-19  4.92265E-03 -1.56712E-01  1.0E-07
  1.030E+02  6.12476E-01  1.37624E-19  4.91464E-03 -1.62944E-01  1.0E-07
  1.035E+02  6.16723E-01  1.37440E-19  4.90806E-03 -1.69039E-01  1.0E-07
  1.040E+02  6.20961E-01  1.37294E-19  4.90285E-03 -1.74988E-01  1.0E-07
  1.045E+02  6.25190E-01  1.37186E-19  4.89900E-03 -1.80787E-01  1.0E-07
  1.050E+02  6.29410E-01  1.37115E-19  4.89648E-03 -1.86429E-01  1.0E-07
  1.055E+02  6.33619E-01  1.37081E-19  4.89526E-03 -1.91910E-01  1.0E-07
  1.060E+02  6.37819E-01  1.37082E-19  4.89530E-03 -1.97225E-01  1.0E-07
  1.065E+02  6.42008E-01  1.37118E-19  4.89658E-03 -2.02370E-01  1.0E-07
  1.070E+02  6.46186E-01  1.37188E-19  4.89908E-03 -2.07342E-01  1.0E-07
  1.075E+02  6.50353E-01  1.37291E-19  4.90276E-03 -2.12136E-01  1.0E-07
  1.080E+02  6.54508E-01  1.37427E-19  4.90760E-03 -2.16751E-01  1.0E-07
  1.085E+02  6.58652E-01  1.37594E-19  4.91357E-03 -2.21184E-01  1.0E-07
  1.090E+02  6.62784E-01  1.37792E-19  4.92064E-03 -2.25434E-01  1.0E-07
  1.095E+02  6.66903E-01  1.38020E-19  4.92879E-03 -2.29498E-01  1.0E-07
  1.100E+02  6.71010E-01  1.38278E-19  4.93799E-03 -2.33377E-01  1.0E-07
  1.105E+02  6.75104E-01  1.38564E-19  4.94822E-03 -2.37068E-01  1.0E-07
  1.110E+02  6.79184E-01  1.38879E-19  4.95944E-03 -2.40573E-01  1.0E-07
  1.115E+02  6.83251E-01  1.39220E-19  4.97165E-03 -2.43891E-01  1.0E-07
  1.120E+02  6.87303E-01  1.39588E-19  4.98480E-03 -2.47023E-01  1.0E-07
  1.125E+02  6.91342E-01  1.39983E-19  4.99887E-03 -2.49970E-01  1.0E-07
  1.130E+02  6.95366E-01  1.40402E-19  5.01384E-03 -2.52732E-01  1.0E-07
  1.135E+02  6.99375E-01  1.40846E-19  5.02969E-03 -2.55312E-01  1.0E-07
  1.140E+02  7.03368E-01  1.41314E-19  5.04640E-03 -2.57711E-01  1.0E-07
  1.145E+02  7.07347E-01  1.41804E-19  5.06393E-03 -2.59931E-01  1.0E-07
  1.150E+02  7.11309E-01  1.42318E-19  5.08226E-03 -2.61974E-01  1.0E-07
  1.155E+02  7.15256E-01  1.42853E-19  5.10138E-03 -2.63842E-01  1.0E-07
  1.160E+02  7.19186E-01  1.43410E-19  5.12125E-03 -2.65539E-01  1.0E-07
  1.165E+02  7.23099E-01  1.43987E-19  5.14186E-03 -2.67068E-01  1.0E-07
  1.170E+02  7.26995E-01  1.44584E-19  5.16318E-03 -2.68430E-01  1.0E-07
  1.175E+02  7.30874E-01  1.45200E-19  5.18519E-03 -2.69630E-01  1.0E-07
  1.180E+02  7.34736E-01  1.45835E-19  5.20787E-03 -2.70671E-01  1.0E-07
  1.185E+02  7.38579E-01  1.46488E-19  5.23119E-03 -2.71555E-01  1.0E-07
  1.190E+02  7.42405E-01  1.47159E-19  5.25514E-03 -2.72288E-01  1.0E-07
  1.195E+02  7.46212E-01  1.47847E-19  5.27969E-03 -2.72871E-01  1.0E-07
  1.200E+02  7.50000E-01  1.48550E-19  5.30483E-03 -2.73310E-01  1.0E-07
  1.205E+02  7.53769E-01  1.49270E-19  5.33052E-03 -2.73607E-01  1.0E-07
  1.210E+02  7.57519E-01  1.50004E-19  5.35676E-03 -2.73767E-01  1.0E-07
  1.215E+02  7.61249E-01  1.50754E-19  5.38351E-03 -2.73793E-01  1.0E-07
  1.220E+02  7.64960E-01  1.51517E-19  5.41076E-03 -2.73689E-01  1.0E-07
  1.225E+02  7.68650E-01  1.52293E-19  5.43849E-03 -2.73459E-01  1.0E-07
  1.230E+02  7.72320E-01  1.53083E-19  5.46668E-03 -2.73108E-01  1.0E-07
  1.235E+02  7.75968E-01  1.53884E-19  5.49531E-03 -2.72638E-01  1.0E-07
  1.240E+02  7.79596E-01  1.54698E-19  5.52436E-03 -2.72053E-01  1.0E-07
  1.245E+02  7.83203E-01  1.55522E-19  5.55381E-03 -2.71359E-01  1.0E-07
  1.250E+02  7.86788E-01  1.56358E-19  5.58364E-03 -2.70557E-01  1.0E-07
  1.255E+02  7.90351E-01  1.57203E-19  5.61383E-03 -2.69653E-01  1.0E-07
  1.260E+02  7.93893E-01  1.58058E-19  5.64436E-03 -2.68649E-01  1.0E-07
  1.265E+02  7.97411E-01  1.58923E-19  5.67523E-03 -2.67550E-01  1.0E-07
  1.270E+02  8.00908E-01  1.59795E-19  5.70639E-03 -2.66359E-01  1.0E-07
  1.275E+02  8.04381E-01  1.60676E-19  5.73785E-03 -2.65080E-01  1.0E-07
  1.280E+02  8.07831E-01  1.61565E-19  5.76958E-03 -2.63715E-01  1.0E-07
  1.285E+02  8.11257E-01  1.62460E-19  5.80157E-03 -2.62270E-01  1.0E-07
  1.290E+02  8.14660E-01  1.63363E-19  5.83379E-03 -2.60746E-01  1.0E-07
  1.295E+02  8.18039E-01  1.64271E-19  5.86623E-03 -2.59148E-01  1.0E-07
  1.300E+02  8.21394E-01  1.65185E-19  5.89887E-03 -2.57478E-01  1.0E-07
  1.305E+02  8.24724E-01  1.66105E-19  5.93170E-03 -2.55739E-01  1.0E-07
  1.310E+02  8.28030E-01  1.67029E-19  5.96470E-03 -2.53936E-01  1.0E-07
  1.315E+02  8.31310E-01  1.67957E-19  5.99785E-03 -2.52070E-01  1.0E-07
  1.320E+02  8.34565E-01  1.68889E-19  6.03114E-03 -2.50145E-01  1.0E-07
  1.325E+02  8.37795E-01  1.69825E-19  6.06455E-03 -2.48163E-01  1.0E-07
  1.330E+02  8.40999E-01  1.70763E-19  6.09807E-03 -2.46127E-01  1.0E-07
  1.335E+02  8.44177E-01  1.71704E-19  6.13168E-03 -2.44040E-01  1.0E-07
  1.340E+02  8.47329E-01  1.72648E-19  6.16536E-03 -2.41905E-01  1.0E-07
  1.345E+02  8.50455E-01  1.73593E-19  6.19911E-03 -2.39724E-01  1.0E-07
  1.350E+02  8.53553E-01  1.74539E-19  6.23289E-03 -2.37499E-01  1.0E-07
  1.355E+02  8.56625E-01  1.75486E-19  6.26671E-03 -2.35232E-01  1.0E-07
  1.360E+02  8.59670E-01  1.76433E-19  6.30055E-03 -2.32927E-01  1.0E-07
  1.365E+02  8.62687E-01  1.77381E-19  6.33439E-03 -2.30585E-01  1.0E-07
  1.370E+02  8.65677E-01  1.78328E-19  6.36821E-03 -2.28209E-01  1.0E-07
  1.375E+02  8.68639E-01  1.79275E-19  6.40201E-03 -2.25799E-01  1.0E-07
  1.380E+02  8.71572E-01  1.80220E-19  6.43578E-03 -2.23359E-01  1.0E-07
  1.385E+02  8.74478E-01  1.81164E-19  6.46949E-03 -2.20891E-01  1.0E-07
  1.390E+02  8.77355E-01  1.82106E-19  6.50313E-03 -2.18395E-01  1.0E-07
  1.395E+02  8.80203E-01  1.83046E-19  6.53670E-03 -2.15875E-01  1.0E-07
  1.400E+02  8.83022E-01  1.83983E-19  6.57017E-03 -2.13330E-01  1.0E-07
  1.405E+02  8.85812E-01  1.84918E-19  6.60354E-03 -2.10764E-01  1.0E-07
  1.410E+02  8.88573E-01  1.85849E-19  6.63679E-03 -2.08178E-01  1.0E-07
  1.415E+02  8.91304E-01  1.86777E-19  6.66992E-03 -2.05573E-01  1.0E-07
  1.420E+02  8.94005E-01  1.87700E-19  6.70290E-03 -2.02950E-01  1.0E-07
  1.425E+02  8.96677E-01  1.88620E-19  6.73573E-03 -2.00312E-01  1.0E-07
  1.430E+02  8.99318E-01  1.89535E-19  6.76840E-03 -1.97658E-01  1.0E-07
  1.435E+02  9.01928E-01  1.90444E-19  6.80089E-03 -1.94992E-01  1.0E-07
  1.440E+02  9.04508E-01  1.91349E-19  6.83320E-03 -1.92313E-01  1.0E-07
  1.445E+02  9.07058E-01  1.92248E-19  6.86531E-03 -1.89622E-01  1.0E-07
  1.450E+02  9.09576E-01  1.93141E-19  6.89721E-03 -1.86922E-01  1.0E-07
  1.455E+02  9.12063E-01  1.94029E-19  6.92889E-03 -1.84213E-01  1.0E-07
  1.460E+02  9.14519E-01  1.94909E-19  6.96034E-03 -1.81496E-01  1.0E-07
  1.465E+02  9.16943E-01  1.95783E-19  6.99155E-03 -1.78771E-01  1.0E-07
  1.470E+02  9.19335E-01  1.96650E-19  7.02251E-03 -1.76040E-01  1.0E-07
  1.475E+02  9.21696E-01  1.97510E-19  7.05321E-03 -1.73304E-01  1.0E-07
  1.480E+02  9.24024E-01  1.98362E-19  7.08364E-03 -1.70564E-01  1.0E-07
  1.485E+02  9.26320E-01  1.99206E-19  7.11379E-03 -1.67819E-01  1.0E-07
  1.490E+02  9.28584E-01  2.00043E-19  7.14365E-03 -1.65072E-01  1.0E-07
  1.495E+02  9.30815E-01  2.00870E-19  7.17322E-03 -1.62322E-01  1.0E-07
  1.500E+02  9.33013E-01  2.01690E-19  7.20247E-03 -1.59570E-01  1.0E-07
  1.505E+02  9.35178E-01  2.02500E-19  7.23141E-03 -1.56816E-01  1.0E-07
  1.510E+02  9.37310E-01  2.03302E-19  7.26003E-03 -1.54063E-01  1.0E-07
  1.515E+02  9.39409E-01  2.04093E-19  7.28831E-03 -1.51309E-01  1.0E-07
  1.520E+02  9.41474E-01  2.04876E-19  7.31625E-03 -1.48555E-01  1.0E-07
  1.525E+02  9.43505E-01  2.05649E-19  7.34384E-03 -1.45802E-01  1.0E-07
  1.530E+02  9.45503E-01  2.06411E-19  7.37108E-03 -1.43051E-01  1.0E-07
  1.535E+02  9.47467E-01  2.07164E-19  7.39794E-03 -1.40301E-01  1.0E-07
  1.540E+02  9.49397E-01  2.07905E-19  7.42444E-03 -1.37553E-01  1.0E-07
  1.545E+02  9.51293E-01  2.08637E-19  7.45055E-03 -1.34807E-01  1.0E-07
  1.550E+02  9.53154E-01  2.09357E-19  7.47627E-03 -1.32065E-01  1.0E-07
  1.555E+02  9.54981E-01  2.10066E-19  7.50160E-03 -1.29325E-01  1.0E-07
  1.560E+02  9.56773E-01  2.10764E-19  7.52653E-03 -1.26588E-01  1.0E-07
  1.565E+02  9.58530E-01  2.11451E-19  7.55105E-03 -1.23855E-01  1.0E-07
  1.570E+02  9.60252E-01  2.12126E-19  7.57515E-03 -1.21125E-01  1.0E-07
  1.575E+02  9.61940E-01  2.12789E-19  7.59883E-03 -1.18400E-01  1.0E-07
  1.580E+02  9.63592E-01  2.13440E-19  7.62208E-03 -1.15678E-01  1.0E-07
  1.585E+02  9.65209E-01  2.14079E-19  7.64489E-03 -1.12961E-01  1.0E-07
  1.590E+02  9.66790E-01  2.14705E-19  7.66726E-03 -1.10248E-01  1.0E-07
  1.595E+02  9.68336E-01  2.15319E-19  7.68919E-03 -1.07539E-01  1.0E-07
  1.600E+02  9.69846E-01  2.15921E-19  7.71066E-03 -1.04835E-01  1.0E-07
  1.605E+02  9.71321E-01  2.16509E-19  7.73168E-03 -1.02136E-01  1.0E-07
  1.610E+02  9.72759E-01  2.17084E-19  7.75223E-03 -9.94409E-02  1.0E-07
  1.615E+02  9.74162E-01  2.17647E-19  7.77231E-03 -9.67510E-02  1.0E-07
  1.620E+02  9.75528E-01  2.18196E-19  7.79191E-03 -9.40658E-02  1.0E-07
  1.625E+02  9.76858E-01  2.18731E-19  7.81104E-03 -9.13855E-02  1.0E-07
  1.630E+02  9.78152E-01  2.19253E-19  7.82968E-03 -8.87101E-02  1.0E-07
  1.635E+02  9.79410E-01  2.19762E-19  7.84783E-03 -8.60394E-02  1.0E-07
  1.640E+02  9.80631E-01  2.20256E-19  7.86549E-03 -8.33735E-02  1.0E-07
  1.645E+02  9.81815E-01  2.20737E-19  7.88265E-03 -8.07124E-02  1.0E-07
  1.650E+02  9.82963E-01  2.21203E-19  7.89931E-03 -7.80560E-02  1.0E-07
  1.655E+02  9.84074E-01  2.21655E-19  7.91546E-03 -7.54043E-02  1.0E-07
  1.660E+02  9.85148E-01  2.22093E-19  7.93110E-03 -7.27572E-02  1.0E-07
  1.665E+02  9.86185E-01  2.22517E-19  7.94622E-03 -7.01146E-02  1.0E-07
  1.670E+02  9.87185E-01  2.22926E-19  7.96083E-03 -6.74764E-02  1.0E-07
  1.675E+02  9.88148E-01  2.23320E-19  7.97492E-03 -6.48426E-02  1.0E-07
  1.680E+02  9.89074E-01  2.23700E-19  7.98848E-03 -6.22131E-02  1.0E-07
  1.685E+02  9.89962E-01  2.24065E-19  8.00151E-03 -5.95876E-02  1.0E-07
  1.690E+02  9.90814E-01  2.24415E-19  8.01401E-03 -5.69662E-02  1.0E-07
  1.695E+02  9.91627E-01  2.24750E-19  8.02598E-03 -5.43487E-02  1.0E-07
  1.700E+02  9.92404E-01  2.25070E-19  8.03741E-03 -5.17350E-02  1.0E-07
  1.705E+02  9.93143E-01  2.25375E-19  8.04829E-03 -4.91248E-02  1.0E-07
  1.710E+02  9.93844E-01  2.25665E-19  8.05864E-03 -4.65182E-02  1.0E-07
  1.715E+02  9.94508E-01  2.25939E-19  8.06844E-03 -4.39148E-02  1.0E-07
  1.720E+02  9.95134E-01  2.26198E-19  8.07769E-03 -4.13147E-02  1.0E-07
  1.725E+02  9.95722E-01  2.26442E-19  8.08640E-03 -3.87175E-02  1.0E-07
  1.730E+02  9.96273E-01  2.26670E-19  8.09455E-03 -3.61232E-02  1.0E-07
  1.735E+02  9.96786E-01  2.26883E-19  8.10214E-03 -3.35316E-02  1.0E-07
  1.740E+02  9.97261E-01  2.27080E-19  8.10918E-03 -3.09424E-02  1.0E-07
  1.745E+02  9.97698E-01  2.27262E-19  8.11567E-03 -2.83556E-02  1.0E-07
  1.750E+02  9.98097E-01  2.27428E-19  8.12159E-03 -2.57709E-02  1.0E-07
  1.755E+02  9.98459E-01  2.27578E-19  8.12696E-03 -2.31882E-02  1.0E-07
  1.760E+02  9.98782E-01  2.27713E-19  8.13176E-03 -2.06072E-02  1.0E-07
  1.765E+02  9.99067E-01  2.27831E-19  8.13600E-03 -1.80279E-02  1.0E-07
  1.770E+02  9.99315E-01  2.27934E-19  8.13968E-03 -1.54499E-02  1.0E-07
  1.775E+02  9.99524E-01  2.28022E-19  8.14280E-03 -1.28731E-02  1.0E-07
  1.780E+02  9.99695E-01  2.28093E-19  8.14534E-03 -1.02973E-02  1.0E-07
  1.785E+02  9.99829E-01  2.28148E-19  8.14733E-03 -7.72224E-03  1.0E-07
  1.790E+02  9.99924E-01  2.28188E-19  8.14874E-03 -5.14783E-03  1.0E-07
  1.795E+02  9.99981E-01  2.28212E-19  8.14959E-03 -2.57381E-03  1.0E-07
  1.800E+02  1.00000E+00  2.28220E-19  8.14988E-03 -3.61189E-17  1.0E-07
