 #
 # Subroutine ELSEPA. Elastic scattering of electrons and positrons
 #                    by neutral atoms and positive ions
 #
 # Projectile: electron
 # Kinetic energy = 1.60000E+04 eV = 5.87989E+02 a.u.
 #
 # Element: Au,  Z =  79,  atomic weight = 1.96967E+02 g/mol
 #
 # Nuclear model: Fermi distribution
 #                Average radius = 6.22560E-13 cm
 #                Skin thickness = 5.46000E-14 cm
 #
 # Number of electrons = 79
 #
 # Electron density: Read from file z_079.den   
 #                   Number of data points =  777
 #                   Volume integral = 7.90000E+01
 #
 # Furness-McCarthy exchange potential
 #
 # Total elastic cross section = 6.23100E-17 cm**2 = 2.22513E+00 a0**2
 # 1st transport cross section = 2.30674E-18 cm**2 = 8.23753E-02 a0**2
 # 2nd transport cross section = 4.00689E-18 cm**2 = 1.43089E-01 a0**2
 #
 #
 # Differential cross section:                       MU=(1-COS(THETA))/2
 #
 #  THETA        MU          DCS          DCS        Sherman      error
 #  (deg)                 (cm**2/sr)   (a0**2/sr)    function
 #----------------------------------------------------------------------
  0.000E+00  0.00000E+00  7.15628E-15  2.55555E+02  0.00000E+00  1.0E-07
  1.000E-04  7.61557E-13  7.15628E-15  2.55555E+02  9.79539E-10  1.0E-07
  1.250E-04  1.18994E-12  7.15628E-15  2.55555E+02  1.22442E-09  1.0E-07
  1.500E-04  1.71346E-12  7.15628E-15  2.55555E+02  1.46931E-09  1.0E-07
  1.750E-04  2.33225E-12  7.15628E-15  2.55555E+02  1.71419E-09  1.0E-07
  2.000E-04  3.04617E-12  7.15628E-15  2.55555E+02  1.95908E-09  1.0E-07
  2.250E-04  3.85530E-12  7.15628E-15  2.55555E+02  2.20396E-09  1.0E-07
  2.500E-04  4.75964E-12  7.15628E-15  2.55555E+02  2.44885E-09  1.0E-07
  2.750E-04  5.75917E-12  7.15628E-15  2.55555E+02  2.69373E-09  1.0E-07
  3.000E-04  6.85391E-12  7.15628E-15  2.55555E+02  2.93862E-09  1.0E-07
  3.250E-04  8.04379E-12  7.15628E-15  2.55555E+02  3.18350E-09  1.0E-07
  3.500E-04  9.32893E-12  7.15628E-15  2.55555E+02  3.42839E-09  1.0E-07
  3.750E-04  1.07092E-11  7.15628E-15  2.55555E+02  3.67327E-09  1.0E-07
  4.000E-04  1.21847E-11  7.15628E-15  2.55555E+02  3.91815E-09  1.0E-07
  4.250E-04  1.37554E-11  7.15628E-15  2.55555E+02  4.16304E-09  1.0E-07
  4.500E-04  1.54213E-11  7.15628E-15  2.55555E+02  4.40792E-09  1.0E-07
  4.750E-04  1.71823E-11  7.15628E-15  2.55555E+02  4.65281E-09  1.0E-07
  5.000E-04  1.90386E-11  7.15628E-15  2.55555E+02  4.89769E-09  1.0E-07
  5.250E-04  2.09900E-11  7.15628E-15  2.55555E+02  5.14258E-09  1.0E-07
  5.500E-04  2.30367E-11  7.15628E-15  2.55555E+02  5.38746E-09  1.0E-07
  5.750E-04  2.51785E-11  7.15628E-15  2.55555E+02  5.63235E-09  1.0E-07
  6.000E-04  2.74156E-11  7.15628E-15  2.55555E+02  5.87723E-09  1.0E-07
  6.250E-04  2.97478E-11  7.15628E-15  2.55555E+02  6.12212E-09  1.0E-07
  6.500E-04  3.21752E-11  7.15628E-15  2.55555E+02  6.36700E-09  1.0E-07
  6.750E-04  3.46979E-11  7.15628E-15  2.55555E+02  6.61189E-09  1.0E-07
  7.000E-04  3.73157E-11  7.15628E-15  2.55555E+02  6.85677E-09  1.0E-07
  7.250E-04  4.00286E-11  7.15628E-15  2.55555E+02  7.10166E-09  1.0E-07
  7.500E-04  4.28368E-11  7.15628E-15  2.55555E+02  7.34654E-09  1.0E-07
  7.750E-04  4.57402E-11  7.15628E-15  2.55555E+02  7.59143E-09  1.0E-07
  8.000E-04  4.87388E-11  7.15628E-15  2.55555E+02  7.83631E-09  1.0E-07
  8.250E-04  5.18325E-11  7.15628E-15  2.55555E+02  8.08119E-09  1.0E-07
  8.500E-04  5.50215E-11  7.15628E-15  2.55555E+02  8.32608E-09  1.0E-07
  8.750E-04  5.83057E-11  7.15628E-15  2.55555E+02  8.57096E-09  1.0E-07
  9.000E-04  6.16850E-11  7.15628E-15  2.55555E+02  8.81585E-09  1.0E-07
  9.250E-04  6.51595E-11  7.15628E-15  2.55555E+02  9.06073E-09  1.0E-07
  9.500E-04  6.87293E-11  7.15628E-15  2.55555E+02  9.30562E-09  1.0E-07
  9.750E-04  7.23943E-11  7.15628E-15  2.55555E+02  9.55050E-09  1.0E-07
  1.000E-03  7.61544E-11  7.15628E-15  2.55555E+02  9.79539E-09  1.0E-07
  1.250E-03  1.18991E-10  7.15627E-15  2.55555E+02  1.22442E-08  1.0E-07
  1.500E-03  1.71347E-10  7.15627E-15  2.55555E+02  1.46931E-08  1.0E-07
  1.750E-03  2.33223E-10  7.15627E-15  2.55555E+02  1.71419E-08  1.0E-07
  2.000E-03  3.04617E-10  7.15627E-15  2.55555E+02  1.95908E-08  1.0E-07
  2.250E-03  3.85531E-10  7.15627E-15  2.55555E+02  2.20396E-08  1.0E-07
  2.500E-03  4.75965E-10  7.15626E-15  2.55555E+02  2.44885E-08  1.0E-07
  2.750E-03  5.75917E-10  7.15626E-15  2.55555E+02  2.69374E-08  1.0E-07
  3.000E-03  6.85389E-10  7.15626E-15  2.55555E+02  2.93862E-08  1.0E-07
  3.250E-03  8.04380E-10  7.15625E-15  2.55554E+02  3.18351E-08  1.0E-07
  3.500E-03  9.32891E-10  7.15625E-15  2.55554E+02  3.42839E-08  1.0E-07
  3.750E-03  1.07092E-09  7.15625E-15  2.55554E+02  3.67328E-08  1.0E-07
  4.000E-03  1.21847E-09  7.15624E-15  2.55554E+02  3.91817E-08  1.0E-07
  4.250E-03  1.37554E-09  7.15624E-15  2.55554E+02  4.16305E-08  1.0E-07
  4.500E-03  1.54213E-09  7.15623E-15  2.55554E+02  4.40794E-08  1.0E-07
  4.750E-03  1.71823E-09  7.15623E-15  2.55554E+02  4.65283E-08  1.0E-07
  5.000E-03  1.90386E-09  7.15622E-15  2.55553E+02  4.89772E-08  1.0E-07
  5.250E-03  2.09900E-09  7.15622E-15  2.55553E+02  5.14260E-08  1.0E-07
  5.500E-03  2.30367E-09  7.15621E-15  2.55553E+02  5.38749E-08  1.0E-07
  5.750E-03  2.51785E-09  7.15621E-15  2.55553E+02  5.63238E-08  1.0E-07
  6.000E-03  2.74156E-09  7.15620E-15  2.55553E+02  5.87727E-08  1.0E-07
  6.250E-03  2.97478E-09  7.15619E-15  2.55552E+02  6.12216E-08  1.0E-07
  6.500E-03  3.21752E-09  7.15619E-15  2.55552E+02  6.36705E-08  1.0E-07
  6.750E-03  3.46978E-09  7.15618E-15  2.55552E+02  6.61194E-08  1.0E-07
  7.000E-03  3.73156E-09  7.15617E-15  2.55552E+02  6.85683E-08  1.0E-07
  7.250E-03  4.00286E-09  7.15616E-15  2.55551E+02  7.10173E-08  1.0E-07
  7.500E-03  4.28368E-09  7.15616E-15  2.55551E+02  7.34662E-08  1.0E-07
  7.750E-03  4.57402E-09  7.15615E-15  2.55551E+02  7.59151E-08  1.0E-07
  8.000E-03  4.87388E-09  7.15614E-15  2.55550E+02  7.83640E-08  1.0E-07
  8.250E-03  5.18326E-09  7.15613E-15  2.55550E+02  8.08130E-08  1.0E-07
  8.500E-03  5.50215E-09  7.15612E-15  2.55550E+02  8.32619E-08  1.0E-07
  8.750E-03  5.83057E-09  7.15611E-15  2.55549E+02  8.57109E-08  1.0E-07
  9.000E-03  6.16850E-09  7.15610E-15  2.55549E+02  8.81598E-08  1.0E-07
  9.250E-03  6.51596E-09  7.15609E-15  2.55549E+02  9.06088E-08  1.0E-07
  9.500E-03  6.87293E-09  7.15608E-15  2.55548E+02  9.30578E-08  1.0E-07
  9.750E-03  7.23942E-09  7.15607E-15  2.55548E+02  9.55068E-08  1.0E-07
  1.000E-02  7.61544E-09  7.15606E-15  2.55548E+02  9.79557E-08  1.0E-07
  1.250E-02  1.18991E-08  7.15594E-15  2.55543E+02  1.22446E-07  1.0E-07
  1.500E-02  1.71347E-08  7.15579E-15  2.55538E+02  1.46937E-07  1.0E-07
  1.750E-02  2.33223E-08  7.15562E-15  2.55532E+02  1.71429E-07  1.0E-07
  2.000E-02  3.04617E-08  7.15542E-15  2.55525E+02  1.95923E-07  1.0E-07
  2.250E-02  3.85531E-08  7.15519E-15  2.55516E+02  2.20418E-07  1.0E-07
  2.500E-02  4.75965E-08  7.15493E-15  2.55507E+02  2.44914E-07  1.0E-07
  2.750E-02  5.75917E-08  7.15465E-15  2.55497E+02  2.69412E-07  1.0E-07
  3.000E-02  6.85389E-08  7.15434E-15  2.55486E+02  2.93912E-07  1.0E-07
  3.250E-02  8.04380E-08  7.15401E-15  2.55474E+02  3.18414E-07  1.0E-07
  3.500E-02  9.32891E-08  7.15364E-15  2.55461E+02  3.42919E-07  1.0E-07
  3.750E-02  1.07092E-07  7.15325E-15  2.55447E+02  3.67426E-07  1.0E-07
  4.000E-02  1.21847E-07  7.15284E-15  2.55433E+02  3.91935E-07  1.0E-07
  4.250E-02  1.37554E-07  7.15240E-15  2.55417E+02  4.16448E-07  1.0E-07
  4.500E-02  1.54213E-07  7.15193E-15  2.55400E+02  4.40963E-07  1.0E-07
  4.750E-02  1.71823E-07  7.15143E-15  2.55382E+02  4.65481E-07  1.0E-07
  5.000E-02  1.90386E-07  7.15091E-15  2.55363E+02  4.90003E-07  1.0E-07
  5.250E-02  2.09900E-07  7.15036E-15  2.55344E+02  5.14529E-07  1.0E-07
  5.500E-02  2.30367E-07  7.14978E-15  2.55323E+02  5.39058E-07  1.0E-07
  5.750E-02  2.51785E-07  7.14918E-15  2.55302E+02  5.63590E-07  1.0E-07
  6.000E-02  2.74156E-07  7.14854E-15  2.55279E+02  5.88127E-07  1.0E-07
  6.250E-02  2.97478E-07  7.14789E-15  2.55256E+02  6.12669E-07  1.0E-07
  6.500E-02  3.21752E-07  7.14720E-15  2.55231E+02  6.37214E-07  1.0E-07
  6.750E-02  3.46978E-07  7.14649E-15  2.55206E+02  6.61764E-07  1.0E-07
  7.000E-02  3.73156E-07  7.14576E-15  2.55180E+02  6.86319E-07  1.0E-07
  7.250E-02  4.00286E-07  7.14499E-15  2.55152E+02  7.10879E-07  1.0E-07
  7.500E-02  4.28368E-07  7.14420E-15  2.55124E+02  7.35443E-07  1.0E-07
  7.750E-02  4.57402E-07  7.14338E-15  2.55095E+02  7.60014E-07  1.0E-07
  8.000E-02  4.87388E-07  7.14254E-15  2.55065E+02  7.84589E-07  1.0E-07
  8.250E-02  5.18325E-07  7.14167E-15  2.55034E+02  8.09170E-07  1.0E-07
  8.500E-02  5.50215E-07  7.14077E-15  2.55002E+02  8.33757E-07  1.0E-07
  8.750E-02  5.83057E-07  7.13985E-15  2.54969E+02  8.58350E-07  1.0E-07
  9.000E-02  6.16850E-07  7.13890E-15  2.54935E+02  8.82949E-07  1.0E-07
  9.250E-02  6.51596E-07  7.13792E-15  2.54900E+02  9.07554E-07  1.0E-07
  9.500E-02  6.87293E-07  7.13692E-15  2.54864E+02  9.32166E-07  1.0E-07
  9.750E-02  7.23942E-07  7.13589E-15  2.54827E+02  9.56785E-07  1.0E-07
  1.000E-01  7.61543E-07  7.13483E-15  2.54790E+02  9.81410E-07  1.0E-07
  1.250E-01  1.18991E-06  7.12282E-15  2.54360E+02  1.22808E-06  1.0E-07
  1.500E-01  1.71347E-06  7.10818E-15  2.53838E+02  1.47562E-06  1.0E-07
  1.750E-01  2.33223E-06  7.09095E-15  2.53222E+02  1.72422E-06  1.0E-07
  2.000E-01  3.04617E-06  7.07116E-15  2.52516E+02  1.97404E-06  1.0E-07
  2.250E-01  3.85531E-06  7.04884E-15  2.51719E+02  2.22527E-06  1.0E-07
  2.500E-01  4.75964E-06  7.02404E-15  2.50833E+02  2.47807E-06  1.0E-07
  2.750E-01  5.75916E-06  6.99680E-15  2.49860E+02  2.73262E-06  1.0E-07
  3.000E-01  6.85388E-06  6.96718E-15  2.48802E+02  2.98910E-06  1.0E-07
  3.250E-01  8.04378E-06  6.93522E-15  2.47661E+02  3.24768E-06  1.0E-07
  3.500E-01  9.32888E-06  6.90099E-15  2.46439E+02  3.50853E-06  1.0E-07
  3.750E-01  1.07092E-05  6.86454E-15  2.45137E+02  3.77183E-06  1.0E-07
  4.000E-01  1.21846E-05  6.82594E-15  2.43759E+02  4.03775E-06  1.0E-07
  4.250E-01  1.37553E-05  6.78526E-15  2.42306E+02  4.30646E-06  1.0E-07
  4.500E-01  1.54212E-05  6.74257E-15  2.40782E+02  4.57814E-06  1.0E-07
  4.750E-01  1.71822E-05  6.69794E-15  2.39188E+02  4.85296E-06  1.0E-07
  5.000E-01  1.90385E-05  6.65144E-15  2.37527E+02  5.13109E-06  1.0E-07
  5.250E-01  2.09899E-05  6.60314E-15  2.35803E+02  5.41270E-06  1.0E-07
  5.500E-01  2.30365E-05  6.55314E-15  2.34017E+02  5.69796E-06  1.0E-07
  5.750E-01  2.51783E-05  6.50150E-15  2.32173E+02  5.98705E-06  1.0E-07
  6.000E-01  2.74153E-05  6.44830E-15  2.30273E+02  6.28014E-06  1.0E-07
  6.250E-01  2.97475E-05  6.39363E-15  2.28321E+02  6.57739E-06  1.0E-07
  6.500E-01  3.21749E-05  6.33757E-15  2.26319E+02  6.87898E-06  1.0E-07
  6.750E-01  3.46974E-05  6.28019E-15  2.24270E+02  7.18507E-06  1.0E-07
  7.000E-01  3.73152E-05  6.22158E-15  2.22177E+02  7.49584E-06  1.0E-07
  7.250E-01  4.00281E-05  6.16182E-15  2.20043E+02  7.81145E-06  1.0E-07
  7.500E-01  4.28362E-05  6.10099E-15  2.17870E+02  8.13208E-06  1.0E-07
  7.750E-01  4.57395E-05  6.03917E-15  2.15663E+02  8.45788E-06  1.0E-07
  8.000E-01  4.87380E-05  5.97643E-15  2.13422E+02  8.78903E-06  1.0E-07
  8.250E-01  5.18317E-05  5.91287E-15  2.11152E+02  9.12569E-06  1.0E-07
  8.500E-01  5.50205E-05  5.84854E-15  2.08855E+02  9.46803E-06  1.0E-07
  8.750E-01  5.83045E-05  5.78353E-15  2.06534E+02  9.81622E-06  1.0E-07
  9.000E-01  6.16838E-05  5.71792E-15  2.04191E+02  1.01704E-05  1.0E-07
  9.250E-01  6.51582E-05  5.65177E-15  2.01828E+02  1.05308E-05  1.0E-07
  9.500E-01  6.87277E-05  5.58515E-15  1.99449E+02  1.08975E-05  1.0E-07
  9.750E-01  7.23925E-05  5.51814E-15  1.97056E+02  1.12708E-05  1.0E-07
  1.000E+00  7.61524E-05  5.45080E-15  1.94651E+02  1.16508E-05  1.0E-07
  1.100E+00  9.21439E-05  5.17937E-15  1.84959E+02  1.32404E-05  1.0E-07
  1.200E+00  1.09658E-04  4.90743E-15  1.75248E+02  1.49498E-05  1.0E-07
  1.300E+00  1.28695E-04  4.63818E-15  1.65632E+02  1.67896E-05  1.0E-07
  1.400E+00  1.49255E-04  4.37426E-15  1.56208E+02  1.87700E-05  1.0E-07
  1.500E+00  1.71338E-04  4.11776E-15  1.47048E+02  2.09016E-05  1.0E-07
  1.600E+00  1.94942E-04  3.87026E-15  1.38209E+02  2.31945E-05  1.0E-07
  1.700E+00  2.20070E-04  3.63290E-15  1.29733E+02  2.56594E-05  1.0E-07
  1.800E+00  2.46720E-04  3.40646E-15  1.21647E+02  2.83066E-05  1.0E-07
  1.900E+00  2.74892E-04  3.19137E-15  1.13966E+02  3.11467E-05  1.0E-07
  2.000E+00  3.04586E-04  2.98783E-15  1.06697E+02  3.41904E-05  1.0E-07
  2.100E+00  3.35803E-04  2.79581E-15  9.98401E+01  3.74483E-05  1.0E-07
  2.200E+00  3.68542E-04  2.61513E-15  9.33880E+01  4.09314E-05  1.0E-07
  2.300E+00  4.02802E-04  2.44550E-15  8.73304E+01  4.46505E-05  1.0E-07
  2.400E+00  4.38585E-04  2.28653E-15  8.16535E+01  4.86166E-05  1.0E-07
  2.500E+00  4.75889E-04  2.13778E-15  7.63416E+01  5.28406E-05  1.0E-07
  2.600E+00  5.14715E-04  1.99877E-15  7.13773E+01  5.73336E-05  1.0E-07
  2.700E+00  5.55063E-04  1.86898E-15  6.67427E+01  6.21065E-05  1.0E-07
  2.800E+00  5.96931E-04  1.74792E-15  6.24194E+01  6.71702E-05  1.0E-07
  2.900E+00  6.40321E-04  1.63507E-15  5.83894E+01  7.25354E-05  1.0E-07
  3.000E+00  6.85233E-04  1.52993E-15  5.46346E+01  7.82128E-05  1.0E-07
  3.100E+00  7.31665E-04  1.43200E-15  5.11378E+01  8.42126E-05  1.0E-07
  3.200E+00  7.79618E-04  1.34084E-15  4.78821E+01  9.05449E-05  1.0E-07
  3.300E+00  8.29092E-04  1.25598E-15  4.48517E+01  9.72193E-05  1.0E-07
  3.400E+00  8.80086E-04  1.17700E-15  4.20313E+01  1.04245E-04  1.0E-07
  3.500E+00  9.32601E-04  1.10350E-15  3.94066E+01  1.11631E-04  1.0E-07
  3.600E+00  9.86636E-04  1.03510E-15  3.69639E+01  1.19384E-04  1.0E-07
  3.700E+00  1.04219E-03  9.71438E-16  3.46907E+01  1.27513E-04  1.0E-07
  3.800E+00  1.09927E-03  9.12188E-16  3.25748E+01  1.36025E-04  1.0E-07
  3.900E+00  1.15786E-03  8.57035E-16  3.06053E+01  1.44924E-04  1.0E-07
  4.000E+00  1.21797E-03  8.05686E-16  2.87716E+01  1.54216E-04  1.0E-07
  4.100E+00  1.27961E-03  7.57869E-16  2.70640E+01  1.63905E-04  1.0E-07
  4.200E+00  1.34276E-03  7.13330E-16  2.54735E+01  1.73994E-04  1.0E-07
  4.300E+00  1.40743E-03  6.71833E-16  2.39916E+01  1.84485E-04  1.0E-07
  4.400E+00  1.47362E-03  6.33159E-16  2.26105E+01  1.95378E-04  1.0E-07
  4.500E+00  1.54133E-03  5.97104E-16  2.13230E+01  2.06673E-04  1.0E-07
  4.600E+00  1.61056E-03  5.63480E-16  2.01222E+01  2.18368E-04  1.0E-07
  4.700E+00  1.68131E-03  5.32109E-16  1.90020E+01  2.30462E-04  1.0E-07
  4.800E+00  1.75357E-03  5.02831E-16  1.79564E+01  2.42949E-04  1.0E-07
  4.900E+00  1.82735E-03  4.75493E-16  1.69801E+01  2.55824E-04  1.0E-07
  5.000E+00  1.90265E-03  4.49955E-16  1.60682E+01  2.69080E-04  1.0E-07
  5.100E+00  1.97947E-03  4.26090E-16  1.52159E+01  2.82710E-04  1.0E-07
  5.200E+00  2.05780E-03  4.03775E-16  1.44191E+01  2.96705E-04  1.0E-07
  5.300E+00  2.13765E-03  3.82900E-16  1.36736E+01  3.11054E-04  1.0E-07
  5.400E+00  2.21902E-03  3.63361E-16  1.29759E+01  3.25745E-04  1.0E-07
  5.500E+00  2.30190E-03  3.45064E-16  1.23225E+01  3.40767E-04  1.0E-07
  5.600E+00  2.38630E-03  3.27921E-16  1.17103E+01  3.56106E-04  1.0E-07
  5.700E+00  2.47222E-03  3.11848E-16  1.11363E+01  3.71746E-04  1.0E-07
  5.800E+00  2.55965E-03  2.96770E-16  1.05979E+01  3.87673E-04  1.0E-07
  5.900E+00  2.64859E-03  2.82618E-16  1.00925E+01  4.03870E-04  1.0E-07
  6.000E+00  2.73905E-03  2.69326E-16  9.61781E+00  4.20321E-04  1.0E-07
  6.100E+00  2.83103E-03  2.56834E-16  9.17172E+00  4.37006E-04  1.0E-07
  6.200E+00  2.92452E-03  2.45087E-16  8.75222E+00  4.53908E-04  1.0E-07
  6.300E+00  3.01952E-03  2.34033E-16  8.35746E+00  4.71008E-04  1.0E-07
  6.400E+00  3.11604E-03  2.23623E-16  7.98573E+00  4.88286E-04  1.0E-07
  6.500E+00  3.21407E-03  2.13815E-16  7.63546E+00  5.05722E-04  1.0E-07
  6.600E+00  3.31362E-03  2.04566E-16  7.30519E+00  5.23296E-04  1.0E-07
  6.700E+00  3.41468E-03  1.95840E-16  6.99356E+00  5.40988E-04  1.0E-07
  6.800E+00  3.51725E-03  1.87600E-16  6.69931E+00  5.58778E-04  1.0E-07
  6.900E+00  3.62133E-03  1.79814E-16  6.42128E+00  5.76643E-04  1.0E-07
  7.000E+00  3.72692E-03  1.72453E-16  6.15840E+00  5.94564E-04  1.0E-07
  7.100E+00  3.83403E-03  1.65487E-16  5.90966E+00  6.12520E-04  1.0E-07
  7.200E+00  3.94265E-03  1.58892E-16  5.67414E+00  6.30489E-04  1.0E-07
  7.300E+00  4.05278E-03  1.52643E-16  5.45098E+00  6.48451E-04  1.0E-07
  7.400E+00  4.16442E-03  1.46718E-16  5.23939E+00  6.66384E-04  1.0E-07
  7.500E+00  4.27757E-03  1.41096E-16  5.03862E+00  6.84269E-04  1.0E-07
  7.600E+00  4.39223E-03  1.35758E-16  4.84799E+00  7.02084E-04  1.0E-07
  7.700E+00  4.50840E-03  1.30686E-16  4.66687E+00  7.19809E-04  1.0E-07
  7.800E+00  4.62608E-03  1.25863E-16  4.49465E+00  7.37423E-04  1.0E-07
  7.900E+00  4.74527E-03  1.21275E-16  4.33081E+00  7.54905E-04  1.0E-07
  8.000E+00  4.86597E-03  1.16907E-16  4.17482E+00  7.72236E-04  1.0E-07
  8.100E+00  4.98817E-03  1.12745E-16  4.02621E+00  7.89394E-04  1.0E-07
  8.200E+00  5.11188E-03  1.08778E-16  3.88455E+00  8.06360E-04  1.0E-07
  8.300E+00  5.23711E-03  1.04994E-16  3.74942E+00  8.23113E-04  1.0E-07
  8.400E+00  5.36383E-03  1.01383E-16  3.62044E+00  8.39633E-04  1.0E-07
  8.500E+00  5.49207E-03  9.79334E-17  3.49727E+00  8.55899E-04  1.0E-07
  8.600E+00  5.62181E-03  9.46373E-17  3.37956E+00  8.71891E-04  1.0E-07
  8.700E+00  5.75306E-03  9.14856E-17  3.26701E+00  8.87589E-04  1.0E-07
  8.800E+00  5.88581E-03  8.84705E-17  3.15934E+00  9.02972E-04  1.0E-07
  8.900E+00  6.02007E-03  8.55844E-17  3.05627E+00  9.18019E-04  1.0E-07
  9.000E+00  6.15583E-03  8.28203E-17  2.95757E+00  9.32710E-04  1.0E-07
  9.100E+00  6.29310E-03  8.01717E-17  2.86298E+00  9.47023E-04  1.0E-07
  9.200E+00  6.43187E-03  7.76325E-17  2.77231E+00  9.60938E-04  1.0E-07
  9.300E+00  6.57214E-03  7.51971E-17  2.68534E+00  9.74434E-04  1.0E-07
  9.400E+00  6.71392E-03  7.28600E-17  2.60188E+00  9.87487E-04  1.0E-07
  9.500E+00  6.85720E-03  7.06163E-17  2.52175E+00  1.00008E-03  1.0E-07
  9.600E+00  7.00198E-03  6.84614E-17  2.44480E+00  1.01218E-03  1.0E-07
  9.700E+00  7.14827E-03  6.63907E-17  2.37086E+00  1.02378E-03  1.0E-07
  9.800E+00  7.29605E-03  6.44003E-17  2.29978E+00  1.03485E-03  1.0E-07
  9.900E+00  7.44534E-03  6.24863E-17  2.23142E+00  1.04537E-03  1.0E-07
  1.000E+01  7.59612E-03  6.06449E-17  2.16567E+00  1.05531E-03  1.0E-07
  1.025E+01  7.97965E-03  5.63379E-17  2.01186E+00  1.07749E-03  1.0E-07
  1.050E+01  8.37255E-03  5.24166E-17  1.87183E+00  1.09556E-03  1.0E-07
  1.075E+01  8.77480E-03  4.88394E-17  1.74409E+00  1.10914E-03  1.0E-07
  1.100E+01  9.18641E-03  4.55705E-17  1.62735E+00  1.11786E-03  1.0E-07
  1.125E+01  9.60736E-03  4.25783E-17  1.52050E+00  1.12131E-03  1.0E-07
  1.150E+01  1.00376E-02  3.98354E-17  1.42255E+00  1.11913E-03  1.0E-07
  1.175E+01  1.04773E-02  3.73176E-17  1.33264E+00  1.11092E-03  1.0E-07
  1.200E+01  1.09262E-02  3.50035E-17  1.25000E+00  1.09631E-03  1.0E-07
  1.225E+01  1.13844E-02  3.28740E-17  1.17395E+00  1.07493E-03  1.0E-07
  1.250E+01  1.18520E-02  3.09123E-17  1.10390E+00  1.04643E-03  1.0E-07
  1.275E+01  1.23288E-02  2.91032E-17  1.03930E+00  1.01049E-03  1.0E-07
  1.300E+01  1.28150E-02  2.74331E-17  9.79654E-01  9.66801E-04  1.0E-07
  1.325E+01  1.33104E-02  2.58897E-17  9.24540E-01  9.15080E-04  1.0E-07
  1.350E+01  1.38150E-02  2.44621E-17  8.73557E-01  8.55083E-04  1.0E-07
  1.375E+01  1.43290E-02  2.31401E-17  8.26348E-01  7.86599E-04  1.0E-07
  1.400E+01  1.48521E-02  2.19148E-17  7.82592E-01  7.09453E-04  1.0E-07
  1.425E+01  1.53845E-02  2.07779E-17  7.41994E-01  6.23509E-04  1.0E-07
  1.450E+01  1.59262E-02  1.97220E-17  7.04287E-01  5.28670E-04  1.0E-07
  1.475E+01  1.64770E-02  1.87403E-17  6.69229E-01  4.24881E-04  1.0E-07
  1.500E+01  1.70371E-02  1.78266E-17  6.36598E-01  3.12126E-04  1.0E-07
  1.525E+01  1.76063E-02  1.69752E-17  6.06195E-01  1.90433E-04  1.0E-07
  1.550E+01  1.81848E-02  1.61810E-17  5.77834E-01  5.98642E-05  1.0E-07
  1.575E+01  1.87724E-02  1.54393E-17  5.51348E-01 -7.94780E-05  1.0E-07
  1.600E+01  1.93692E-02  1.47459E-17  5.26586E-01 -2.27457E-04  1.0E-07
  1.625E+01  1.99751E-02  1.40968E-17  5.03406E-01 -3.83902E-04  1.0E-07
  1.650E+01  2.05901E-02  1.34885E-17  4.81682E-01 -5.48614E-04  1.0E-07
  1.675E+01  2.12143E-02  1.29177E-17  4.61298E-01 -7.21365E-04  1.0E-07
  1.700E+01  2.18476E-02  1.23814E-17  4.42147E-01 -9.01900E-04  1.0E-07
  1.725E+01  2.24900E-02  1.18769E-17  4.24133E-01 -1.08995E-03  1.0E-07
  1.750E+01  2.31415E-02  1.14019E-17  4.07168E-01 -1.28521E-03  1.0E-07
  1.775E+01  2.38021E-02  1.09539E-17  3.91169E-01 -1.48737E-03  1.0E-07
  1.800E+01  2.44717E-02  1.05309E-17  3.76065E-01 -1.69611E-03  1.0E-07
  1.825E+01  2.51504E-02  1.01311E-17  3.61788E-01 -1.91109E-03  1.0E-07
  1.850E+01  2.58382E-02  9.75270E-18  3.48275E-01 -2.13196E-03  1.0E-07
  1.875E+01  2.65349E-02  9.39418E-18  3.35472E-01 -2.35835E-03  1.0E-07
  1.900E+01  2.72407E-02  9.05408E-18  3.23327E-01 -2.58990E-03  1.0E-07
  1.925E+01  2.79555E-02  8.73110E-18  3.11793E-01 -2.82625E-03  1.0E-07
  1.950E+01  2.86793E-02  8.42404E-18  3.00828E-01 -3.06700E-03  1.0E-07
  1.975E+01  2.94120E-02  8.13181E-18  2.90392E-01 -3.31177E-03  1.0E-07
  2.000E+01  3.01537E-02  7.85340E-18  2.80450E-01 -3.56019E-03  1.0E-07
  2.025E+01  3.09043E-02  7.58790E-18  2.70969E-01 -3.81184E-03  1.0E-07
  2.050E+01  3.16639E-02  7.33448E-18  2.61919E-01 -4.06633E-03  1.0E-07
  2.075E+01  3.24324E-02  7.09237E-18  2.53273E-01 -4.32327E-03  1.0E-07
  2.100E+01  3.32098E-02  6.86086E-18  2.45006E-01 -4.58224E-03  1.0E-07
  2.125E+01  3.39961E-02  6.63932E-18  2.37094E-01 -4.84283E-03  1.0E-07
  2.150E+01  3.47912E-02  6.42714E-18  2.29517E-01 -5.10463E-03  1.0E-07
  2.175E+01  3.55952E-02  6.22378E-18  2.22255E-01 -5.36722E-03  1.0E-07
  2.200E+01  3.64081E-02  6.02874E-18  2.15290E-01 -5.63016E-03  1.0E-07
  2.225E+01  3.72297E-02  5.84157E-18  2.08606E-01 -5.89303E-03  1.0E-07
  2.250E+01  3.80602E-02  5.66183E-18  2.02187E-01 -6.15539E-03  1.0E-07
  2.275E+01  3.88995E-02  5.48912E-18  1.96020E-01 -6.41679E-03  1.0E-07
  2.300E+01  3.97476E-02  5.32309E-18  1.90091E-01 -6.67678E-03  1.0E-07
  2.325E+01  4.06044E-02  5.16340E-18  1.84388E-01 -6.93491E-03  1.0E-07
  2.350E+01  4.14700E-02  5.00973E-18  1.78901E-01 -7.19070E-03  1.0E-07
  2.375E+01  4.23443E-02  4.86179E-18  1.73618E-01 -7.44369E-03  1.0E-07
  2.400E+01  4.32273E-02  4.71931E-18  1.68530E-01 -7.69341E-03  1.0E-07
  2.425E+01  4.41190E-02  4.58203E-18  1.63627E-01 -7.93936E-03  1.0E-07
  2.450E+01  4.50194E-02  4.44972E-18  1.58902E-01 -8.18105E-03  1.0E-07
  2.475E+01  4.59284E-02  4.32215E-18  1.54347E-01 -8.41799E-03  1.0E-07
  2.500E+01  4.68461E-02  4.19912E-18  1.49953E-01 -8.64968E-03  1.0E-07
  2.550E+01  4.87074E-02  3.96589E-18  1.41624E-01 -9.09527E-03  1.0E-07
  2.600E+01  5.06030E-02  3.74859E-18  1.33865E-01 -9.51371E-03  1.0E-07
  2.650E+01  5.25328E-02  3.54594E-18  1.26628E-01 -9.90083E-03  1.0E-07
  2.700E+01  5.44967E-02  3.35679E-18  1.19873E-01 -1.02524E-02  1.0E-07
  2.750E+01  5.64946E-02  3.18010E-18  1.13564E-01 -1.05643E-02  1.0E-07
  2.800E+01  5.85262E-02  3.01493E-18  1.07665E-01 -1.08324E-02  1.0E-07
  2.850E+01  6.05914E-02  2.86042E-18  1.02148E-01 -1.10523E-02  1.0E-07
  2.900E+01  6.26901E-02  2.71579E-18  9.69825E-02 -1.12203E-02  1.0E-07
  2.950E+01  6.48222E-02  2.58031E-18  9.21444E-02 -1.13322E-02  1.0E-07
  3.000E+01  6.69873E-02  2.45332E-18  8.76097E-02 -1.13843E-02  1.0E-07
  3.050E+01  6.91854E-02  2.33422E-18  8.33566E-02 -1.13730E-02  1.0E-07
  3.100E+01  7.14163E-02  2.22245E-18  7.93650E-02 -1.12947E-02  1.0E-07
  3.150E+01  7.36799E-02  2.11748E-18  7.56165E-02 -1.11463E-02  1.0E-07
  3.200E+01  7.59760E-02  2.01884E-18  7.20940E-02 -1.09246E-02  1.0E-07
  3.250E+01  7.83043E-02  1.92608E-18  6.87815E-02 -1.06270E-02  1.0E-07
  3.300E+01  8.06647E-02  1.83879E-18  6.56644E-02 -1.02509E-02  1.0E-07
  3.350E+01  8.30571E-02  1.75660E-18  6.27293E-02 -9.79401E-03  1.0E-07
  3.400E+01  8.54812E-02  1.67915E-18  5.99636E-02 -9.25436E-03  1.0E-07
  3.450E+01  8.79369E-02  1.60612E-18  5.73557E-02 -8.63023E-03  1.0E-07
  3.500E+01  9.04240E-02  1.53721E-18  5.48948E-02 -7.92019E-03  1.0E-07
  3.550E+01  9.29422E-02  1.47214E-18  5.25711E-02 -7.12311E-03  1.0E-07
  3.600E+01  9.54915E-02  1.41065E-18  5.03753E-02 -6.23811E-03  1.0E-07
  3.650E+01  9.80716E-02  1.35251E-18  4.82989E-02 -5.26462E-03  1.0E-07
  3.700E+01  1.00682E-01  1.29749E-18  4.63341E-02 -4.20233E-03  1.0E-07
  3.750E+01  1.03323E-01  1.24539E-18  4.44736E-02 -3.05123E-03  1.0E-07
  3.800E+01  1.05995E-01  1.19602E-18  4.27107E-02 -1.81154E-03  1.0E-07
  3.850E+01  1.08696E-01  1.14921E-18  4.10390E-02 -4.83796E-04  1.0E-07
  3.900E+01  1.11427E-01  1.10479E-18  3.94529E-02  9.31246E-04  1.0E-07
  3.950E+01  1.14188E-01  1.06262E-18  3.79469E-02  2.43256E-03  1.0E-07
  4.000E+01  1.16978E-01  1.02256E-18  3.65162E-02  4.01886E-03  1.0E-07
  4.050E+01  1.19797E-01  9.84469E-19  3.51560E-02  5.68864E-03  1.0E-07
  4.100E+01  1.22645E-01  9.48238E-19  3.38622E-02  7.44014E-03  1.0E-07
  4.150E+01  1.25522E-01  9.13754E-19  3.26307E-02  9.27136E-03  1.0E-07
  4.200E+01  1.28428E-01  8.80912E-19  3.14579E-02  1.11801E-02  1.0E-07
  4.250E+01  1.31361E-01  8.49618E-19  3.03404E-02  1.31639E-02  1.0E-07
  4.300E+01  1.34323E-01  8.19781E-19  2.92749E-02  1.52201E-02  1.0E-07
  4.350E+01  1.37313E-01  7.91320E-19  2.82586E-02  1.73459E-02  1.0E-07
  4.400E+01  1.40330E-01  7.64156E-19  2.72885E-02  1.95381E-02  1.0E-07
  4.450E+01  1.43375E-01  7.38218E-19  2.63622E-02  2.17936E-02  1.0E-07
  4.500E+01  1.46447E-01  7.13438E-19  2.54773E-02  2.41088E-02  1.0E-07
  4.550E+01  1.49545E-01  6.89753E-19  2.46315E-02  2.64800E-02  1.0E-07
  4.600E+01  1.52671E-01  6.67105E-19  2.38228E-02  2.89036E-02  1.0E-07
  4.650E+01  1.55823E-01  6.45439E-19  2.30490E-02  3.13753E-02  1.0E-07
  4.700E+01  1.59001E-01  6.24702E-19  2.23085E-02  3.38911E-02  1.0E-07
  4.750E+01  1.62205E-01  6.04848E-19  2.15995E-02  3.64465E-02  1.0E-07
  4.800E+01  1.65435E-01  5.85830E-19  2.09204E-02  3.90371E-02  1.0E-07
  4.850E+01  1.68690E-01  5.67606E-19  2.02696E-02  4.16583E-02  1.0E-07
  4.900E+01  1.71970E-01  5.50137E-19  1.96458E-02  4.43051E-02  1.0E-07
  4.950E+01  1.75276E-01  5.33385E-19  1.90475E-02  4.69728E-02  1.0E-07
  5.000E+01  1.78606E-01  5.17314E-19  1.84736E-02  4.96561E-02  1.0E-07
  5.050E+01  1.81961E-01  5.01892E-19  1.79229E-02  5.23499E-02  1.0E-07
  5.100E+01  1.85340E-01  4.87087E-19  1.73942E-02  5.50490E-02  1.0E-07
  5.150E+01  1.88743E-01  4.72870E-19  1.68865E-02  5.77479E-02  1.0E-07
  5.200E+01  1.92169E-01  4.59213E-19  1.63988E-02  6.04411E-02  1.0E-07
  5.250E+01  1.95619E-01  4.46089E-19  1.59301E-02  6.31230E-02  1.0E-07
  5.300E+01  1.99092E-01  4.33474E-19  1.54796E-02  6.57880E-02  1.0E-07
  5.350E+01  2.02589E-01  4.21345E-19  1.50465E-02  6.84305E-02  1.0E-07
  5.400E+01  2.06107E-01  4.09678E-19  1.46299E-02  7.10445E-02  1.0E-07
  5.450E+01  2.09649E-01  3.98454E-19  1.42291E-02  7.36243E-02  1.0E-07
  5.500E+01  2.13212E-01  3.87653E-19  1.38433E-02  7.61641E-02  1.0E-07
  5.550E+01  2.16797E-01  3.77255E-19  1.34720E-02  7.86579E-02  1.0E-07
  5.600E+01  2.20404E-01  3.67243E-19  1.31145E-02  8.11000E-02  1.0E-07
  5.650E+01  2.24032E-01  3.57599E-19  1.27701E-02  8.34844E-02  1.0E-07
  5.700E+01  2.27680E-01  3.48309E-19  1.24383E-02  8.58052E-02  1.0E-07
  5.750E+01  2.31350E-01  3.39356E-19  1.21186E-02  8.80566E-02  1.0E-07
  5.800E+01  2.35040E-01  3.30727E-19  1.18105E-02  9.02328E-02  1.0E-07
  5.850E+01  2.38751E-01  3.22407E-19  1.15134E-02  9.23279E-02  1.0E-07
  5.900E+01  2.42481E-01  3.14383E-19  1.12268E-02  9.43364E-02  1.0E-07
  5.950E+01  2.46231E-01  3.06644E-19  1.09505E-02  9.62525E-02  1.0E-07
  6.000E+01  2.50000E-01  2.99177E-19  1.06838E-02  9.80706E-02  1.0E-07
  6.050E+01  2.53788E-01  2.91972E-19  1.04265E-02  9.97853E-02  1.0E-07
  6.100E+01  2.57595E-01  2.85017E-19  1.01781E-02  1.01391E-01  1.0E-07
  6.150E+01  2.61421E-01  2.78303E-19  9.93837E-03  1.02883E-01  1.0E-07
  6.200E+01  2.65264E-01  2.71819E-19  9.70684E-03  1.04255E-01  1.0E-07
  6.250E+01  2.69126E-01  2.65557E-19  9.48322E-03  1.05503E-01  1.0E-07
  6.300E+01  2.73005E-01  2.59509E-19  9.26722E-03  1.06622E-01  1.0E-07
  6.350E+01  2.76901E-01  2.53664E-19  9.05852E-03  1.07607E-01  1.0E-07
  6.400E+01  2.80814E-01  2.48017E-19  8.85685E-03  1.08454E-01  1.0E-07
  6.450E+01  2.84744E-01  2.42559E-19  8.66194E-03  1.09157E-01  1.0E-07
  6.500E+01  2.88691E-01  2.37283E-19  8.47353E-03  1.09714E-01  1.0E-07
  6.550E+01  2.92653E-01  2.32182E-19  8.29137E-03  1.10119E-01  1.0E-07
  6.600E+01  2.96632E-01  2.27250E-19  8.11523E-03  1.10369E-01  1.0E-07
  6.650E+01  3.00625E-01  2.22480E-19  7.94489E-03  1.10461E-01  1.0E-07
  6.700E+01  3.04634E-01  2.17866E-19  7.78014E-03  1.10391E-01  1.0E-07
  6.750E+01  3.08658E-01  2.13403E-19  7.62076E-03  1.10156E-01  1.0E-07
  6.800E+01  3.12697E-01  2.09085E-19  7.46657E-03  1.09753E-01  1.0E-07
  6.850E+01  3.16749E-01  2.04908E-19  7.31738E-03  1.09179E-01  1.0E-07
  6.900E+01  3.20816E-01  2.00865E-19  7.17302E-03  1.08432E-01  1.0E-07
  6.950E+01  3.24896E-01  1.96953E-19  7.03331E-03  1.07510E-01  1.0E-07
  7.000E+01  3.28990E-01  1.93166E-19  6.89809E-03  1.06411E-01  1.0E-07
  7.050E+01  3.33097E-01  1.89501E-19  6.76721E-03  1.05133E-01  1.0E-07
  7.100E+01  3.37216E-01  1.85953E-19  6.64052E-03  1.03675E-01  1.0E-07
  7.150E+01  3.41348E-01  1.82519E-19  6.51787E-03  1.02036E-01  1.0E-07
  7.200E+01  3.45492E-01  1.79194E-19  6.39914E-03  1.00216E-01  1.0E-07
  7.250E+01  3.49647E-01  1.75975E-19  6.28419E-03  9.82132E-02  1.0E-07
  7.300E+01  3.53814E-01  1.72858E-19  6.17289E-03  9.60285E-02  1.0E-07
  7.350E+01  3.57992E-01  1.69841E-19  6.06513E-03  9.36618E-02  1.0E-07
  7.400E+01  3.62181E-01  1.66919E-19  5.96079E-03  9.11137E-02  1.0E-07
  7.450E+01  3.66381E-01  1.64090E-19  5.85976E-03  8.83849E-02  1.0E-07
  7.500E+01  3.70590E-01  1.61351E-19  5.76194E-03  8.54767E-02  1.0E-07
  7.550E+01  3.74810E-01  1.58699E-19  5.66723E-03  8.23905E-02  1.0E-07
  7.600E+01  3.79039E-01  1.56131E-19  5.57553E-03  7.91281E-02  1.0E-07
  7.650E+01  3.83277E-01  1.53644E-19  5.48674E-03  7.56917E-02  1.0E-07
  7.700E+01  3.87524E-01  1.51237E-19  5.40078E-03  7.20837E-02  1.0E-07
  7.750E+01  3.91780E-01  1.48907E-19  5.31756E-03  6.83068E-02  1.0E-07
  7.800E+01  3.96044E-01  1.46651E-19  5.23700E-03  6.43641E-02  1.0E-07
  7.850E+01  4.00316E-01  1.44467E-19  5.15901E-03  6.02589E-02  1.0E-07
  7.900E+01  4.04596E-01  1.42353E-19  5.08353E-03  5.59951E-02  1.0E-07
  7.950E+01  4.08882E-01  1.40308E-19  5.01048E-03  5.15765E-02  1.0E-07
  8.000E+01  4.13176E-01  1.38328E-19  4.93978E-03  4.70075E-02  1.0E-07
  8.050E+01  4.17476E-01  1.36412E-19  4.87138E-03  4.22926E-02  1.0E-07
  8.100E+01  4.21783E-01  1.34559E-19  4.80519E-03  3.74367E-02  1.0E-07
  8.150E+01  4.26095E-01  1.32766E-19  4.74117E-03  3.24449E-02  1.0E-07
  8.200E+01  4.30413E-01  1.31032E-19  4.67925E-03  2.73225E-02  1.0E-07
  8.250E+01  4.34737E-01  1.29355E-19  4.61937E-03  2.20752E-02  1.0E-07
  8.300E+01  4.39065E-01  1.27734E-19  4.56147E-03  1.67089E-02  1.0E-07
  8.350E+01  4.43398E-01  1.26167E-19  4.50550E-03  1.12296E-02  1.0E-07
  8.400E+01  4.47736E-01  1.24652E-19  4.45141E-03  5.64372E-03  1.0E-07
  8.450E+01  4.52077E-01  1.23188E-19  4.39914E-03  0.00000E+00  1.0E-07
  8.500E+01  4.56422E-01  1.21774E-19  4.34864E-03 -5.82194E-03  1.0E-07
  8.550E+01  4.60770E-01  1.20409E-19  4.29987E-03 -1.16882E-02  1.0E-07
  8.600E+01  4.65122E-01  1.19090E-19  4.25279E-03 -1.76340E-02  1.0E-07
  8.650E+01  4.69476E-01  1.17817E-19  4.20734E-03 -2.36524E-02  1.0E-07
  8.700E+01  4.73832E-01  1.16589E-19  4.16348E-03 -2.97360E-02  1.0E-07
  8.750E+01  4.78190E-01  1.15405E-19  4.12117E-03 -3.58776E-02  1.0E-07
  8.800E+01  4.82550E-01  1.14262E-19  4.08038E-03 -4.20697E-02  1.0E-07
  8.850E+01  4.86912E-01  1.13161E-19  4.04105E-03 -4.83048E-02  1.0E-07
  8.900E+01  4.91274E-01  1.12100E-19  4.00316E-03 -5.45754E-02  1.0E-07
  8.950E+01  4.95637E-01  1.11078E-19  3.96666E-03 -6.08739E-02  1.0E-07
  9.000E+01  5.00000E-01  1.10094E-19  3.93152E-03 -6.71928E-02  1.0E-07
  9.050E+01  5.04363E-01  1.09147E-19  3.89770E-03 -7.35245E-02  1.0E-07
  9.100E+01  5.08726E-01  1.08236E-19  3.86517E-03 -7.98614E-02  1.0E-07
  9.150E+01  5.13088E-01  1.07360E-19  3.83391E-03 -8.61962E-02  1.0E-07
  9.200E+01  5.17450E-01  1.06519E-19  3.80386E-03 -9.25214E-02  1.0E-07
  9.250E+01  5.21810E-01  1.05711E-19  3.77501E-03 -9.88296E-02  1.0E-07
  9.300E+01  5.26168E-01  1.04936E-19  3.74733E-03 -1.05114E-01  1.0E-07
  9.350E+01  5.30524E-01  1.04192E-19  3.72077E-03 -1.11366E-01  1.0E-07
  9.400E+01  5.34878E-01  1.03480E-19  3.69533E-03 -1.17581E-01  1.0E-07
  9.450E+01  5.39230E-01  1.02797E-19  3.67096E-03 -1.23750E-01  1.0E-07
  9.500E+01  5.43578E-01  1.02144E-19  3.64764E-03 -1.29867E-01  1.0E-07
  9.550E+01  5.47923E-01  1.01520E-19  3.62535E-03 -1.35927E-01  1.0E-07
  9.600E+01  5.52264E-01  1.00924E-19  3.60405E-03 -1.41921E-01  1.0E-07
  9.650E+01  5.56602E-01  1.00355E-19  3.58373E-03 -1.47845E-01  1.0E-07
  9.700E+01  5.60935E-01  9.98120E-20  3.56435E-03 -1.53692E-01  1.0E-07
  9.750E+01  5.65263E-01  9.92953E-20  3.54590E-03 -1.59456E-01  1.0E-07
  9.800E+01  5.69587E-01  9.88038E-20  3.52835E-03 -1.65133E-01  1.0E-07
  9.850E+01  5.73905E-01  9.83370E-20  3.51168E-03 -1.70716E-01  1.0E-07
  9.900E+01  5.78217E-01  9.78941E-20  3.49586E-03 -1.76202E-01  1.0E-07
  9.950E+01  5.82524E-01  9.74745E-20  3.48088E-03 -1.81584E-01  1.0E-07
  1.000E+02  5.86824E-01  9.70778E-20  3.46671E-03 -1.86860E-01  1.0E-07
  1.005E+02  5.91118E-01  9.67032E-20  3.45333E-03 -1.92023E-01  1.0E-07
  1.010E+02  5.95404E-01  9.63502E-20  3.44073E-03 -1.97071E-01  1.0E-07
  1.015E+02  5.99684E-01  9.60184E-20  3.42888E-03 -2.02000E-01  1.0E-07
  1.020E+02  6.03956E-01  9.57070E-20  3.41776E-03 -2.06807E-01  1.0E-07
  1.025E+02  6.08220E-01  9.54156E-20  3.40735E-03 -2.11487E-01  1.0E-07
  1.030E+02  6.12476E-01  9.51438E-20  3.39765E-03 -2.16039E-01  1.0E-07
  1.035E+02  6.16723E-01  9.48908E-20  3.38861E-03 -2.20459E-01  1.0E-07
  1.040E+02  6.20961E-01  9.46564E-20  3.38024E-03 -2.24745E-01  1.0E-07
  1.045E+02  6.25190E-01  9.44400E-20  3.37251E-03 -2.28896E-01  1.0E-07
  1.050E+02  6.29410E-01  9.42411E-20  3.36541E-03 -2.32908E-01  1.0E-07
  1.055E+02  6.33619E-01  9.40592E-20  3.35892E-03 -2.36782E-01  1.0E-07
  1.060E+02  6.37819E-01  9.38939E-20  3.35301E-03 -2.40514E-01  1.0E-07
  1.065E+02  6.42008E-01  9.37448E-20  3.34769E-03 -2.44105E-01  1.0E-07
  1.070E+02  6.46186E-01  9.36115E-20  3.34293E-03 -2.47553E-01  1.0E-07
  1.075E+02  6.50353E-01  9.34934E-20  3.33871E-03 -2.50858E-01  1.0E-07
  1.080E+02  6.54508E-01  9.33902E-20  3.33502E-03 -2.54018E-01  1.0E-07
  1.085E+02  6.58652E-01  9.33014E-20  3.33185E-03 -2.57034E-01  1.0E-07
  1.090E+02  6.62784E-01  9.32267E-20  3.32919E-03 -2.59907E-01  1.0E-07
  1.095E+02  6.66903E-01  9.31657E-20  3.32701E-03 -2.62635E-01  1.0E-07
  1.100E+02  6.71010E-01  9.31180E-20  3.32530E-03 -2.65220E-01  1.0E-07
  1.105E+02  6.75104E-01  9.30832E-20  3.32406E-03 -2.67661E-01  1.0E-07
  1.110E+02  6.79184E-01  9.30609E-20  3.32327E-03 -2.69960E-01  1.0E-07
  1.115E+02  6.83251E-01  9.30509E-20  3.32291E-03 -2.72118E-01  1.0E-07
  1.120E+02  6.87303E-01  9.30526E-20  3.32297E-03 -2.74135E-01  1.0E-07
  1.125E+02  6.91342E-01  9.30658E-20  3.32344E-03 -2.76013E-01  1.0E-07
  1.130E+02  6.95366E-01  9.30901E-20  3.32431E-03 -2.77753E-01  1.0E-07
  1.135E+02  6.99375E-01  9.31253E-20  3.32556E-03 -2.79357E-01  1.0E-07
  1.140E+02  7.03368E-01  9.31709E-20  3.32719E-03 -2.80826E-01  1.0E-07
  1.145E+02  7.07347E-01  9.32266E-20  3.32918E-03 -2.82161E-01  1.0E-07
  1.150E+02  7.11309E-01  9.32922E-20  3.33152E-03 -2.83365E-01  1.0E-07
  1.155E+02  7.15256E-01  9.33673E-20  3.33421E-03 -2.84440E-01  1.0E-07
  1.160E+02  7.19186E-01  9.34516E-20  3.33722E-03 -2.85386E-01  1.0E-07
  1.165E+02  7.23099E-01  9.35448E-20  3.34055E-03 -2.86208E-01  1.0E-07
  1.170E+02  7.26995E-01  9.36467E-20  3.34418E-03 -2.86906E-01  1.0E-07
  1.175E+02  7.30874E-01  9.37569E-20  3.34812E-03 -2.87483E-01  1.0E-07
  1.180E+02  7.34736E-01  9.38751E-20  3.35234E-03 -2.87941E-01  1.0E-07
  1.185E+02  7.38579E-01  9.40011E-20  3.35684E-03 -2.88282E-01  1.0E-07
  1.190E+02  7.42405E-01  9.41346E-20  3.36161E-03 -2.88509E-01  1.0E-07
  1.195E+02  7.46212E-01  9.42754E-20  3.36663E-03 -2.88624E-01  1.0E-07
  1.200E+02  7.50000E-01  9.44231E-20  3.37191E-03 -2.88630E-01  1.0E-07
  1.205E+02  7.53769E-01  9.45776E-20  3.37743E-03 -2.88528E-01  1.0E-07
  1.210E+02  7.57519E-01  9.47385E-20  3.38317E-03 -2.88322E-01  1.0E-07
  1.215E+02  7.61249E-01  9.49056E-20  3.38914E-03 -2.88014E-01  1.0E-07
  1.220E+02  7.64960E-01  9.50788E-20  3.39532E-03 -2.87607E-01  1.0E-07
  1.225E+02  7.68650E-01  9.52576E-20  3.40171E-03 -2.87102E-01  1.0E-07
  1.230E+02  7.72320E-01  9.54420E-20  3.40830E-03 -2.86503E-01  1.0E-07
  1.235E+02  7.75968E-01  9.56317E-20  3.41507E-03 -2.85812E-01  1.0E-07
  1.240E+02  7.79596E-01  9.58264E-20  3.42202E-03 -2.85031E-01  1.0E-07
  1.245E+02  7.83203E-01  9.60259E-20  3.42915E-03 -2.84163E-01  1.0E-07
  1.250E+02  7.86788E-01  9.62301E-20  3.43644E-03 -2.83211E-01  1.0E-07
  1.255E+02  7.90351E-01  9.64386E-20  3.44389E-03 -2.82176E-01  1.0E-07
  1.260E+02  7.93893E-01  9.66514E-20  3.45148E-03 -2.81061E-01  1.0E-07
  1.265E+02  7.97411E-01  9.68682E-20  3.45922E-03 -2.79870E-01  1.0E-07
  1.270E+02  8.00908E-01  9.70887E-20  3.46710E-03 -2.78603E-01  1.0E-07
  1.275E+02  8.04381E-01  9.73128E-20  3.47510E-03 -2.77264E-01  1.0E-07
  1.280E+02  8.07831E-01  9.75404E-20  3.48323E-03 -2.75854E-01  1.0E-07
  1.285E+02  8.11257E-01  9.77711E-20  3.49147E-03 -2.74376E-01  1.0E-07
  1.290E+02  8.14660E-01  9.80049E-20  3.49982E-03 -2.72833E-01  1.0E-07
  1.295E+02  8.18039E-01  9.82415E-20  3.50827E-03 -2.71226E-01  1.0E-07
  1.300E+02  8.21394E-01  9.84807E-20  3.51681E-03 -2.69557E-01  1.0E-07
  1.305E+02  8.24724E-01  9.87225E-20  3.52544E-03 -2.67829E-01  1.0E-07
  1.310E+02  8.28030E-01  9.89665E-20  3.53416E-03 -2.66045E-01  1.0E-07
  1.315E+02  8.31310E-01  9.92127E-20  3.54295E-03 -2.64205E-01  1.0E-07
  1.320E+02  8.34565E-01  9.94609E-20  3.55181E-03 -2.62312E-01  1.0E-07
  1.325E+02  8.37795E-01  9.97109E-20  3.56074E-03 -2.60368E-01  1.0E-07
  1.330E+02  8.40999E-01  9.99625E-20  3.56973E-03 -2.58374E-01  1.0E-07
  1.335E+02  8.44177E-01  1.00216E-19  3.57876E-03 -2.56334E-01  1.0E-07
  1.340E+02  8.47329E-01  1.00470E-19  3.58785E-03 -2.54248E-01  1.0E-07
  1.345E+02  8.50455E-01  1.00726E-19  3.59698E-03 -2.52118E-01  1.0E-07
  1.350E+02  8.53553E-01  1.00982E-19  3.60615E-03 -2.49947E-01  1.0E-07
  1.355E+02  8.56625E-01  1.01240E-19  3.61535E-03 -2.47735E-01  1.0E-07
  1.360E+02  8.59670E-01  1.01498E-19  3.62457E-03 -2.45485E-01  1.0E-07
  1.365E+02  8.62687E-01  1.01757E-19  3.63382E-03 -2.43198E-01  1.0E-07
  1.370E+02  8.65677E-01  1.02017E-19  3.64308E-03 -2.40876E-01  1.0E-07
  1.375E+02  8.68639E-01  1.02276E-19  3.65236E-03 -2.38520E-01  1.0E-07
  1.380E+02  8.71572E-01  1.02536E-19  3.66164E-03 -2.36131E-01  1.0E-07
  1.385E+02  8.74478E-01  1.02796E-19  3.67093E-03 -2.33712E-01  1.0E-07
  1.390E+02  8.77355E-01  1.03056E-19  3.68021E-03 -2.31263E-01  1.0E-07
  1.395E+02  8.80203E-01  1.03316E-19  3.68949E-03 -2.28787E-01  1.0E-07
  1.400E+02  8.83022E-01  1.03576E-19  3.69875E-03 -2.26283E-01  1.0E-07
  1.405E+02  8.85812E-01  1.03835E-19  3.70801E-03 -2.23754E-01  1.0E-07
  1.410E+02  8.88573E-01  1.04093E-19  3.71724E-03 -2.21201E-01  1.0E-07
  1.415E+02  8.91304E-01  1.04351E-19  3.72645E-03 -2.18625E-01  1.0E-07
  1.420E+02  8.94005E-01  1.04608E-19  3.73563E-03 -2.16027E-01  1.0E-07
  1.425E+02  8.96677E-01  1.04865E-19  3.74478E-03 -2.13408E-01  1.0E-07
  1.430E+02  8.99318E-01  1.05120E-19  3.75390E-03 -2.10770E-01  1.0E-07
  1.435E+02  9.01928E-01  1.05374E-19  3.76297E-03 -2.08112E-01  1.0E-07
  1.440E+02  9.04508E-01  1.05627E-19  3.77201E-03 -2.05438E-01  1.0E-07
  1.445E+02  9.07058E-01  1.05879E-19  3.78100E-03 -2.02747E-01  1.0E-07
  1.450E+02  9.09576E-01  1.06129E-19  3.78993E-03 -2.00040E-01  1.0E-07
  1.455E+02  9.12063E-01  1.06378E-19  3.79882E-03 -1.97318E-01  1.0E-07
  1.460E+02  9.14519E-01  1.06625E-19  3.80764E-03 -1.94582E-01  1.0E-07
  1.465E+02  9.16943E-01  1.06870E-19  3.81641E-03 -1.91833E-01  1.0E-07
  1.470E+02  9.19335E-01  1.07114E-19  3.82512E-03 -1.89072E-01  1.0E-07
  1.475E+02  9.21696E-01  1.07356E-19  3.83375E-03 -1.86300E-01  1.0E-07
  1.480E+02  9.24024E-01  1.07596E-19  3.84232E-03 -1.83516E-01  1.0E-07
  1.485E+02  9.26320E-01  1.07834E-19  3.85081E-03 -1.80723E-01  1.0E-07
  1.490E+02  9.28584E-01  1.08069E-19  3.85923E-03 -1.77920E-01  1.0E-07
  1.495E+02  9.30815E-01  1.08303E-19  3.86757E-03 -1.75108E-01  1.0E-07
  1.500E+02  9.33013E-01  1.08534E-19  3.87583E-03 -1.72289E-01  1.0E-07
  1.505E+02  9.35178E-01  1.08763E-19  3.88400E-03 -1.69462E-01  1.0E-07
  1.510E+02  9.37310E-01  1.08989E-19  3.89209E-03 -1.66627E-01  1.0E-07
  1.515E+02  9.39409E-01  1.09213E-19  3.90008E-03 -1.63787E-01  1.0E-07
  1.520E+02  9.41474E-01  1.09435E-19  3.90798E-03 -1.60941E-01  1.0E-07
  1.525E+02  9.43505E-01  1.09653E-19  3.91579E-03 -1.58089E-01  1.0E-07
  1.530E+02  9.45503E-01  1.09869E-19  3.92350E-03 -1.55232E-01  1.0E-07
  1.535E+02  9.47467E-01  1.10082E-19  3.93111E-03 -1.52371E-01  1.0E-07
  1.540E+02  9.49397E-01  1.10292E-19  3.93861E-03 -1.49506E-01  1.0E-07
  1.545E+02  9.51293E-01  1.10500E-19  3.94602E-03 -1.46637E-01  1.0E-07
  1.550E+02  9.53154E-01  1.10704E-19  3.95331E-03 -1.43765E-01  1.0E-07
  1.555E+02  9.54981E-01  1.10905E-19  3.96049E-03 -1.40890E-01  1.0E-07
  1.560E+02  9.56773E-01  1.11103E-19  3.96757E-03 -1.38013E-01  1.0E-07
  1.565E+02  9.58530E-01  1.11298E-19  3.97452E-03 -1.35133E-01  1.0E-07
  1.570E+02  9.60252E-01  1.11490E-19  3.98137E-03 -1.32252E-01  1.0E-07
  1.575E+02  9.61940E-01  1.11678E-19  3.98809E-03 -1.29368E-01  1.0E-07
  1.580E+02  9.63592E-01  1.11863E-19  3.99469E-03 -1.26484E-01  1.0E-07
  1.585E+02  9.65209E-01  1.12044E-19  4.00118E-03 -1.23598E-01  1.0E-07
  1.590E+02  9.66790E-01  1.12222E-19  4.00753E-03 -1.20712E-01  1.0E-07
  1.595E+02  9.68336E-01  1.12397E-19  4.01377E-03 -1.17824E-01  1.0E-07
  1.600E+02  9.69846E-01  1.12568E-19  4.01987E-03 -1.14937E-01  1.0E-07
  1.605E+02  9.71321E-01  1.12735E-19  4.02585E-03 -1.12049E-01  1.0E-07
  1.610E+02  9.72759E-01  1.12899E-19  4.03169E-03 -1.09161E-01  1.0E-07
  1.615E+02  9.74162E-01  1.13059E-19  4.03741E-03 -1.06273E-01  1.0E-07
  1.620E+02  9.75528E-01  1.13215E-19  4.04299E-03 -1.03385E-01  1.0E-07
  1.625E+02  9.76858E-01  1.13368E-19  4.04843E-03 -1.00498E-01  1.0E-07
  1.630E+02  9.78152E-01  1.13516E-19  4.05374E-03 -9.76108E-02  1.0E-07
  1.635E+02  9.79410E-01  1.13661E-19  4.05891E-03 -9.47245E-02  1.0E-07
  1.640E+02  9.80631E-01  1.13802E-19  4.06393E-03 -9.18389E-02  1.0E-07
  1.645E+02  9.81815E-01  1.13939E-19  4.06882E-03 -8.89540E-02  1.0E-07
  1.650E+02  9.82963E-01  1.14071E-19  4.07357E-03 -8.60700E-02  1.0E-07
  1.655E+02  9.84074E-01  1.14200E-19  4.07817E-03 -8.31869E-02  1.0E-07
  1.660E+02  9.85148E-01  1.14325E-19  4.08262E-03 -8.03047E-02  1.0E-07
  1.665E+02  9.86185E-01  1.14446E-19  4.08693E-03 -7.74236E-02  1.0E-07
  1.670E+02  9.87185E-01  1.14562E-19  4.09110E-03 -7.45436E-02  1.0E-07
  1.675E+02  9.88148E-01  1.14675E-19  4.09511E-03 -7.16646E-02  1.0E-07
  1.680E+02  9.89074E-01  1.14783E-19  4.09898E-03 -6.87867E-02  1.0E-07
  1.685E+02  9.89962E-01  1.14887E-19  4.10269E-03 -6.59100E-02  1.0E-07
  1.690E+02  9.90814E-01  1.14987E-19  4.10626E-03 -6.30344E-02  1.0E-07
  1.695E+02  9.91627E-01  1.15082E-19  4.10967E-03 -6.01599E-02  1.0E-07
  1.700E+02  9.92404E-01  1.15174E-19  4.11293E-03 -5.72866E-02  1.0E-07
  1.705E+02  9.93143E-01  1.15261E-19  4.11603E-03 -5.44144E-02  1.0E-07
  1.710E+02  9.93844E-01  1.15343E-19  4.11898E-03 -5.15432E-02  1.0E-07
  1.715E+02  9.94508E-01  1.15422E-19  4.12178E-03 -4.86732E-02  1.0E-07
  1.720E+02  9.95134E-01  1.15495E-19  4.12442E-03 -4.58041E-02  1.0E-07
  1.725E+02  9.95722E-01  1.15565E-19  4.12690E-03 -4.29361E-02  1.0E-07
  1.730E+02  9.96273E-01  1.15630E-19  4.12923E-03 -4.00690E-02  1.0E-07
  1.735E+02  9.96786E-01  1.15691E-19  4.13139E-03 -3.72029E-02  1.0E-07
  1.740E+02  9.97261E-01  1.15747E-19  4.13340E-03 -3.43376E-02  1.0E-07
  1.745E+02  9.97698E-01  1.15799E-19  4.13525E-03 -3.14731E-02  1.0E-07
  1.750E+02  9.98097E-01  1.15846E-19  4.13694E-03 -2.86094E-02  1.0E-07
  1.755E+02  9.98459E-01  1.15889E-19  4.13847E-03 -2.57464E-02  1.0E-07
  1.760E+02  9.98782E-01  1.15927E-19  4.13984E-03 -2.28841E-02  1.0E-07
  1.765E+02  9.99067E-01  1.15961E-19  4.14105E-03 -2.00223E-02  1.0E-07
  1.770E+02  9.99315E-01  1.15991E-19  4.14210E-03 -1.71610E-02  1.0E-07
  1.775E+02  9.99524E-01  1.16016E-19  4.14299E-03 -1.43002E-02  1.0E-07
  1.780E+02  9.99695E-01  1.16036E-19  4.14372E-03 -1.14397E-02  1.0E-07
  1.785E+02  9.99829E-01  1.16052E-19  4.14429E-03 -8.57950E-03  1.0E-07
  1.790E+02  9.99924E-01  1.16063E-19  4.14469E-03 -5.71954E-03  1.0E-07
  1.795E+02  9.99981E-01  1.16070E-19  4.14493E-03 -2.85973E-03  1.0E-07
  1.800E+02  1.00000E+00  1.16072E-19  4.14501E-03 -4.01316E-17  1.0E-07
