

  **** PARTIAL WAVE ANALYSIS (DPWA0) ******************************************


  KINETIC ENERGY = 2.50000E+04 eV

      L       PHASE(SPIN UP)     PHASE(SPIN DOWN)
  -----------------------------------------------
       0     -7.18797899E-01      0.00000000E+00
       1      9.58577848E-01      1.26134897E+00
       2      6.54824808E-02      1.53684746E-01
       3     -5.38398039E-01     -4.94911754E-01
       4     -9.70362682E-01     -9.43866909E-01
       5     -1.29437320E+00     -1.27626483E+00
       6     -1.54601729E+00     -1.53275887E+00
       7      1.39493182E+00      1.40510492E+00
       8      1.23125948E+00      1.23934861E+00
       9      1.09500175E+00      1.10161574E+00
      10      9.79640193E-01      9.85163219E-01
      11      8.80726187E-01      8.85408587E-01
      12      7.95165437E-01      7.99177206E-01
      13      7.20715201E-01      7.24177985E-01
      14      6.55659554E-01      6.58665332E-01
      15      5.98616316E-01      6.01237978E-01
      16      5.48430037E-01      5.50727257E-01
      17      5.04115170E-01      5.06137694E-01
      18      4.64825369E-01      4.66614973E-01
      19      4.29834837E-01      4.31426631E-01
      20      3.98524471E-01      3.99947890E-01
      21      3.70369635E-01      3.71649268E-01
      22      3.44928501E-01      3.46084814E-01
      23      3.21830844E-01      3.22880832E-01
      24      3.00767503E-01      3.01725259E-01
      25      2.81480731E-01      2.82357943E-01
      26      2.63755599E-01      2.64561983E-01
      27      2.47412520E-01      2.48156175E-01
      28      2.32300864E-01      2.32988580E-01
      29      2.18293616E-01      2.18931119E-01
      30      2.05282946E-01      2.05875101E-01
      31      1.93176592E-01      1.93727569E-01
      32      1.81894935E-01      1.82408339E-01
      33      1.71368647E-01      1.71847623E-01
      34      1.61536813E-01      1.61984131E-01
      35      1.52345443E-01      1.52763560E-01
      36      1.43746286E-01      1.44137404E-01
      37      1.35695906E-01      1.36062009E-01
      38      1.28154934E-01      1.28497821E-01
      39      1.21087490E-01      1.21408803E-01
      40      1.14460714E-01      1.14761957E-01
      41      1.08244391E-01      1.08526945E-01
      42      1.02410651E-01      1.02675792E-01
      43      9.69337188E-02      9.71826264E-02
      44      9.17897129E-02      9.20234784E-02
      45      8.69564693E-02      8.71761055E-02
      46      8.24133964E-02      8.26198437E-02
      47      7.81413474E-02      7.83354795E-02
      48      7.41225080E-02      7.43051374E-02
      49      7.03402976E-02      7.05121801E-02
      50      6.67792789E-02      6.69411176E-02
      51      6.34250772E-02      6.35775265E-02
      52      6.02643052E-02      6.04079741E-02
      53      5.72844946E-02      5.74199501E-02
      54      5.44740325E-02      5.46018024E-02
      55      5.18221020E-02      5.19426777E-02
      56      4.93186274E-02      4.94324664E-02
      57      4.69542227E-02      4.70617511E-02
      58      4.47201437E-02      4.48217583E-02
      59      4.26082435E-02      4.27043138E-02
      60      4.06109302E-02      4.07018006E-02
      61      3.87211286E-02      3.88071199E-02
      62      3.69322432E-02      3.70136544E-02
      63      3.52381249E-02      3.53152347E-02
      64      3.36330388E-02      3.37061072E-02
      65      3.21116355E-02      3.21809049E-02
      66      3.06689232E-02      3.07346198E-02
      67      2.93002424E-02      2.93625773E-02
      68      2.80012424E-02      2.80604128E-02
      69      2.67678593E-02      2.68240494E-02
      70      2.55962957E-02      2.56496776E-02
      71      2.44830017E-02      2.45337361E-02
      72      2.34246573E-02      2.34728948E-02
      73      2.24181563E-02      2.24640376E-02
      74      2.14605913E-02      2.15042483E-02
      75      2.05492396E-02      2.05907957E-02
      76      1.96815504E-02      1.97211213E-02
      77      1.88551329E-02      1.88928268E-02
      78      1.80677446E-02      1.81036634E-02
      79      1.73172821E-02      1.73515211E-02
      80      1.66017707E-02      1.66344195E-02
      81      1.59193559E-02      1.59504986E-02
      82      1.52682953E-02      1.52980109E-02
      83      1.46469508E-02      1.46753138E-02
      84      1.40537821E-02      1.40808623E-02
      85      1.34873394E-02      1.35132027E-02
      86      1.29462582E-02      1.29709665E-02
      87      1.24292530E-02      1.24528646E-02
      88      1.19351126E-02      1.19576827E-02
      89      1.14626952E-02      1.14842755E-02
      90      1.10109237E-02      1.10315632E-02
      91      1.05787817E-02      1.05985266E-02
      92      1.01653097E-02      1.01842035E-02
      93      9.76960141E-03      9.78768541E-03
      94      9.39080047E-03      9.40811357E-03
      95      9.02809727E-03      9.04467630E-03  i
      96      8.68072619E-03      8.69660596E-03  i
      97      8.34796277E-03      8.36317623E-03  i
      98      8.02912127E-03      8.04369962E-03  i
      99      7.72355237E-03      7.73752515E-03  i
     100      7.43064089E-03      7.44403610E-03  i
     105      6.13656266E-03      6.14744173E-03  i
     110      5.08310109E-03      5.09197759E-03  i
     115      4.22176069E-03      4.22903320E-03  i
     120      3.51474652E-03      3.52072695E-03  i
     125      2.93237274E-03      2.93730696E-03  i
     130      2.45115704E-03      2.45524021E-03  i
     135      2.05240445E-03      2.05579240E-03  i
     140      1.72114391E-03      1.72396178E-03  i
     145      1.44532240E-03      1.44767120E-03  i
     150      1.21518876E-03      1.21715040E-03  i
     155      1.02281900E-03      1.02446017E-03  i
     160      8.61747586E-04      8.63122824E-04  i
     165      7.26679439E-04      7.27833476E-04  i
     170      6.13263190E-04      6.14232848E-04  i
     175      5.17911883E-04      5.18727562E-04  i
     180      4.37660251E-04      4.38347115E-04  i
     185      3.70050568E-04      3.70629499E-04  i
     190      3.13040951E-04      3.13529318E-04  i
     195      2.64931314E-04      2.65343594E-04  i
     200      2.24303347E-04      2.24651628E-04  i
     205      1.89971689E-04      1.90266084E-04  i
     210      1.60944048E-04      1.61193026E-04  i
     215      1.36388511E-04      1.36599181E-04  i
     220      1.15606684E-04      1.15785016E-04  i
     225      9.80115416E-05      9.81625565E-05  i
     230      8.31091213E-05      8.32370465E-05  i
     235      7.04833541E-05      7.05917519E-05  i
     240      5.97834620E-05      5.98753372E-05  i
     245      5.07134704E-05      5.07913591E-05  i
     250      4.30234615E-05      4.30895061E-05  i
     255      3.65022679E-05      3.65582790E-05  i
     260      3.09713576E-05      3.10188665E-05  i
     265      2.62797100E-05      2.63200124E-05  i
     270      2.22995155E-05      2.23337080E-05  i
     275      1.89225615E-05      1.89515731E-05  i
     280      1.60571936E-05      1.60818109E-05  i
     285      1.36257549E-05      1.36466448E-05  i
     290      1.15624294E-05      1.15801570E-05  i
     295      9.81142170E-06      9.82646615E-06  i
     300      8.32542063E-06      8.33818830E-06  i
     310      5.99402198E-06      6.00321780E-06  i
     320      4.31486548E-06      4.32148850E-06  i
     330      3.10554737E-06      3.11031698E-06  i
     340      2.23469968E-06      2.23813409E-06  i
     350      1.60768441E-06      1.61015697E-06  i
     360      1.15631371E-06      1.15809346E-06  i
     370      8.31453682E-07      8.32734435E-07  i
     380      5.97700381E-07      5.98621819E-07  i
     390      4.29545223E-07      4.30207984E-07  i
     400      3.08611371E-07      3.09087965E-07  i
     410      2.21662024E-07      2.22004618E-07  i
     420      1.59164438E-07      1.59410652E-07  i
     430      1.14255176E-07      1.14432079E-07  i
     440      8.19943084E-08      8.21213632E-08  i
     450      5.88254828E-08      5.89167304E-08  i
     460      4.21914343E-08      4.22569202E-08  i
     470      3.02524373E-08      3.02994398E-08  i
     480      2.16857009E-08      2.17194251E-08  i
     490      1.55405305E-08      1.55647084E-08  i
     500      1.11336696E-08      1.11510085E-08  i
     510      7.97416235E-09      7.98660567E-09  i
     520      5.71012027E-09      5.71903159E-09  i
     530      4.08747338E-09      4.09384671E-09  i
     540      2.92515951E-09      2.92973978E-09  i
     550      2.09271342E-09      2.09598714E-09  i
     560      1.49663670E-09      1.49897078E-09  i
     570      1.06999156E-09      1.07167062E-09  i


  *** SCATTERING AMPLITUDES AND DIFFERENTIAL CROSS SECTION ***

    ANGLE      DCS       ASYMMETRY    DIRECT AMPLITUDE       SPIN-FLIP AMPLITUDE     ERROR
    (deg)   (cm**2/sr)                      (cm)                    (cm)
  -------------------------------------------------------------------------------------------
  0.000E+00 8.15223E-15  0.000E+00 ( 8.466E-08, 3.137E-08) ( 0.000E+00, 0.000E+00)  1.00E-07
  1.000E-04 8.15223E-15  1.337E-09 ( 8.466E-08, 3.137E-08) ( 3.428E-15, 1.335E-15)  1.00E-07
  1.250E-04 8.15223E-15  1.671E-09 ( 8.466E-08, 3.137E-08) ( 4.285E-15, 1.668E-15)  1.00E-07
  1.500E-04 8.15223E-15  2.005E-09 ( 8.466E-08, 3.137E-08) ( 5.142E-15, 2.002E-15)  1.00E-07
  1.750E-04 8.15223E-15  2.339E-09 ( 8.466E-08, 3.137E-08) ( 5.999E-15, 2.335E-15)  1.00E-07
  2.000E-04 8.15223E-15  2.673E-09 ( 8.466E-08, 3.137E-08) ( 6.856E-15, 2.669E-15)  1.00E-07
  2.250E-04 8.15223E-15  3.007E-09 ( 8.466E-08, 3.137E-08) ( 7.713E-15, 3.003E-15)  1.00E-07
  2.500E-04 8.15223E-15  3.342E-09 ( 8.466E-08, 3.137E-08) ( 8.570E-15, 3.336E-15)  1.00E-07
  2.750E-04 8.15223E-15  3.676E-09 ( 8.466E-08, 3.137E-08) ( 9.427E-15, 3.670E-15)  1.00E-07
  3.000E-04 8.15223E-15  4.010E-09 ( 8.466E-08, 3.137E-08) ( 1.028E-14, 4.004E-15)  1.00E-07
  3.250E-04 8.15223E-15  4.344E-09 ( 8.466E-08, 3.137E-08) ( 1.114E-14, 4.337E-15)  1.00E-07
  3.500E-04 8.15223E-15  4.678E-09 ( 8.466E-08, 3.137E-08) ( 1.200E-14, 4.671E-15)  1.00E-07
  3.750E-04 8.15223E-15  5.012E-09 ( 8.466E-08, 3.137E-08) ( 1.286E-14, 5.005E-15)  1.00E-07
  4.000E-04 8.15223E-15  5.347E-09 ( 8.466E-08, 3.137E-08) ( 1.371E-14, 5.338E-15)  1.00E-07
  4.250E-04 8.15223E-15  5.681E-09 ( 8.466E-08, 3.137E-08) ( 1.457E-14, 5.672E-15)  1.00E-07
  4.500E-04 8.15223E-15  6.015E-09 ( 8.466E-08, 3.137E-08) ( 1.543E-14, 6.005E-15)  1.00E-07
  4.750E-04 8.15223E-15  6.349E-09 ( 8.466E-08, 3.137E-08) ( 1.628E-14, 6.339E-15)  1.00E-07
  5.000E-04 8.15223E-15  6.683E-09 ( 8.466E-08, 3.137E-08) ( 1.714E-14, 6.673E-15)  1.00E-07
  5.250E-04 8.15223E-15  7.017E-09 ( 8.466E-08, 3.137E-08) ( 1.800E-14, 7.006E-15)  1.00E-07
  5.500E-04 8.15223E-15  7.352E-09 ( 8.466E-08, 3.137E-08) ( 1.885E-14, 7.340E-15)  1.00E-07
  5.750E-04 8.15223E-15  7.686E-09 ( 8.466E-08, 3.137E-08) ( 1.971E-14, 7.674E-15)  1.00E-07
  6.000E-04 8.15223E-15  8.020E-09 ( 8.466E-08, 3.137E-08) ( 2.057E-14, 8.007E-15)  1.00E-07
  6.250E-04 8.15223E-15  8.354E-09 ( 8.466E-08, 3.137E-08) ( 2.143E-14, 8.341E-15)  1.00E-07
  6.500E-04 8.15223E-15  8.688E-09 ( 8.466E-08, 3.137E-08) ( 2.228E-14, 8.674E-15)  1.00E-07
  6.750E-04 8.15223E-15  9.022E-09 ( 8.466E-08, 3.137E-08) ( 2.314E-14, 9.008E-15)  1.00E-07
  7.000E-04 8.15223E-15  9.356E-09 ( 8.466E-08, 3.137E-08) ( 2.400E-14, 9.342E-15)  1.00E-07
  7.250E-04 8.15223E-15  9.691E-09 ( 8.466E-08, 3.137E-08) ( 2.485E-14, 9.675E-15)  1.00E-07
  7.500E-04 8.15223E-15  1.002E-08 ( 8.466E-08, 3.137E-08) ( 2.571E-14, 1.001E-14)  1.00E-07
  7.750E-04 8.15223E-15  1.036E-08 ( 8.466E-08, 3.137E-08) ( 2.657E-14, 1.034E-14)  1.00E-07
  8.000E-04 8.15223E-15  1.069E-08 ( 8.466E-08, 3.137E-08) ( 2.742E-14, 1.068E-14)  1.00E-07
  8.250E-04 8.15223E-15  1.103E-08 ( 8.466E-08, 3.137E-08) ( 2.828E-14, 1.101E-14)  1.00E-07
  8.500E-04 8.15223E-15  1.136E-08 ( 8.466E-08, 3.137E-08) ( 2.914E-14, 1.134E-14)  1.00E-07
  8.750E-04 8.15223E-15  1.170E-08 ( 8.466E-08, 3.137E-08) ( 3.000E-14, 1.168E-14)  1.00E-07
  9.000E-04 8.15223E-15  1.203E-08 ( 8.466E-08, 3.137E-08) ( 3.085E-14, 1.201E-14)  1.00E-07
  9.250E-04 8.15223E-15  1.236E-08 ( 8.466E-08, 3.137E-08) ( 3.171E-14, 1.234E-14)  1.00E-07
  9.500E-04 8.15223E-15  1.270E-08 ( 8.466E-08, 3.137E-08) ( 3.257E-14, 1.268E-14)  1.00E-07
  9.750E-04 8.15223E-15  1.303E-08 ( 8.466E-08, 3.137E-08) ( 3.342E-14, 1.301E-14)  1.00E-07
  1.000E-03 8.15223E-15  1.337E-08 ( 8.466E-08, 3.137E-08) ( 3.428E-14, 1.335E-14)  1.00E-07
  1.250E-03 8.15222E-15  1.671E-08 ( 8.466E-08, 3.137E-08) ( 4.285E-14, 1.668E-14)  1.00E-07
  1.500E-03 8.15222E-15  2.005E-08 ( 8.466E-08, 3.137E-08) ( 5.142E-14, 2.002E-14)  1.00E-07
  1.750E-03 8.15222E-15  2.339E-08 ( 8.466E-08, 3.137E-08) ( 5.999E-14, 2.335E-14)  1.00E-07
  2.000E-03 8.15222E-15  2.673E-08 ( 8.466E-08, 3.137E-08) ( 6.856E-14, 2.669E-14)  1.00E-07
  2.250E-03 8.15221E-15  3.007E-08 ( 8.466E-08, 3.137E-08) ( 7.713E-14, 3.003E-14)  1.00E-07
  2.500E-03 8.15221E-15  3.342E-08 ( 8.466E-08, 3.137E-08) ( 8.570E-14, 3.336E-14)  1.00E-07
  2.750E-03 8.15220E-15  3.676E-08 ( 8.466E-08, 3.137E-08) ( 9.427E-14, 3.670E-14)  1.00E-07
  3.000E-03 8.15220E-15  4.010E-08 ( 8.466E-08, 3.137E-08) ( 1.028E-13, 4.004E-14)  1.00E-07
  3.250E-03 8.15219E-15  4.344E-08 ( 8.466E-08, 3.137E-08) ( 1.114E-13, 4.337E-14)  1.00E-07
  3.500E-03 8.15218E-15  4.678E-08 ( 8.466E-08, 3.137E-08) ( 1.200E-13, 4.671E-14)  1.00E-07
  3.750E-03 8.15218E-15  5.012E-08 ( 8.466E-08, 3.137E-08) ( 1.286E-13, 5.005E-14)  1.00E-07
  4.000E-03 8.15217E-15  5.347E-08 ( 8.466E-08, 3.137E-08) ( 1.371E-13, 5.338E-14)  1.00E-07
  4.250E-03 8.15216E-15  5.681E-08 ( 8.466E-08, 3.137E-08) ( 1.457E-13, 5.672E-14)  1.00E-07
  4.500E-03 8.15215E-15  6.015E-08 ( 8.466E-08, 3.137E-08) ( 1.543E-13, 6.005E-14)  1.00E-07
  4.750E-03 8.15215E-15  6.349E-08 ( 8.466E-08, 3.137E-08) ( 1.628E-13, 6.339E-14)  1.00E-07
  5.000E-03 8.15214E-15  6.683E-08 ( 8.466E-08, 3.137E-08) ( 1.714E-13, 6.673E-14)  1.00E-07
  5.250E-03 8.15213E-15  7.017E-08 ( 8.466E-08, 3.137E-08) ( 1.800E-13, 7.006E-14)  1.00E-07
  5.500E-03 8.15212E-15  7.352E-08 ( 8.466E-08, 3.137E-08) ( 1.885E-13, 7.340E-14)  1.00E-07
  5.750E-03 8.15211E-15  7.686E-08 ( 8.466E-08, 3.137E-08) ( 1.971E-13, 7.674E-14)  1.00E-07
  6.000E-03 8.15210E-15  8.020E-08 ( 8.466E-08, 3.137E-08) ( 2.057E-13, 8.007E-14)  1.00E-07
  6.250E-03 8.15208E-15  8.354E-08 ( 8.466E-08, 3.137E-08) ( 2.143E-13, 8.341E-14)  1.00E-07
  6.500E-03 8.15207E-15  8.688E-08 ( 8.466E-08, 3.137E-08) ( 2.228E-13, 8.674E-14)  1.00E-07
  6.750E-03 8.15206E-15  9.022E-08 ( 8.466E-08, 3.137E-08) ( 2.314E-13, 9.008E-14)  1.00E-07
  7.000E-03 8.15205E-15  9.357E-08 ( 8.466E-08, 3.137E-08) ( 2.400E-13, 9.342E-14)  1.00E-07
  7.250E-03 8.15203E-15  9.691E-08 ( 8.466E-08, 3.137E-08) ( 2.485E-13, 9.675E-14)  1.00E-07
  7.500E-03 8.15202E-15  1.002E-07 ( 8.466E-08, 3.137E-08) ( 2.571E-13, 1.001E-13)  1.00E-07
  7.750E-03 8.15201E-15  1.036E-07 ( 8.466E-08, 3.137E-08) ( 2.657E-13, 1.034E-13)  1.00E-07
  8.000E-03 8.15199E-15  1.069E-07 ( 8.466E-08, 3.137E-08) ( 2.742E-13, 1.068E-13)  1.00E-07
  8.250E-03 8.15198E-15  1.103E-07 ( 8.466E-08, 3.137E-08) ( 2.828E-13, 1.101E-13)  1.00E-07
  8.500E-03 8.15196E-15  1.136E-07 ( 8.466E-08, 3.137E-08) ( 2.914E-13, 1.134E-13)  1.00E-07
  8.750E-03 8.15195E-15  1.170E-07 ( 8.466E-08, 3.137E-08) ( 3.000E-13, 1.168E-13)  1.00E-07
  9.000E-03 8.15193E-15  1.203E-07 ( 8.466E-08, 3.137E-08) ( 3.085E-13, 1.201E-13)  1.00E-07
  9.250E-03 8.15191E-15  1.236E-07 ( 8.466E-08, 3.137E-08) ( 3.171E-13, 1.234E-13)  1.00E-07
  9.500E-03 8.15189E-15  1.270E-07 ( 8.466E-08, 3.137E-08) ( 3.257E-13, 1.268E-13)  1.00E-07
  9.750E-03 8.15188E-15  1.303E-07 ( 8.466E-08, 3.137E-08) ( 3.342E-13, 1.301E-13)  1.00E-07
  1.000E-02 8.15186E-15  1.337E-07 ( 8.466E-08, 3.137E-08) ( 3.428E-13, 1.335E-13)  1.00E-07
  1.250E-02 8.15165E-15  1.671E-07 ( 8.466E-08, 3.137E-08) ( 4.285E-13, 1.668E-13)  1.00E-07
  1.500E-02 8.15139E-15  2.005E-07 ( 8.466E-08, 3.137E-08) ( 5.142E-13, 2.002E-13)  1.00E-07
  1.750E-02 8.15109E-15  2.339E-07 ( 8.466E-08, 3.137E-08) ( 5.999E-13, 2.335E-13)  1.00E-07
  2.000E-02 8.15074E-15  2.674E-07 ( 8.466E-08, 3.137E-08) ( 6.856E-13, 2.669E-13)  1.00E-07
  2.250E-02 8.15035E-15  3.008E-07 ( 8.465E-08, 3.137E-08) ( 7.712E-13, 3.003E-13)  1.00E-07
  2.500E-02 8.14990E-15  3.342E-07 ( 8.465E-08, 3.137E-08) ( 8.569E-13, 3.336E-13)  1.00E-07
  2.750E-02 8.14942E-15  3.676E-07 ( 8.465E-08, 3.137E-08) ( 9.425E-13, 3.670E-13)  1.00E-07
  3.000E-02 8.14888E-15  4.011E-07 ( 8.465E-08, 3.137E-08) ( 1.028E-12, 4.003E-13)  1.00E-07
  3.250E-02 8.14830E-15  4.345E-07 ( 8.464E-08, 3.137E-08) ( 1.114E-12, 4.337E-13)  1.00E-07
  3.500E-02 8.14767E-15  4.680E-07 ( 8.464E-08, 3.137E-08) ( 1.199E-12, 4.671E-13)  1.00E-07
  3.750E-02 8.14700E-15  5.014E-07 ( 8.463E-08, 3.137E-08) ( 1.285E-12, 5.004E-13)  1.00E-07
  4.000E-02 8.14628E-15  5.348E-07 ( 8.463E-08, 3.137E-08) ( 1.371E-12, 5.338E-13)  1.00E-07
  4.250E-02 8.14551E-15  5.683E-07 ( 8.463E-08, 3.137E-08) ( 1.456E-12, 5.671E-13)  1.00E-07
  4.500E-02 8.14470E-15  6.018E-07 ( 8.462E-08, 3.137E-08) ( 1.542E-12, 6.005E-13)  1.00E-07
  4.750E-02 8.14384E-15  6.352E-07 ( 8.462E-08, 3.137E-08) ( 1.627E-12, 6.339E-13)  1.00E-07
  5.000E-02 8.14293E-15  6.687E-07 ( 8.461E-08, 3.137E-08) ( 1.713E-12, 6.672E-13)  1.00E-07
  5.250E-02 8.14198E-15  7.022E-07 ( 8.461E-08, 3.137E-08) ( 1.798E-12, 7.006E-13)  1.00E-07
  5.500E-02 8.14098E-15  7.356E-07 ( 8.460E-08, 3.137E-08) ( 1.884E-12, 7.339E-13)  1.00E-07
  5.750E-02 8.13994E-15  7.691E-07 ( 8.459E-08, 3.137E-08) ( 1.969E-12, 7.673E-13)  1.00E-07
  6.000E-02 8.13885E-15  8.026E-07 ( 8.459E-08, 3.137E-08) ( 2.055E-12, 8.006E-13)  1.00E-07
  6.250E-02 8.13771E-15  8.361E-07 ( 8.458E-08, 3.137E-08) ( 2.140E-12, 8.340E-13)  1.00E-07
  6.500E-02 8.13653E-15  8.696E-07 ( 8.457E-08, 3.137E-08) ( 2.226E-12, 8.673E-13)  1.00E-07
  6.750E-02 8.13530E-15  9.031E-07 ( 8.457E-08, 3.137E-08) ( 2.311E-12, 9.007E-13)  1.00E-07
  7.000E-02 8.13402E-15  9.367E-07 ( 8.456E-08, 3.136E-08) ( 2.397E-12, 9.340E-13)  1.00E-07
  7.250E-02 8.13270E-15  9.702E-07 ( 8.455E-08, 3.136E-08) ( 2.482E-12, 9.674E-13)  1.00E-07
  7.500E-02 8.13134E-15  1.004E-06 ( 8.454E-08, 3.136E-08) ( 2.567E-12, 1.001E-12)  1.00E-07
  7.750E-02 8.12992E-15  1.037E-06 ( 8.454E-08, 3.136E-08) ( 2.653E-12, 1.034E-12)  1.00E-07
  8.000E-02 8.12846E-15  1.071E-06 ( 8.453E-08, 3.136E-08) ( 2.738E-12, 1.067E-12)  1.00E-07
  8.250E-02 8.12696E-15  1.104E-06 ( 8.452E-08, 3.136E-08) ( 2.823E-12, 1.101E-12)  1.00E-07
  8.500E-02 8.12541E-15  1.138E-06 ( 8.451E-08, 3.136E-08) ( 2.909E-12, 1.134E-12)  1.00E-07
  8.750E-02 8.12381E-15  1.172E-06 ( 8.450E-08, 3.136E-08) ( 2.994E-12, 1.167E-12)  1.00E-07
  9.000E-02 8.12217E-15  1.205E-06 ( 8.449E-08, 3.136E-08) ( 3.079E-12, 1.201E-12)  1.00E-07
  9.250E-02 8.12049E-15  1.239E-06 ( 8.448E-08, 3.136E-08) ( 3.164E-12, 1.234E-12)  1.00E-07
  9.500E-02 8.11875E-15  1.272E-06 ( 8.447E-08, 3.136E-08) ( 3.249E-12, 1.267E-12)  1.00E-07
  9.750E-02 8.11697E-15  1.306E-06 ( 8.446E-08, 3.136E-08) ( 3.334E-12, 1.301E-12)  1.00E-07
  1.000E-01 8.11515E-15  1.340E-06 ( 8.445E-08, 3.136E-08) ( 3.419E-12, 1.334E-12)  1.00E-07
  1.250E-01 8.09442E-15  1.677E-06 ( 8.433E-08, 3.135E-08) ( 4.268E-12, 1.667E-12)  1.00E-07
  1.500E-01 8.06921E-15  2.015E-06 ( 8.418E-08, 3.135E-08) ( 5.113E-12, 2.000E-12)  1.00E-07
  1.750E-01 8.03960E-15  2.355E-06 ( 8.401E-08, 3.134E-08) ( 5.952E-12, 2.333E-12)  1.00E-07
  2.000E-01 8.00566E-15  2.697E-06 ( 8.381E-08, 3.133E-08) ( 6.787E-12, 2.666E-12)  1.00E-07
  2.250E-01 7.96750E-15  3.041E-06 ( 8.359E-08, 3.132E-08) ( 7.614E-12, 2.998E-12)  1.00E-07
  2.500E-01 7.92523E-15  3.388E-06 ( 8.334E-08, 3.130E-08) ( 8.435E-12, 3.330E-12)  1.00E-07
  2.750E-01 7.87896E-15  3.737E-06 ( 8.307E-08, 3.129E-08) ( 9.248E-12, 3.661E-12)  1.00E-07
  3.000E-01 7.82883E-15  4.090E-06 ( 8.277E-08, 3.128E-08) ( 1.005E-11, 3.992E-12)  1.00E-07
  3.250E-01 7.77496E-15  4.445E-06 ( 8.245E-08, 3.126E-08) ( 1.085E-11, 4.322E-12)  1.00E-07
  3.500E-01 7.71751E-15  4.804E-06 ( 8.211E-08, 3.124E-08) ( 1.163E-11, 4.652E-12)  1.00E-07
  3.750E-01 7.65663E-15  5.167E-06 ( 8.174E-08, 3.122E-08) ( 1.241E-11, 4.982E-12)  1.00E-07
  4.000E-01 7.59247E-15  5.534E-06 ( 8.136E-08, 3.120E-08) ( 1.317E-11, 5.311E-12)  1.00E-07
  4.250E-01 7.52520E-15  5.906E-06 ( 8.095E-08, 3.118E-08) ( 1.393E-11, 5.639E-12)  1.00E-07
  4.500E-01 7.45498E-15  6.281E-06 ( 8.052E-08, 3.116E-08) ( 1.467E-11, 5.966E-12)  1.00E-07
  4.750E-01 7.38199E-15  6.662E-06 ( 8.008E-08, 3.114E-08) ( 1.540E-11, 6.293E-12)  1.00E-07
  5.000E-01 7.30639E-15  7.048E-06 ( 7.962E-08, 3.111E-08) ( 1.611E-11, 6.619E-12)  1.00E-07
  5.250E-01 7.22836E-15  7.439E-06 ( 7.913E-08, 3.108E-08) ( 1.681E-11, 6.944E-12)  1.00E-07
  5.500E-01 7.14807E-15  7.835E-06 ( 7.864E-08, 3.106E-08) ( 1.750E-11, 7.269E-12)  1.00E-07
  5.750E-01 7.06571E-15  8.237E-06 ( 7.812E-08, 3.103E-08) ( 1.818E-11, 7.592E-12)  1.00E-07
  6.000E-01 6.98143E-15  8.645E-06 ( 7.759E-08, 3.100E-08) ( 1.884E-11, 7.915E-12)  1.00E-07
  6.250E-01 6.89541E-15  9.059E-06 ( 7.705E-08, 3.097E-08) ( 1.949E-11, 8.237E-12)  1.00E-07
  6.500E-01 6.80783E-15  9.480E-06 ( 7.649E-08, 3.093E-08) ( 2.012E-11, 8.558E-12)  1.00E-07
  6.750E-01 6.71885E-15  9.907E-06 ( 7.592E-08, 3.090E-08) ( 2.074E-11, 8.877E-12)  1.00E-07
  7.000E-01 6.62863E-15  1.034E-05 ( 7.534E-08, 3.086E-08) ( 2.134E-11, 9.196E-12)  1.00E-07
  7.250E-01 6.53732E-15  1.078E-05 ( 7.475E-08, 3.083E-08) ( 2.192E-11, 9.514E-12)  1.00E-07
  7.500E-01 6.44510E-15  1.123E-05 ( 7.414E-08, 3.079E-08) ( 2.250E-11, 9.830E-12)  1.00E-07
  7.750E-01 6.35210E-15  1.169E-05 ( 7.353E-08, 3.075E-08) ( 2.305E-11, 1.015E-11)  1.00E-07
  8.000E-01 6.25847E-15  1.215E-05 ( 7.291E-08, 3.071E-08) ( 2.359E-11, 1.046E-11)  1.00E-07
  8.250E-01 6.16435E-15  1.262E-05 ( 7.227E-08, 3.067E-08) ( 2.412E-11, 1.077E-11)  1.00E-07
  8.500E-01 6.06987E-15  1.310E-05 ( 7.164E-08, 3.063E-08) ( 2.463E-11, 1.108E-11)  1.00E-07
  8.750E-01 5.97516E-15  1.359E-05 ( 7.099E-08, 3.059E-08) ( 2.512E-11, 1.140E-11)  1.00E-07
  9.000E-01 5.88035E-15  1.408E-05 ( 7.034E-08, 3.054E-08) ( 2.560E-11, 1.170E-11)  1.00E-07
  9.250E-01 5.78555E-15  1.458E-05 ( 6.968E-08, 3.050E-08) ( 2.606E-11, 1.201E-11)  1.00E-07
  9.500E-01 5.69087E-15  1.510E-05 ( 6.902E-08, 3.045E-08) ( 2.651E-11, 1.232E-11)  1.00E-07
  9.750E-01 5.59641E-15  1.562E-05 ( 6.835E-08, 3.041E-08) ( 2.694E-11, 1.262E-11)  1.00E-07
  1.000E+00 5.50228E-15  1.615E-05 ( 6.768E-08, 3.036E-08) ( 2.736E-11, 1.293E-11)  1.00E-07
  1.100E+00 5.13072E-15  1.836E-05 ( 6.497E-08, 3.015E-08) ( 2.888E-11, 1.413E-11)  1.00E-07
  1.200E+00 4.77063E-15  2.073E-05 ( 6.225E-08, 2.993E-08) ( 3.017E-11, 1.530E-11)  1.00E-07
  1.300E+00 4.42562E-15  2.326E-05 ( 5.953E-08, 2.970E-08) ( 3.125E-11, 1.645E-11)  1.00E-07
  1.400E+00 4.09809E-15  2.596E-05 ( 5.684E-08, 2.945E-08) ( 3.212E-11, 1.757E-11)  1.00E-07
  1.500E+00 3.78948E-15  2.885E-05 ( 5.420E-08, 2.918E-08) ( 3.280E-11, 1.867E-11)  1.00E-07
  1.600E+00 3.50045E-15  3.191E-05 ( 5.162E-08, 2.891E-08) ( 3.330E-11, 1.973E-11)  1.00E-07
  1.700E+00 3.23107E-15  3.517E-05 ( 4.911E-08, 2.862E-08) ( 3.364E-11, 2.076E-11)  1.00E-07
  1.800E+00 2.98098E-15  3.862E-05 ( 4.668E-08, 2.832E-08) ( 3.384E-11, 2.176E-11)  1.00E-07
  1.900E+00 2.74952E-15  4.227E-05 ( 4.433E-08, 2.801E-08) ( 3.389E-11, 2.272E-11)  1.00E-07
  2.000E+00 2.53583E-15  4.612E-05 ( 4.206E-08, 2.769E-08) ( 3.383E-11, 2.366E-11)  1.00E-07
  2.100E+00 2.33891E-15  5.018E-05 ( 3.988E-08, 2.736E-08) ( 3.365E-11, 2.455E-11)  1.00E-07
  2.200E+00 2.15773E-15  5.444E-05 ( 3.778E-08, 2.702E-08) ( 3.337E-11, 2.542E-11)  1.00E-07
  2.300E+00 1.99121E-15  5.892E-05 ( 3.577E-08, 2.668E-08) ( 3.299E-11, 2.624E-11)  1.00E-07
  2.400E+00 1.83829E-15  6.360E-05 ( 3.384E-08, 2.632E-08) ( 3.254E-11, 2.704E-11)  1.00E-07
  2.500E+00 1.69795E-15  6.850E-05 ( 3.199E-08, 2.597E-08) ( 3.201E-11, 2.780E-11)  1.00E-07
  2.600E+00 1.56921E-15  7.360E-05 ( 3.022E-08, 2.561E-08) ( 3.141E-11, 2.852E-11)  1.00E-07
  2.700E+00 1.45113E-15  7.890E-05 ( 2.853E-08, 2.524E-08) ( 3.075E-11, 2.921E-11)  1.00E-07
  2.800E+00 1.34284E-15  8.441E-05 ( 2.691E-08, 2.487E-08) ( 3.004E-11, 2.986E-11)  1.00E-07
  2.900E+00 1.24353E-15  9.011E-05 ( 2.537E-08, 2.450E-08) ( 2.928E-11, 3.048E-11)  1.00E-07
  3.000E+00 1.15245E-15  9.601E-05 ( 2.389E-08, 2.412E-08) ( 2.847E-11, 3.106E-11)  1.00E-07
  3.100E+00 1.06890E-15  1.021E-04 ( 2.248E-08, 2.374E-08) ( 2.763E-11, 3.161E-11)  1.00E-07
  3.200E+00 9.92230E-16  1.083E-04 ( 2.113E-08, 2.336E-08) ( 2.676E-11, 3.213E-11)  1.00E-07
  3.300E+00 9.21855E-16  1.148E-04 ( 1.984E-08, 2.298E-08) ( 2.586E-11, 3.261E-11)  1.00E-07
  3.400E+00 8.57234E-16  1.213E-04 ( 1.861E-08, 2.260E-08) ( 2.493E-11, 3.307E-11)  1.00E-07
  3.500E+00 7.97868E-16  1.280E-04 ( 1.744E-08, 2.222E-08) ( 2.399E-11, 3.349E-11)  1.00E-07
  3.600E+00 7.43305E-16  1.349E-04 ( 1.632E-08, 2.184E-08) ( 2.303E-11, 3.387E-11)  1.00E-07
  3.700E+00 6.93128E-16  1.418E-04 ( 1.526E-08, 2.145E-08) ( 2.205E-11, 3.423E-11)  1.00E-07
  3.800E+00 6.46960E-16  1.489E-04 ( 1.424E-08, 2.107E-08) ( 2.107E-11, 3.456E-11)  1.00E-07
  3.900E+00 6.04454E-16  1.560E-04 ( 1.327E-08, 2.070E-08) ( 2.007E-11, 3.485E-11)  1.00E-07
  4.000E+00 5.65295E-16  1.632E-04 ( 1.235E-08, 2.032E-08) ( 1.907E-11, 3.512E-11)  1.00E-07
  4.100E+00 5.29195E-16  1.705E-04 ( 1.146E-08, 1.994E-08) ( 1.807E-11, 3.536E-11)  1.00E-07
  4.200E+00 4.95891E-16  1.777E-04 ( 1.062E-08, 1.957E-08) ( 1.706E-11, 3.557E-11)  1.00E-07
  4.300E+00 4.65144E-16  1.850E-04 ( 9.824E-09, 1.920E-08) ( 1.605E-11, 3.576E-11)  1.00E-07
  4.400E+00 4.36737E-16  1.922E-04 ( 9.061E-09, 1.883E-08) ( 1.505E-11, 3.591E-11)  1.00E-07
  4.500E+00 4.10471E-16  1.995E-04 ( 8.334E-09, 1.847E-08) ( 1.405E-11, 3.605E-11)  1.00E-07
  4.600E+00 3.86164E-16  2.066E-04 ( 7.642E-09, 1.810E-08) ( 1.306E-11, 3.616E-11)  1.00E-07
  4.700E+00 3.63651E-16  2.137E-04 ( 6.982E-09, 1.775E-08) ( 1.207E-11, 3.624E-11)  1.00E-07
  4.800E+00 3.42783E-16  2.207E-04 ( 6.354E-09, 1.739E-08) ( 1.109E-11, 3.630E-11)  1.00E-07
  4.900E+00 3.23422E-16  2.276E-04 ( 5.757E-09, 1.704E-08) ( 1.012E-11, 3.634E-11)  1.00E-07
  5.000E+00 3.05443E-16  2.343E-04 ( 5.188E-09, 1.669E-08) ( 9.156E-12, 3.635E-11)  1.00E-07
  5.100E+00 2.88733E-16  2.409E-04 ( 4.646E-09, 1.634E-08) ( 8.204E-12, 3.635E-11)  1.00E-07
  5.200E+00 2.73187E-16  2.473E-04 ( 4.131E-09, 1.600E-08) ( 7.265E-12, 3.632E-11)  1.00E-07
  5.300E+00 2.58711E-16  2.534E-04 ( 3.640E-09, 1.567E-08) ( 6.337E-12, 3.628E-11)  1.00E-07
  5.400E+00 2.45218E-16  2.594E-04 ( 3.174E-09, 1.533E-08) ( 5.421E-12, 3.621E-11)  1.00E-07
  5.500E+00 2.32630E-16  2.651E-04 ( 2.730E-09, 1.501E-08) ( 4.519E-12, 3.613E-11)  1.00E-07
  5.600E+00 2.20875E-16  2.706E-04 ( 2.309E-09, 1.468E-08) ( 3.630E-12, 3.603E-11)  1.00E-07
  5.700E+00 2.09887E-16  2.757E-04 ( 1.908E-09, 1.436E-08) ( 2.756E-12, 3.591E-11)  1.00E-07
  5.800E+00 1.99605E-16  2.806E-04 ( 1.527E-09, 1.405E-08) ( 1.896E-12, 3.577E-11)  1.00E-07
  5.900E+00 1.89976E-16  2.852E-04 ( 1.166E-09, 1.373E-08) ( 1.050E-12, 3.562E-11)  1.00E-07
  6.000E+00 1.80950E-16  2.894E-04 ( 8.219E-10, 1.343E-08) ( 2.198E-13, 3.545E-11)  1.00E-07
  6.100E+00 1.72479E-16  2.933E-04 ( 4.956E-10, 1.312E-08) (-5.955E-13, 3.527E-11)  1.00E-07
  6.200E+00 1.64524E-16  2.968E-04 ( 1.859E-10, 1.283E-08) (-1.396E-12, 3.507E-11)  1.00E-07
  6.300E+00 1.57044E-16  3.000E-04 (-1.080E-10, 1.253E-08) (-2.180E-12, 3.486E-11)  1.00E-07
  6.400E+00 1.50006E-16  3.028E-04 (-3.868E-10, 1.224E-08) (-2.949E-12, 3.464E-11)  1.00E-07
  6.500E+00 1.43377E-16  3.051E-04 (-6.511E-10, 1.196E-08) (-3.703E-12, 3.440E-11)  1.00E-07
  6.600E+00 1.37128E-16  3.071E-04 (-9.017E-10, 1.168E-08) (-4.441E-12, 3.415E-11)  1.00E-07
  6.700E+00 1.31232E-16  3.086E-04 (-1.139E-09, 1.140E-08) (-5.163E-12, 3.389E-11)  1.00E-07
  6.800E+00 1.25664E-16  3.096E-04 (-1.364E-09, 1.113E-08) (-5.870E-12, 3.362E-11)  1.00E-07
  6.900E+00 1.20401E-16  3.102E-04 (-1.577E-09, 1.086E-08) (-6.561E-12, 3.334E-11)  1.00E-07
  7.000E+00 1.15423E-16  3.104E-04 (-1.778E-09, 1.060E-08) (-7.237E-12, 3.304E-11)  1.00E-07
  7.100E+00 1.10711E-16  3.100E-04 (-1.969E-09, 1.034E-08) (-7.897E-12, 3.274E-11)  1.00E-07
  7.200E+00 1.06245E-16  3.092E-04 (-2.149E-09, 1.008E-08) (-8.542E-12, 3.243E-11)  1.00E-07
  7.300E+00 1.02012E-16  3.078E-04 (-2.319E-09, 9.830E-09) (-9.172E-12, 3.211E-11)  1.00E-07
  7.400E+00 9.79949E-17  3.059E-04 (-2.480E-09, 9.584E-09) (-9.787E-12, 3.178E-11)  1.00E-07
  7.500E+00 9.41805E-17  3.035E-04 (-2.631E-09, 9.341E-09) (-1.039E-11, 3.144E-11)  1.00E-07
  7.600E+00 9.05562E-17  3.005E-04 (-2.774E-09, 9.103E-09) (-1.097E-11, 3.110E-11)  1.00E-07
  7.700E+00 8.71101E-17  2.970E-04 (-2.909E-09, 8.868E-09) (-1.154E-11, 3.075E-11)  1.00E-07
  7.800E+00 8.38313E-17  2.929E-04 (-3.035E-09, 8.638E-09) (-1.210E-11, 3.039E-11)  1.00E-07
  7.900E+00 8.07098E-17  2.882E-04 (-3.154E-09, 8.412E-09) (-1.264E-11, 3.002E-11)  1.00E-07
  8.000E+00 7.77363E-17  2.830E-04 (-3.266E-09, 8.189E-09) (-1.317E-11, 2.965E-11)  1.00E-07
  8.100E+00 7.49020E-17  2.771E-04 (-3.371E-09, 7.971E-09) (-1.368E-11, 2.927E-11)  1.00E-07
  8.200E+00 7.21991E-17  2.706E-04 (-3.469E-09, 7.756E-09) (-1.418E-11, 2.889E-11)  1.00E-07
  8.300E+00 6.96200E-17  2.634E-04 (-3.562E-09, 7.545E-09) (-1.467E-11, 2.850E-11)  1.00E-07
  8.400E+00 6.71577E-17  2.556E-04 (-3.648E-09, 7.338E-09) (-1.514E-11, 2.811E-11)  1.00E-07
  8.500E+00 6.48059E-17  2.472E-04 (-3.728E-09, 7.135E-09) (-1.560E-11, 2.771E-11)  1.00E-07
  8.600E+00 6.25586E-17  2.381E-04 (-3.803E-09, 6.935E-09) (-1.605E-11, 2.730E-11)  1.00E-07
  8.700E+00 6.04100E-17  2.283E-04 (-3.872E-09, 6.739E-09) (-1.648E-11, 2.690E-11)  1.00E-07
  8.800E+00 5.83550E-17  2.178E-04 (-3.937E-09, 6.546E-09) (-1.690E-11, 2.649E-11)  1.00E-07
  8.900E+00 5.63887E-17  2.066E-04 (-3.997E-09, 6.357E-09) (-1.731E-11, 2.607E-11)  1.00E-07
  9.000E+00 5.45064E-17  1.947E-04 (-4.052E-09, 6.172E-09) (-1.770E-11, 2.566E-11)  1.00E-07
  9.100E+00 5.27039E-17  1.821E-04 (-4.103E-09, 5.989E-09) (-1.809E-11, 2.524E-11)  1.00E-07
  9.200E+00 5.09772E-17  1.687E-04 (-4.149E-09, 5.810E-09) (-1.846E-11, 2.481E-11)  1.00E-07
  9.300E+00 4.93224E-17  1.546E-04 (-4.192E-09, 5.635E-09) (-1.882E-11, 2.439E-11)  1.00E-07
  9.400E+00 4.77361E-17  1.398E-04 (-4.231E-09, 5.462E-09) (-1.917E-11, 2.396E-11)  1.00E-07
  9.500E+00 4.62148E-17  1.242E-04 (-4.266E-09, 5.293E-09) (-1.950E-11, 2.353E-11)  1.00E-07
  9.600E+00 4.47554E-17  1.078E-04 (-4.297E-09, 5.127E-09) (-1.983E-11, 2.310E-11)  1.00E-07
  9.700E+00 4.33551E-17  9.059E-05 (-4.325E-09, 4.964E-09) (-2.014E-11, 2.266E-11)  1.00E-07
  9.800E+00 4.20108E-17  7.264E-05 (-4.351E-09, 4.804E-09) (-2.045E-11, 2.223E-11)  1.00E-07
  9.900E+00 4.07201E-17  5.389E-05 (-4.373E-09, 4.648E-09) (-2.074E-11, 2.179E-11)  1.00E-07
  1.000E+01 3.94805E-17  3.434E-05 (-4.392E-09, 4.494E-09) (-2.102E-11, 2.136E-11)  1.00E-07
  1.025E+01 3.65895E-17 -1.805E-05 (-4.427E-09, 4.122E-09) (-2.168E-11, 2.026E-11)  1.00E-07
  1.050E+01 3.39696E-17 -7.550E-05 (-4.447E-09, 3.767E-09) (-2.227E-11, 1.916E-11)  1.00E-07
  1.075E+01 3.15915E-17 -1.380E-04 (-4.453E-09, 3.430E-09) (-2.281E-11, 1.806E-11)  1.00E-07
  1.100E+01 2.94294E-17 -2.057E-04 (-4.446E-09, 3.109E-09) (-2.328E-11, 1.696E-11)  1.00E-07
  1.125E+01 2.74607E-17 -2.783E-04 (-4.428E-09, 2.803E-09) (-2.370E-11, 1.587E-11)  1.00E-07
  1.150E+01 2.56653E-17 -3.559E-04 (-4.399E-09, 2.512E-09) (-2.407E-11, 1.478E-11)  1.00E-07
  1.175E+01 2.40255E-17 -4.382E-04 (-4.362E-09, 2.236E-09) (-2.438E-11, 1.370E-11)  1.00E-07
  1.200E+01 2.25254E-17 -5.252E-04 (-4.316E-09, 1.973E-09) (-2.464E-11, 1.263E-11)  1.00E-07
  1.225E+01 2.11511E-17 -6.166E-04 (-4.264E-09, 1.724E-09) (-2.485E-11, 1.158E-11)  1.00E-07
  1.250E+01 1.98901E-17 -7.122E-04 (-4.204E-09, 1.488E-09) (-2.502E-11, 1.054E-11)  1.00E-07
  1.275E+01 1.87310E-17 -8.117E-04 (-4.139E-09, 1.263E-09) (-2.513E-11, 9.508E-12)  1.00E-07
  1.300E+01 1.76641E-17 -9.149E-04 (-4.069E-09, 1.051E-09) (-2.521E-11, 8.497E-12)  1.00E-07
  1.325E+01 1.66803E-17 -1.021E-03 (-3.995E-09, 8.499E-10) (-2.524E-11, 7.503E-12)  1.00E-07
  1.350E+01 1.57716E-17 -1.131E-03 (-3.916E-09, 6.597E-10) (-2.524E-11, 6.528E-12)  1.00E-07
  1.375E+01 1.49310E-17 -1.243E-03 (-3.834E-09, 4.799E-10) (-2.519E-11, 5.573E-12)  1.00E-07
  1.400E+01 1.41520E-17 -1.357E-03 (-3.749E-09, 3.101E-10) (-2.510E-11, 4.638E-12)  1.00E-07
  1.425E+01 1.34289E-17 -1.473E-03 (-3.661E-09, 1.500E-10) (-2.498E-11, 3.726E-12)  1.00E-07
  1.450E+01 1.27566E-17 -1.591E-03 (-3.572E-09,-8.491E-13) (-2.483E-11, 2.835E-12)  1.00E-07
  1.475E+01 1.21304E-17 -1.710E-03 (-3.480E-09,-1.428E-10) (-2.464E-11, 1.969E-12)  1.00E-07
  1.500E+01 1.15462E-17 -1.829E-03 (-3.387E-09,-2.763E-10) (-2.443E-11, 1.126E-12)  1.00E-07
  1.525E+01 1.10003E-17 -1.949E-03 (-3.292E-09,-4.016E-10) (-2.418E-11, 3.073E-13)  1.00E-07
  1.550E+01 1.04894E-17 -2.069E-03 (-3.197E-09,-5.190E-10) (-2.390E-11,-4.860E-13)  1.00E-07
  1.575E+01 1.00105E-17 -2.188E-03 (-3.101E-09,-6.290E-10) (-2.360E-11,-1.254E-12)  1.00E-07
  1.600E+01 9.56095E-18 -2.307E-03 (-3.004E-09,-7.317E-10) (-2.327E-11,-1.996E-12)  1.00E-07
  1.625E+01 9.13827E-18 -2.424E-03 (-2.907E-09,-8.274E-10) (-2.291E-11,-2.711E-12)  1.00E-07
  1.650E+01 8.74033E-18 -2.540E-03 (-2.811E-09,-9.166E-10) (-2.254E-11,-3.400E-12)  1.00E-07
  1.675E+01 8.36517E-18 -2.654E-03 (-2.714E-09,-9.994E-10) (-2.214E-11,-4.063E-12)  1.00E-07
  1.700E+01 8.01103E-18 -2.766E-03 (-2.618E-09,-1.076E-09) (-2.172E-11,-4.698E-12)  1.00E-07
  1.725E+01 7.67633E-18 -2.875E-03 (-2.522E-09,-1.147E-09) (-2.129E-11,-5.306E-12)  1.00E-07
  1.750E+01 7.35963E-18 -2.981E-03 (-2.427E-09,-1.212E-09) (-2.083E-11,-5.888E-12)  1.00E-07
  1.775E+01 7.05963E-18 -3.083E-03 (-2.332E-09,-1.272E-09) (-2.036E-11,-6.442E-12)  1.00E-07
  1.800E+01 6.77517E-18 -3.182E-03 (-2.239E-09,-1.327E-09) (-1.987E-11,-6.969E-12)  1.00E-07
  1.825E+01 6.50518E-18 -3.276E-03 (-2.146E-09,-1.378E-09) (-1.937E-11,-7.469E-12)  1.00E-07
  1.850E+01 6.24869E-18 -3.367E-03 (-2.055E-09,-1.423E-09) (-1.886E-11,-7.942E-12)  1.00E-07
  1.875E+01 6.00482E-18 -3.452E-03 (-1.965E-09,-1.464E-09) (-1.834E-11,-8.389E-12)  1.00E-07
  1.900E+01 5.77276E-18 -3.532E-03 (-1.876E-09,-1.501E-09) (-1.780E-11,-8.809E-12)  1.00E-07
  1.925E+01 5.55179E-18 -3.607E-03 (-1.788E-09,-1.534E-09) (-1.726E-11,-9.203E-12)  1.00E-07
  1.950E+01 5.34123E-18 -3.675E-03 (-1.702E-09,-1.563E-09) (-1.670E-11,-9.571E-12)  1.00E-07
  1.975E+01 5.14047E-18 -3.737E-03 (-1.618E-09,-1.588E-09) (-1.614E-11,-9.913E-12)  1.00E-07
  2.000E+01 4.94894E-18 -3.793E-03 (-1.535E-09,-1.610E-09) (-1.558E-11,-1.023E-11)  1.00E-07
  2.025E+01 4.76611E-18 -3.841E-03 (-1.453E-09,-1.629E-09) (-1.500E-11,-1.052E-11)  1.00E-07
  2.050E+01 4.59150E-18 -3.883E-03 (-1.373E-09,-1.645E-09) (-1.443E-11,-1.079E-11)  1.00E-07
  2.075E+01 4.42466E-18 -3.916E-03 (-1.295E-09,-1.657E-09) (-1.385E-11,-1.103E-11)  1.00E-07
  2.100E+01 4.26519E-18 -3.941E-03 (-1.219E-09,-1.667E-09) (-1.326E-11,-1.125E-11)  1.00E-07
  2.125E+01 4.11269E-18 -3.958E-03 (-1.144E-09,-1.675E-09) (-1.268E-11,-1.144E-11)  1.00E-07
  2.150E+01 3.96680E-18 -3.965E-03 (-1.071E-09,-1.679E-09) (-1.209E-11,-1.162E-11)  1.00E-07
  2.175E+01 3.82719E-18 -3.964E-03 (-9.993E-10,-1.682E-09) (-1.150E-11,-1.177E-11)  1.00E-07
  2.200E+01 3.69354E-18 -3.952E-03 (-9.297E-10,-1.682E-09) (-1.091E-11,-1.189E-11)  1.00E-07
  2.225E+01 3.56556E-18 -3.931E-03 (-8.618E-10,-1.680E-09) (-1.033E-11,-1.200E-11)  1.00E-07
  2.250E+01 3.44297E-18 -3.899E-03 (-7.958E-10,-1.676E-09) (-9.741E-12,-1.208E-11)  1.00E-07
  2.275E+01 3.32551E-18 -3.857E-03 (-7.314E-10,-1.670E-09) (-9.158E-12,-1.215E-11)  1.00E-07
  2.300E+01 3.21294E-18 -3.804E-03 (-6.689E-10,-1.663E-09) (-8.577E-12,-1.219E-11)  1.00E-07
  2.325E+01 3.10503E-18 -3.739E-03 (-6.081E-10,-1.654E-09) (-7.999E-12,-1.221E-11)  1.00E-07
  2.350E+01 3.00154E-18 -3.662E-03 (-5.490E-10,-1.643E-09) (-7.426E-12,-1.221E-11)  1.00E-07
  2.375E+01 2.90229E-18 -3.573E-03 (-4.916E-10,-1.631E-09) (-6.856E-12,-1.220E-11)  1.00E-07
  2.400E+01 2.80708E-18 -3.472E-03 (-4.360E-10,-1.618E-09) (-6.291E-12,-1.217E-11)  1.00E-07
  2.425E+01 2.71571E-18 -3.358E-03 (-3.820E-10,-1.603E-09) (-5.731E-12,-1.212E-11)  1.00E-07
  2.450E+01 2.62801E-18 -3.231E-03 (-3.298E-10,-1.587E-09) (-5.177E-12,-1.205E-11)  1.00E-07
  2.475E+01 2.54382E-18 -3.090E-03 (-2.791E-10,-1.570E-09) (-4.629E-12,-1.196E-11)  1.00E-07
  2.500E+01 2.46298E-18 -2.936E-03 (-2.302E-10,-1.552E-09) (-4.088E-12,-1.186E-11)  1.00E-07
  2.550E+01 2.31074E-18 -2.586E-03 (-1.370E-10,-1.514E-09) (-3.024E-12,-1.161E-11)  1.00E-07
  2.600E+01 2.17018E-18 -2.178E-03 (-5.019E-11,-1.472E-09) (-1.991E-12,-1.130E-11)  1.00E-07
  2.650E+01 2.04029E-18 -1.711E-03 ( 3.061E-11,-1.428E-09) (-9.881E-13,-1.093E-11)  1.00E-07
  2.700E+01 1.92013E-18 -1.183E-03 ( 1.056E-10,-1.382E-09) (-1.883E-14,-1.051E-11)  1.00E-07
  2.750E+01 1.80889E-18 -5.931E-04 ( 1.749E-10,-1.333E-09) ( 9.156E-13,-1.005E-11)  1.00E-07
  2.800E+01 1.70580E-18  6.025E-05 ( 2.389E-10,-1.284E-09) ( 1.814E-12,-9.535E-12)  1.00E-07
  2.850E+01 1.61017E-18  7.777E-04 ( 2.977E-10,-1.233E-09) ( 2.675E-12,-8.981E-12)  1.00E-07
  2.900E+01 1.52138E-18  1.560E-03 ( 3.516E-10,-1.182E-09) ( 3.498E-12,-8.389E-12)  1.00E-07
  2.950E+01 1.43886E-18  2.407E-03 ( 4.008E-10,-1.131E-09) ( 4.283E-12,-7.761E-12)  1.00E-07
  3.000E+01 1.36209E-18  3.318E-03 ( 4.456E-10,-1.079E-09) ( 5.029E-12,-7.101E-12)  1.00E-07
  3.050E+01 1.29059E-18  4.295E-03 ( 4.862E-10,-1.027E-09) ( 5.735E-12,-6.412E-12)  1.00E-07
  3.100E+01 1.22394E-18  5.335E-03 ( 5.227E-10,-9.750E-10) ( 6.402E-12,-5.696E-12)  1.00E-07
  3.150E+01 1.16175E-18  6.440E-03 ( 5.554E-10,-9.237E-10) ( 7.030E-12,-4.955E-12)  1.00E-07
  3.200E+01 1.10367E-18  7.607E-03 ( 5.846E-10,-8.728E-10) ( 7.618E-12,-4.193E-12)  1.00E-07
  3.250E+01 1.04936E-18  8.835E-03 ( 6.104E-10,-8.226E-10) ( 8.167E-12,-3.412E-12)  1.00E-07
  3.300E+01 9.98536E-19  1.012E-02 ( 6.330E-10,-7.731E-10) ( 8.678E-12,-2.614E-12)  1.00E-07
  3.350E+01 9.50926E-19  1.147E-02 ( 6.526E-10,-7.245E-10) ( 9.150E-12,-1.801E-12)  1.00E-07
  3.400E+01 9.06286E-19  1.287E-02 ( 6.694E-10,-6.768E-10) ( 9.584E-12,-9.748E-13)  1.00E-07
  3.450E+01 8.64390E-19  1.433E-02 ( 6.836E-10,-6.301E-10) ( 9.981E-12,-1.378E-13)  1.00E-07
  3.500E+01 8.25034E-19  1.584E-02 ( 6.953E-10,-5.844E-10) ( 1.034E-11, 7.084E-13)  1.00E-07
  3.550E+01 7.88032E-19  1.740E-02 ( 7.046E-10,-5.398E-10) ( 1.066E-11, 1.562E-12)  1.00E-07
  3.600E+01 7.53212E-19  1.901E-02 ( 7.118E-10,-4.964E-10) ( 1.095E-11, 2.421E-12)  1.00E-07
  3.650E+01 7.20417E-19  2.067E-02 ( 7.170E-10,-4.542E-10) ( 1.121E-11, 3.285E-12)  1.00E-07
  3.700E+01 6.89505E-19  2.236E-02 ( 7.202E-10,-4.131E-10) ( 1.143E-11, 4.152E-12)  1.00E-07
  3.750E+01 6.60343E-19  2.410E-02 ( 7.217E-10,-3.732E-10) ( 1.161E-11, 5.020E-12)  1.00E-07
  3.800E+01 6.32812E-19  2.587E-02 ( 7.216E-10,-3.346E-10) ( 1.177E-11, 5.888E-12)  1.00E-07
  3.850E+01 6.06798E-19  2.767E-02 ( 7.199E-10,-2.972E-10) ( 1.189E-11, 6.755E-12)  1.00E-07
  3.900E+01 5.82202E-19  2.951E-02 ( 7.168E-10,-2.611E-10) ( 1.198E-11, 7.620E-12)  1.00E-07
  3.950E+01 5.58929E-19  3.136E-02 ( 7.124E-10,-2.262E-10) ( 1.204E-11, 8.482E-12)  1.00E-07
  4.000E+01 5.36891E-19  3.324E-02 ( 7.068E-10,-1.925E-10) ( 1.207E-11, 9.339E-12)  1.00E-07
  4.050E+01 5.16010E-19  3.514E-02 ( 7.001E-10,-1.600E-10) ( 1.207E-11, 1.019E-11)  1.00E-07
  4.100E+01 4.96211E-19  3.705E-02 ( 6.924E-10,-1.288E-10) ( 1.205E-11, 1.104E-11)  1.00E-07
  4.150E+01 4.77426E-19  3.897E-02 ( 6.837E-10,-9.872E-11) ( 1.199E-11, 1.188E-11)  1.00E-07
  4.200E+01 4.59593E-19  4.090E-02 ( 6.741E-10,-6.986E-11) ( 1.192E-11, 1.271E-11)  1.00E-07
  4.250E+01 4.42652E-19  4.283E-02 ( 6.637E-10,-4.218E-11) ( 1.181E-11, 1.353E-11)  1.00E-07
  4.300E+01 4.26549E-19  4.475E-02 ( 6.527E-10,-1.565E-11) ( 1.168E-11, 1.434E-11)  1.00E-07
  4.350E+01 4.11235E-19  4.667E-02 ( 6.409E-10, 9.740E-12) ( 1.153E-11, 1.515E-11)  1.00E-07
  4.400E+01 3.96661E-19  4.858E-02 ( 6.286E-10, 3.402E-11) ( 1.136E-11, 1.594E-11)  1.00E-07
  4.450E+01 3.82786E-19  5.047E-02 ( 6.157E-10, 5.720E-11) ( 1.116E-11, 1.672E-11)  1.00E-07
  4.500E+01 3.69568E-19  5.234E-02 ( 6.024E-10, 7.931E-11) ( 1.094E-11, 1.750E-11)  1.00E-07
  4.550E+01 3.56969E-19  5.418E-02 ( 5.886E-10, 1.004E-10) ( 1.071E-11, 1.825E-11)  1.00E-07
  4.600E+01 3.44955E-19  5.599E-02 ( 5.744E-10, 1.204E-10) ( 1.045E-11, 1.900E-11)  1.00E-07
  4.650E+01 3.33493E-19  5.776E-02 ( 5.600E-10, 1.394E-10) ( 1.017E-11, 1.973E-11)  1.00E-07
  4.700E+01 3.22552E-19  5.950E-02 ( 5.452E-10, 1.575E-10) ( 9.878E-12, 2.045E-11)  1.00E-07
  4.750E+01 3.12103E-19  6.119E-02 ( 5.302E-10, 1.746E-10) ( 9.566E-12, 2.116E-11)  1.00E-07
  4.800E+01 3.02121E-19  6.284E-02 ( 5.149E-10, 1.907E-10) ( 9.237E-12, 2.185E-11)  1.00E-07
  4.850E+01 2.92578E-19  6.443E-02 ( 4.996E-10, 2.060E-10) ( 8.892E-12, 2.253E-11)  1.00E-07
  4.900E+01 2.83453E-19  6.596E-02 ( 4.840E-10, 2.204E-10) ( 8.533E-12, 2.320E-11)  1.00E-07
  4.950E+01 2.74723E-19  6.742E-02 ( 4.684E-10, 2.339E-10) ( 8.159E-12, 2.385E-11)  1.00E-07
  5.000E+01 2.66367E-19  6.882E-02 ( 4.527E-10, 2.466E-10) ( 7.771E-12, 2.448E-11)  1.00E-07
  5.050E+01 2.58367E-19  7.015E-02 ( 4.369E-10, 2.584E-10) ( 7.370E-12, 2.510E-11)  1.00E-07
  5.100E+01 2.50704E-19  7.140E-02 ( 4.211E-10, 2.695E-10) ( 6.956E-12, 2.571E-11)  1.00E-07
  5.150E+01 2.43360E-19  7.258E-02 ( 4.054E-10, 2.798E-10) ( 6.531E-12, 2.630E-11)  1.00E-07
  5.200E+01 2.36320E-19  7.366E-02 ( 3.896E-10, 2.894E-10) ( 6.095E-12, 2.687E-11)  1.00E-07
  5.250E+01 2.29568E-19  7.466E-02 ( 3.739E-10, 2.983E-10) ( 5.648E-12, 2.743E-11)  1.00E-07
  5.300E+01 2.23091E-19  7.557E-02 ( 3.583E-10, 3.065E-10) ( 5.192E-12, 2.797E-11)  1.00E-07
  5.350E+01 2.16875E-19  7.638E-02 ( 3.427E-10, 3.140E-10) ( 4.727E-12, 2.850E-11)  1.00E-07
  5.400E+01 2.10907E-19  7.709E-02 ( 3.273E-10, 3.208E-10) ( 4.253E-12, 2.901E-11)  1.00E-07
  5.450E+01 2.05175E-19  7.769E-02 ( 3.120E-10, 3.271E-10) ( 3.771E-12, 2.950E-11)  1.00E-07
  5.500E+01 1.99668E-19  7.819E-02 ( 2.968E-10, 3.327E-10) ( 3.281E-12, 2.998E-11)  1.00E-07
  5.550E+01 1.94375E-19  7.859E-02 ( 2.817E-10, 3.377E-10) ( 2.785E-12, 3.045E-11)  1.00E-07
  5.600E+01 1.89287E-19  7.886E-02 ( 2.669E-10, 3.422E-10) ( 2.283E-12, 3.089E-11)  1.00E-07
  5.650E+01 1.84393E-19  7.902E-02 ( 2.522E-10, 3.461E-10) ( 1.774E-12, 3.133E-11)  1.00E-07
  5.700E+01 1.79686E-19  7.907E-02 ( 2.377E-10, 3.496E-10) ( 1.261E-12, 3.174E-11)  1.00E-07
  5.750E+01 1.75156E-19  7.899E-02 ( 2.233E-10, 3.525E-10) ( 7.429E-13, 3.215E-11)  1.00E-07
  5.800E+01 1.70795E-19  7.879E-02 ( 2.092E-10, 3.549E-10) ( 2.206E-13, 3.253E-11)  1.00E-07
  5.850E+01 1.66595E-19  7.846E-02 ( 1.953E-10, 3.569E-10) (-3.053E-13, 3.290E-11)  1.00E-07
  5.900E+01 1.62551E-19  7.801E-02 ( 1.816E-10, 3.584E-10) (-8.345E-13, 3.326E-11)  1.00E-07
  5.950E+01 1.58653E-19  7.742E-02 ( 1.682E-10, 3.595E-10) (-1.366E-12, 3.360E-11)  1.00E-07
  6.000E+01 1.54898E-19  7.671E-02 ( 1.549E-10, 3.602E-10) (-1.901E-12, 3.392E-11)  1.00E-07
  6.050E+01 1.51277E-19  7.586E-02 ( 1.419E-10, 3.605E-10) (-2.437E-12, 3.424E-11)  1.00E-07
  6.100E+01 1.47785E-19  7.488E-02 ( 1.292E-10, 3.604E-10) (-2.975E-12, 3.453E-11)  1.00E-07
  6.150E+01 1.44417E-19  7.377E-02 ( 1.167E-10, 3.600E-10) (-3.513E-12, 3.481E-11)  1.00E-07
  6.200E+01 1.41168E-19  7.252E-02 ( 1.044E-10, 3.592E-10) (-4.053E-12, 3.508E-11)  1.00E-07
  6.250E+01 1.38032E-19  7.114E-02 ( 9.241E-11, 3.581E-10) (-4.592E-12, 3.533E-11)  1.00E-07
  6.300E+01 1.35005E-19  6.962E-02 ( 8.065E-11, 3.567E-10) (-5.132E-12, 3.557E-11)  1.00E-07
  6.350E+01 1.32082E-19  6.796E-02 ( 6.915E-11, 3.549E-10) (-5.671E-12, 3.580E-11)  1.00E-07
  6.400E+01 1.29260E-19  6.617E-02 ( 5.790E-11, 3.529E-10) (-6.209E-12, 3.601E-11)  1.00E-07
  6.450E+01 1.26533E-19  6.424E-02 ( 4.691E-11, 3.507E-10) (-6.746E-12, 3.621E-11)  1.00E-07
  6.500E+01 1.23898E-19  6.218E-02 ( 3.618E-11, 3.482E-10) (-7.282E-12, 3.639E-11)  1.00E-07
  6.550E+01 1.21352E-19  5.998E-02 ( 2.571E-11, 3.454E-10) (-7.815E-12, 3.656E-11)  1.00E-07
  6.600E+01 1.18890E-19  5.765E-02 ( 1.550E-11, 3.424E-10) (-8.347E-12, 3.672E-11)  1.00E-07
  6.650E+01 1.16510E-19  5.519E-02 ( 5.541E-12, 3.392E-10) (-8.877E-12, 3.687E-11)  1.00E-07
  6.700E+01 1.14209E-19  5.259E-02 (-4.159E-12, 3.358E-10) (-9.403E-12, 3.700E-11)  1.00E-07
  6.750E+01 1.11983E-19  4.987E-02 (-1.360E-11, 3.321E-10) (-9.927E-12, 3.713E-11)  1.00E-07
  6.800E+01 1.09829E-19  4.702E-02 (-2.279E-11, 3.283E-10) (-1.045E-11, 3.724E-11)  1.00E-07
  6.850E+01 1.07745E-19  4.404E-02 (-3.173E-11, 3.244E-10) (-1.096E-11, 3.733E-11)  1.00E-07
  6.900E+01 1.05728E-19  4.093E-02 (-4.041E-11, 3.203E-10) (-1.148E-11, 3.742E-11)  1.00E-07
  6.950E+01 1.03775E-19  3.770E-02 (-4.885E-11, 3.160E-10) (-1.199E-11, 3.750E-11)  1.00E-07
  7.000E+01 1.01885E-19  3.436E-02 (-5.703E-11, 3.116E-10) (-1.249E-11, 3.756E-11)  1.00E-07
  7.050E+01 1.00054E-19  3.089E-02 (-6.498E-11, 3.070E-10) (-1.300E-11, 3.761E-11)  1.00E-07
  7.100E+01 9.82813E-20  2.731E-02 (-7.268E-11, 3.023E-10) (-1.349E-11, 3.765E-11)  1.00E-07
  7.150E+01 9.65639E-20  2.362E-02 (-8.014E-11, 2.975E-10) (-1.398E-11, 3.769E-11)  1.00E-07
  7.200E+01 9.49001E-20  1.982E-02 (-8.736E-11, 2.926E-10) (-1.447E-11, 3.771E-11)  1.00E-07
  7.250E+01 9.32879E-20  1.591E-02 (-9.436E-11, 2.876E-10) (-1.495E-11, 3.772E-11)  1.00E-07
  7.300E+01 9.17255E-20  1.190E-02 (-1.011E-10, 2.826E-10) (-1.543E-11, 3.772E-11)  1.00E-07
  7.350E+01 9.02111E-20  7.788E-03 (-1.076E-10, 2.774E-10) (-1.590E-11, 3.771E-11)  1.00E-07
  7.400E+01 8.87431E-20  3.580E-03 (-1.140E-10, 2.722E-10) (-1.637E-11, 3.770E-11)  1.00E-07
  7.450E+01 8.73199E-20 -7.210E-04 (-1.200E-10, 2.668E-10) (-1.683E-11, 3.767E-11)  1.00E-07
  7.500E+01 8.59399E-20 -5.111E-03 (-1.259E-10, 2.615E-10) (-1.728E-11, 3.764E-11)  1.00E-07
  7.550E+01 8.46016E-20 -9.587E-03 (-1.316E-10, 2.561E-10) (-1.773E-11, 3.759E-11)  1.00E-07
  7.600E+01 8.33036E-20 -1.414E-02 (-1.370E-10, 2.506E-10) (-1.817E-11, 3.754E-11)  1.00E-07
  7.650E+01 8.20446E-20 -1.878E-02 (-1.423E-10, 2.451E-10) (-1.861E-11, 3.748E-11)  1.00E-07
  7.700E+01 8.08232E-20 -2.349E-02 (-1.473E-10, 2.395E-10) (-1.904E-11, 3.741E-11)  1.00E-07
  7.750E+01 7.96383E-20 -2.827E-02 (-1.521E-10, 2.339E-10) (-1.947E-11, 3.733E-11)  1.00E-07
  7.800E+01 7.84885E-20 -3.311E-02 (-1.568E-10, 2.283E-10) (-1.988E-11, 3.725E-11)  1.00E-07
  7.850E+01 7.73728E-20 -3.802E-02 (-1.612E-10, 2.227E-10) (-2.029E-11, 3.716E-11)  1.00E-07
  7.900E+01 7.62900E-20 -4.298E-02 (-1.655E-10, 2.170E-10) (-2.070E-11, 3.706E-11)  1.00E-07
  7.950E+01 7.52392E-20 -4.799E-02 (-1.695E-10, 2.114E-10) (-2.110E-11, 3.695E-11)  1.00E-07
  8.000E+01 7.42191E-20 -5.306E-02 (-1.734E-10, 2.057E-10) (-2.149E-11, 3.684E-11)  1.00E-07
  8.050E+01 7.32289E-20 -5.816E-02 (-1.772E-10, 2.000E-10) (-2.187E-11, 3.672E-11)  1.00E-07
  8.100E+01 7.22677E-20 -6.331E-02 (-1.807E-10, 1.944E-10) (-2.225E-11, 3.660E-11)  1.00E-07
  8.150E+01 7.13345E-20 -6.849E-02 (-1.841E-10, 1.887E-10) (-2.262E-11, 3.646E-11)  1.00E-07
  8.200E+01 7.04284E-20 -7.370E-02 (-1.873E-10, 1.831E-10) (-2.299E-11, 3.633E-11)  1.00E-07
  8.250E+01 6.95486E-20 -7.894E-02 (-1.903E-10, 1.774E-10) (-2.334E-11, 3.618E-11)  1.00E-07
  8.300E+01 6.86942E-20 -8.420E-02 (-1.932E-10, 1.718E-10) (-2.369E-11, 3.603E-11)  1.00E-07
  8.350E+01 6.78646E-20 -8.947E-02 (-1.959E-10, 1.662E-10) (-2.403E-11, 3.588E-11)  1.00E-07
  8.400E+01 6.70590E-20 -9.476E-02 (-1.985E-10, 1.606E-10) (-2.437E-11, 3.572E-11)  1.00E-07
  8.450E+01 6.62765E-20 -1.001E-01 (-2.009E-10, 1.550E-10) (-2.470E-11, 3.555E-11)  1.00E-07
  8.500E+01 6.55166E-20 -1.054E-01 (-2.032E-10, 1.495E-10) (-2.502E-11, 3.538E-11)  1.00E-07
  8.550E+01 6.47785E-20 -1.107E-01 (-2.054E-10, 1.439E-10) (-2.533E-11, 3.521E-11)  1.00E-07
  8.600E+01 6.40616E-20 -1.160E-01 (-2.074E-10, 1.384E-10) (-2.564E-11, 3.503E-11)  1.00E-07
  8.650E+01 6.33652E-20 -1.212E-01 (-2.093E-10, 1.330E-10) (-2.594E-11, 3.484E-11)  1.00E-07
  8.700E+01 6.26888E-20 -1.265E-01 (-2.110E-10, 1.276E-10) (-2.623E-11, 3.465E-11)  1.00E-07
  8.750E+01 6.20318E-20 -1.318E-01 (-2.126E-10, 1.222E-10) (-2.652E-11, 3.446E-11)  1.00E-07
  8.800E+01 6.13936E-20 -1.370E-01 (-2.141E-10, 1.168E-10) (-2.680E-11, 3.426E-11)  1.00E-07
  8.850E+01 6.07737E-20 -1.422E-01 (-2.155E-10, 1.115E-10) (-2.707E-11, 3.406E-11)  1.00E-07
  8.900E+01 6.01714E-20 -1.474E-01 (-2.168E-10, 1.063E-10) (-2.733E-11, 3.386E-11)  1.00E-07
  8.950E+01 5.95864E-20 -1.525E-01 (-2.179E-10, 1.011E-10) (-2.759E-11, 3.365E-11)  1.00E-07
  9.000E+01 5.90182E-20 -1.576E-01 (-2.189E-10, 9.589E-11) (-2.784E-11, 3.344E-11)  1.00E-07
  9.050E+01 5.84662E-20 -1.627E-01 (-2.199E-10, 9.076E-11) (-2.808E-11, 3.323E-11)  1.00E-07
  9.100E+01 5.79299E-20 -1.677E-01 (-2.207E-10, 8.568E-11) (-2.832E-11, 3.301E-11)  1.00E-07
  9.150E+01 5.74090E-20 -1.727E-01 (-2.214E-10, 8.065E-11) (-2.855E-11, 3.279E-11)  1.00E-07
  9.200E+01 5.69031E-20 -1.776E-01 (-2.220E-10, 7.567E-11) (-2.877E-11, 3.256E-11)  1.00E-07
  9.250E+01 5.64116E-20 -1.824E-01 (-2.225E-10, 7.074E-11) (-2.898E-11, 3.234E-11)  1.00E-07
  9.300E+01 5.59342E-20 -1.873E-01 (-2.230E-10, 6.586E-11) (-2.919E-11, 3.211E-11)  1.00E-07
  9.350E+01 5.54705E-20 -1.920E-01 (-2.233E-10, 6.103E-11) (-2.939E-11, 3.188E-11)  1.00E-07
  9.400E+01 5.50201E-20 -1.967E-01 (-2.236E-10, 5.625E-11) (-2.959E-11, 3.165E-11)  1.00E-07
  9.450E+01 5.45827E-20 -2.013E-01 (-2.237E-10, 5.153E-11) (-2.977E-11, 3.141E-11)  1.00E-07
  9.500E+01 5.41579E-20 -2.058E-01 (-2.238E-10, 4.686E-11) (-2.995E-11, 3.117E-11)  1.00E-07
  9.550E+01 5.37453E-20 -2.103E-01 (-2.238E-10, 4.225E-11) (-3.013E-11, 3.093E-11)  1.00E-07
  9.600E+01 5.33447E-20 -2.147E-01 (-2.238E-10, 3.769E-11) (-3.029E-11, 3.069E-11)  1.00E-07
  9.650E+01 5.29556E-20 -2.190E-01 (-2.236E-10, 3.318E-11) (-3.045E-11, 3.045E-11)  1.00E-07
  9.700E+01 5.25778E-20 -2.232E-01 (-2.234E-10, 2.874E-11) (-3.060E-11, 3.020E-11)  1.00E-07
  9.750E+01 5.22110E-20 -2.274E-01 (-2.231E-10, 2.434E-11) (-3.075E-11, 2.996E-11)  1.00E-07
  9.800E+01 5.18548E-20 -2.314E-01 (-2.228E-10, 2.001E-11) (-3.089E-11, 2.971E-11)  1.00E-07
  9.850E+01 5.15091E-20 -2.354E-01 (-2.223E-10, 1.573E-11) (-3.102E-11, 2.946E-11)  1.00E-07
  9.900E+01 5.11734E-20 -2.393E-01 (-2.219E-10, 1.150E-11) (-3.115E-11, 2.921E-11)  1.00E-07
  9.950E+01 5.08476E-20 -2.431E-01 (-2.213E-10, 7.339E-12) (-3.127E-11, 2.896E-11)  1.00E-07
  1.000E+02 5.05314E-20 -2.468E-01 (-2.207E-10, 3.229E-12) (-3.138E-11, 2.871E-11)  1.00E-07
  1.005E+02 5.02245E-20 -2.504E-01 (-2.201E-10,-8.239E-13) (-3.149E-11, 2.846E-11)  1.00E-07
  1.010E+02 4.99266E-20 -2.539E-01 (-2.193E-10,-4.820E-12) (-3.158E-11, 2.820E-11)  1.00E-07
  1.015E+02 4.96376E-20 -2.573E-01 (-2.186E-10,-8.760E-12) (-3.168E-11, 2.795E-11)  1.00E-07
  1.020E+02 4.93571E-20 -2.606E-01 (-2.178E-10,-1.264E-11) (-3.177E-11, 2.769E-11)  1.00E-07
  1.025E+02 4.90851E-20 -2.639E-01 (-2.169E-10,-1.647E-11) (-3.185E-11, 2.744E-11)  1.00E-07
  1.030E+02 4.88212E-20 -2.670E-01 (-2.160E-10,-2.024E-11) (-3.192E-11, 2.718E-11)  1.00E-07
  1.035E+02 4.85652E-20 -2.700E-01 (-2.150E-10,-2.395E-11) (-3.199E-11, 2.692E-11)  1.00E-07
  1.040E+02 4.83169E-20 -2.729E-01 (-2.140E-10,-2.761E-11) (-3.205E-11, 2.667E-11)  1.00E-07
  1.045E+02 4.80762E-20 -2.757E-01 (-2.130E-10,-3.121E-11) (-3.211E-11, 2.641E-11)  1.00E-07
  1.050E+02 4.78427E-20 -2.784E-01 (-2.119E-10,-3.476E-11) (-3.216E-11, 2.615E-11)  1.00E-07
  1.055E+02 4.76164E-20 -2.810E-01 (-2.108E-10,-3.825E-11) (-3.220E-11, 2.590E-11)  1.00E-07
  1.060E+02 4.73970E-20 -2.836E-01 (-2.097E-10,-4.169E-11) (-3.224E-11, 2.564E-11)  1.00E-07
  1.065E+02 4.71844E-20 -2.860E-01 (-2.085E-10,-4.507E-11) (-3.228E-11, 2.538E-11)  1.00E-07
  1.070E+02 4.69784E-20 -2.883E-01 (-2.073E-10,-4.840E-11) (-3.230E-11, 2.512E-11)  1.00E-07
  1.075E+02 4.67788E-20 -2.904E-01 (-2.060E-10,-5.168E-11) (-3.232E-11, 2.487E-11)  1.00E-07
  1.080E+02 4.65854E-20 -2.925E-01 (-2.047E-10,-5.490E-11) (-3.234E-11, 2.461E-11)  1.00E-07
  1.085E+02 4.63981E-20 -2.945E-01 (-2.034E-10,-5.807E-11) (-3.235E-11, 2.435E-11)  1.00E-07
  1.090E+02 4.62166E-20 -2.964E-01 (-2.021E-10,-6.118E-11) (-3.235E-11, 2.410E-11)  1.00E-07
  1.095E+02 4.60410E-20 -2.982E-01 (-2.007E-10,-6.425E-11) (-3.235E-11, 2.384E-11)  1.00E-07
  1.100E+02 4.58710E-20 -2.999E-01 (-1.994E-10,-6.726E-11) (-3.234E-11, 2.358E-11)  1.00E-07
  1.105E+02 4.57064E-20 -3.014E-01 (-1.980E-10,-7.022E-11) (-3.233E-11, 2.333E-11)  1.00E-07
  1.110E+02 4.55471E-20 -3.029E-01 (-1.965E-10,-7.313E-11) (-3.232E-11, 2.308E-11)  1.00E-07
  1.115E+02 4.53930E-20 -3.043E-01 (-1.951E-10,-7.599E-11) (-3.229E-11, 2.282E-11)  1.00E-07
  1.120E+02 4.52439E-20 -3.055E-01 (-1.936E-10,-7.880E-11) (-3.226E-11, 2.257E-11)  1.00E-07
  1.125E+02 4.50998E-20 -3.067E-01 (-1.921E-10,-8.156E-11) (-3.223E-11, 2.232E-11)  1.00E-07
  1.130E+02 4.49604E-20 -3.078E-01 (-1.906E-10,-8.428E-11) (-3.219E-11, 2.207E-11)  1.00E-07
  1.135E+02 4.48257E-20 -3.088E-01 (-1.891E-10,-8.694E-11) (-3.215E-11, 2.181E-11)  1.00E-07
  1.140E+02 4.46955E-20 -3.096E-01 (-1.876E-10,-8.956E-11) (-3.210E-11, 2.157E-11)  1.00E-07
  1.145E+02 4.45696E-20 -3.104E-01 (-1.860E-10,-9.212E-11) (-3.205E-11, 2.132E-11)  1.00E-07
  1.150E+02 4.44481E-20 -3.111E-01 (-1.845E-10,-9.465E-11) (-3.199E-11, 2.107E-11)  1.00E-07
  1.155E+02 4.43308E-20 -3.117E-01 (-1.829E-10,-9.712E-11) (-3.193E-11, 2.082E-11)  1.00E-07
  1.160E+02 4.42175E-20 -3.122E-01 (-1.813E-10,-9.955E-11) (-3.186E-11, 2.058E-11)  1.00E-07
  1.165E+02 4.41081E-20 -3.126E-01 (-1.797E-10,-1.019E-10) (-3.178E-11, 2.033E-11)  1.00E-07
  1.170E+02 4.40027E-20 -3.129E-01 (-1.781E-10,-1.043E-10) (-3.171E-11, 2.009E-11)  1.00E-07
  1.175E+02 4.39009E-20 -3.131E-01 (-1.765E-10,-1.066E-10) (-3.162E-11, 1.984E-11)  1.00E-07
  1.180E+02 4.38028E-20 -3.132E-01 (-1.749E-10,-1.088E-10) (-3.154E-11, 1.960E-11)  1.00E-07
  1.185E+02 4.37082E-20 -3.133E-01 (-1.732E-10,-1.110E-10) (-3.145E-11, 1.936E-11)  1.00E-07
  1.190E+02 4.36171E-20 -3.132E-01 (-1.716E-10,-1.132E-10) (-3.135E-11, 1.912E-11)  1.00E-07
  1.195E+02 4.35293E-20 -3.131E-01 (-1.700E-10,-1.153E-10) (-3.125E-11, 1.888E-11)  1.00E-07
  1.200E+02 4.34448E-20 -3.129E-01 (-1.683E-10,-1.174E-10) (-3.115E-11, 1.865E-11)  1.00E-07
  1.205E+02 4.33634E-20 -3.126E-01 (-1.667E-10,-1.195E-10) (-3.104E-11, 1.841E-11)  1.00E-07
  1.210E+02 4.32852E-20 -3.122E-01 (-1.651E-10,-1.215E-10) (-3.092E-11, 1.818E-11)  1.00E-07
  1.215E+02 4.32099E-20 -3.117E-01 (-1.634E-10,-1.234E-10) (-3.081E-11, 1.794E-11)  1.00E-07
  1.220E+02 4.31375E-20 -3.112E-01 (-1.618E-10,-1.254E-10) (-3.069E-11, 1.771E-11)  1.00E-07
  1.225E+02 4.30680E-20 -3.106E-01 (-1.601E-10,-1.272E-10) (-3.056E-11, 1.748E-11)  1.00E-07
  1.230E+02 4.30012E-20 -3.099E-01 (-1.585E-10,-1.291E-10) (-3.043E-11, 1.725E-11)  1.00E-07
  1.235E+02 4.29371E-20 -3.091E-01 (-1.568E-10,-1.309E-10) (-3.030E-11, 1.703E-11)  1.00E-07
  1.240E+02 4.28756E-20 -3.083E-01 (-1.552E-10,-1.327E-10) (-3.016E-11, 1.680E-11)  1.00E-07
  1.245E+02 4.28166E-20 -3.073E-01 (-1.535E-10,-1.344E-10) (-3.002E-11, 1.658E-11)  1.00E-07
  1.250E+02 4.27601E-20 -3.064E-01 (-1.519E-10,-1.361E-10) (-2.987E-11, 1.635E-11)  1.00E-07
  1.255E+02 4.27059E-20 -3.053E-01 (-1.503E-10,-1.378E-10) (-2.972E-11, 1.613E-11)  1.00E-07
  1.260E+02 4.26541E-20 -3.042E-01 (-1.486E-10,-1.394E-10) (-2.957E-11, 1.591E-11)  1.00E-07
  1.265E+02 4.26045E-20 -3.030E-01 (-1.470E-10,-1.410E-10) (-2.941E-11, 1.569E-11)  1.00E-07
  1.270E+02 4.25571E-20 -3.017E-01 (-1.454E-10,-1.426E-10) (-2.925E-11, 1.548E-11)  1.00E-07
  1.275E+02 4.25118E-20 -3.004E-01 (-1.438E-10,-1.441E-10) (-2.909E-11, 1.526E-11)  1.00E-07
  1.280E+02 4.24685E-20 -2.990E-01 (-1.422E-10,-1.456E-10) (-2.892E-11, 1.505E-11)  1.00E-07
  1.285E+02 4.24273E-20 -2.976E-01 (-1.405E-10,-1.471E-10) (-2.875E-11, 1.483E-11)  1.00E-07
  1.290E+02 4.23879E-20 -2.961E-01 (-1.389E-10,-1.485E-10) (-2.858E-11, 1.462E-11)  1.00E-07
  1.295E+02 4.23505E-20 -2.945E-01 (-1.374E-10,-1.499E-10) (-2.840E-11, 1.441E-11)  1.00E-07
  1.300E+02 4.23148E-20 -2.929E-01 (-1.358E-10,-1.513E-10) (-2.822E-11, 1.421E-11)  1.00E-07
  1.305E+02 4.22809E-20 -2.912E-01 (-1.342E-10,-1.526E-10) (-2.803E-11, 1.400E-11)  1.00E-07
  1.310E+02 4.22487E-20 -2.895E-01 (-1.326E-10,-1.539E-10) (-2.785E-11, 1.380E-11)  1.00E-07
  1.315E+02 4.22182E-20 -2.877E-01 (-1.311E-10,-1.552E-10) (-2.765E-11, 1.359E-11)  1.00E-07
  1.320E+02 4.21893E-20 -2.859E-01 (-1.295E-10,-1.565E-10) (-2.746E-11, 1.339E-11)  1.00E-07
  1.325E+02 4.21619E-20 -2.840E-01 (-1.280E-10,-1.577E-10) (-2.726E-11, 1.319E-11)  1.00E-07
  1.330E+02 4.21360E-20 -2.821E-01 (-1.264E-10,-1.589E-10) (-2.706E-11, 1.299E-11)  1.00E-07
  1.335E+02 4.21115E-20 -2.801E-01 (-1.249E-10,-1.601E-10) (-2.686E-11, 1.280E-11)  1.00E-07
  1.340E+02 4.20885E-20 -2.781E-01 (-1.234E-10,-1.612E-10) (-2.665E-11, 1.260E-11)  1.00E-07
  1.345E+02 4.20668E-20 -2.760E-01 (-1.219E-10,-1.623E-10) (-2.645E-11, 1.241E-11)  1.00E-07
  1.350E+02 4.20464E-20 -2.739E-01 (-1.204E-10,-1.634E-10) (-2.623E-11, 1.222E-11)  1.00E-07
  1.355E+02 4.20273E-20 -2.717E-01 (-1.189E-10,-1.645E-10) (-2.602E-11, 1.203E-11)  1.00E-07
  1.360E+02 4.20094E-20 -2.695E-01 (-1.175E-10,-1.655E-10) (-2.580E-11, 1.184E-11)  1.00E-07
  1.365E+02 4.19927E-20 -2.673E-01 (-1.160E-10,-1.666E-10) (-2.558E-11, 1.165E-11)  1.00E-07
  1.370E+02 4.19772E-20 -2.650E-01 (-1.146E-10,-1.676E-10) (-2.536E-11, 1.146E-11)  1.00E-07
  1.375E+02 4.19627E-20 -2.627E-01 (-1.131E-10,-1.685E-10) (-2.513E-11, 1.128E-11)  1.00E-07
  1.380E+02 4.19493E-20 -2.603E-01 (-1.117E-10,-1.695E-10) (-2.490E-11, 1.110E-11)  1.00E-07
  1.385E+02 4.19369E-20 -2.579E-01 (-1.103E-10,-1.704E-10) (-2.467E-11, 1.092E-11)  1.00E-07
  1.390E+02 4.19255E-20 -2.555E-01 (-1.089E-10,-1.713E-10) (-2.444E-11, 1.074E-11)  1.00E-07
  1.395E+02 4.19151E-20 -2.531E-01 (-1.075E-10,-1.722E-10) (-2.420E-11, 1.056E-11)  1.00E-07
  1.400E+02 4.19055E-20 -2.506E-01 (-1.062E-10,-1.731E-10) (-2.396E-11, 1.038E-11)  1.00E-07
  1.405E+02 4.18969E-20 -2.480E-01 (-1.048E-10,-1.739E-10) (-2.372E-11, 1.021E-11)  1.00E-07
  1.410E+02 4.18890E-20 -2.455E-01 (-1.035E-10,-1.747E-10) (-2.348E-11, 1.004E-11)  1.00E-07
  1.415E+02 4.18820E-20 -2.429E-01 (-1.022E-10,-1.755E-10) (-2.323E-11, 9.864E-12)  1.00E-07
  1.420E+02 4.18758E-20 -2.402E-01 (-1.008E-10,-1.763E-10) (-2.299E-11, 9.694E-12)  1.00E-07
  1.425E+02 4.18703E-20 -2.376E-01 (-9.955E-11,-1.771E-10) (-2.274E-11, 9.525E-12)  1.00E-07
  1.430E+02 4.18655E-20 -2.349E-01 (-9.827E-11,-1.778E-10) (-2.248E-11, 9.358E-12)  1.00E-07
  1.435E+02 4.18615E-20 -2.322E-01 (-9.700E-11,-1.785E-10) (-2.223E-11, 9.192E-12)  1.00E-07
  1.440E+02 4.18580E-20 -2.295E-01 (-9.575E-11,-1.792E-10) (-2.197E-11, 9.028E-12)  1.00E-07
  1.445E+02 4.18552E-20 -2.267E-01 (-9.451E-11,-1.799E-10) (-2.171E-11, 8.865E-12)  1.00E-07
  1.450E+02 4.18530E-20 -2.239E-01 (-9.329E-11,-1.806E-10) (-2.145E-11, 8.704E-12)  1.00E-07
  1.455E+02 4.18514E-20 -2.211E-01 (-9.209E-11,-1.812E-10) (-2.119E-11, 8.544E-12)  1.00E-07
  1.460E+02 4.18503E-20 -2.183E-01 (-9.090E-11,-1.819E-10) (-2.093E-11, 8.386E-12)  1.00E-07
  1.465E+02 4.18497E-20 -2.155E-01 (-8.972E-11,-1.825E-10) (-2.066E-11, 8.229E-12)  1.00E-07
  1.470E+02 4.18496E-20 -2.126E-01 (-8.856E-11,-1.831E-10) (-2.039E-11, 8.074E-12)  1.00E-07
  1.475E+02 4.18500E-20 -2.097E-01 (-8.742E-11,-1.837E-10) (-2.012E-11, 7.919E-12)  1.00E-07
  1.480E+02 4.18509E-20 -2.068E-01 (-8.629E-11,-1.843E-10) (-1.985E-11, 7.767E-12)  1.00E-07
  1.485E+02 4.18521E-20 -2.039E-01 (-8.518E-11,-1.848E-10) (-1.957E-11, 7.615E-12)  1.00E-07
  1.490E+02 4.18538E-20 -2.009E-01 (-8.408E-11,-1.854E-10) (-1.930E-11, 7.465E-12)  1.00E-07
  1.495E+02 4.18558E-20 -1.979E-01 (-8.300E-11,-1.859E-10) (-1.902E-11, 7.316E-12)  1.00E-07
  1.500E+02 4.18582E-20 -1.950E-01 (-8.194E-11,-1.864E-10) (-1.874E-11, 7.169E-12)  1.00E-07
  1.505E+02 4.18609E-20 -1.920E-01 (-8.090E-11,-1.869E-10) (-1.846E-11, 7.023E-12)  1.00E-07
  1.510E+02 4.18639E-20 -1.889E-01 (-7.987E-11,-1.874E-10) (-1.818E-11, 6.878E-12)  1.00E-07
  1.515E+02 4.18672E-20 -1.859E-01 (-7.885E-11,-1.878E-10) (-1.789E-11, 6.734E-12)  1.00E-07
  1.520E+02 4.18708E-20 -1.829E-01 (-7.786E-11,-1.883E-10) (-1.760E-11, 6.592E-12)  1.00E-07
  1.525E+02 4.18746E-20 -1.798E-01 (-7.688E-11,-1.887E-10) (-1.732E-11, 6.451E-12)  1.00E-07
  1.530E+02 4.18787E-20 -1.767E-01 (-7.591E-11,-1.892E-10) (-1.703E-11, 6.311E-12)  1.00E-07
  1.535E+02 4.18830E-20 -1.736E-01 (-7.497E-11,-1.896E-10) (-1.674E-11, 6.172E-12)  1.00E-07
  1.540E+02 4.18875E-20 -1.705E-01 (-7.404E-11,-1.900E-10) (-1.645E-11, 6.035E-12)  1.00E-07
  1.545E+02 4.18922E-20 -1.674E-01 (-7.312E-11,-1.904E-10) (-1.615E-11, 5.898E-12)  1.00E-07
  1.550E+02 4.18970E-20 -1.643E-01 (-7.223E-11,-1.908E-10) (-1.586E-11, 5.763E-12)  1.00E-07
  1.555E+02 4.19020E-20 -1.611E-01 (-7.135E-11,-1.911E-10) (-1.556E-11, 5.629E-12)  1.00E-07
  1.560E+02 4.19071E-20 -1.580E-01 (-7.049E-11,-1.915E-10) (-1.526E-11, 5.496E-12)  1.00E-07
  1.565E+02 4.19123E-20 -1.548E-01 (-6.965E-11,-1.919E-10) (-1.497E-11, 5.364E-12)  1.00E-07
  1.570E+02 4.19176E-20 -1.517E-01 (-6.882E-11,-1.922E-10) (-1.467E-11, 5.233E-12)  1.00E-07
  1.575E+02 4.19231E-20 -1.485E-01 (-6.801E-11,-1.925E-10) (-1.436E-11, 5.104E-12)  1.00E-07
  1.580E+02 4.19285E-20 -1.453E-01 (-6.722E-11,-1.928E-10) (-1.406E-11, 4.975E-12)  1.00E-07
  1.585E+02 4.19341E-20 -1.421E-01 (-6.644E-11,-1.931E-10) (-1.376E-11, 4.847E-12)  1.00E-07
  1.590E+02 4.19397E-20 -1.389E-01 (-6.568E-11,-1.934E-10) (-1.345E-11, 4.720E-12)  1.00E-07
  1.595E+02 4.19453E-20 -1.357E-01 (-6.495E-11,-1.937E-10) (-1.315E-11, 4.595E-12)  1.00E-07
  1.600E+02 4.19510E-20 -1.325E-01 (-6.422E-11,-1.940E-10) (-1.284E-11, 4.470E-12)  1.00E-07
  1.605E+02 4.19566E-20 -1.292E-01 (-6.352E-11,-1.943E-10) (-1.253E-11, 4.346E-12)  1.00E-07
  1.610E+02 4.19623E-20 -1.260E-01 (-6.283E-11,-1.945E-10) (-1.222E-11, 4.223E-12)  1.00E-07
  1.615E+02 4.19679E-20 -1.227E-01 (-6.216E-11,-1.948E-10) (-1.191E-11, 4.101E-12)  1.00E-07
  1.620E+02 4.19735E-20 -1.195E-01 (-6.151E-11,-1.950E-10) (-1.160E-11, 3.980E-12)  1.00E-07
  1.625E+02 4.19791E-20 -1.162E-01 (-6.087E-11,-1.953E-10) (-1.129E-11, 3.859E-12)  1.00E-07
  1.630E+02 4.19847E-20 -1.130E-01 (-6.026E-11,-1.955E-10) (-1.098E-11, 3.740E-12)  1.00E-07
  1.635E+02 4.19901E-20 -1.097E-01 (-5.966E-11,-1.957E-10) (-1.067E-11, 3.621E-12)  1.00E-07
  1.640E+02 4.19955E-20 -1.064E-01 (-5.908E-11,-1.959E-10) (-1.035E-11, 3.503E-12)  1.00E-07
  1.645E+02 4.20009E-20 -1.032E-01 (-5.851E-11,-1.961E-10) (-1.004E-11, 3.386E-12)  1.00E-07
  1.650E+02 4.20061E-20 -9.987E-02 (-5.797E-11,-1.963E-10) (-9.720E-12, 3.269E-12)  1.00E-07
  1.655E+02 4.20113E-20 -9.658E-02 (-5.744E-11,-1.965E-10) (-9.403E-12, 3.153E-12)  1.00E-07
  1.660E+02 4.20164E-20 -9.329E-02 (-5.693E-11,-1.967E-10) (-9.085E-12, 3.038E-12)  1.00E-07
  1.665E+02 4.20213E-20 -8.999E-02 (-5.644E-11,-1.969E-10) (-8.767E-12, 2.924E-12)  1.00E-07
  1.670E+02 4.20262E-20 -8.669E-02 (-5.596E-11,-1.970E-10) (-8.448E-12, 2.810E-12)  1.00E-07
  1.675E+02 4.20309E-20 -8.339E-02 (-5.550E-11,-1.972E-10) (-8.129E-12, 2.697E-12)  1.00E-07
  1.680E+02 4.20355E-20 -8.008E-02 (-5.507E-11,-1.973E-10) (-7.808E-12, 2.584E-12)  1.00E-07
  1.685E+02 4.20399E-20 -7.676E-02 (-5.464E-11,-1.975E-10) (-7.487E-12, 2.472E-12)  1.00E-07
  1.690E+02 4.20442E-20 -7.345E-02 (-5.424E-11,-1.976E-10) (-7.166E-12, 2.361E-12)  1.00E-07
  1.695E+02 4.20484E-20 -7.013E-02 (-5.385E-11,-1.977E-10) (-6.844E-12, 2.250E-12)  1.00E-07
  1.700E+02 4.20524E-20 -6.681E-02 (-5.349E-11,-1.978E-10) (-6.522E-12, 2.139E-12)  1.00E-07
  1.705E+02 4.20562E-20 -6.348E-02 (-5.314E-11,-1.980E-10) (-6.199E-12, 2.029E-12)  1.00E-07
  1.710E+02 4.20599E-20 -6.016E-02 (-5.281E-11,-1.981E-10) (-5.875E-12, 1.920E-12)  1.00E-07
  1.715E+02 4.20634E-20 -5.683E-02 (-5.249E-11,-1.982E-10) (-5.551E-12, 1.811E-12)  1.00E-07
  1.720E+02 4.20667E-20 -5.350E-02 (-5.219E-11,-1.983E-10) (-5.227E-12, 1.702E-12)  1.00E-07
  1.725E+02 4.20698E-20 -5.016E-02 (-5.192E-11,-1.984E-10) (-4.902E-12, 1.594E-12)  1.00E-07
  1.730E+02 4.20728E-20 -4.683E-02 (-5.166E-11,-1.984E-10) (-4.577E-12, 1.486E-12)  1.00E-07
  1.735E+02 4.20756E-20 -4.349E-02 (-5.141E-11,-1.985E-10) (-4.251E-12, 1.378E-12)  1.00E-07
  1.740E+02 4.20782E-20 -4.015E-02 (-5.119E-11,-1.986E-10) (-3.926E-12, 1.271E-12)  1.00E-07
  1.745E+02 4.20805E-20 -3.681E-02 (-5.098E-11,-1.987E-10) (-3.600E-12, 1.164E-12)  1.00E-07
  1.750E+02 4.20827E-20 -3.347E-02 (-5.079E-11,-1.987E-10) (-3.273E-12, 1.058E-12)  1.00E-07
  1.755E+02 4.20847E-20 -3.012E-02 (-5.062E-11,-1.988E-10) (-2.947E-12, 9.511E-13)  1.00E-07
  1.760E+02 4.20865E-20 -2.678E-02 (-5.047E-11,-1.988E-10) (-2.620E-12, 8.449E-13)  1.00E-07
  1.765E+02 4.20881E-20 -2.343E-02 (-5.034E-11,-1.989E-10) (-2.293E-12, 7.388E-13)  1.00E-07
  1.770E+02 4.20895E-20 -2.009E-02 (-5.022E-11,-1.989E-10) (-1.966E-12, 6.330E-13)  1.00E-07
  1.775E+02 4.20906E-20 -1.674E-02 (-5.012E-11,-1.989E-10) (-1.638E-12, 5.273E-13)  1.00E-07
  1.780E+02 4.20916E-20 -1.339E-02 (-5.004E-11,-1.990E-10) (-1.311E-12, 4.217E-13)  1.00E-07
  1.785E+02 4.20923E-20 -1.005E-02 (-4.998E-11,-1.990E-10) (-9.831E-13, 3.162E-13)  1.00E-07
  1.790E+02 4.20929E-20 -6.697E-03 (-4.993E-11,-1.990E-10) (-6.554E-13, 2.107E-13)  1.00E-07
  1.795E+02 4.20932E-20 -3.349E-03 (-4.991E-11,-1.990E-10) (-3.277E-13, 1.054E-13)  1.00E-07
  1.800E+02 4.20933E-20 -4.699E-17 (-4.990E-11,-1.990E-10) (-4.599E-27, 1.478E-27)  1.00E-07

  TOTAL ELASTIC CROSS SECTION = 4.808034E-17 cm**2
               FROM DCS TABLE = 4.807145E-17  (REL. DIF. = 1.85E-04)

  1ST TRANSPORT CROSS SECTION = 1.190196E-18 cm**2
               FROM DCS TABLE = 1.190194E-18  (REL. DIF. = 1.90E-06)

  2ND TRANSPORT CROSS SECTION = 2.239542E-18 cm**2

  **** DPWA0 ENDED ************************************************************

