 #  Scattering field.
 #  All quantities in atomic units (a.u.), unless otherwise indicated.
 #  Z =  79, NELEC =  79,   projectile: electron
 #  Kinetic energy = 9.18733E+02 a.u. = 2.50000E+04 eV
 #
 #   i       r           r*V         r*Vst        r*Vex       r*Vpol       r*Wabs        rho_e
 #------------------------------------------------------------------------------------------------
     1  0.00000E+00 -0.00000E+00 -0.00000E+00  0.00000E+00  0.00000E+00  0.00000E+00  2.24339E+06
     2  2.71762E-07 -2.60693E-01 -2.60691E-01 -1.99469E-06  0.00000E+00  0.00000E+00  2.24339E+06
     3  5.49811E-07 -5.27415E-01 -5.27411E-01 -4.02588E-06  0.00000E+00  0.00000E+00  2.23802E+06
     4  8.34283E-07 -8.00292E-01 -8.00286E-01 -6.09444E-06  0.00000E+00  0.00000E+00  2.23270E+06
     5  1.12533E-06 -1.07946E+00 -1.07945E+00 -8.20135E-06  0.00000E+00  0.00000E+00  2.22747E+06
     6  1.42309E-06 -1.36507E+00 -1.36506E+00 -1.03476E-05  0.00000E+00  0.00000E+00  2.22231E+06
     7  1.72774E-06 -1.65726E+00 -1.65724E+00 -1.25344E-05  0.00000E+00  0.00000E+00  2.21724E+06
     8  2.03942E-06 -1.95617E+00 -1.95616E+00 -1.47628E-05  0.00000E+00  0.00000E+00  2.21227E+06
     9  2.35831E-06 -2.26196E+00 -2.26194E+00 -1.70341E-05  0.00000E+00  0.00000E+00  2.20739E+06
    10  2.68455E-06 -2.57478E+00 -2.57476E+00 -1.93494E-05  0.00000E+00  0.00000E+00  2.20262E+06
    11  3.01834E-06 -2.89479E+00 -2.89477E+00 -2.17102E-05  0.00000E+00  0.00000E+00  2.19796E+06
    12  3.35984E-06 -3.22214E+00 -3.22212E+00 -2.41177E-05  0.00000E+00  0.00000E+00  2.19342E+06
    13  3.70922E-06 -3.55701E+00 -3.55698E+00 -2.65736E-05  0.00000E+00  0.00000E+00  2.18900E+06
    14  4.06668E-06 -3.89954E+00 -3.89951E+00 -2.90793E-05  0.00000E+00  0.00000E+00  2.18471E+06
    15  4.43239E-06 -4.24991E+00 -4.24988E+00 -3.16365E-05  0.00000E+00  0.00000E+00  2.18056E+06
    16  4.80656E-06 -4.60829E+00 -4.60826E+00 -3.42468E-05  0.00000E+00  0.00000E+00  2.17655E+06
    17  5.18936E-06 -4.97486E+00 -4.97482E+00 -3.69120E-05  0.00000E+00  0.00000E+00  2.17269E+06
    18  5.58101E-06 -5.34979E+00 -5.34975E+00 -3.96340E-05  0.00000E+00  0.00000E+00  2.16898E+06
    19  5.98171E-06 -5.73326E+00 -5.73322E+00 -4.24147E-05  0.00000E+00  0.00000E+00  2.16543E+06
    20  6.39166E-06 -6.12545E+00 -6.12541E+00 -4.52561E-05  0.00000E+00  0.00000E+00  2.16205E+06
    21  6.81108E-06 -6.52656E+00 -6.52651E+00 -4.81603E-05  0.00000E+00  0.00000E+00  2.15883E+06
    22  7.24019E-06 -6.93676E+00 -6.93671E+00 -5.11296E-05  0.00000E+00  0.00000E+00  2.15578E+06
    23  7.67921E-06 -7.35625E+00 -7.35619E+00 -5.41661E-05  0.00000E+00  0.00000E+00  2.15292E+06
    24  8.12838E-06 -7.78522E+00 -7.78517E+00 -5.72723E-05  0.00000E+00  0.00000E+00  2.15023E+06
    25  8.58792E-06 -8.22388E+00 -8.22382E+00 -6.04505E-05  0.00000E+00  0.00000E+00  2.14772E+06
    26  9.05808E-06 -8.67241E+00 -8.67234E+00 -6.37033E-05  0.00000E+00  0.00000E+00  2.14539E+06
    27  9.53910E-06 -9.13102E+00 -9.13096E+00 -6.70333E-05  0.00000E+00  0.00000E+00  2.14325E+06
    28  1.00312E-05 -9.59992E+00 -9.59985E+00 -7.04431E-05  0.00000E+00  0.00000E+00  2.14129E+06
    29  1.05347E-05 -1.00793E+01 -1.00792E+01 -7.39353E-05  0.00000E+00  0.00000E+00  2.13951E+06
    30  1.10499E-05 -1.05694E+01 -1.05693E+01 -7.75127E-05  0.00000E+00  0.00000E+00  2.13790E+06
    31  1.15769E-05 -1.10704E+01 -1.10703E+01 -8.11781E-05  0.00000E+00  0.00000E+00  2.13647E+06
    32  1.21161E-05 -1.15825E+01 -1.15824E+01 -8.49341E-05  0.00000E+00  0.00000E+00  2.13520E+06
    33  1.26677E-05 -1.21060E+01 -1.21059E+01 -8.87836E-05  0.00000E+00  0.00000E+00  2.13409E+06
    34  1.32322E-05 -1.26410E+01 -1.26409E+01 -9.27292E-05  0.00000E+00  0.00000E+00  2.13312E+06
    35  1.38096E-05 -1.31878E+01 -1.31877E+01 -9.67735E-05  0.00000E+00  0.00000E+00  2.13228E+06
    36  1.44004E-05 -1.37466E+01 -1.37465E+01 -1.00919E-04  0.00000E+00  0.00000E+00  2.13156E+06
    37  1.50048E-05 -1.43175E+01 -1.43174E+01 -1.05168E-04  0.00000E+00  0.00000E+00  2.13094E+06
    38  1.56232E-05 -1.49009E+01 -1.49008E+01 -1.09523E-04  0.00000E+00  0.00000E+00  2.13038E+06
    39  1.62559E-05 -1.54970E+01 -1.54968E+01 -1.13986E-04  0.00000E+00  0.00000E+00  2.12988E+06
    40  1.69032E-05 -1.61058E+01 -1.61057E+01 -1.18557E-04  0.00000E+00  0.00000E+00  2.12939E+06
    41  1.75654E-05 -1.67278E+01 -1.67277E+01 -1.23239E-04  0.00000E+00  0.00000E+00  2.12888E+06
    42  1.82429E-05 -1.73631E+01 -1.73629E+01 -1.28034E-04  0.00000E+00  0.00000E+00  2.12834E+06
    43  1.89361E-05 -1.80118E+01 -1.80117E+01 -1.32944E-04  0.00000E+00  0.00000E+00  2.12777E+06
    44  1.96453E-05 -1.86743E+01 -1.86742E+01 -1.37973E-04  0.00000E+00  0.00000E+00  2.12716E+06
    45  2.03709E-05 -1.93507E+01 -1.93505E+01 -1.43124E-04  0.00000E+00  0.00000E+00  2.12651E+06
    46  2.11133E-05 -2.00412E+01 -2.00410E+01 -1.48401E-04  0.00000E+00  0.00000E+00  2.12583E+06
    47  2.18728E-05 -2.07460E+01 -2.07459E+01 -1.53806E-04  0.00000E+00  0.00000E+00  2.12511E+06
    48  2.26498E-05 -2.14654E+01 -2.14652E+01 -1.59344E-04  0.00000E+00  0.00000E+00  2.12434E+06
    49  2.34448E-05 -2.21994E+01 -2.21993E+01 -1.65017E-04  0.00000E+00  0.00000E+00  2.12353E+06
    50  2.42582E-05 -2.29484E+01 -2.29482E+01 -1.70831E-04  0.00000E+00  0.00000E+00  2.12268E+06
    51  2.50903E-05 -2.37124E+01 -2.37122E+01 -1.76789E-04  0.00000E+00  0.00000E+00  2.12177E+06
    52  2.59417E-05 -2.44916E+01 -2.44914E+01 -1.82894E-04  0.00000E+00  0.00000E+00  2.12082E+06
    53  2.68127E-05 -2.52861E+01 -2.52859E+01 -1.89153E-04  0.00000E+00  0.00000E+00  2.11981E+06
    54  2.77039E-05 -2.60962E+01 -2.60960E+01 -1.95568E-04  0.00000E+00  0.00000E+00  2.11874E+06
    55  2.86156E-05 -2.69219E+01 -2.69217E+01 -2.02145E-04  0.00000E+00  0.00000E+00  2.11762E+06
    56  2.95485E-05 -2.77634E+01 -2.77632E+01 -2.08889E-04  0.00000E+00  0.00000E+00  2.11643E+06
    57  3.05028E-05 -2.86207E+01 -2.86205E+01 -2.15805E-04  0.00000E+00  0.00000E+00  2.11518E+06
    58  3.14792E-05 -2.94939E+01 -2.94937E+01 -2.22898E-04  0.00000E+00  0.00000E+00  2.11386E+06
    59  3.24782E-05 -3.03831E+01 -3.03828E+01 -2.30174E-04  0.00000E+00  0.00000E+00  2.11247E+06
    60  3.35002E-05 -3.12882E+01 -3.12880E+01 -2.37639E-04  0.00000E+00  0.00000E+00  2.11101E+06
    61  3.45459E-05 -3.22094E+01 -3.22092E+01 -2.45298E-04  0.00000E+00  0.00000E+00  2.10947E+06
    62  3.56157E-05 -3.31466E+01 -3.31464E+01 -2.53159E-04  0.00000E+00  0.00000E+00  2.10785E+06
    63  3.67102E-05 -3.40997E+01 -3.40995E+01 -2.61229E-04  0.00000E+00  0.00000E+00  2.10615E+06
    64  3.78300E-05 -3.50687E+01 -3.50684E+01 -2.69514E-04  0.00000E+00  0.00000E+00  2.10436E+06
    65  3.89756E-05 -3.60535E+01 -3.60532E+01 -2.78022E-04  0.00000E+00  0.00000E+00  2.10248E+06
    66  4.01478E-05 -3.70538E+01 -3.70535E+01 -2.86761E-04  0.00000E+00  0.00000E+00  2.10050E+06
    67  4.13470E-05 -3.80695E+01 -3.80692E+01 -2.95739E-04  0.00000E+00  0.00000E+00  2.09842E+06
    68  4.25739E-05 -3.91003E+01 -3.91000E+01 -3.04966E-04  0.00000E+00  0.00000E+00  2.09624E+06
    69  4.38291E-05 -4.01460E+01 -4.01457E+01 -3.14451E-04  0.00000E+00  0.00000E+00  2.09395E+06
    70  4.51134E-05 -4.12062E+01 -4.12059E+01 -3.24204E-04  0.00000E+00  0.00000E+00  2.09155E+06
    71  4.64273E-05 -4.22805E+01 -4.22801E+01 -3.34235E-04  0.00000E+00  0.00000E+00  2.08903E+06
    72  4.77715E-05 -4.33684E+01 -4.33680E+01 -3.44557E-04  0.00000E+00  0.00000E+00  2.08639E+06
    73  4.91469E-05 -4.44693E+01 -4.44689E+01 -3.55180E-04  0.00000E+00  0.00000E+00  2.08362E+06
    74  5.05539E-05 -4.55826E+01 -4.55823E+01 -3.66119E-04  0.00000E+00  0.00000E+00  2.08073E+06
    75  5.19935E-05 -4.67077E+01 -4.67074E+01 -3.77386E-04  0.00000E+00  0.00000E+00  2.07769E+06
    76  5.34664E-05 -4.78437E+01 -4.78434E+01 -3.88997E-04  0.00000E+00  0.00000E+00  2.07451E+06
    77  5.49733E-05 -4.89898E+01 -4.89894E+01 -4.00967E-04  0.00000E+00  0.00000E+00  2.07119E+06
    78  5.65149E-05 -5.01449E+01 -5.01445E+01 -4.13314E-04  0.00000E+00  0.00000E+00  2.06772E+06
    79  5.80922E-05 -5.13079E+01 -5.13074E+01 -4.26056E-04  0.00000E+00  0.00000E+00  2.06408E+06
    80  5.97060E-05 -5.24776E+01 -5.24771E+01 -4.39212E-04  0.00000E+00  0.00000E+00  2.06029E+06
    81  6.13570E-05 -5.36526E+01 -5.36521E+01 -4.52805E-04  0.00000E+00  0.00000E+00  2.05632E+06
    82  6.30461E-05 -5.48314E+01 -5.48310E+01 -4.66857E-04  0.00000E+00  0.00000E+00  2.05218E+06
    83  6.47743E-05 -5.60124E+01 -5.60120E+01 -4.81393E-04  0.00000E+00  0.00000E+00  2.04787E+06
    84  6.65424E-05 -5.71938E+01 -5.71933E+01 -4.96441E-04  0.00000E+00  0.00000E+00  2.04336E+06
    85  6.83513E-05 -5.83736E+01 -5.83730E+01 -5.12031E-04  0.00000E+00  0.00000E+00  2.03867E+06
    86  7.02020E-05 -5.95495E+01 -5.95490E+01 -5.28194E-04  0.00000E+00  0.00000E+00  2.03378E+06
    87  7.20955E-05 -6.07192E+01 -6.07187E+01 -5.44967E-04  0.00000E+00  0.00000E+00  2.02869E+06
    88  7.40327E-05 -6.18803E+01 -6.18797E+01 -5.62388E-04  0.00000E+00  0.00000E+00  2.02339E+06
    89  7.60147E-05 -6.30298E+01 -6.30292E+01 -5.80500E-04  0.00000E+00  0.00000E+00  2.01788E+06
    90  7.80424E-05 -6.41647E+01 -6.41641E+01 -5.99349E-04  0.00000E+00  0.00000E+00  2.01216E+06
    91  8.01170E-05 -6.52820E+01 -6.52813E+01 -6.18986E-04  0.00000E+00  0.00000E+00  2.00621E+06
    92  8.22395E-05 -6.63779E+01 -6.63773E+01 -6.39468E-04  0.00000E+00  0.00000E+00  2.00004E+06
    93  8.44111E-05 -6.74490E+01 -6.74483E+01 -6.60856E-04  0.00000E+00  0.00000E+00  1.99363E+06
    94  8.66328E-05 -6.84912E+01 -6.84905E+01 -6.83218E-04  0.00000E+00  0.00000E+00  1.98699E+06
    95  8.89058E-05 -6.95004E+01 -6.94997E+01 -7.06629E-04  0.00000E+00  0.00000E+00  1.98012E+06
    96  9.12313E-05 -7.04724E+01 -7.04717E+01 -7.31169E-04  0.00000E+00  0.00000E+00  1.97300E+06
    97  9.36106E-05 -7.14028E+01 -7.14020E+01 -7.56928E-04  0.00000E+00  0.00000E+00  1.96565E+06
    98  9.60448E-05 -7.22870E+01 -7.22862E+01 -7.84001E-04  0.00000E+00  0.00000E+00  1.95804E+06
    99  9.85352E-05 -7.31208E+01 -7.31200E+01 -8.12493E-04  0.00000E+00  0.00000E+00  1.95019E+06
   100  1.01083E-04 -7.38999E+01 -7.38991E+01 -8.42513E-04  0.00000E+00  0.00000E+00  1.94210E+06
   101  1.03690E-04 -7.46206E+01 -7.46198E+01 -8.74178E-04  0.00000E+00  0.00000E+00  1.93376E+06
   102  1.06357E-04 -7.52797E+01 -7.52788E+01 -9.07607E-04  0.00000E+00  0.00000E+00  1.92517E+06
   103  1.09086E-04 -7.58747E+01 -7.58738E+01 -9.42921E-04  0.00000E+00  0.00000E+00  1.91634E+06
   104  1.11877E-04 -7.64044E+01 -7.64034E+01 -9.80239E-04  0.00000E+00  0.00000E+00  1.90728E+06
   105  1.14734E-04 -7.68688E+01 -7.68678E+01 -1.01967E-03  0.00000E+00  0.00000E+00  1.89797E+06
   106  1.17656E-04 -7.72694E+01 -7.72683E+01 -1.06133E-03  0.00000E+00  0.00000E+00  1.88843E+06
   107  1.20645E-04 -7.76090E+01 -7.76078E+01 -1.10529E-03  0.00000E+00  0.00000E+00  1.87867E+06
   108  1.23704E-04 -7.78919E+01 -7.78907E+01 -1.15163E-03  0.00000E+00  0.00000E+00  1.86869E+06
   109  1.26834E-04 -7.81235E+01 -7.81223E+01 -1.20042E-03  0.00000E+00  0.00000E+00  1.85849E+06
   110  1.30035E-04 -7.83099E+01 -7.83086E+01 -1.25171E-03  0.00000E+00  0.00000E+00  1.84810E+06
   111  1.33311E-04 -7.84573E+01 -7.84560E+01 -1.30552E-03  0.00000E+00  0.00000E+00  1.83750E+06
   112  1.36662E-04 -7.85721E+01 -7.85708E+01 -1.36189E-03  0.00000E+00  0.00000E+00  1.82673E+06
   113  1.40091E-04 -7.86602E+01 -7.86587E+01 -1.42085E-03  0.00000E+00  0.00000E+00  1.81577E+06
   114  1.43599E-04 -7.87266E+01 -7.87251E+01 -1.48245E-03  0.00000E+00  0.00000E+00  1.80466E+06
   115  1.47188E-04 -7.87760E+01 -7.87745E+01 -1.54671E-03  0.00000E+00  0.00000E+00  1.79338E+06
   116  1.50860E-04 -7.88122E+01 -7.88106E+01 -1.61369E-03  0.00000E+00  0.00000E+00  1.78196E+06
   117  1.54616E-04 -7.88382E+01 -7.88365E+01 -1.68344E-03  0.00000E+00  0.00000E+00  1.77041E+06
   118  1.58460E-04 -7.88564E+01 -7.88547E+01 -1.75602E-03  0.00000E+00  0.00000E+00  1.75873E+06
   119  1.62392E-04 -7.88689E+01 -7.88671E+01 -1.83151E-03  0.00000E+00  0.00000E+00  1.74693E+06
   120  1.66415E-04 -7.88771E+01 -7.88752E+01 -1.90999E-03  0.00000E+00  0.00000E+00  1.73503E+06
   121  1.70531E-04 -7.88822E+01 -7.88802E+01 -1.99154E-03  0.00000E+00  0.00000E+00  1.72303E+06
   122  1.74742E-04 -7.88849E+01 -7.88829E+01 -2.07626E-03  0.00000E+00  0.00000E+00  1.71094E+06
   123  1.79051E-04 -7.88860E+01 -7.88839E+01 -2.16426E-03  0.00000E+00  0.00000E+00  1.69877E+06
   124  1.83459E-04 -7.88859E+01 -7.88837E+01 -2.25564E-03  0.00000E+00  0.00000E+00  1.68653E+06
   125  1.87968E-04 -7.88850E+01 -7.88827E+01 -2.35052E-03  0.00000E+00  0.00000E+00  1.67422E+06
   126  1.92582E-04 -7.88834E+01 -7.88810E+01 -2.44902E-03  0.00000E+00  0.00000E+00  1.66185E+06
   127  1.97303E-04 -7.88814E+01 -7.88789E+01 -2.55126E-03  0.00000E+00  0.00000E+00  1.64943E+06
   128  2.02132E-04 -7.88791E+01 -7.88765E+01 -2.65738E-03  0.00000E+00  0.00000E+00  1.63697E+06
   129  2.07073E-04 -7.88766E+01 -7.88738E+01 -2.76751E-03  0.00000E+00  0.00000E+00  1.62447E+06
   130  2.12128E-04 -7.88738E+01 -7.88709E+01 -2.88181E-03  0.00000E+00  0.00000E+00  1.61194E+06
   131  2.17300E-04 -7.88709E+01 -7.88679E+01 -3.00040E-03  0.00000E+00  0.00000E+00  1.59938E+06
   132  2.22592E-04 -7.88679E+01 -7.88648E+01 -3.12346E-03  0.00000E+00  0.00000E+00  1.58679E+06
   133  2.28006E-04 -7.88648E+01 -7.88616E+01 -3.25114E-03  0.00000E+00  0.00000E+00  1.57419E+06
   134  2.33544E-04 -7.88616E+01 -7.88583E+01 -3.38360E-03  0.00000E+00  0.00000E+00  1.56158E+06
   135  2.39211E-04 -7.88584E+01 -7.88548E+01 -3.52102E-03  0.00000E+00  0.00000E+00  1.54897E+06
   136  2.45009E-04 -7.88550E+01 -7.88513E+01 -3.66357E-03  0.00000E+00  0.00000E+00  1.53635E+06
   137  2.50940E-04 -7.88516E+01 -7.88478E+01 -3.81143E-03  0.00000E+00  0.00000E+00  1.52373E+06
   138  2.57009E-04 -7.88480E+01 -7.88441E+01 -3.96479E-03  0.00000E+00  0.00000E+00  1.51111E+06
   139  2.63217E-04 -7.88444E+01 -7.88403E+01 -4.12386E-03  0.00000E+00  0.00000E+00  1.49850E+06
   140  2.69570E-04 -7.88408E+01 -7.88365E+01 -4.28882E-03  0.00000E+00  0.00000E+00  1.48591E+06
   141  2.76068E-04 -7.88370E+01 -7.88325E+01 -4.45989E-03  0.00000E+00  0.00000E+00  1.47333E+06
   142  2.82717E-04 -7.88331E+01 -7.88285E+01 -4.63728E-03  0.00000E+00  0.00000E+00  1.46077E+06
   143  2.89520E-04 -7.88292E+01 -7.88244E+01 -4.82123E-03  0.00000E+00  0.00000E+00  1.44823E+06
   144  2.96480E-04 -7.88252E+01 -7.88202E+01 -5.01194E-03  0.00000E+00  0.00000E+00  1.43571E+06
   145  3.03600E-04 -7.88211E+01 -7.88158E+01 -5.20968E-03  0.00000E+00  0.00000E+00  1.42322E+06
   146  3.10885E-04 -7.88168E+01 -7.88114E+01 -5.41467E-03  0.00000E+00  0.00000E+00  1.41075E+06
   147  3.18338E-04 -7.88125E+01 -7.88069E+01 -5.62717E-03  0.00000E+00  0.00000E+00  1.39832E+06
   148  3.25964E-04 -7.88081E+01 -7.88023E+01 -5.84745E-03  0.00000E+00  0.00000E+00  1.38591E+06
   149  3.33765E-04 -7.88036E+01 -7.87976E+01 -6.07577E-03  0.00000E+00  0.00000E+00  1.37355E+06
   150  3.41747E-04 -7.87990E+01 -7.87927E+01 -6.31242E-03  0.00000E+00  0.00000E+00  1.36121E+06
   151  3.49913E-04 -7.87943E+01 -7.87878E+01 -6.55767E-03  0.00000E+00  0.00000E+00  1.34892E+06
   152  3.58268E-04 -7.87895E+01 -7.87827E+01 -6.81184E-03  0.00000E+00  0.00000E+00  1.33666E+06
   153  3.66816E-04 -7.87846E+01 -7.87776E+01 -7.07522E-03  0.00000E+00  0.00000E+00  1.32445E+06
   154  3.75561E-04 -7.87796E+01 -7.87723E+01 -7.34812E-03  0.00000E+00  0.00000E+00  1.31227E+06
   155  3.84508E-04 -7.87745E+01 -7.87668E+01 -7.63089E-03  0.00000E+00  0.00000E+00  1.30014E+06
   156  3.93662E-04 -7.87692E+01 -7.87613E+01 -7.92384E-03  0.00000E+00  0.00000E+00  1.28805E+06
   157  4.03027E-04 -7.87639E+01 -7.87556E+01 -8.22733E-03  0.00000E+00  0.00000E+00  1.27601E+06
   158  4.12609E-04 -7.87584E+01 -7.87498E+01 -8.54172E-03  0.00000E+00  0.00000E+00  1.26401E+06
   159  4.22412E-04 -7.87528E+01 -7.87439E+01 -8.86737E-03  0.00000E+00  0.00000E+00  1.25206E+06
   160  4.32442E-04 -7.87470E+01 -7.87378E+01 -9.20465E-03  0.00000E+00  0.00000E+00  1.24015E+06
   161  4.42703E-04 -7.87412E+01 -7.87316E+01 -9.55397E-03  0.00000E+00  0.00000E+00  1.22830E+06
   162  4.53201E-04 -7.87352E+01 -7.87253E+01 -9.91573E-03  0.00000E+00  0.00000E+00  1.21649E+06
   163  4.63942E-04 -7.87291E+01 -7.87188E+01 -1.02903E-02  0.00000E+00  0.00000E+00  1.20473E+06
   164  4.74930E-04 -7.87228E+01 -7.87121E+01 -1.06782E-02  0.00000E+00  0.00000E+00  1.19302E+06
   165  4.86173E-04 -7.87164E+01 -7.87053E+01 -1.10798E-02  0.00000E+00  0.00000E+00  1.18136E+06
   166  4.97675E-04 -7.87099E+01 -7.86984E+01 -1.14955E-02  0.00000E+00  0.00000E+00  1.16975E+06
   167  5.09443E-04 -7.87032E+01 -7.86912E+01 -1.19259E-02  0.00000E+00  0.00000E+00  1.15819E+06
   168  5.21483E-04 -7.86963E+01 -7.86840E+01 -1.23714E-02  0.00000E+00  0.00000E+00  1.14668E+06
   169  5.33801E-04 -7.86894E+01 -7.86765E+01 -1.28325E-02  0.00000E+00  0.00000E+00  1.13523E+06
   170  5.46403E-04 -7.86822E+01 -7.86689E+01 -1.33097E-02  0.00000E+00  0.00000E+00  1.12382E+06
   171  5.59297E-04 -7.86749E+01 -7.86611E+01 -1.38035E-02  0.00000E+00  0.00000E+00  1.11246E+06
   172  5.72488E-04 -7.86675E+01 -7.86531E+01 -1.43144E-02  0.00000E+00  0.00000E+00  1.10116E+06
   173  5.85984E-04 -7.86598E+01 -7.86450E+01 -1.48431E-02  0.00000E+00  0.00000E+00  1.08991E+06
   174  5.99792E-04 -7.86520E+01 -7.86367E+01 -1.53900E-02  0.00000E+00  0.00000E+00  1.07871E+06
   175  6.13919E-04 -7.86441E+01 -7.86281E+01 -1.59558E-02  0.00000E+00  0.00000E+00  1.06756E+06
   176  6.28372E-04 -7.86359E+01 -7.86194E+01 -1.65410E-02  0.00000E+00  0.00000E+00  1.05646E+06
   177  6.43159E-04 -7.86276E+01 -7.86105E+01 -1.71462E-02  0.00000E+00  0.00000E+00  1.04541E+06
   178  6.58287E-04 -7.86191E+01 -7.86013E+01 -1.77721E-02  0.00000E+00  0.00000E+00  1.03442E+06
   179  6.73765E-04 -7.86104E+01 -7.85920E+01 -1.84193E-02  0.00000E+00  0.00000E+00  1.02347E+06
   180  6.89600E-04 -7.86015E+01 -7.85824E+01 -1.90885E-02  0.00000E+00  0.00000E+00  1.01258E+06
   181  7.05802E-04 -7.85925E+01 -7.85727E+01 -1.97803E-02  0.00000E+00  0.00000E+00  1.00174E+06
   182  7.22377E-04 -7.85832E+01 -7.85627E+01 -2.04954E-02  0.00000E+00  0.00000E+00  9.90943E+05
   183  7.39335E-04 -7.85737E+01 -7.85525E+01 -2.12345E-02  0.00000E+00  0.00000E+00  9.80201E+05
   184  7.56685E-04 -7.85640E+01 -7.85420E+01 -2.19983E-02  0.00000E+00  0.00000E+00  9.69509E+05
   185  7.74436E-04 -7.85541E+01 -7.85313E+01 -2.27876E-02  0.00000E+00  0.00000E+00  9.58867E+05
   186  7.92597E-04 -7.85440E+01 -7.85204E+01 -2.36032E-02  0.00000E+00  0.00000E+00  9.48275E+05
   187  8.11177E-04 -7.85336E+01 -7.85092E+01 -2.44457E-02  0.00000E+00  0.00000E+00  9.37732E+05
   188  8.30186E-04 -7.85231E+01 -7.84977E+01 -2.53160E-02  0.00000E+00  0.00000E+00  9.27239E+05
   189  8.49635E-04 -7.85123E+01 -7.84860E+01 -2.62149E-02  0.00000E+00  0.00000E+00  9.16794E+05
   190  8.69532E-04 -7.85012E+01 -7.84741E+01 -2.71431E-02  0.00000E+00  0.00000E+00  9.06398E+05
   191  8.89890E-04 -7.84899E+01 -7.84618E+01 -2.81016E-02  0.00000E+00  0.00000E+00  8.96051E+05
   192  9.10717E-04 -7.84784E+01 -7.84493E+01 -2.90912E-02  0.00000E+00  0.00000E+00  8.85752E+05
   193  9.32026E-04 -7.84666E+01 -7.84365E+01 -3.01126E-02  0.00000E+00  0.00000E+00  8.75500E+05
   194  9.53827E-04 -7.84546E+01 -7.84234E+01 -3.11669E-02  0.00000E+00  0.00000E+00  8.65296E+05
   195  9.76131E-04 -7.84423E+01 -7.84100E+01 -3.22549E-02  0.00000E+00  0.00000E+00  8.55139E+05
   196  9.98950E-04 -7.84297E+01 -7.83963E+01 -3.33775E-02  0.00000E+00  0.00000E+00  8.45030E+05
   197  1.02230E-03 -7.84168E+01 -7.83823E+01 -3.45356E-02  0.00000E+00  0.00000E+00  8.34967E+05
   198  1.04618E-03 -7.84037E+01 -7.83680E+01 -3.57302E-02  0.00000E+00  0.00000E+00  8.24950E+05
   199  1.07062E-03 -7.83903E+01 -7.83533E+01 -3.69622E-02  0.00000E+00  0.00000E+00  8.14980E+05
   200  1.09562E-03 -7.83766E+01 -7.83383E+01 -3.82326E-02  0.00000E+00  0.00000E+00  8.05055E+05
   201  1.12120E-03 -7.83626E+01 -7.83230E+01 -3.95423E-02  0.00000E+00  0.00000E+00  7.95176E+05
   202  1.14737E-03 -7.83483E+01 -7.83074E+01 -4.08924E-02  0.00000E+00  0.00000E+00  7.85343E+05
   203  1.17415E-03 -7.83336E+01 -7.82913E+01 -4.22838E-02  0.00000E+00  0.00000E+00  7.75555E+05
   204  1.20154E-03 -7.83187E+01 -7.82750E+01 -4.37175E-02  0.00000E+00  0.00000E+00  7.65811E+05
   205  1.22956E-03 -7.83034E+01 -7.82582E+01 -4.51946E-02  0.00000E+00  0.00000E+00  7.56112E+05
   206  1.25824E-03 -7.82878E+01 -7.82411E+01 -4.67160E-02  0.00000E+00  0.00000E+00  7.46457E+05
   207  1.28757E-03 -7.82718E+01 -7.82236E+01 -4.82828E-02  0.00000E+00  0.00000E+00  7.36847E+05
   208  1.31759E-03 -7.82555E+01 -7.82056E+01 -4.98960E-02  0.00000E+00  0.00000E+00  7.27280E+05
   209  1.34829E-03 -7.82389E+01 -7.81873E+01 -5.15567E-02  0.00000E+00  0.00000E+00  7.17758E+05
   210  1.37971E-03 -7.82219E+01 -7.81686E+01 -5.32658E-02  0.00000E+00  0.00000E+00  7.08279E+05
   211  1.41185E-03 -7.82045E+01 -7.81495E+01 -5.50245E-02  0.00000E+00  0.00000E+00  6.98843E+05
   212  1.44473E-03 -7.81867E+01 -7.81299E+01 -5.68337E-02  0.00000E+00  0.00000E+00  6.89450E+05
   213  1.47837E-03 -7.81686E+01 -7.81099E+01 -5.86944E-02  0.00000E+00  0.00000E+00  6.80101E+05
   214  1.51279E-03 -7.81500E+01 -7.80894E+01 -6.06077E-02  0.00000E+00  0.00000E+00  6.70795E+05
   215  1.54801E-03 -7.81311E+01 -7.80685E+01 -6.25746E-02  0.00000E+00  0.00000E+00  6.61531E+05
   216  1.58404E-03 -7.81117E+01 -7.80471E+01 -6.45961E-02  0.00000E+00  0.00000E+00  6.52311E+05
   217  1.62090E-03 -7.80920E+01 -7.80253E+01 -6.66732E-02  0.00000E+00  0.00000E+00  6.43133E+05
   218  1.65861E-03 -7.80718E+01 -7.80029E+01 -6.88069E-02  0.00000E+00  0.00000E+00  6.33997E+05
   219  1.69719E-03 -7.80511E+01 -7.79801E+01 -7.09980E-02  0.00000E+00  0.00000E+00  6.24905E+05
   220  1.73666E-03 -7.80300E+01 -7.79568E+01 -7.32476E-02  0.00000E+00  0.00000E+00  6.15855E+05
   221  1.77705E-03 -7.80085E+01 -7.79329E+01 -7.55566E-02  0.00000E+00  0.00000E+00  6.06848E+05
   222  1.81836E-03 -7.79864E+01 -7.79085E+01 -7.79258E-02  0.00000E+00  0.00000E+00  5.97883E+05
   223  1.86064E-03 -7.79639E+01 -7.78836E+01 -8.03560E-02  0.00000E+00  0.00000E+00  5.88961E+05
   224  1.90388E-03 -7.79409E+01 -7.78581E+01 -8.28482E-02  0.00000E+00  0.00000E+00  5.80082E+05
   225  1.94813E-03 -7.79175E+01 -7.78321E+01 -8.54030E-02  0.00000E+00  0.00000E+00  5.71246E+05
   226  1.99340E-03 -7.78935E+01 -7.78054E+01 -8.80212E-02  0.00000E+00  0.00000E+00  5.62453E+05
   227  2.03971E-03 -7.78689E+01 -7.77782E+01 -9.07035E-02  0.00000E+00  0.00000E+00  5.53704E+05
   228  2.08710E-03 -7.78439E+01 -7.77504E+01 -9.34505E-02  0.00000E+00  0.00000E+00  5.44997E+05
   229  2.13558E-03 -7.78183E+01 -7.77220E+01 -9.62628E-02  0.00000E+00  0.00000E+00  5.36335E+05
   230  2.18517E-03 -7.77921E+01 -7.76930E+01 -9.91409E-02  0.00000E+00  0.00000E+00  5.27716E+05
   231  2.23592E-03 -7.77654E+01 -7.76633E+01 -1.02085E-01  0.00000E+00  0.00000E+00  5.19141E+05
   232  2.28783E-03 -7.77381E+01 -7.76330E+01 -1.05096E-01  0.00000E+00  0.00000E+00  5.10610E+05
   233  2.34094E-03 -7.77102E+01 -7.76021E+01 -1.08174E-01  0.00000E+00  0.00000E+00  5.02125E+05
   234  2.39528E-03 -7.76818E+01 -7.75704E+01 -1.11319E-01  0.00000E+00  0.00000E+00  4.93684E+05
   235  2.45088E-03 -7.76526E+01 -7.75381E+01 -1.14531E-01  0.00000E+00  0.00000E+00  4.85289E+05
   236  2.50776E-03 -7.76229E+01 -7.75051E+01 -1.17811E-01  0.00000E+00  0.00000E+00  4.76939E+05
   237  2.56595E-03 -7.75925E+01 -7.74714E+01 -1.21158E-01  0.00000E+00  0.00000E+00  4.68636E+05
   238  2.62549E-03 -7.75615E+01 -7.74369E+01 -1.24571E-01  0.00000E+00  0.00000E+00  4.60379E+05
   239  2.68640E-03 -7.75298E+01 -7.74017E+01 -1.28052E-01  0.00000E+00  0.00000E+00  4.52170E+05
   240  2.74872E-03 -7.74973E+01 -7.73657E+01 -1.31599E-01  0.00000E+00  0.00000E+00  4.44009E+05
   241  2.81247E-03 -7.74642E+01 -7.73290E+01 -1.35212E-01  0.00000E+00  0.00000E+00  4.35895E+05
   242  2.87770E-03 -7.74304E+01 -7.72915E+01 -1.38890E-01  0.00000E+00  0.00000E+00  4.27831E+05
   243  2.94444E-03 -7.73958E+01 -7.72532E+01 -1.42632E-01  0.00000E+00  0.00000E+00  4.19816E+05
   244  3.01271E-03 -7.73605E+01 -7.72141E+01 -1.46438E-01  0.00000E+00  0.00000E+00  4.11852E+05
   245  3.08256E-03 -7.73245E+01 -7.71742E+01 -1.50306E-01  0.00000E+00  0.00000E+00  4.03938E+05
   246  3.15403E-03 -7.72876E+01 -7.71334E+01 -1.54234E-01  0.00000E+00  0.00000E+00  3.96076E+05
   247  3.22715E-03 -7.72499E+01 -7.70917E+01 -1.58223E-01  0.00000E+00  0.00000E+00  3.88266E+05
   248  3.30195E-03 -7.72115E+01 -7.70492E+01 -1.62269E-01  0.00000E+00  0.00000E+00  3.80509E+05
   249  3.37848E-03 -7.71722E+01 -7.70058E+01 -1.66372E-01  0.00000E+00  0.00000E+00  3.72807E+05
   250  3.45678E-03 -7.71320E+01 -7.69615E+01 -1.70529E-01  0.00000E+00  0.00000E+00  3.65159E+05
   251  3.53689E-03 -7.70910E+01 -7.69162E+01 -1.74737E-01  0.00000E+00  0.00000E+00  3.57567E+05
   252  3.61884E-03 -7.70490E+01 -7.68701E+01 -1.78995E-01  0.00000E+00  0.00000E+00  3.50031E+05
   253  3.70269E-03 -7.70062E+01 -7.68229E+01 -1.83301E-01  0.00000E+00  0.00000E+00  3.42553E+05
   254  3.78847E-03 -7.69625E+01 -7.67748E+01 -1.87650E-01  0.00000E+00  0.00000E+00  3.35133E+05
   255  3.87624E-03 -7.69178E+01 -7.67257E+01 -1.92040E-01  0.00000E+00  0.00000E+00  3.27773E+05
   256  3.96603E-03 -7.68721E+01 -7.66756E+01 -1.96468E-01  0.00000E+00  0.00000E+00  3.20473E+05
   257  4.05789E-03 -7.68254E+01 -7.66245E+01 -2.00931E-01  0.00000E+00  0.00000E+00  3.13235E+05
   258  4.15188E-03 -7.67777E+01 -7.65723E+01 -2.05424E-01  0.00000E+00  0.00000E+00  3.06060E+05
   259  4.24804E-03 -7.67290E+01 -7.65191E+01 -2.09943E-01  0.00000E+00  0.00000E+00  2.98948E+05
   260  4.34641E-03 -7.66793E+01 -7.64648E+01 -2.14485E-01  0.00000E+00  0.00000E+00  2.91902E+05
   261  4.44706E-03 -7.66284E+01 -7.64094E+01 -2.19045E-01  0.00000E+00  0.00000E+00  2.84921E+05
   262  4.55003E-03 -7.65765E+01 -7.63529E+01 -2.23617E-01  0.00000E+00  0.00000E+00  2.78008E+05
   263  4.65537E-03 -7.65234E+01 -7.62952E+01 -2.28198E-01  0.00000E+00  0.00000E+00  2.71163E+05
   264  4.76315E-03 -7.64692E+01 -7.62365E+01 -2.32782E-01  0.00000E+00  0.00000E+00  2.64387E+05
   265  4.87342E-03 -7.64139E+01 -7.61765E+01 -2.37364E-01  0.00000E+00  0.00000E+00  2.57683E+05
   266  4.98623E-03 -7.63573E+01 -7.61154E+01 -2.41937E-01  0.00000E+00  0.00000E+00  2.51051E+05
   267  5.10165E-03 -7.62995E+01 -7.60530E+01 -2.46495E-01  0.00000E+00  0.00000E+00  2.44492E+05
   268  5.21973E-03 -7.62405E+01 -7.59895E+01 -2.51033E-01  0.00000E+00  0.00000E+00  2.38008E+05
   269  5.34054E-03 -7.61802E+01 -7.59246E+01 -2.55545E-01  0.00000E+00  0.00000E+00  2.31600E+05
   270  5.46413E-03 -7.61186E+01 -7.58586E+01 -2.60022E-01  0.00000E+00  0.00000E+00  2.25270E+05
   271  5.59058E-03 -7.60557E+01 -7.57912E+01 -2.64459E-01  0.00000E+00  0.00000E+00  2.19018E+05
   272  5.71995E-03 -7.59914E+01 -7.57226E+01 -2.68848E-01  0.00000E+00  0.00000E+00  2.12846E+05
   273  5.85230E-03 -7.59258E+01 -7.56526E+01 -2.73183E-01  0.00000E+00  0.00000E+00  2.06755E+05
   274  5.98771E-03 -7.58588E+01 -7.55813E+01 -2.77455E-01  0.00000E+00  0.00000E+00  2.00747E+05
   275  6.12625E-03 -7.57903E+01 -7.55086E+01 -2.81657E-01  0.00000E+00  0.00000E+00  1.94822E+05
   276  6.26798E-03 -7.57204E+01 -7.54346E+01 -2.85780E-01  0.00000E+00  0.00000E+00  1.88983E+05
   277  6.41298E-03 -7.56490E+01 -7.53591E+01 -2.89819E-01  0.00000E+00  0.00000E+00  1.83231E+05
   278  6.56133E-03 -7.55760E+01 -7.52823E+01 -2.93763E-01  0.00000E+00  0.00000E+00  1.77566E+05
   279  6.71310E-03 -7.55016E+01 -7.52040E+01 -2.97605E-01  0.00000E+00  0.00000E+00  1.71990E+05
   280  6.86838E-03 -7.54255E+01 -7.51242E+01 -3.01338E-01  0.00000E+00  0.00000E+00  1.66505E+05
   281  7.02724E-03 -7.53479E+01 -7.50429E+01 -3.04952E-01  0.00000E+00  0.00000E+00  1.61111E+05
   282  7.18977E-03 -7.52686E+01 -7.49602E+01 -3.08439E-01  0.00000E+00  0.00000E+00  1.55809E+05
   283  7.35604E-03 -7.51877E+01 -7.48759E+01 -3.11792E-01  0.00000E+00  0.00000E+00  1.50602E+05
   284  7.52616E-03 -7.51051E+01 -7.47901E+01 -3.15003E-01  0.00000E+00  0.00000E+00  1.45489E+05
   285  7.70020E-03 -7.50207E+01 -7.47027E+01 -3.18063E-01  0.00000E+00  0.00000E+00  1.40473E+05
   286  7.87825E-03 -7.49347E+01 -7.46137E+01 -3.20964E-01  0.00000E+00  0.00000E+00  1.35553E+05
   287  8.06042E-03 -7.48468E+01 -7.45231E+01 -3.23700E-01  0.00000E+00  0.00000E+00  1.30732E+05
   288  8.24679E-03 -7.47571E+01 -7.44309E+01 -3.26263E-01  0.00000E+00  0.00000E+00  1.26009E+05
   289  8.43745E-03 -7.46656E+01 -7.43370E+01 -3.28645E-01  0.00000E+00  0.00000E+00  1.21387E+05
   290  8.63252E-03 -7.45722E+01 -7.42414E+01 -3.30841E-01  0.00000E+00  0.00000E+00  1.16865E+05
   291  8.83209E-03 -7.44769E+01 -7.41441E+01 -3.32844E-01  0.00000E+00  0.00000E+00  1.12445E+05
   292  9.03626E-03 -7.43797E+01 -7.40451E+01 -3.34647E-01  0.00000E+00  0.00000E+00  1.08127E+05
   293  9.24515E-03 -7.42806E+01 -7.39443E+01 -3.36247E-01  0.00000E+00  0.00000E+00  1.03912E+05
   294  9.45885E-03 -7.41794E+01 -7.38418E+01 -3.37637E-01  0.00000E+00  0.00000E+00  9.98002E+04
   295  9.67749E-03 -7.40762E+01 -7.37374E+01 -3.38815E-01  0.00000E+00  0.00000E+00  9.57924E+04
   296  9.90116E-03 -7.39710E+01 -7.36312E+01 -3.39776E-01  0.00000E+00  0.00000E+00  9.18889E+04
   297  1.01300E-02 -7.38637E+01 -7.35232E+01 -3.40518E-01  0.00000E+00  0.00000E+00  8.80901E+04
   298  1.03641E-02 -7.37543E+01 -7.34133E+01 -3.41038E-01  0.00000E+00  0.00000E+00  8.43960E+04
   299  1.06036E-02 -7.36428E+01 -7.33014E+01 -3.41336E-01  0.00000E+00  0.00000E+00  8.08070E+04
   300  1.08487E-02 -7.35290E+01 -7.31876E+01 -3.41412E-01  0.00000E+00  0.00000E+00  7.73229E+04
   301  1.10994E-02 -7.34132E+01 -7.30719E+01 -3.41267E-01  0.00000E+00  0.00000E+00  7.39438E+04
   302  1.13558E-02 -7.32950E+01 -7.29541E+01 -3.40901E-01  0.00000E+00  0.00000E+00  7.06694E+04
   303  1.16182E-02 -7.31747E+01 -7.28344E+01 -3.40318E-01  0.00000E+00  0.00000E+00  6.74996E+04
   304  1.18867E-02 -7.30520E+01 -7.27125E+01 -3.39522E-01  0.00000E+00  0.00000E+00  6.44339E+04
   305  1.21613E-02 -7.29271E+01 -7.25886E+01 -3.38518E-01  0.00000E+00  0.00000E+00  6.14718E+04
   306  1.24423E-02 -7.27998E+01 -7.24625E+01 -3.37311E-01  0.00000E+00  0.00000E+00  5.86127E+04
   307  1.27297E-02 -7.26702E+01 -7.23343E+01 -3.35910E-01  0.00000E+00  0.00000E+00  5.58560E+04
   308  1.30238E-02 -7.25382E+01 -7.22039E+01 -3.34324E-01  0.00000E+00  0.00000E+00  5.32007E+04
   309  1.33247E-02 -7.24038E+01 -7.20713E+01 -3.32560E-01  0.00000E+00  0.00000E+00  5.06461E+04
   310  1.36325E-02 -7.22670E+01 -7.19364E+01 -3.30632E-01  0.00000E+00  0.00000E+00  4.81909E+04
   311  1.39474E-02 -7.21277E+01 -7.17992E+01 -3.28550E-01  0.00000E+00  0.00000E+00  4.58340E+04
   312  1.42695E-02 -7.19860E+01 -7.16596E+01 -3.26329E-01  0.00000E+00  0.00000E+00  4.35742E+04
   313  1.45991E-02 -7.18417E+01 -7.15177E+01 -3.23983E-01  0.00000E+00  0.00000E+00  4.14100E+04
   314  1.49363E-02 -7.16949E+01 -7.13734E+01 -3.21528E-01  0.00000E+00  0.00000E+00  3.93399E+04
   315  1.52812E-02 -7.15456E+01 -7.12266E+01 -3.18980E-01  0.00000E+00  0.00000E+00  3.73623E+04
   316  1.56341E-02 -7.13936E+01 -7.10773E+01 -3.16359E-01  0.00000E+00  0.00000E+00  3.54755E+04
   317  1.59952E-02 -7.12391E+01 -7.09254E+01 -3.13682E-01  0.00000E+00  0.00000E+00  3.36776E+04
   318  1.63645E-02 -7.10820E+01 -7.07710E+01 -3.10969E-01  0.00000E+00  0.00000E+00  3.19667E+04
   319  1.67424E-02 -7.09222E+01 -7.06140E+01 -3.08242E-01  0.00000E+00  0.00000E+00  3.03407E+04
   320  1.71290E-02 -7.07597E+01 -7.04542E+01 -3.05520E-01  0.00000E+00  0.00000E+00  2.87975E+04
   321  1.75245E-02 -7.05946E+01 -7.02918E+01 -3.02828E-01  0.00000E+00  0.00000E+00  2.73349E+04
   322  1.79291E-02 -7.04267E+01 -7.01265E+01 -3.00185E-01  0.00000E+00  0.00000E+00  2.59505E+04
   323  1.83430E-02 -7.02561E+01 -6.99585E+01 -2.97615E-01  0.00000E+00  0.00000E+00  2.46419E+04
   324  1.87665E-02 -7.00827E+01 -6.97876E+01 -2.95141E-01  0.00000E+00  0.00000E+00  2.34068E+04
   325  1.91997E-02 -6.99066E+01 -6.96138E+01 -2.92786E-01  0.00000E+00  0.00000E+00  2.22424E+04
   326  1.96429E-02 -6.97276E+01 -6.94370E+01 -2.90570E-01  0.00000E+00  0.00000E+00  2.11463E+04
   327  2.00963E-02 -6.95457E+01 -6.92572E+01 -2.88517E-01  0.00000E+00  0.00000E+00  2.01158E+04
   328  2.05602E-02 -6.93610E+01 -6.90743E+01 -2.86647E-01  0.00000E+00  0.00000E+00  1.91482E+04
   329  2.10348E-02 -6.91733E+01 -6.88884E+01 -2.84981E-01  0.00000E+00  0.00000E+00  1.82407E+04
   330  2.15202E-02 -6.89828E+01 -6.86992E+01 -2.83537E-01  0.00000E+00  0.00000E+00  1.73906E+04
   331  2.20169E-02 -6.87892E+01 -6.85069E+01 -2.82334E-01  0.00000E+00  0.00000E+00  1.65951E+04
   332  2.25250E-02 -6.85927E+01 -6.83113E+01 -2.81387E-01  0.00000E+00  0.00000E+00  1.58515E+04
   333  2.30448E-02 -6.83931E+01 -6.81124E+01 -2.80712E-01  0.00000E+00  0.00000E+00  1.51568E+04
   334  2.35766E-02 -6.81905E+01 -6.79101E+01 -2.80319E-01  0.00000E+00  0.00000E+00  1.45084E+04
   335  2.41206E-02 -6.79847E+01 -6.77045E+01 -2.80221E-01  0.00000E+00  0.00000E+00  1.39034E+04
   336  2.46771E-02 -6.77758E+01 -6.74954E+01 -2.80423E-01  0.00000E+00  0.00000E+00  1.33391E+04
   337  2.52465E-02 -6.75637E+01 -6.72828E+01 -2.80932E-01  0.00000E+00  0.00000E+00  1.28128E+04
   338  2.58289E-02 -6.73484E+01 -6.70667E+01 -2.81750E-01  0.00000E+00  0.00000E+00  1.23218E+04
   339  2.64248E-02 -6.71299E+01 -6.68470E+01 -2.82875E-01  0.00000E+00  0.00000E+00  1.18635E+04
   340  2.70344E-02 -6.69080E+01 -6.66237E+01 -2.84304E-01  0.00000E+00  0.00000E+00  1.14354E+04
   341  2.76580E-02 -6.66828E+01 -6.63968E+01 -2.86029E-01  0.00000E+00  0.00000E+00  1.10349E+04
   342  2.82960E-02 -6.64542E+01 -6.61661E+01 -2.88040E-01  0.00000E+00  0.00000E+00  1.06596E+04
   343  2.89486E-02 -6.62221E+01 -6.59318E+01 -2.90324E-01  0.00000E+00  0.00000E+00  1.03073E+04
   344  2.96163E-02 -6.59866E+01 -6.56937E+01 -2.92862E-01  0.00000E+00  0.00000E+00  9.97561E+03
   345  3.02993E-02 -6.57475E+01 -6.54519E+01 -2.95633E-01  0.00000E+00  0.00000E+00  9.66252E+03
   346  3.09981E-02 -6.55049E+01 -6.52063E+01 -2.98615E-01  0.00000E+00  0.00000E+00  9.36597E+03
   347  3.17129E-02 -6.52586E+01 -6.49569E+01 -3.01778E-01  0.00000E+00  0.00000E+00  9.08405E+03
   348  3.24441E-02 -6.50087E+01 -6.47036E+01 -3.05094E-01  0.00000E+00  0.00000E+00  8.81497E+03
   349  3.31922E-02 -6.47550E+01 -6.44465E+01 -3.08527E-01  0.00000E+00  0.00000E+00  8.55705E+03
   350  3.39575E-02 -6.44976E+01 -6.41856E+01 -3.12043E-01  0.00000E+00  0.00000E+00  8.30874E+03
   351  3.47403E-02 -6.42364E+01 -6.39208E+01 -3.15602E-01  0.00000E+00  0.00000E+00  8.06862E+03
   352  3.55412E-02 -6.39713E+01 -6.36522E+01 -3.19164E-01  0.00000E+00  0.00000E+00  7.83540E+03
   353  3.63605E-02 -6.37023E+01 -6.33797E+01 -3.22686E-01  0.00000E+00  0.00000E+00  7.60791E+03
   354  3.71986E-02 -6.34294E+01 -6.31033E+01 -3.26125E-01  0.00000E+00  0.00000E+00  7.38512E+03
   355  3.80560E-02 -6.31526E+01 -6.28231E+01 -3.29436E-01  0.00000E+00  0.00000E+00  7.16613E+03
   356  3.89330E-02 -6.28717E+01 -6.25391E+01 -3.32574E-01  0.00000E+00  0.00000E+00  6.95015E+03
   357  3.98303E-02 -6.25868E+01 -6.22513E+01 -3.35495E-01  0.00000E+00  0.00000E+00  6.73653E+03
   358  4.07481E-02 -6.22978E+01 -6.19596E+01 -3.38153E-01  0.00000E+00  0.00000E+00  6.52474E+03
   359  4.16871E-02 -6.20047E+01 -6.16642E+01 -3.40507E-01  0.00000E+00  0.00000E+00  6.31437E+03
   360  4.26475E-02 -6.17075E+01 -6.13650E+01 -3.42516E-01  0.00000E+00  0.00000E+00  6.10511E+03
   361  4.36301E-02 -6.14062E+01 -6.10621E+01 -3.44139E-01  0.00000E+00  0.00000E+00  5.89676E+03
   362  4.46352E-02 -6.11007E+01 -6.07554E+01 -3.45343E-01  0.00000E+00  0.00000E+00  5.68923E+03
   363  4.56634E-02 -6.07911E+01 -6.04450E+01 -3.46095E-01  0.00000E+00  0.00000E+00  5.48252E+03
   364  4.67152E-02 -6.04773E+01 -6.01310E+01 -3.46367E-01  0.00000E+00  0.00000E+00  5.27670E+03
   365  4.77912E-02 -6.01594E+01 -5.98132E+01 -3.46137E-01  0.00000E+00  0.00000E+00  5.07194E+03
   366  4.88918E-02 -5.98372E+01 -5.94919E+01 -3.45385E-01  0.00000E+00  0.00000E+00  4.86845E+03
   367  5.00177E-02 -5.95110E+01 -5.91669E+01 -3.44099E-01  0.00000E+00  0.00000E+00  4.66654E+03
   368  5.11694E-02 -5.91805E+01 -5.88382E+01 -3.42274E-01  0.00000E+00  0.00000E+00  4.46654E+03
   369  5.23475E-02 -5.88459E+01 -5.85060E+01 -3.39908E-01  0.00000E+00  0.00000E+00  4.26882E+03
   370  5.35527E-02 -5.85073E+01 -5.81702E+01 -3.37007E-01  0.00000E+00  0.00000E+00  4.07380E+03
   371  5.47855E-02 -5.81645E+01 -5.78309E+01 -3.33585E-01  0.00000E+00  0.00000E+00  3.88192E+03
   372  5.60466E-02 -5.78176E+01 -5.74879E+01 -3.29660E-01  0.00000E+00  0.00000E+00  3.69362E+03
   373  5.73365E-02 -5.74666E+01 -5.71414E+01 -3.25259E-01  0.00000E+00  0.00000E+00  3.50936E+03
   374  5.86561E-02 -5.71117E+01 -5.67913E+01 -3.20414E-01  0.00000E+00  0.00000E+00  3.32958E+03
   375  6.00059E-02 -5.67527E+01 -5.64375E+01 -3.15163E-01  0.00000E+00  0.00000E+00  3.15473E+03
   376  6.13866E-02 -5.63897E+01 -5.60802E+01 -3.09551E-01  0.00000E+00  0.00000E+00  2.98522E+03
   377  6.27989E-02 -5.60228E+01 -5.57192E+01 -3.03626E-01  0.00000E+00  0.00000E+00  2.82145E+03
   378  6.42436E-02 -5.56520E+01 -5.53545E+01 -2.97443E-01  0.00000E+00  0.00000E+00  2.66376E+03
   379  6.57214E-02 -5.52772E+01 -5.49861E+01 -2.91059E-01  0.00000E+00  0.00000E+00  2.51249E+03
   380  6.72330E-02 -5.48985E+01 -5.46140E+01 -2.84536E-01  0.00000E+00  0.00000E+00  2.36789E+03
   381  6.87791E-02 -5.45160E+01 -5.42381E+01 -2.77936E-01  0.00000E+00  0.00000E+00  2.23020E+03
   382  7.03607E-02 -5.41297E+01 -5.38583E+01 -2.71323E-01  0.00000E+00  0.00000E+00  2.09959E+03
   383  7.19785E-02 -5.37395E+01 -5.34747E+01 -2.64762E-01  0.00000E+00  0.00000E+00  1.97618E+03
   384  7.36333E-02 -5.33455E+01 -5.30871E+01 -2.58317E-01  0.00000E+00  0.00000E+00  1.86003E+03
   385  7.53259E-02 -5.29476E+01 -5.26956E+01 -2.52049E-01  0.00000E+00  0.00000E+00  1.75116E+03
   386  7.70572E-02 -5.25460E+01 -5.23000E+01 -2.46017E-01  0.00000E+00  0.00000E+00  1.64949E+03
   387  7.88281E-02 -5.21406E+01 -5.19003E+01 -2.40274E-01  0.00000E+00  0.00000E+00  1.55495E+03
   388  8.06395E-02 -5.17313E+01 -5.14965E+01 -2.34871E-01  0.00000E+00  0.00000E+00  1.46736E+03
   389  8.24922E-02 -5.13183E+01 -5.10885E+01 -2.29850E-01  0.00000E+00  0.00000E+00  1.38652E+03
   390  8.43873E-02 -5.09015E+01 -5.06763E+01 -2.25248E-01  0.00000E+00  0.00000E+00  1.31218E+03
   391  8.63256E-02 -5.04809E+01 -5.02598E+01 -2.21092E-01  0.00000E+00  0.00000E+00  1.24403E+03
   392  8.83082E-02 -5.00565E+01 -4.98391E+01 -2.17402E-01  0.00000E+00  0.00000E+00  1.18175E+03
   393  9.03360E-02 -4.96283E+01 -4.94141E+01 -2.14189E-01  0.00000E+00  0.00000E+00  1.12497E+03
   394  9.24102E-02 -4.91963E+01 -4.89848E+01 -2.11455E-01  0.00000E+00  0.00000E+00  1.07330E+03
   395  9.45316E-02 -4.87605E+01 -4.85513E+01 -2.09191E-01  0.00000E+00  0.00000E+00  1.02632E+03
   396  9.67014E-02 -4.83210E+01 -4.81136E+01 -2.07380E-01  0.00000E+00  0.00000E+00  9.83598E+02
   397  9.89207E-02 -4.78777E+01 -4.76717E+01 -2.05995E-01  0.00000E+00  0.00000E+00  9.44709E+02
   398  1.01191E-01 -4.74308E+01 -4.72258E+01 -2.05001E-01  0.00000E+00  0.00000E+00  9.09213E+02
   399  1.03512E-01 -4.69802E+01 -4.67758E+01 -2.04354E-01  0.00000E+00  0.00000E+00  8.76674E+02
   400  1.05887E-01 -4.65260E+01 -4.63220E+01 -2.04003E-01  0.00000E+00  0.00000E+00  8.46670E+02
   401  1.08315E-01 -4.60683E+01 -4.58644E+01 -2.03890E-01  0.00000E+00  0.00000E+00  8.18793E+02
   402  1.10799E-01 -4.56071E+01 -4.54031E+01 -2.03952E-01  0.00000E+00  0.00000E+00  7.92656E+02
   403  1.13339E-01 -4.51426E+01 -4.49385E+01 -2.04122E-01  0.00000E+00  0.00000E+00  7.67898E+02
   404  1.15937E-01 -4.46749E+01 -4.44705E+01 -2.04330E-01  0.00000E+00  0.00000E+00  7.44185E+02
   405  1.18594E-01 -4.42040E+01 -4.39995E+01 -2.04506E-01  0.00000E+00  0.00000E+00  7.21218E+02
   406  1.21312E-01 -4.37302E+01 -4.35256E+01 -2.04578E-01  0.00000E+00  0.00000E+00  6.98731E+02
   407  1.24091E-01 -4.32536E+01 -4.30491E+01 -2.04477E-01  0.00000E+00  0.00000E+00  6.76497E+02
   408  1.26934E-01 -4.27744E+01 -4.25702E+01 -2.04139E-01  0.00000E+00  0.00000E+00  6.54325E+02
   409  1.29841E-01 -4.22927E+01 -4.20892E+01 -2.03501E-01  0.00000E+00  0.00000E+00  6.32063E+02
   410  1.32814E-01 -4.18087E+01 -4.16062E+01 -2.02510E-01  0.00000E+00  0.00000E+00  6.09598E+02
   411  1.35854E-01 -4.13227E+01 -4.11216E+01 -2.01118E-01  0.00000E+00  0.00000E+00  5.86854E+02
   412  1.38963E-01 -4.08349E+01 -4.06356E+01 -1.99287E-01  0.00000E+00  0.00000E+00  5.63790E+02
   413  1.42143E-01 -4.03454E+01 -4.01484E+01 -1.96987E-01  0.00000E+00  0.00000E+00  5.40397E+02
   414  1.45395E-01 -3.98544E+01 -3.96602E+01 -1.94199E-01  0.00000E+00  0.00000E+00  5.16699E+02
   415  1.48721E-01 -3.93622E+01 -3.91713E+01 -1.90914E-01  0.00000E+00  0.00000E+00  4.92745E+02
   416  1.52121E-01 -3.88690E+01 -3.86819E+01 -1.87136E-01  0.00000E+00  0.00000E+00  4.68608E+02
   417  1.55599E-01 -3.83750E+01 -3.81921E+01 -1.82877E-01  0.00000E+00  0.00000E+00  4.44383E+02
   418  1.59155E-01 -3.78803E+01 -3.77021E+01 -1.78160E-01  0.00000E+00  0.00000E+00  4.20177E+02
   419  1.62792E-01 -3.73851E+01 -3.72120E+01 -1.73020E-01  0.00000E+00  0.00000E+00  3.96111E+02
   420  1.66511E-01 -3.68895E+01 -3.67220E+01 -1.67500E-01  0.00000E+00  0.00000E+00  3.72313E+02
   421  1.70314E-01 -3.63936E+01 -3.62319E+01 -1.61650E-01  0.00000E+00  0.00000E+00  3.48913E+02
   422  1.74203E-01 -3.58976E+01 -3.57420E+01 -1.55530E-01  0.00000E+00  0.00000E+00  3.26044E+02
   423  1.78179E-01 -3.54014E+01 -3.52522E+01 -1.49202E-01  0.00000E+00  0.00000E+00  3.03830E+02
   424  1.82246E-01 -3.49053E+01 -3.47625E+01 -1.42735E-01  0.00000E+00  0.00000E+00  2.82392E+02
   425  1.86403E-01 -3.44090E+01 -3.42728E+01 -1.36200E-01  0.00000E+00  0.00000E+00  2.61840E+02
   426  1.90655E-01 -3.39127E+01 -3.37830E+01 -1.29668E-01  0.00000E+00  0.00000E+00  2.42269E+02
   427  1.95002E-01 -3.34163E+01 -3.32931E+01 -1.23211E-01  0.00000E+00  0.00000E+00  2.23763E+02
   428  1.99447E-01 -3.29197E+01 -3.28028E+01 -1.16896E-01  0.00000E+00  0.00000E+00  2.06387E+02
   429  2.03992E-01 -3.24229E+01 -3.23121E+01 -1.10789E-01  0.00000E+00  0.00000E+00  1.90190E+02
   430  2.08639E-01 -3.19257E+01 -3.18208E+01 -1.04949E-01  0.00000E+00  0.00000E+00  1.75203E+02
   431  2.13390E-01 -3.14281E+01 -3.13287E+01 -9.94294E-02  0.00000E+00  0.00000E+00  1.61441E+02
   432  2.18248E-01 -3.09299E+01 -3.08356E+01 -9.42748E-02  0.00000E+00  0.00000E+00  1.48900E+02
   433  2.23215E-01 -3.04310E+01 -3.03415E+01 -8.95223E-02  0.00000E+00  0.00000E+00  1.37560E+02
   434  2.28293E-01 -2.99313E+01 -2.98461E+01 -8.51994E-02  0.00000E+00  0.00000E+00  1.27385E+02
   435  2.33485E-01 -2.94307E+01 -2.93494E+01 -8.13242E-02  0.00000E+00  0.00000E+00  1.18326E+02
   436  2.38793E-01 -2.89292E+01 -2.88513E+01 -7.79049E-02  0.00000E+00  0.00000E+00  1.10322E+02
   437  2.44220E-01 -2.84265E+01 -2.83516E+01 -7.49403E-02  0.00000E+00  0.00000E+00  1.03302E+02
   438  2.49768E-01 -2.79229E+01 -2.78504E+01 -7.24198E-02  0.00000E+00  0.00000E+00  9.71851E+01
   439  2.55440E-01 -2.74181E+01 -2.73478E+01 -7.03241E-02  0.00000E+00  0.00000E+00  9.18866E+01
   440  2.61238E-01 -2.69124E+01 -2.68438E+01 -6.86263E-02  0.00000E+00  0.00000E+00  8.73168E+01
   441  2.67166E-01 -2.64057E+01 -2.63384E+01 -6.72921E-02  0.00000E+00  0.00000E+00  8.33843E+01
   442  2.73226E-01 -2.58983E+01 -2.58320E+01 -6.62818E-02  0.00000E+00  0.00000E+00  7.99980E+01
   443  2.79421E-01 -2.53903E+01 -2.53248E+01 -6.55507E-02  0.00000E+00  0.00000E+00  7.70690E+01
   444  2.85754E-01 -2.48820E+01 -2.48170E+01 -6.50511E-02  0.00000E+00  0.00000E+00  7.45119E+01
   445  2.92227E-01 -2.43737E+01 -2.43090E+01 -6.47331E-02  0.00000E+00  0.00000E+00  7.22464E+01
   446  2.98844E-01 -2.38658E+01 -2.38012E+01 -6.45461E-02  0.00000E+00  0.00000E+00  7.01989E+01
   447  3.05608E-01 -2.33586E+01 -2.32941E+01 -6.44402E-02  0.00000E+00  0.00000E+00  6.83026E+01
   448  3.12521E-01 -2.28525E+01 -2.27882E+01 -6.43674E-02  0.00000E+00  0.00000E+00  6.64991E+01
   449  3.19588E-01 -2.23482E+01 -2.22839E+01 -6.42822E-02  0.00000E+00  0.00000E+00  6.47380E+01
   450  3.26811E-01 -2.18461E+01 -2.17819E+01 -6.41433E-02  0.00000E+00  0.00000E+00  6.29779E+01
   451  3.34194E-01 -2.13467E+01 -2.12828E+01 -6.39139E-02  0.00000E+00  0.00000E+00  6.11855E+01
   452  3.41740E-01 -2.08507E+01 -2.07871E+01 -6.35625E-02  0.00000E+00  0.00000E+00  5.93361E+01
   453  3.49452E-01 -2.03586E+01 -2.02955E+01 -6.30633E-02  0.00000E+00  0.00000E+00  5.74126E+01
   454  3.57334E-01 -1.98709E+01 -1.98085E+01 -6.23965E-02  0.00000E+00  0.00000E+00  5.54052E+01
   455  3.65390E-01 -1.93883E+01 -1.93268E+01 -6.15484E-02  0.00000E+00  0.00000E+00  5.33107E+01
   456  3.73623E-01 -1.89114E+01 -1.88509E+01 -6.05113E-02  0.00000E+00  0.00000E+00  5.11314E+01
   457  3.82036E-01 -1.84406E+01 -1.83813E+01 -5.92832E-02  0.00000E+00  0.00000E+00  4.88746E+01
   458  3.90634E-01 -1.79765E+01 -1.79186E+01 -5.78678E-02  0.00000E+00  0.00000E+00  4.65514E+01
   459  3.99421E-01 -1.75195E+01 -1.74632E+01 -5.62734E-02  0.00000E+00  0.00000E+00  4.41763E+01
   460  4.08400E-01 -1.70700E+01 -1.70155E+01 -5.45127E-02  0.00000E+00  0.00000E+00  4.17655E+01
   461  4.17575E-01 -1.66285E+01 -1.65759E+01 -5.26022E-02  0.00000E+00  0.00000E+00  3.93370E+01
   462  4.26951E-01 -1.61952E+01 -1.61446E+01 -5.05613E-02  0.00000E+00  0.00000E+00  3.69092E+01
   463  4.36531E-01 -1.57703E+01 -1.57219E+01 -4.84116E-02  0.00000E+00  0.00000E+00  3.45007E+01
   464  4.46319E-01 -1.53541E+01 -1.53079E+01 -4.61763E-02  0.00000E+00  0.00000E+00  3.21292E+01
   465  4.56321E-01 -1.49466E+01 -1.49027E+01 -4.38794E-02  0.00000E+00  0.00000E+00  2.98114E+01
   466  4.66539E-01 -1.45480E+01 -1.45064E+01 -4.15452E-02  0.00000E+00  0.00000E+00  2.75628E+01
   467  4.76980E-01 -1.41581E+01 -1.41189E+01 -3.91974E-02  0.00000E+00  0.00000E+00  2.53967E+01
   468  4.87646E-01 -1.37770E+01 -1.37402E+01 -3.68587E-02  0.00000E+00  0.00000E+00  2.33246E+01
   469  4.98544E-01 -1.34046E+01 -1.33700E+01 -3.45506E-02  0.00000E+00  0.00000E+00  2.13560E+01
   470  5.09677E-01 -1.30406E+01 -1.30083E+01 -3.22925E-02  0.00000E+00  0.00000E+00  1.94980E+01
   471  5.21050E-01 -1.26848E+01 -1.26547E+01 -3.01019E-02  0.00000E+00  0.00000E+00  1.77558E+01
   472  5.32667E-01 -1.23370E+01 -1.23090E+01 -2.79939E-02  0.00000E+00  0.00000E+00  1.61324E+01
   473  5.44535E-01 -1.19969E+01 -1.19710E+01 -2.59810E-02  0.00000E+00  0.00000E+00  1.46290E+01
   474  5.56657E-01 -1.16643E+01 -1.16402E+01 -2.40734E-02  0.00000E+00  0.00000E+00  1.32449E+01
   475  5.69040E-01 -1.13387E+01 -1.13164E+01 -2.22786E-02  0.00000E+00  0.00000E+00  1.19778E+01
   476  5.81687E-01 -1.10199E+01 -1.09993E+01 -2.06017E-02  0.00000E+00  0.00000E+00  1.08244E+01
   477  5.94605E-01 -1.07074E+01 -1.06884E+01 -1.90455E-02  0.00000E+00  0.00000E+00  9.77982E+00
   478  6.07798E-01 -1.04011E+01 -1.03835E+01 -1.76107E-02  0.00000E+00  0.00000E+00  8.83851E+00
   479  6.21272E-01 -1.01005E+01 -1.00842E+01 -1.62960E-02  0.00000E+00  0.00000E+00  7.99414E+00
   480  6.35032E-01 -9.80537E+00 -9.79027E+00 -1.50983E-02  0.00000E+00  0.00000E+00  7.23992E+00
   481  6.49084E-01 -9.51540E+00 -9.50138E+00 -1.40131E-02  0.00000E+00  0.00000E+00  6.56873E+00
   482  6.63434E-01 -9.23034E+00 -9.21730E+00 -1.30348E-02  0.00000E+00  0.00000E+00  5.97332E+00
   483  6.78087E-01 -8.94996E+00 -8.93781E+00 -1.21567E-02  0.00000E+00  0.00000E+00  5.44645E+00
   484  6.93050E-01 -8.67407E+00 -8.66269E+00 -1.13714E-02  0.00000E+00  0.00000E+00  4.98106E+00
   485  7.08327E-01 -8.40249E+00 -8.39182E+00 -1.06710E-02  0.00000E+00  0.00000E+00  4.57032E+00
   486  7.23925E-01 -8.13509E+00 -8.12504E+00 -1.00475E-02  0.00000E+00  0.00000E+00  4.20779E+00
   487  7.39851E-01 -7.87178E+00 -7.86229E+00 -9.49261E-03  0.00000E+00  0.00000E+00  3.88739E+00
   488  7.56110E-01 -7.61249E+00 -7.60349E+00 -8.99833E-03  0.00000E+00  0.00000E+00  3.60357E+00
   489  7.72708E-01 -7.35719E+00 -7.34863E+00 -8.55686E-03  0.00000E+00  0.00000E+00  3.35124E+00
   490  7.89652E-01 -7.10587E+00 -7.09770E+00 -8.16081E-03  0.00000E+00  0.00000E+00  3.12583E+00
   491  8.06949E-01 -6.85855E+00 -6.85075E+00 -7.80326E-03  0.00000E+00  0.00000E+00  2.92327E+00
   492  8.24604E-01 -6.61530E+00 -6.60782E+00 -7.47788E-03  0.00000E+00  0.00000E+00  2.74002E+00
   493  8.42625E-01 -6.37617E+00 -6.36899E+00 -7.17894E-03  0.00000E+00  0.00000E+00  2.57299E+00
   494  8.61018E-01 -6.14125E+00 -6.13435E+00 -6.90136E-03  0.00000E+00  0.00000E+00  2.41956E+00
   495  8.79790E-01 -5.91065E+00 -5.90401E+00 -6.64073E-03  0.00000E+00  0.00000E+00  2.27752E+00
   496  8.98947E-01 -5.68448E+00 -5.67808E+00 -6.39327E-03  0.00000E+00  0.00000E+00  2.14502E+00
   497  9.18498E-01 -5.46285E+00 -5.45669E+00 -6.15582E-03  0.00000E+00  0.00000E+00  2.02059E+00
   498  9.38448E-01 -5.24589E+00 -5.23996E+00 -5.92583E-03  0.00000E+00  0.00000E+00  1.90303E+00
   499  9.58805E-01 -5.03372E+00 -5.02802E+00 -5.70128E-03  0.00000E+00  0.00000E+00  1.79140E+00
   500  9.79576E-01 -4.82647E+00 -4.82099E+00 -5.48065E-03  0.00000E+00  0.00000E+00  1.68499E+00
   501  1.00077E+00 -4.62423E+00 -4.61897E+00 -5.26288E-03  0.00000E+00  0.00000E+00  1.58326E+00
   502  1.02239E+00 -4.42713E+00 -4.42208E+00 -5.04726E-03  0.00000E+00  0.00000E+00  1.48583E+00
   503  1.04445E+00 -4.23525E+00 -4.23042E+00 -4.83344E-03  0.00000E+00  0.00000E+00  1.39243E+00
   504  1.06695E+00 -4.04867E+00 -4.04405E+00 -4.62133E-03  0.00000E+00  0.00000E+00  1.30288E+00
   505  1.08990E+00 -3.86747E+00 -3.86306E+00 -4.41104E-03  0.00000E+00  0.00000E+00  1.21709E+00
   506  1.11331E+00 -3.69170E+00 -3.68749E+00 -4.20288E-03  0.00000E+00  0.00000E+00  1.13499E+00
   507  1.13719E+00 -3.52139E+00 -3.51739E+00 -3.99726E-03  0.00000E+00  0.00000E+00  1.05655E+00
   508  1.16155E+00 -3.35656E+00 -3.35277E+00 -3.79468E-03  0.00000E+00  0.00000E+00  9.81759E-01
   509  1.18638E+00 -3.19723E+00 -3.19364E+00 -3.59568E-03  0.00000E+00  0.00000E+00  9.10610E-01
   510  1.21171E+00 -3.04338E+00 -3.03998E+00 -3.40081E-03  0.00000E+00  0.00000E+00  8.43095E-01
   511  1.23754E+00 -2.89499E+00 -2.89178E+00 -3.21064E-03  0.00000E+00  0.00000E+00  7.79195E-01
   512  1.26387E+00 -2.75202E+00 -2.74899E+00 -3.02566E-03  0.00000E+00  0.00000E+00  7.18880E-01
   513  1.29072E+00 -2.61440E+00 -2.61156E+00 -2.84636E-03  0.00000E+00  0.00000E+00  6.62104E-01
   514  1.31809E+00 -2.48208E+00 -2.47941E+00 -2.67315E-03  0.00000E+00  0.00000E+00  6.08808E-01
   515  1.34600E+00 -2.35498E+00 -2.35247E+00 -2.50638E-03  0.00000E+00  0.00000E+00  5.58912E-01
   516  1.37444E+00 -2.23300E+00 -2.23065E+00 -2.34632E-03  0.00000E+00  0.00000E+00  5.12324E-01
   517  1.40344E+00 -2.11604E+00 -2.11385E+00 -2.19320E-03  0.00000E+00  0.00000E+00  4.68938E-01
   518  1.43299E+00 -2.00400E+00 -2.00195E+00 -2.04715E-03  0.00000E+00  0.00000E+00  4.28633E-01
   519  1.46311E+00 -1.89675E+00 -1.89484E+00 -1.90824E-03  0.00000E+00  0.00000E+00  3.91282E-01
   520  1.49380E+00 -1.79418E+00 -1.79241E+00 -1.77649E-03  0.00000E+00  0.00000E+00  3.56747E-01
   521  1.52508E+00 -1.69617E+00 -1.69451E+00 -1.65186E-03  0.00000E+00  0.00000E+00  3.24885E-01
   522  1.55694E+00 -1.60256E+00 -1.60103E+00 -1.53424E-03  0.00000E+00  0.00000E+00  2.95550E-01
   523  1.58941E+00 -1.51325E+00 -1.51182E+00 -1.42351E-03  0.00000E+00  0.00000E+00  2.68594E-01
   524  1.62249E+00 -1.42807E+00 -1.42676E+00 -1.31947E-03  0.00000E+00  0.00000E+00  2.43870E-01
   525  1.65619E+00 -1.34691E+00 -1.34569E+00 -1.22193E-03  0.00000E+00  0.00000E+00  2.21230E-01
   526  1.69052E+00 -1.26962E+00 -1.26849E+00 -1.13064E-03  0.00000E+00  0.00000E+00  2.00533E-01
   527  1.72548E+00 -1.19607E+00 -1.19502E+00 -1.04536E-03  0.00000E+00  0.00000E+00  1.81638E-01
   528  1.76109E+00 -1.12611E+00 -1.12514E+00 -9.65804E-04  0.00000E+00  0.00000E+00  1.64413E-01
   529  1.79736E+00 -1.05961E+00 -1.05872E+00 -8.91708E-04  0.00000E+00  0.00000E+00  1.48729E-01
   530  1.83429E+00 -9.96447E-01 -9.95624E-01 -8.22785E-04  0.00000E+00  0.00000E+00  1.34464E-01
   531  1.87189E+00 -9.36479E-01 -9.35720E-01 -7.58752E-04  0.00000E+00  0.00000E+00  1.21502E-01
   532  1.91018E+00 -8.79580E-01 -8.78881E-01 -6.99327E-04  0.00000E+00  0.00000E+00  1.09737E-01
   533  1.94916E+00 -8.25626E-01 -8.24982E-01 -6.44232E-04  0.00000E+00  0.00000E+00  9.90664E-02
   534  1.98884E+00 -7.74494E-01 -7.73901E-01 -5.93198E-04  0.00000E+00  0.00000E+00  8.93955E-02
   535  2.02923E+00 -7.26064E-01 -7.25518E-01 -5.45964E-04  0.00000E+00  0.00000E+00  8.06369E-02
   536  2.07033E+00 -6.80222E-01 -6.79719E-01 -5.02277E-04  0.00000E+00  0.00000E+00  7.27093E-02
   537  2.11217E+00 -6.36853E-01 -6.36391E-01 -4.61898E-04  0.00000E+00  0.00000E+00  6.55378E-02
   538  2.15475E+00 -5.95850E-01 -5.95426E-01 -4.24598E-04  0.00000E+00  0.00000E+00  5.90535E-02
   539  2.19807E+00 -5.57107E-01 -5.56717E-01 -3.90161E-04  0.00000E+00  0.00000E+00  5.31931E-02
   540  2.24215E+00 -5.20521E-01 -5.20163E-01 -3.58382E-04  0.00000E+00  0.00000E+00  4.78988E-02
   541  2.28699E+00 -4.85995E-01 -4.85666E-01 -3.29068E-04  0.00000E+00  0.00000E+00  4.31177E-02
   542  2.33261E+00 -4.53432E-01 -4.53130E-01 -3.02040E-04  0.00000E+00  0.00000E+00  3.88014E-02
   543  2.37901E+00 -4.22741E-01 -4.22464E-01 -2.77128E-04  0.00000E+00  0.00000E+00  3.49061E-02
   544  2.42620E+00 -3.93833E-01 -3.93579E-01 -2.54174E-04  0.00000E+00  0.00000E+00  3.13917E-02
   545  2.47420E+00 -3.66623E-01 -3.66390E-01 -2.33032E-04  0.00000E+00  0.00000E+00  2.82218E-02
   546  2.52301E+00 -3.41029E-01 -3.40816E-01 -2.13565E-04  0.00000E+00  0.00000E+00  2.53635E-02
   547  2.57264E+00 -3.16972E-01 -3.16776E-01 -1.95646E-04  0.00000E+00  0.00000E+00  2.27869E-02
   548  2.62309E+00 -2.94374E-01 -2.94195E-01 -1.79157E-04  0.00000E+00  0.00000E+00  2.04648E-02
   549  2.67439E+00 -2.73164E-01 -2.73000E-01 -1.63988E-04  0.00000E+00  0.00000E+00  1.83726E-02
   550  2.72653E+00 -2.53271E-01 -2.53121E-01 -1.50039E-04  0.00000E+00  0.00000E+00  1.64882E-02
   551  2.77953E+00 -2.34627E-01 -2.34490E-01 -1.37215E-04  0.00000E+00  0.00000E+00  1.47912E-02
   552  2.83339E+00 -2.17168E-01 -2.17042E-01 -1.25428E-04  0.00000E+00  0.00000E+00  1.32636E-02
   553  2.88812E+00 -2.00830E-01 -2.00715E-01 -1.14600E-04  0.00000E+00  0.00000E+00  1.18888E-02
   554  2.94374E+00 -1.85555E-01 -1.85450E-01 -1.04655E-04  0.00000E+00  0.00000E+00  1.06519E-02
   555  3.00024E+00 -1.71285E-01 -1.71189E-01 -9.55249E-05  0.00000E+00  0.00000E+00  9.53941E-03
   556  3.05765E+00 -1.57965E-01 -1.57877E-01 -8.71454E-05  0.00000E+00  0.00000E+00  8.53918E-03
   557  3.11596E+00 -1.45542E-01 -1.45463E-01 -7.94581E-05  0.00000E+00  0.00000E+00  7.64017E-03
   558  3.17519E+00 -1.33967E-01 -1.33895E-01 -7.24084E-05  0.00000E+00  0.00000E+00  6.83242E-03
   559  3.23534E+00 -1.23192E-01 -1.23126E-01 -6.59463E-05  0.00000E+00  0.00000E+00  6.10693E-03
   560  3.29642E+00 -1.13169E-01 -1.13109E-01 -6.00251E-05  0.00000E+00  0.00000E+00  5.45558E-03
   561  3.35844E+00 -1.03856E-01 -1.03802E-01 -5.46020E-05  0.00000E+00  0.00000E+00  4.87102E-03
   562  3.42141E+00 -9.52112E-02 -9.51615E-02 -4.96374E-05  0.00000E+00  0.00000E+00  4.34662E-03
   563  3.48534E+00 -8.71935E-02 -8.71484E-02 -4.50947E-05  0.00000E+00  0.00000E+00  3.87639E-03
   564  3.55023E+00 -7.97652E-02 -7.97243E-02 -4.09400E-05  0.00000E+00  0.00000E+00  3.45491E-03
   565  3.61609E+00 -7.28901E-02 -7.28530E-02 -3.71422E-05  0.00000E+00  0.00000E+00  3.07732E-03
   566  3.68292E+00 -6.65337E-02 -6.65000E-02 -3.36724E-05  0.00000E+00  0.00000E+00  2.73921E-03
   567  3.75074E+00 -6.06630E-02 -6.06325E-02 -3.05041E-05  0.00000E+00  0.00000E+00  2.43659E-03
   568  3.81956E+00 -5.52469E-02 -5.52193E-02 -2.76127E-05  0.00000E+00  0.00000E+00  2.16589E-03
   569  3.88937E+00 -5.02557E-02 -5.02307E-02 -2.49755E-05  0.00000E+00  0.00000E+00  1.92387E-03
   570  3.96019E+00 -4.56612E-02 -4.56386E-02 -2.25718E-05  0.00000E+00  0.00000E+00  1.70762E-03
   571  4.03202E+00 -4.14369E-02 -4.14165E-02 -2.03823E-05  0.00000E+00  0.00000E+00  1.51451E-03
   572  4.10488E+00 -3.75574E-02 -3.75390E-02 -1.83892E-05  0.00000E+00  0.00000E+00  1.34216E-03
   573  4.17876E+00 -3.39989E-02 -3.39823E-02 -1.65762E-05  0.00000E+00  0.00000E+00  1.18844E-03
   574  4.25367E+00 -3.07388E-02 -3.07239E-02 -1.49282E-05  0.00000E+00  0.00000E+00  1.05144E-03
   575  4.32962E+00 -2.77559E-02 -2.77425E-02 -1.34313E-05  0.00000E+00  0.00000E+00  9.29409E-04
   576  4.40661E+00 -2.50300E-02 -2.50179E-02 -1.20727E-05  0.00000E+00  0.00000E+00  8.20803E-04
   577  4.48465E+00 -2.25421E-02 -2.25313E-02 -1.08407E-05  0.00000E+00  0.00000E+00  7.24213E-04
   578  4.56376E+00 -2.02745E-02 -2.02648E-02 -9.72441E-06  0.00000E+00  0.00000E+00  6.38379E-04
   579  4.64392E+00 -1.82104E-02 -1.82017E-02 -8.71385E-06  0.00000E+00  0.00000E+00  5.62163E-04
   580  4.72515E+00 -1.63342E-02 -1.63264E-02 -7.79984E-06  0.00000E+00  0.00000E+00  4.94547E-04
   581  4.80745E+00 -1.46310E-02 -1.46240E-02 -6.97395E-06  0.00000E+00  0.00000E+00  4.34611E-04
   582  4.89082E+00 -1.30870E-02 -1.30808E-02 -6.22841E-06  0.00000E+00  0.00000E+00  3.81533E-04
   583  4.97528E+00 -1.16894E-02 -1.16839E-02 -5.55610E-06  0.00000E+00  0.00000E+00  3.34571E-04
   584  5.06083E+00 -1.04261E-02 -1.04212E-02 -4.95045E-06  0.00000E+00  0.00000E+00  2.93062E-04
   585  5.14747E+00 -9.28588E-03 -9.28148E-03 -4.40545E-06  0.00000E+00  0.00000E+00  2.56409E-04
   586  5.23520E+00 -8.25825E-03 -8.25433E-03 -3.91557E-06  0.00000E+00  0.00000E+00  2.24078E-04
   587  5.32403E+00 -7.33348E-03 -7.33000E-03 -3.47575E-06  0.00000E+00  0.00000E+00  1.95589E-04
   588  5.41397E+00 -6.50254E-03 -6.49946E-03 -3.08135E-06  0.00000E+00  0.00000E+00  1.70514E-04
   589  5.50501E+00 -5.75706E-03 -5.75433E-03 -2.72809E-06  0.00000E+00  0.00000E+00  1.48469E-04
   590  5.59716E+00 -5.08929E-03 -5.08688E-03 -2.41209E-06  0.00000E+00  0.00000E+00  1.29111E-04
   591  5.69042E+00 -4.49207E-03 -4.48994E-03 -2.12978E-06  0.00000E+00  0.00000E+00  1.12131E-04
   592  5.78480E+00 -3.95879E-03 -3.95691E-03 -1.87790E-06  0.00000E+00  0.00000E+00  9.72567E-05
   593  5.88031E+00 -3.48338E-03 -3.48172E-03 -1.65348E-06  0.00000E+00  0.00000E+00  8.42429E-05
   594  5.97693E+00 -3.06023E-03 -3.05878E-03 -1.45379E-06  0.00000E+00  0.00000E+00  7.28715E-05
   595  6.07468E+00 -2.68423E-03 -2.68295E-03 -1.27636E-06  0.00000E+00  0.00000E+00  6.29483E-05
   596  6.17356E+00 -2.35066E-03 -2.34954E-03 -1.11893E-06  0.00000E+00  0.00000E+00  5.43005E-05
   597  6.27356E+00 -2.05524E-03 -2.05426E-03 -9.79462E-07  0.00000E+00  0.00000E+00  4.67744E-05
   598  6.37470E+00 -1.79404E-03 -1.79318E-03 -8.56081E-07  0.00000E+00  0.00000E+00  4.02337E-05
   599  6.47697E+00 -1.56348E-03 -1.56274E-03 -7.47099E-07  0.00000E+00  0.00000E+00  3.45574E-05
   600  6.58038E+00 -1.36032E-03 -1.35967E-03 -6.50984E-07  0.00000E+00  0.00000E+00  2.96384E-05
   601  6.68492E+00 -1.18162E-03 -1.18105E-03 -5.66349E-07  0.00000E+00  0.00000E+00  2.53818E-05
   602  6.79060E+00 -1.02468E-03 -1.02419E-03 -4.91941E-07  0.00000E+00  0.00000E+00  2.17040E-05
   603  6.89743E+00 -8.87117E-04 -8.86691E-04 -4.26629E-07  0.00000E+00  0.00000E+00  1.85310E-05
   604  7.00539E+00 -7.66735E-04 -7.66366E-04 -3.69394E-07  0.00000E+00  0.00000E+00  1.57977E-05
   605  7.11449E+00 -6.61576E-04 -6.61257E-04 -3.19321E-07  0.00000E+00  0.00000E+00  1.34468E-05
   606  7.22473E+00 -5.69877E-04 -5.69602E-04 -2.75585E-07  0.00000E+00  0.00000E+00  1.14280E-05
   607  7.33611E+00 -4.90058E-04 -4.89821E-04 -2.37448E-07  0.00000E+00  0.00000E+00  9.69703E-06
   608  7.44864E+00 -4.20703E-04 -4.20499E-04 -2.04251E-07  0.00000E+00  0.00000E+00  8.21530E-06
   609  7.56230E+00 -3.60548E-04 -3.60373E-04 -1.75403E-07  0.00000E+00  0.00000E+00  6.94894E-06
   610  7.67711E+00 -3.08466E-04 -3.08316E-04 -1.50377E-07  0.00000E+00  0.00000E+00  5.86841E-06
   611  7.79306E+00 -2.63456E-04 -2.63327E-04 -1.28705E-07  0.00000E+00  0.00000E+00  4.94794E-06
   612  7.91015E+00 -2.24626E-04 -2.24516E-04 -1.09971E-07  0.00000E+00  0.00000E+00  4.16511E-06
   613  8.02838E+00 -1.91190E-04 -1.91096E-04 -9.38032E-08  0.00000E+00  0.00000E+00  3.50046E-06
   614  8.14775E+00 -1.62450E-04 -1.62370E-04 -7.98763E-08  0.00000E+00  0.00000E+00  2.93708E-06
   615  8.26826E+00 -1.37792E-04 -1.37724E-04 -6.79007E-08  0.00000E+00  0.00000E+00  2.46034E-06
   616  8.38990E+00 -1.16675E-04 -1.16617E-04 -5.76215E-08  0.00000E+00  0.00000E+00  2.05761E-06
   617  8.51268E+00 -9.86223E-05 -9.85735E-05 -4.88141E-08  0.00000E+00  0.00000E+00  1.71797E-06
   618  8.63659E+00 -8.32185E-05 -8.31772E-05 -4.12816E-08  0.00000E+00  0.00000E+00  1.43202E-06
   619  8.76164E+00 -7.00987E-05 -7.00639E-05 -3.48510E-08  0.00000E+00  0.00000E+00  1.19169E-06
   620  8.88781E+00 -5.89448E-05 -5.89154E-05 -2.93710E-08  0.00000E+00  0.00000E+00  9.90055E-07
   621  9.01512E+00 -4.94795E-05 -4.94548E-05 -2.47098E-08  0.00000E+00  0.00000E+00  8.21169E-07
   622  9.14355E+00 -4.14620E-05 -4.14413E-05 -2.07521E-08  0.00000E+00  0.00000E+00  6.79958E-07
   623  9.27310E+00 -3.46832E-05 -3.46658E-05 -1.73979E-08  0.00000E+00  0.00000E+00  5.62093E-07
   624  9.40378E+00 -2.89624E-05 -2.89478E-05 -1.45605E-08  0.00000E+00  0.00000E+00  4.63884E-07
   625  9.53557E+00 -2.41431E-05 -2.41310E-05 -1.21646E-08  0.00000E+00  0.00000E+00  3.82195E-07
   626  9.66849E+00 -2.00909E-05 -2.00807E-05 -1.01452E-08  0.00000E+00  0.00000E+00  3.14366E-07
   627  9.80251E+00 -1.66898E-05 -1.66813E-05 -8.44622E-09  0.00000E+00  0.00000E+00  2.58143E-07
   628  9.93765E+00 -1.38404E-05 -1.38334E-05 -7.01954E-09  0.00000E+00  0.00000E+00  2.11622E-07
   629  1.00739E+01 -1.14576E-05 -1.14518E-05 -5.82367E-09  0.00000E+00  0.00000E+00  1.73195E-07
   630  1.02112E+01 -9.46871E-06 -9.46389E-06 -4.82311E-09  0.00000E+00  0.00000E+00  1.41509E-07
   631  1.03497E+01 -7.81154E-06 -7.80755E-06 -3.98751E-09  0.00000E+00  0.00000E+00  1.15428E-07
   632  1.04892E+01 -6.43330E-06 -6.43001E-06 -3.29095E-09  0.00000E+00  0.00000E+00  9.39966E-08
   633  1.06299E+01 -5.28913E-06 -5.28642E-06 -2.71135E-09  0.00000E+00  0.00000E+00  7.64175E-08
   634  1.07716E+01 -4.34099E-06 -4.33876E-06 -2.22996E-09  0.00000E+00  0.00000E+00  6.20228E-08
   635  1.09144E+01 -3.55672E-06 -3.55489E-06 -1.83086E-09  0.00000E+00  0.00000E+00  5.02562E-08
   636  1.10583E+01 -2.90916E-06 -2.90766E-06 -1.50059E-09  0.00000E+00  0.00000E+00  4.06545E-08
   637  1.12033E+01 -2.37545E-06 -2.37422E-06 -1.22779E-09  0.00000E+00  0.00000E+00  3.28331E-08
   638  1.13494E+01 -1.93636E-06 -1.93535E-06 -1.00285E-09  0.00000E+00  0.00000E+00  2.64727E-08
   639  1.14965E+01 -1.57575E-06 -1.57494E-06 -8.17716E-10  0.00000E+00  0.00000E+00  2.13095E-08
   640  1.16447E+01 -1.28014E-06 -1.27948E-06 -6.65620E-10  0.00000E+00  0.00000E+00  1.71251E-08
   641  1.17939E+01 -1.03823E-06 -1.03769E-06 -5.40890E-10  0.00000E+00  0.00000E+00  1.37399E-08
   642  1.19443E+01 -8.40626E-07 -8.40187E-07 -4.38785E-10  0.00000E+00  0.00000E+00  1.10060E-08
   643  1.20956E+01 -6.79490E-07 -6.79135E-07 -3.55352E-10  0.00000E+00  0.00000E+00  8.80168E-09
   644  1.22480E+01 -5.48326E-07 -5.48039E-07 -2.87297E-10  0.00000E+00  0.00000E+00  7.02748E-09
   645  1.24015E+01 -4.41747E-07 -4.41515E-07 -2.31885E-10  0.00000E+00  0.00000E+00  5.60187E-09
   646  1.25560E+01 -3.55294E-07 -3.55107E-07 -1.86846E-10  0.00000E+00  0.00000E+00  4.45828E-09
   647  1.27115E+01 -2.85290E-07 -2.85139E-07 -1.50304E-10  0.00000E+00  0.00000E+00  3.54247E-09
   648  1.28681E+01 -2.28702E-07 -2.28581E-07 -1.20707E-10  0.00000E+00  0.00000E+00  2.81030E-09
   649  1.30257E+01 -1.83039E-07 -1.82942E-07 -9.67771E-11  0.00000E+00  0.00000E+00  2.22591E-09
   650  1.31843E+01 -1.46255E-07 -1.46177E-07 -7.74633E-11  0.00000E+00  0.00000E+00  1.76025E-09
   651  1.33439E+01 -1.16673E-07 -1.16611E-07 -6.19020E-11  0.00000E+00  0.00000E+00  1.38981E-09
   652  1.35046E+01 -9.29242E-08 -9.28749E-08 -4.93858E-11  0.00000E+00  0.00000E+00  1.09561E-09
   653  1.36662E+01 -7.38906E-08 -7.38513E-08 -3.93361E-11  0.00000E+00  0.00000E+00  8.62340E-10
   654  1.38288E+01 -5.86617E-08 -5.86304E-08 -3.12806E-11  0.00000E+00  0.00000E+00  6.77679E-10
   655  1.39925E+01 -4.64973E-08 -4.64724E-08 -2.48346E-11  0.00000E+00  0.00000E+00  5.31738E-10
   656  1.41571E+01 -3.67969E-08 -3.67772E-08 -1.96852E-11  0.00000E+00  0.00000E+00  4.16583E-10
   657  1.43227E+01 -2.90743E-08 -2.90588E-08 -1.55786E-11  0.00000E+00  0.00000E+00  3.25866E-10
   658  1.44893E+01 -2.29364E-08 -2.29241E-08 -1.23091E-11  0.00000E+00  0.00000E+00  2.54515E-10
   659  1.46568E+01 -1.80661E-08 -1.80564E-08 -9.71033E-12  0.00000E+00  0.00000E+00  1.98486E-10
   660  1.48253E+01 -1.42078E-08 -1.42001E-08 -7.64819E-12  0.00000E+00  0.00000E+00  1.54557E-10
   661  1.49948E+01 -1.11562E-08 -1.11502E-08 -6.01453E-12  0.00000E+00  0.00000E+00  1.20170E-10
   662  1.51653E+01 -8.74662E-09 -8.74189E-09 -4.72246E-12  0.00000E+00  0.00000E+00  9.32939E-11
   663  1.53367E+01 -6.84697E-09 -6.84327E-09 -3.70221E-12  0.00000E+00  0.00000E+00  7.23211E-11
   664  1.55090E+01 -5.35175E-09 -5.34885E-09 -2.89790E-12  0.00000E+00  0.00000E+00  5.59803E-11
   665  1.56823E+01 -4.17673E-09 -4.17447E-09 -2.26486E-12  0.00000E+00  0.00000E+00  4.32680E-11
   666  1.58565E+01 -3.25479E-09 -3.25302E-09 -1.76740E-12  0.00000E+00  0.00000E+00  3.33936E-11
   667  1.60316E+01 -2.53256E-09 -2.53118E-09 -1.37712E-12  0.00000E+00  0.00000E+00  2.57353E-11
   668  1.62077E+01 -1.96765E-09 -1.96658E-09 -1.07140E-12  0.00000E+00  0.00000E+00  1.98046E-11
   669  1.63846E+01 -1.52650E-09 -1.52566E-09 -8.32307E-13  0.00000E+00  0.00000E+00  1.52188E-11
   670  1.65625E+01 -1.18251E-09 -1.18186E-09 -6.45605E-13  0.00000E+00  0.00000E+00  1.16782E-11
   671  1.67413E+01 -9.14699E-10 -9.14198E-10 -5.00043E-13  0.00000E+00  0.00000E+00  8.94855E-12
   672  1.69210E+01 -7.06510E-10 -7.06123E-10 -3.86731E-13  0.00000E+00  0.00000E+00  6.84727E-12
   673  1.71016E+01 -5.44915E-10 -5.44617E-10 -2.98659E-13  0.00000E+00  0.00000E+00  5.23208E-12
   674  1.72831E+01 -4.19678E-10 -4.19448E-10 -2.30309E-13  0.00000E+00  0.00000E+00  3.99231E-12
   675  1.74654E+01 -3.22764E-10 -3.22586E-10 -1.77345E-13  0.00000E+00  0.00000E+00  3.04211E-12
   676  1.76487E+01 -2.47874E-10 -2.47738E-10 -1.36365E-13  0.00000E+00  0.00000E+00  2.31487E-12
   677  1.78328E+01 -1.90090E-10 -1.89985E-10 -1.04705E-13  0.00000E+00  0.00000E+00  1.75908E-12
   678  1.80177E+01 -1.45585E-10 -1.45505E-10 -8.02822E-14  0.00000E+00  0.00000E+00  1.33492E-12
   679  1.82036E+01 -1.11332E-10 -1.11271E-10 -6.14692E-14  0.00000E+00  0.00000E+00  1.01166E-12
   680  1.83902E+01 -8.50137E-11 -8.49667E-11 -4.69991E-14  0.00000E+00  0.00000E+00  7.65662E-13
   681  1.85778E+01 -6.48374E-11 -6.48015E-11 -3.58854E-14  0.00000E+00  0.00000E+00  5.78708E-13
   682  1.87662E+01 -4.93817E-11 -4.93543E-11 -2.73619E-14  0.00000E+00  0.00000E+00  4.36824E-13
   683  1.89554E+01 -3.75517E-11 -3.75309E-11 -2.08344E-14  0.00000E+00  0.00000E+00  3.29294E-13
   684  1.91454E+01 -2.85228E-11 -2.85070E-11 -1.58425E-14  0.00000E+00  0.00000E+00  2.47910E-13
   685  1.93363E+01 -2.16267E-11 -2.16147E-11 -1.20303E-14  0.00000E+00  0.00000E+00  1.86398E-13
   686  1.95280E+01 -1.63800E-11 -1.63709E-11 -9.12324E-15  0.00000E+00  0.00000E+00  1.39968E-13
   687  1.97205E+01 -1.23846E-11 -1.23777E-11 -6.90942E-15  0.00000E+00  0.00000E+00  1.04969E-13
   688  1.99138E+01 -9.35597E-12 -9.35074E-12 -5.22587E-15  0.00000E+00  0.00000E+00  7.86214E-14
   689  2.01079E+01 -7.05253E-12 -7.04858E-12 -3.94734E-15  0.00000E+00  0.00000E+00  5.88131E-14
   690  2.03028E+01 -5.30363E-12 -5.30065E-12 -2.97771E-15  0.00000E+00  0.00000E+00  4.39402E-14
   691  2.04985E+01 -3.99549E-12 -3.99325E-12 -2.24335E-15  0.00000E+00  0.00000E+00  3.27877E-14
   692  2.06950E+01 -3.00018E-12 -2.99849E-12 -1.68793E-15  0.00000E+00  0.00000E+00  2.44357E-14
   693  2.08922E+01 -2.24658E-12 -2.24532E-12 -1.26839E-15  0.00000E+00  0.00000E+00  1.81888E-14
   694  2.10903E+01 -1.67783E-12 -1.67688E-12 -9.51921E-16  0.00000E+00  0.00000E+00  1.35224E-14
   695  2.12891E+01 -1.25127E-12 -1.25056E-12 -7.13513E-16  0.00000E+00  0.00000E+00  1.00411E-14
   696  2.14886E+01 -9.38451E-13 -9.37916E-13 -5.34145E-16  0.00000E+00  0.00000E+00  7.44707E-15
   697  2.16890E+01 -6.96731E-13 -6.96332E-13 -3.99371E-16  0.00000E+00  0.00000E+00  5.51662E-15
   698  2.18901E+01 -5.11889E-13 -5.11591E-13 -2.98234E-16  0.00000E+00  0.00000E+00  4.08174E-15
   699  2.20919E+01 -3.83916E-13 -3.83693E-13 -2.22436E-16  0.00000E+00  0.00000E+00  3.01654E-15
   700  2.22945E+01 -2.84383E-13 -2.84217E-13 -1.65702E-16  0.00000E+00  0.00000E+00  2.22672E-15
   701  2.24978E+01 -2.13286E-13 -2.13163E-13 -1.23289E-16  0.00000E+00  0.00000E+00  1.64180E-15
   702  2.27018E+01 -1.56411E-13 -1.56319E-13 -9.16217E-17  0.00000E+00  0.00000E+00  1.20913E-15
   703  2.29066E+01 -1.13755E-13 -1.13687E-13 -6.80076E-17  0.00000E+00  0.00000E+00  8.89474E-16
   704  2.31120E+01 -5.04201E-17 -0.00000E+00 -5.04201E-17  0.00000E+00  0.00000E+00  6.53582E-16
   705  2.31120E+01 -0.00000E+00 -0.00000E+00  0.00000E+00  0.00000E+00  0.00000E+00  0.00000E+00
   706  4.62241E+01 -0.00000E+00 -0.00000E+00  0.00000E+00  0.00000E+00  0.00000E+00  0.00000E+00
   707  9.24482E+01 -0.00000E+00 -0.00000E+00  0.00000E+00  0.00000E+00  0.00000E+00  0.00000E+00
   708  1.84896E+02 -0.00000E+00 -0.00000E+00  0.00000E+00  0.00000E+00  0.00000E+00  0.00000E+00
   709  3.69793E+02 -0.00000E+00 -0.00000E+00  0.00000E+00  0.00000E+00  0.00000E+00  0.00000E+00
   710  7.39585E+02 -0.00000E+00 -0.00000E+00  0.00000E+00  0.00000E+00  0.00000E+00  0.00000E+00
   711  1.47917E+03 -0.00000E+00 -0.00000E+00  0.00000E+00  0.00000E+00  0.00000E+00  0.00000E+00
   712  2.95834E+03 -0.00000E+00 -0.00000E+00  0.00000E+00  0.00000E+00  0.00000E+00  0.00000E+00
   713  5.91668E+03 -0.00000E+00 -0.00000E+00  0.00000E+00  0.00000E+00  0.00000E+00  0.00000E+00
   714  1.18334E+04 -0.00000E+00 -0.00000E+00  0.00000E+00  0.00000E+00  0.00000E+00  0.00000E+00
