 #
 # Subroutine ELSEPA. Elastic scattering of electrons and positrons
 #                    by neutral atoms and positive ions
 #
 # Projectile: electron
 # Kinetic energy = 2.00000E+04 eV = 7.34987E+02 a.u.
 #
 # Element:  C,  Z =   6,  atomic weight = 1.20107E+01 g/mol
 #
 # Nuclear model: Fermi distribution
 #                Average radius = 2.45042E-13 cm
 #                Skin thickness = 5.46000E-14 cm
 #
 # Number of electrons =  6
 #
 # Electron density: Read from file z_006.den   
 #                   Number of data points =  725
 #                   Volume integral = 6.00000E+00
 #
 # Furness-McCarthy exchange potential
 #
 # LDA absorption potential (only electron-hole excitations):
 #                           Delta = 1.26000E+00 eV
 #                            Aabs = 2.00000E+00
 #
 # Total elastic cross section = 3.23766E-18 cm**2 = 1.15619E-01 a0**2
 # 1st transport cross section = 1.82948E-20 cm**2 = 6.53318E-04 a0**2
 # 2nd transport cross section = 4.61538E-20 cm**2 = 1.64818E-03 a0**2
 #
 #    Absorption cross section = 3.10830E-18 cm**2 = 1.10999E-01 a0**2
 #   Grand total cross section = 6.34691E-18 cm**2 = 2.26652E-01 a0**2
 #
 #
 # Differential cross section:                       MU=(1-COS(THETA))/2
 #
 #  THETA        MU          DCS          DCS        Sherman      error
 #  (deg)                 (cm**2/sr)   (a0**2/sr)    function
 #----------------------------------------------------------------------
  0.000E+00  0.00000E+00  6.63885E-16  2.37078E+01  0.00000E+00  1.0E-07
  1.000E-04  7.61557E-13  6.63885E-16  2.37078E+01  0.00000E+00  1.0E-07
  1.250E-04  1.18994E-12  6.63885E-16  2.37078E+01  0.00000E+00  1.0E-07
  1.500E-04  1.71346E-12  6.63885E-16  2.37078E+01  0.00000E+00  1.0E-07
  1.750E-04  2.33225E-12  6.63885E-16  2.37078E+01  0.00000E+00  1.0E-07
  2.000E-04  3.04617E-12  6.63885E-16  2.37078E+01  0.00000E+00  1.0E-07
  2.250E-04  3.85530E-12  6.63885E-16  2.37078E+01  0.00000E+00  1.0E-07
  2.500E-04  4.75964E-12  6.63885E-16  2.37078E+01  0.00000E+00  1.0E-07
  2.750E-04  5.75917E-12  6.63885E-16  2.37078E+01  0.00000E+00  1.0E-07
  3.000E-04  6.85391E-12  6.63885E-16  2.37078E+01  0.00000E+00  1.0E-07
  3.250E-04  8.04379E-12  6.63885E-16  2.37078E+01  0.00000E+00  1.0E-07
  3.500E-04  9.32893E-12  6.63885E-16  2.37078E+01  0.00000E+00  1.0E-07
  3.750E-04  1.07092E-11  6.63885E-16  2.37078E+01  0.00000E+00  1.0E-07
  4.000E-04  1.21847E-11  6.63885E-16  2.37078E+01  0.00000E+00  1.0E-07
  4.250E-04  1.37554E-11  6.63885E-16  2.37078E+01  0.00000E+00  1.0E-07
  4.500E-04  1.54213E-11  6.63885E-16  2.37078E+01  0.00000E+00  1.0E-07
  4.750E-04  1.71823E-11  6.63885E-16  2.37078E+01  0.00000E+00  1.0E-07
  5.000E-04  1.90386E-11  6.63885E-16  2.37078E+01  0.00000E+00  1.0E-07
  5.250E-04  2.09900E-11  6.63885E-16  2.37078E+01  0.00000E+00  1.0E-07
  5.500E-04  2.30367E-11  6.63885E-16  2.37078E+01  0.00000E+00  1.0E-07
  5.750E-04  2.51785E-11  6.63885E-16  2.37078E+01  0.00000E+00  1.0E-07
  6.000E-04  2.74156E-11  6.63885E-16  2.37078E+01  0.00000E+00  1.0E-07
  6.250E-04  2.97478E-11  6.63885E-16  2.37078E+01  0.00000E+00  1.0E-07
  6.500E-04  3.21752E-11  6.63885E-16  2.37078E+01  0.00000E+00  1.0E-07
  6.750E-04  3.46979E-11  6.63885E-16  2.37078E+01  0.00000E+00  1.0E-07
  7.000E-04  3.73157E-11  6.63885E-16  2.37078E+01  0.00000E+00  1.0E-07
  7.250E-04  4.00286E-11  6.63885E-16  2.37078E+01  0.00000E+00  1.0E-07
  7.500E-04  4.28368E-11  6.63885E-16  2.37078E+01  0.00000E+00  1.0E-07
  7.750E-04  4.57402E-11  6.63885E-16  2.37078E+01  0.00000E+00  1.0E-07
  8.000E-04  4.87388E-11  6.63885E-16  2.37078E+01  0.00000E+00  1.0E-07
  8.250E-04  5.18325E-11  6.63885E-16  2.37078E+01  0.00000E+00  1.0E-07
  8.500E-04  5.50215E-11  6.63885E-16  2.37078E+01  0.00000E+00  1.0E-07
  8.750E-04  5.83057E-11  6.63885E-16  2.37078E+01  0.00000E+00  1.0E-07
  9.000E-04  6.16850E-11  6.63885E-16  2.37078E+01  0.00000E+00  1.0E-07
  9.250E-04  6.51595E-11  6.63885E-16  2.37078E+01  0.00000E+00  1.0E-07
  9.500E-04  6.87293E-11  6.63885E-16  2.37078E+01  0.00000E+00  1.0E-07
  9.750E-04  7.23943E-11  6.63885E-16  2.37078E+01  0.00000E+00  1.0E-07
  1.000E-03  7.61544E-11  6.63885E-16  2.37078E+01  0.00000E+00  1.0E-07
  1.250E-03  1.18991E-10  6.63885E-16  2.37078E+01  0.00000E+00  1.0E-07
  1.500E-03  1.71347E-10  6.63884E-16  2.37077E+01  0.00000E+00  1.0E-07
  1.750E-03  2.33223E-10  6.63884E-16  2.37077E+01  0.00000E+00  1.0E-07
  2.000E-03  3.04617E-10  6.63884E-16  2.37077E+01  0.00000E+00  1.0E-07
  2.250E-03  3.85531E-10  6.63884E-16  2.37077E+01  0.00000E+00  1.0E-07
  2.500E-03  4.75965E-10  6.63884E-16  2.37077E+01  0.00000E+00  1.0E-07
  2.750E-03  5.75917E-10  6.63883E-16  2.37077E+01  0.00000E+00  1.0E-07
  3.000E-03  6.85389E-10  6.63883E-16  2.37077E+01  0.00000E+00  1.0E-07
  3.250E-03  8.04380E-10  6.63883E-16  2.37077E+01  0.00000E+00  1.0E-07
  3.500E-03  9.32891E-10  6.63882E-16  2.37077E+01  0.00000E+00  1.0E-07
  3.750E-03  1.07092E-09  6.63882E-16  2.37076E+01  0.00000E+00  1.0E-07
  4.000E-03  1.21847E-09  6.63881E-16  2.37076E+01  0.00000E+00  1.0E-07
  4.250E-03  1.37554E-09  6.63881E-16  2.37076E+01  0.00000E+00  1.0E-07
  4.500E-03  1.54213E-09  6.63880E-16  2.37076E+01  0.00000E+00  1.0E-07
  4.750E-03  1.71823E-09  6.63880E-16  2.37076E+01  0.00000E+00  1.0E-07
  5.000E-03  1.90386E-09  6.63879E-16  2.37076E+01  0.00000E+00  1.0E-07
  5.250E-03  2.09900E-09  6.63879E-16  2.37075E+01  0.00000E+00  1.0E-07
  5.500E-03  2.30367E-09  6.63878E-16  2.37075E+01  0.00000E+00  1.0E-07
  5.750E-03  2.51785E-09  6.63877E-16  2.37075E+01  0.00000E+00  1.0E-07
  6.000E-03  2.74156E-09  6.63877E-16  2.37075E+01  0.00000E+00  1.0E-07
  6.250E-03  2.97478E-09  6.63876E-16  2.37074E+01  0.00000E+00  1.0E-07
  6.500E-03  3.21752E-09  6.63875E-16  2.37074E+01  0.00000E+00  1.0E-07
  6.750E-03  3.46978E-09  6.63874E-16  2.37074E+01  0.00000E+00  1.0E-07
  7.000E-03  3.73156E-09  6.63873E-16  2.37074E+01  0.00000E+00  1.0E-07
  7.250E-03  4.00286E-09  6.63873E-16  2.37073E+01  0.00000E+00  1.0E-07
  7.500E-03  4.28368E-09  6.63872E-16  2.37073E+01  0.00000E+00  1.0E-07
  7.750E-03  4.57402E-09  6.63871E-16  2.37073E+01  0.00000E+00  1.0E-07
  8.000E-03  4.87388E-09  6.63870E-16  2.37072E+01  0.00000E+00  1.0E-07
  8.250E-03  5.18326E-09  6.63869E-16  2.37072E+01  0.00000E+00  1.0E-07
  8.500E-03  5.50215E-09  6.63868E-16  2.37072E+01  0.00000E+00  1.0E-07
  8.750E-03  5.83057E-09  6.63867E-16  2.37071E+01  0.00000E+00  1.0E-07
  9.000E-03  6.16850E-09  6.63866E-16  2.37071E+01  0.00000E+00  1.0E-07
  9.250E-03  6.51596E-09  6.63865E-16  2.37070E+01  0.00000E+00  1.0E-07
  9.500E-03  6.87293E-09  6.63864E-16  2.37070E+01  0.00000E+00  1.0E-07
  9.750E-03  7.23942E-09  6.63863E-16  2.37070E+01  0.00000E+00  1.0E-07
  1.000E-02  7.61544E-09  6.63861E-16  2.37069E+01  0.00000E+00  1.0E-07
  1.250E-02  1.18991E-08  6.63848E-16  2.37065E+01  0.00000E+00  1.0E-07
  1.500E-02  1.71347E-08  6.63832E-16  2.37059E+01  0.00000E+00  1.0E-07
  1.750E-02  2.33223E-08  6.63813E-16  2.37052E+01  0.00000E+00  1.0E-07
  2.000E-02  3.04617E-08  6.63791E-16  2.37044E+01  0.00000E+00  1.0E-07
  2.250E-02  3.85531E-08  6.63766E-16  2.37035E+01  0.00000E+00  1.0E-07
  2.500E-02  4.75965E-08  6.63738E-16  2.37025E+01  0.00000E+00  1.0E-07
  2.750E-02  5.75917E-08  6.63707E-16  2.37014E+01  0.00000E+00  1.0E-07
  3.000E-02  6.85389E-08  6.63674E-16  2.37002E+01  0.00000E+00  1.0E-07
  3.250E-02  8.04380E-08  6.63637E-16  2.36989E+01  0.00000E+00  1.0E-07
  3.500E-02  9.32891E-08  6.63597E-16  2.36975E+01  0.00000E+00  1.0E-07
  3.750E-02  1.07092E-07  6.63555E-16  2.36960E+01  0.00000E+00  1.0E-07
  4.000E-02  1.21847E-07  6.63509E-16  2.36943E+01  0.00000E+00  1.0E-07
  4.250E-02  1.37554E-07  6.63461E-16  2.36926E+01  0.00000E+00  1.0E-07
  4.500E-02  1.54213E-07  6.63409E-16  2.36908E+01  0.00000E+00  1.0E-07
  4.750E-02  1.71823E-07  6.63355E-16  2.36888E+01  0.00000E+00  1.0E-07
  5.000E-02  1.90386E-07  6.63298E-16  2.36868E+01  0.00000E+00  1.0E-07
  5.250E-02  2.09900E-07  6.63238E-16  2.36846E+01  0.00000E+00  1.0E-07
  5.500E-02  2.30367E-07  6.63175E-16  2.36824E+01  0.00000E+00  1.0E-07
  5.750E-02  2.51785E-07  6.63109E-16  2.36800E+01  0.00000E+00  1.0E-07
  6.000E-02  2.74156E-07  6.63040E-16  2.36776E+01  0.00000E+00  1.0E-07
  6.250E-02  2.97478E-07  6.62968E-16  2.36750E+01  0.00000E+00  1.0E-07
  6.500E-02  3.21752E-07  6.62893E-16  2.36723E+01  0.00000E+00  1.0E-07
  6.750E-02  3.46978E-07  6.62815E-16  2.36696E+01  0.00000E+00  1.0E-07
  7.000E-02  3.73156E-07  6.62735E-16  2.36667E+01  0.00000E+00  1.0E-07
  7.250E-02  4.00286E-07  6.62651E-16  2.36637E+01  0.00000E+00  1.0E-07
  7.500E-02  4.28368E-07  6.62565E-16  2.36606E+01  0.00000E+00  1.0E-07
  7.750E-02  4.57402E-07  6.62476E-16  2.36574E+01  0.00000E+00  1.0E-07
  8.000E-02  4.87388E-07  6.62383E-16  2.36541E+01  0.00000E+00  1.0E-07
  8.250E-02  5.18325E-07  6.62288E-16  2.36507E+01  0.00000E+00  1.0E-07
  8.500E-02  5.50215E-07  6.62190E-16  2.36472E+01  0.00000E+00  1.0E-07
  8.750E-02  5.83057E-07  6.62089E-16  2.36436E+01  0.00000E+00  1.0E-07
  9.000E-02  6.16850E-07  6.61985E-16  2.36399E+01  0.00000E+00  1.0E-07
  9.250E-02  6.51596E-07  6.61879E-16  2.36361E+01  0.00000E+00  1.0E-07
  9.500E-02  6.87293E-07  6.61769E-16  2.36322E+01  0.00000E+00  1.0E-07
  9.750E-02  7.23942E-07  6.61656E-16  2.36282E+01  0.00000E+00  1.0E-07
  1.000E-01  7.61543E-07  6.61541E-16  2.36241E+01  0.00000E+00  1.0E-07
  1.250E-01  1.18991E-06  6.60228E-16  2.35772E+01  0.00000E+00  1.0E-07
  1.500E-01  1.71347E-06  6.58628E-16  2.35200E+01  0.00000E+00  1.0E-07
  1.750E-01  2.33223E-06  6.56744E-16  2.34527E+01  0.00000E+00  1.0E-07
  2.000E-01  3.04617E-06  6.54580E-16  2.33755E+01  0.00000E+00  1.0E-07
  2.250E-01  3.85531E-06  6.52139E-16  2.32883E+01  0.00000E+00  1.0E-07
  2.500E-01  4.75964E-06  6.49427E-16  2.31915E+01  0.00000E+00  1.0E-07
  2.750E-01  5.75916E-06  6.46449E-16  2.30851E+01  0.00000E+00  1.0E-07
  3.000E-01  6.85388E-06  6.43209E-16  2.29694E+01  0.00000E+00  1.0E-07
  3.250E-01  8.04378E-06  6.39714E-16  2.28446E+01  0.00000E+00  1.0E-07
  3.500E-01  9.32888E-06  6.35969E-16  2.27109E+01  0.00000E+00  1.0E-07
  3.750E-01  1.07092E-05  6.31983E-16  2.25685E+01  0.00000E+00  1.0E-07
  4.000E-01  1.21846E-05  6.27760E-16  2.24177E+01  0.00000E+00  1.0E-07
  4.250E-01  1.37553E-05  6.23310E-16  2.22588E+01  0.00000E+00  1.0E-07
  4.500E-01  1.54212E-05  6.18639E-16  2.20920E+01  0.00000E+00  1.0E-07
  4.750E-01  1.71822E-05  6.13756E-16  2.19176E+01  0.00000E+00  1.0E-07
  5.000E-01  1.90385E-05  6.08668E-16  2.17359E+01  0.00000E+00  1.0E-07
  5.250E-01  2.09899E-05  6.03385E-16  2.15473E+01  0.00000E+00  1.0E-07
  5.500E-01  2.30365E-05  5.97913E-16  2.13519E+01  0.00000E+00  1.0E-07
  5.750E-01  2.51783E-05  5.92264E-16  2.11501E+01  0.00000E+00  1.0E-07
  6.000E-01  2.74153E-05  5.86444E-16  2.09423E+01  0.00000E+00  1.0E-07
  6.250E-01  2.97475E-05  5.80463E-16  2.07287E+01  0.00000E+00  1.0E-07
  6.500E-01  3.21749E-05  5.74331E-16  2.05097E+01  0.00000E+00  1.0E-07
  6.750E-01  3.46974E-05  5.68056E-16  2.02856E+01  0.00000E+00  1.0E-07
  7.000E-01  3.73152E-05  5.61647E-16  2.00568E+01  0.00000E+00  1.0E-07
  7.250E-01  4.00281E-05  5.55114E-16  1.98235E+01  0.00000E+00  1.0E-07
  7.500E-01  4.28362E-05  5.48466E-16  1.95861E+01  0.00000E+00  1.0E-07
  7.750E-01  4.57395E-05  5.41711E-16  1.93449E+01  0.00000E+00  1.0E-07
  8.000E-01  4.87380E-05  5.34859E-16  1.91002E+01  0.00000E+00  1.0E-07
  8.250E-01  5.18317E-05  5.27918E-16  1.88523E+01  0.00000E+00  1.0E-07
  8.500E-01  5.50205E-05  5.20898E-16  1.86016E+01  0.00000E+00  1.0E-07
  8.750E-01  5.83045E-05  5.13807E-16  1.83484E+01  0.00000E+00  1.0E-07
  9.000E-01  6.16838E-05  5.06653E-16  1.80929E+01  0.00000E+00  1.0E-07
  9.250E-01  6.51582E-05  4.99445E-16  1.78355E+01  0.00000E+00  1.0E-07
  9.500E-01  6.87277E-05  4.92191E-16  1.75765E+01  0.00000E+00  1.0E-07
  9.750E-01  7.23925E-05  4.84899E-16  1.73161E+01  0.00000E+00  1.0E-07
  1.000E+00  7.61524E-05  4.77577E-16  1.70546E+01  0.00000E+00  1.0E-07
  1.100E+00  9.21439E-05  4.48133E-16  1.60031E+01  0.00000E+00  1.0E-07
  1.200E+00  1.09658E-04  4.18765E-16  1.49544E+01  0.00000E+00  1.0E-07
  1.300E+00  1.28695E-04  3.89856E-16  1.39220E+01  0.00000E+00  1.0E-07
  1.400E+00  1.49255E-04  3.61720E-16  1.29173E+01  0.00000E+00  1.0E-07
  1.500E+00  1.71338E-04  3.34608E-16  1.19491E+01  0.00000E+00  1.0E-07
  1.600E+00  1.94942E-04  3.08708E-16  1.10242E+01  0.00000E+00  1.0E-07
  1.700E+00  2.20070E-04  2.84154E-16  1.01473E+01  0.00000E+00  1.0E-07
  1.800E+00  2.46720E-04  2.61031E-16  9.32160E+00  0.00000E+00  1.0E-07
  1.900E+00  2.74892E-04  2.39383E-16  8.54851E+00  0.00000E+00  1.0E-07
  2.000E+00  3.04586E-04  2.19218E-16  7.82840E+00  6.64843E-07  1.0E-07
  2.100E+00  3.35803E-04  2.00517E-16  7.16060E+00  7.18129E-07  1.0E-07
  2.200E+00  3.68542E-04  1.83242E-16  6.54370E+00  7.71941E-07  1.0E-07
  2.300E+00  4.02802E-04  1.67337E-16  5.97571E+00  8.26011E-07  1.0E-07
  2.400E+00  4.38585E-04  1.52735E-16  5.45425E+00  8.80082E-07  1.0E-07
  2.500E+00  4.75889E-04  1.39361E-16  4.97669E+00  9.33910E-07  1.0E-07
  2.600E+00  5.14715E-04  1.27139E-16  4.54023E+00  9.87267E-07  1.0E-07
  2.700E+00  5.55063E-04  1.15989E-16  4.14205E+00  1.03994E-06  1.0E-07
  2.800E+00  5.96931E-04  1.05831E-16  3.77930E+00  1.09170E-06  1.0E-07
  2.900E+00  6.40321E-04  9.65885E-17  3.44924E+00  1.14233E-06  1.0E-07
  3.000E+00  6.85233E-04  8.81865E-17  3.14920E+00  1.19154E-06  1.0E-07
  3.100E+00  7.31665E-04  8.05544E-17  2.87665E+00  1.23901E-06  1.0E-07
  3.200E+00  7.79618E-04  7.36255E-17  2.62921E+00  1.28433E-06  1.0E-07
  3.300E+00  8.29092E-04  6.73374E-17  2.40466E+00  1.32704E-06  1.0E-07
  3.400E+00  8.80086E-04  6.16321E-17  2.20092E+00  1.36662E-06  1.0E-07
  3.500E+00  9.32601E-04  5.64559E-17  2.01608E+00  1.40249E-06  1.0E-07
  3.600E+00  9.86636E-04  5.17595E-17  1.84836E+00  1.43406E-06  1.0E-07
  3.700E+00  1.04219E-03  4.74975E-17  1.69617E+00  1.46071E-06  1.0E-07
  3.800E+00  1.09927E-03  4.36287E-17  1.55801E+00  1.48181E-06  1.0E-07
  3.900E+00  1.15786E-03  4.01152E-17  1.43254E+00  1.49674E-06  1.0E-07
  4.000E+00  1.21797E-03  3.69230E-17  1.31854E+00  1.50486E-06  1.0E-07
  4.100E+00  1.27961E-03  3.40209E-17  1.21491E+00  1.50555E-06  1.0E-07
  4.200E+00  1.34276E-03  3.13808E-17  1.12063E+00  1.49821E-06  1.0E-07
  4.300E+00  1.40743E-03  2.89773E-17  1.03480E+00  1.48230E-06  1.0E-07
  4.400E+00  1.47362E-03  2.67876E-17  9.56603E-01  0.00000E+00  1.0E-07
  4.500E+00  1.54133E-03  2.47909E-17  8.85301E-01  0.00000E+00  1.0E-07
  4.600E+00  1.61056E-03  2.29688E-17  8.20230E-01  0.00000E+00  1.0E-07
  4.700E+00  1.68131E-03  2.13044E-17  7.60792E-01  0.00000E+00  1.0E-07
  4.800E+00  1.75357E-03  1.97826E-17  7.06451E-01  0.00000E+00  1.0E-07
  4.900E+00  1.82735E-03  1.83901E-17  6.56723E-01  0.00000E+00  1.0E-07
  5.000E+00  1.90265E-03  1.71146E-17  6.11173E-01  0.00000E+00  1.0E-07
  5.100E+00  1.97947E-03  1.59451E-17  5.69411E-01  0.00000E+00  1.0E-07
  5.200E+00  2.05780E-03  1.48719E-17  5.31084E-01  0.00000E+00  1.0E-07
  5.300E+00  2.13765E-03  1.38859E-17  4.95876E-01  0.00000E+00  1.0E-07
  5.400E+00  2.21902E-03  1.29793E-17  4.63500E-01  0.00000E+00  1.0E-07
  5.500E+00  2.30190E-03  1.21448E-17  4.33700E-01  0.00000E+00  1.0E-07
  5.600E+00  2.38630E-03  1.13760E-17  4.06243E-01  0.00000E+00  1.0E-07
  5.700E+00  2.47222E-03  1.06668E-17  3.80919E-01  0.00000E+00  1.0E-07
  5.800E+00  2.55965E-03  1.00121E-17  3.57539E-01  0.00000E+00  1.0E-07
  5.900E+00  2.64859E-03  9.40703E-18  3.35931E-01  0.00000E+00  1.0E-07
  6.000E+00  2.73905E-03  8.84725E-18  3.15941E-01  0.00000E+00  1.0E-07
  6.100E+00  2.83103E-03  8.32885E-18  2.97429E-01  0.00000E+00  1.0E-07
  6.200E+00  2.92452E-03  7.84827E-18  2.80267E-01  0.00000E+00  1.0E-07
  6.300E+00  3.01952E-03  7.40230E-18  2.64341E-01  0.00000E+00  1.0E-07
  6.400E+00  3.11604E-03  6.98803E-18  2.49547E-01  0.00000E+00  1.0E-07
  6.500E+00  3.21407E-03  6.60283E-18  2.35791E-01  0.00000E+00  1.0E-07
  6.600E+00  3.31362E-03  6.24430E-18  2.22988E-01  0.00000E+00  1.0E-07
  6.700E+00  3.41468E-03  5.91028E-18  2.11060E-01  0.00000E+00  1.0E-07
  6.800E+00  3.51725E-03  5.59878E-18  1.99936E-01 -2.42423E-06  1.0E-07
  6.900E+00  3.62133E-03  5.30803E-18  1.89553E-01 -2.74562E-06  1.0E-07
  7.000E+00  3.72692E-03  5.03640E-18  1.79853E-01 -3.08173E-06  1.0E-07
  7.100E+00  3.83403E-03  4.78239E-18  1.70782E-01 -3.43243E-06  1.0E-07
  7.200E+00  3.94265E-03  4.54466E-18  1.62293E-01 -3.79747E-06  1.0E-07
  7.300E+00  4.05278E-03  4.32197E-18  1.54340E-01 -4.17648E-06  1.0E-07
  7.400E+00  4.16442E-03  4.11318E-18  1.46885E-01 -4.56904E-06  1.0E-07
  7.500E+00  4.27757E-03  3.91728E-18  1.39889E-01 -4.97473E-06  1.0E-07
  7.600E+00  4.39223E-03  3.73331E-18  1.33319E-01 -5.39316E-06  1.0E-07
  7.700E+00  4.50840E-03  3.56039E-18  1.27144E-01 -5.82400E-06  1.0E-07
  7.800E+00  4.62608E-03  3.39774E-18  1.21336E-01 -6.26700E-06  1.0E-07
  7.900E+00  4.74527E-03  3.24463E-18  1.15868E-01 -6.72199E-06  1.0E-07
  8.000E+00  4.86597E-03  3.10037E-18  1.10716E-01 -7.18886E-06  1.0E-07
  8.100E+00  4.98817E-03  2.96434E-18  1.05859E-01 -7.66761E-06  1.0E-07
  8.200E+00  5.11188E-03  2.83599E-18  1.01275E-01 -8.15835E-06  1.0E-07
  8.300E+00  5.23711E-03  2.71477E-18  9.69462E-02 -8.66136E-06  1.0E-07
  8.400E+00  5.36383E-03  2.60021E-18  9.28553E-02 -9.17703E-06  1.0E-07
  8.500E+00  5.49207E-03  2.49187E-18  8.89863E-02 -9.70589E-06  1.0E-07
  8.600E+00  5.62181E-03  2.38933E-18  8.53245E-02 -1.02485E-05  1.0E-07
  8.700E+00  5.75306E-03  2.29221E-18  8.18563E-02 -1.08055E-05  1.0E-07
  8.800E+00  5.88581E-03  2.20017E-18  7.85694E-02 -1.13772E-05  1.0E-07
  8.900E+00  6.02007E-03  2.11288E-18  7.54521E-02 -1.19640E-05  1.0E-07
  9.000E+00  6.15583E-03  2.03004E-18  7.24940E-02 -1.25660E-05  1.0E-07
  9.100E+00  6.29310E-03  1.95138E-18  6.96850E-02 -1.31832E-05  1.0E-07
  9.200E+00  6.43187E-03  1.87664E-18  6.70161E-02 -1.38153E-05  1.0E-07
  9.300E+00  6.57214E-03  1.80559E-18  6.44788E-02 -1.44620E-05  1.0E-07
  9.400E+00  6.71392E-03  1.73800E-18  6.20653E-02 -1.51231E-05  1.0E-07
  9.500E+00  6.85720E-03  1.67368E-18  5.97682E-02 -1.57980E-05  1.0E-07
  9.600E+00  7.00198E-03  1.61242E-18  5.75806E-02 -1.64863E-05  1.0E-07
  9.700E+00  7.14827E-03  1.55406E-18  5.54963E-02 -1.71873E-05  1.0E-07
  9.800E+00  7.29605E-03  1.49841E-18  5.35092E-02 -1.79007E-05  1.0E-07
  9.900E+00  7.44534E-03  1.44533E-18  5.16138E-02 -1.86258E-05  1.0E-07
  1.000E+01  7.59612E-03  1.39468E-18  4.98048E-02 -1.93625E-05  1.0E-07
  1.025E+01  7.97965E-03  1.27774E-18  4.56290E-02 -2.12558E-05  1.0E-07
  1.050E+01  8.37255E-03  1.17320E-18  4.18958E-02 -2.32306E-05  1.0E-07
  1.075E+01  8.77480E-03  1.07944E-18  3.85477E-02 -2.53017E-05  1.0E-07
  1.100E+01  9.18641E-03  9.95127E-19  3.55366E-02 -2.74830E-05  1.0E-07
  1.125E+01  9.60736E-03  9.19109E-19  3.28220E-02 -2.97817E-05  1.0E-07
  1.150E+01  1.00376E-02  8.50417E-19  3.03689E-02 -3.21931E-05  1.0E-07
  1.175E+01  1.04773E-02  7.88204E-19  2.81473E-02 -3.46983E-05  1.0E-07
  1.200E+01  1.09262E-02  7.31726E-19  2.61304E-02 -3.72742E-05  1.0E-07
  1.225E+01  1.13844E-02  6.80329E-19  2.42950E-02 -3.99086E-05  1.0E-07
  1.250E+01  1.18520E-02  6.33446E-19  2.26208E-02 -4.26076E-05  1.0E-07
  1.275E+01  1.23288E-02  5.90593E-19  2.10904E-02 -4.53949E-05  1.0E-07
  1.300E+01  1.28150E-02  5.51357E-19  1.96893E-02 -4.83053E-05  1.0E-07
  1.325E+01  1.33104E-02  5.15381E-19  1.84046E-02 -5.13680E-05  1.0E-07
  1.350E+01  1.38150E-02  4.82347E-19  1.72249E-02 -5.45875E-05  1.0E-07
  1.375E+01  1.43290E-02  4.51966E-19  1.61400E-02 -5.79417E-05  1.0E-07
  1.400E+01  1.48521E-02  4.23973E-19  1.51404E-02 -6.13962E-05  1.0E-07
  1.425E+01  1.53845E-02  3.98132E-19  1.42176E-02 -6.49214E-05  1.0E-07
  1.450E+01  1.59262E-02  3.74238E-19  1.33643E-02 -6.85095E-05  1.0E-07
  1.475E+01  1.64770E-02  3.52115E-19  1.25742E-02 -7.21843E-05  1.0E-07
  1.500E+01  1.70371E-02  3.31613E-19  1.18421E-02 -7.59888E-05  1.0E-07
  1.525E+01  1.76063E-02  3.12597E-19  1.11630E-02 -7.99562E-05  1.0E-07
  1.550E+01  1.81848E-02  2.94943E-19  1.05326E-02 -8.40906E-05  1.0E-07
  1.575E+01  1.87724E-02  2.78530E-19  9.94648E-03 -8.83662E-05  1.0E-07
  1.600E+01  1.93692E-02  2.63246E-19  9.40069E-03 -9.27395E-05  1.0E-07
  1.625E+01  1.99751E-02  2.48993E-19  8.89170E-03 -9.71767E-05  1.0E-07
  1.650E+01  2.05901E-02  2.35685E-19  8.41647E-03 -1.01684E-04  1.0E-07
  1.675E+01  2.12143E-02  2.23252E-19  7.97249E-03 -1.06310E-04  1.0E-07
  1.700E+01  2.18476E-02  2.11632E-19  7.55753E-03 -1.11117E-04  1.0E-07
  1.725E+01  2.24900E-02  2.00766E-19  7.16950E-03 -1.16145E-04  1.0E-07
  1.750E+01  2.31415E-02  1.90596E-19  6.80630E-03 -1.21389E-04  1.0E-07
  1.775E+01  2.38021E-02  1.81063E-19  6.46587E-03 -1.26789E-04  1.0E-07
  1.800E+01  2.44717E-02  1.72114E-19  6.14629E-03 -1.32263E-04  1.0E-07
  1.825E+01  2.51504E-02  1.63703E-19  5.84595E-03 -1.37756E-04  1.0E-07
  1.850E+01  2.58382E-02  1.55794E-19  5.56350E-03 -1.43277E-04  1.0E-07
  1.875E+01  2.65349E-02  1.48355E-19  5.29785E-03 -1.48895E-04  1.0E-07
  1.900E+01  2.72407E-02  1.41358E-19  5.04798E-03 -1.54707E-04  1.0E-07
  1.925E+01  2.79555E-02  1.34773E-19  4.81284E-03 -1.60785E-04  1.0E-07
  1.950E+01  2.86793E-02  1.28570E-19  4.59131E-03 -1.67128E-04  1.0E-07
  1.975E+01  2.94120E-02  1.22718E-19  4.38233E-03 -1.73661E-04  1.0E-07
  2.000E+01  3.01537E-02  1.17190E-19  4.18492E-03 -1.80281E-04  1.0E-07
  2.025E+01  3.09043E-02  1.11964E-19  3.99831E-03 -1.86922E-04  1.0E-07
  2.050E+01  3.16639E-02  1.07024E-19  3.82190E-03 -1.93586E-04  1.0E-07
  2.075E+01  3.24324E-02  1.02355E-19  3.65516E-03 -2.00354E-04  1.2E-07
  2.100E+01  3.32098E-02  9.79409E-20  3.49753E-03 -2.07339E-04  1.0E-07
  2.125E+01  3.39961E-02  9.37650E-20  3.34841E-03 -2.14611E-04  1.1E-07
  2.150E+01  3.47912E-02  8.98091E-20  3.20714E-03 -2.22151E-04  1.0E-07
  2.175E+01  3.55952E-02  8.60564E-20  3.07313E-03 -2.29861E-04  1.0E-07
  2.200E+01  3.64081E-02  8.24931E-20  2.94588E-03 -2.37623E-04  1.2E-07
  2.225E+01  3.72297E-02  7.91090E-20  2.82503E-03 -2.45365E-04  1.0E-07
  2.250E+01  3.80602E-02  7.58959E-20  2.71029E-03 -2.53114E-04  1.2E-07
  2.275E+01  3.88995E-02  7.28463E-20  2.60139E-03 -2.60995E-04  1.0E-07
  2.300E+01  3.97476E-02  6.99509E-20  2.49799E-03 -2.69146E-04  1.0E-07
  2.325E+01  4.06044E-02  6.71993E-20  2.39973E-03 -2.77640E-04  1.0E-07
  2.350E+01  4.14700E-02  6.45807E-20  2.30622E-03 -2.86434E-04  1.0E-07
  2.375E+01  4.23443E-02  6.20857E-20  2.21712E-03 -2.95394E-04  1.3E-07
  2.400E+01  4.32273E-02  5.97072E-20  2.13218E-03 -3.04360E-04  1.0E-07
  2.425E+01  4.41190E-02  5.74403E-20  2.05123E-03 -3.13254E-04  1.3E-07
  2.450E+01  4.50194E-02  5.52806E-20  1.97411E-03 -3.22133E-04  1.0E-07
  2.475E+01  4.59284E-02  5.32232E-20  1.90064E-03 -3.31157E-04  1.0E-07
  2.500E+01  4.68461E-02  5.12621E-20  1.83060E-03 -3.40494E-04  1.3E-07
  2.550E+01  4.87074E-02  4.76023E-20  1.69991E-03 -3.60267E-04  1.4E-07
  2.600E+01  5.06030E-02  4.42565E-20  1.58043E-03 -3.80567E-04  1.2E-07
  2.650E+01  5.25328E-02  4.11993E-20  1.47125E-03 -4.00535E-04  1.0E-07
  2.700E+01  5.44967E-02  3.84066E-20  1.37153E-03 -4.21221E-04  1.0E-07
  2.750E+01  5.64946E-02  3.58462E-20  1.28009E-03 -4.43526E-04  1.0E-07
  2.800E+01  5.85262E-02  3.34918E-20  1.19601E-03 -4.66216E-04  1.4E-07
  2.850E+01  6.05914E-02  3.13286E-20  1.11877E-03 -4.88410E-04  1.6E-07
  2.900E+01  6.26901E-02  2.93400E-20  1.04775E-03 -5.11498E-04  1.4E-07
  2.950E+01  6.48222E-02  2.75053E-20  9.82231E-04 -5.36266E-04  1.0E-07
  3.000E+01  6.69873E-02  2.58099E-20  9.21688E-04 -5.61093E-04  1.0E-07
  3.050E+01  6.91854E-02  2.42452E-20  8.65810E-04 -5.85310E-04  1.0E-07
  3.100E+01  7.14163E-02  2.27993E-20  8.14179E-04 -6.10811E-04  1.4E-07
  3.150E+01  7.36799E-02  2.14588E-20  7.66308E-04 -6.38136E-04  1.7E-07
  3.200E+01  7.59760E-02  2.02146E-20  7.21877E-04 -6.65182E-04  1.6E-07
  3.250E+01  7.83043E-02  1.90608E-20  6.80674E-04 -6.91505E-04  1.1E-07
  3.300E+01  8.06647E-02  1.79895E-20  6.42417E-04 -7.19296E-04  1.0E-07
  3.350E+01  8.30571E-02  1.69922E-20  6.06803E-04 -7.48767E-04  1.0E-07
  3.400E+01  8.54812E-02  1.60631E-20  5.73623E-04 -7.77714E-04  1.4E-07
  3.450E+01  8.79369E-02  1.51978E-20  5.42724E-04 -8.06285E-04  1.7E-07
  3.500E+01  9.04240E-02  1.43910E-20  5.13911E-04 -8.36677E-04  1.7E-07
  3.550E+01  9.29422E-02  1.36370E-20  4.86985E-04 -8.68328E-04  1.2E-07
  3.600E+01  9.54915E-02  1.29317E-20  4.61800E-04 -8.98972E-04  1.0E-07
  3.650E+01  9.80716E-02  1.22723E-20  4.38252E-04 -9.29481E-04  1.0E-07
  3.700E+01  1.00682E-01  1.16552E-20  4.16216E-04 -9.62066E-04  1.4E-07
  3.750E+01  1.03323E-01  1.10767E-20  3.95555E-04 -9.95645E-04  1.8E-07
  3.800E+01  1.05995E-01  1.05338E-20  3.76168E-04 -1.02823E-03  1.2E-07
  3.850E+01  1.08696E-01  1.00245E-20  3.57983E-04 -1.06109E-03  1.4E-07
  3.900E+01  1.11427E-01  9.54651E-21  3.40912E-04 -1.09581E-03  1.0E-07
  3.950E+01  1.14188E-01  9.09680E-21  3.24853E-04 -1.13083E-03  1.0E-07
  4.000E+01  1.16978E-01  8.67340E-21  3.09733E-04 -1.16495E-03  1.3E-07
  4.050E+01  1.19797E-01  8.27503E-21  2.95507E-04 -1.19998E-03  1.8E-07
  4.100E+01  1.22645E-01  7.89991E-21  2.82111E-04 -1.23679E-03  1.9E-07
  4.150E+01  1.25522E-01  7.54590E-21  2.69469E-04 -1.27345E-03  1.0E-07
  4.200E+01  1.28428E-01  7.21167E-21  2.57533E-04 -1.30931E-03  1.0E-07
  4.250E+01  1.31361E-01  6.89639E-21  2.46274E-04 -1.34622E-03  1.0E-07
  4.300E+01  1.34323E-01  6.59867E-21  2.35643E-04 -1.38449E-03  1.1E-07
  4.350E+01  1.37313E-01  6.31693E-21  2.25581E-04 -1.42249E-03  1.8E-07
  4.400E+01  1.40330E-01  6.05028E-21  2.16059E-04 -1.46023E-03  2.0E-07
  4.450E+01  1.43375E-01  5.79811E-21  2.07054E-04 -1.49910E-03  1.6E-07
  4.500E+01  1.46447E-01  5.55934E-21  1.98527E-04 -1.53876E-03  1.0E-07
  4.550E+01  1.49545E-01  5.33285E-21  1.90439E-04 -1.57800E-03  1.0E-07
  4.600E+01  1.52671E-01  5.11810E-21  1.82771E-04 -1.61737E-03  1.0E-07
  4.650E+01  1.55823E-01  4.91455E-21  1.75502E-04 -1.65783E-03  1.7E-07
  4.700E+01  1.59001E-01  4.72125E-21  1.68599E-04 -1.69870E-03  1.9E-07
  4.750E+01  1.62205E-01  4.53744E-21  1.62035E-04 -1.73927E-03  1.7E-07
  4.800E+01  1.65435E-01  4.36275E-21  1.55797E-04 -1.78021E-03  1.0E-07
  4.850E+01  1.68690E-01  4.19676E-21  1.49869E-04 -1.82199E-03  1.0E-07
  4.900E+01  1.71970E-01  4.03877E-21  1.44227E-04 -1.86389E-03  1.0E-07
  4.950E+01  1.75276E-01  3.88831E-21  1.38854E-04 -1.90567E-03  1.5E-07
  5.000E+01  1.78606E-01  3.74511E-21  1.33740E-04 -1.94796E-03  1.8E-07
  5.050E+01  1.81961E-01  3.60873E-21  1.28870E-04 -1.99084E-03  1.7E-07
  5.100E+01  1.85340E-01  3.47866E-21  1.24225E-04 -2.03374E-03  1.1E-07
  5.150E+01  1.88743E-01  3.35456E-21  1.19793E-04 -2.07667E-03  1.0E-07
  5.200E+01  1.92169E-01  3.23620E-21  1.15567E-04 -2.12011E-03  1.0E-07
  5.250E+01  1.95619E-01  3.12324E-21  1.11533E-04 -2.16389E-03  1.3E-07
  5.300E+01  1.99092E-01  3.01532E-21  1.07679E-04 -2.20767E-03  1.7E-07
  5.350E+01  2.02589E-01  2.91219E-21  1.03996E-04 -2.25160E-03  1.6E-07
  5.400E+01  2.06107E-01  2.81366E-21  1.00478E-04 -2.29593E-03  1.2E-07
  5.450E+01  2.09649E-01  2.71942E-21  9.71121E-05 -2.34045E-03  1.0E-07
  5.500E+01  2.13212E-01  2.62921E-21  9.38908E-05 -2.38500E-03  1.0E-07
  5.550E+01  2.16797E-01  2.54288E-21  9.08077E-05 -2.42977E-03  1.0E-07
  5.600E+01  2.20404E-01  2.46023E-21  8.78564E-05 -2.47480E-03  1.5E-07
  5.650E+01  2.24032E-01  2.38107E-21  8.50294E-05 -2.51994E-03  1.5E-07
  5.700E+01  2.27680E-01  2.30521E-21  8.23204E-05 -2.56513E-03  1.2E-07
  5.750E+01  2.31350E-01  2.23251E-21  7.97244E-05 -2.61049E-03  1.0E-07
  5.800E+01  2.35040E-01  2.16282E-21  7.72356E-05 -2.65604E-03  1.0E-07
  5.850E+01  2.38751E-01  2.09596E-21  7.48481E-05 -2.70166E-03  1.0E-07
  5.900E+01  2.42481E-01  2.03179E-21  7.25566E-05 -2.74737E-03  1.0E-07
  5.950E+01  2.46231E-01  1.97019E-21  7.03568E-05 -2.79319E-03  1.3E-07
  6.000E+01  2.50000E-01  1.91103E-21  6.82440E-05 -2.83909E-03  1.1E-07
  6.050E+01  2.53788E-01  1.85418E-21  6.62138E-05 -2.88502E-03  1.0E-07
  6.100E+01  2.57595E-01  1.79954E-21  6.42626E-05 -2.93100E-03  1.0E-07
  6.150E+01  2.61421E-01  1.74702E-21  6.23871E-05 -2.97705E-03  1.0E-07
  6.200E+01  2.65264E-01  1.69651E-21  6.05835E-05 -3.02314E-03  1.0E-07
  6.250E+01  2.69126E-01  1.64793E-21  5.88487E-05 -3.06927E-03  1.0E-07
  6.300E+01  2.73005E-01  1.60119E-21  5.71794E-05 -3.11540E-03  1.0E-07
  6.350E+01  2.76901E-01  1.55619E-21  5.55726E-05 -3.16152E-03  1.0E-07
  6.400E+01  2.80814E-01  1.51287E-21  5.40255E-05 -3.20764E-03  1.0E-07
  6.450E+01  2.84744E-01  1.47114E-21  5.25353E-05 -3.25374E-03  1.0E-07
  6.500E+01  2.88691E-01  1.43094E-21  5.10997E-05 -3.29981E-03  1.0E-07
  6.550E+01  2.92653E-01  1.39220E-21  4.97163E-05 -3.34585E-03  1.0E-07
  6.600E+01  2.96632E-01  1.35486E-21  4.83829E-05 -3.39187E-03  1.0E-07
  6.650E+01  3.00625E-01  1.31886E-21  4.70972E-05 -3.43781E-03  1.0E-07
  6.700E+01  3.04634E-01  1.28413E-21  4.58570E-05 -3.48367E-03  1.0E-07
  6.750E+01  3.08658E-01  1.25061E-21  4.46600E-05 -3.52944E-03  1.0E-07
  6.800E+01  3.12697E-01  1.21825E-21  4.35046E-05 -3.57512E-03  1.0E-07
  6.850E+01  3.16749E-01  1.18701E-21  4.23888E-05 -3.62070E-03  1.0E-07
  6.900E+01  3.20816E-01  1.15683E-21  4.13112E-05 -3.66617E-03  1.0E-07
  6.950E+01  3.24896E-01  1.12769E-21  4.02706E-05 -3.71153E-03  1.0E-07
  7.000E+01  3.28990E-01  1.09955E-21  3.92655E-05 -3.75676E-03  1.0E-07
  7.050E+01  3.33097E-01  1.07236E-21  3.82945E-05 -3.80184E-03  1.0E-07
  7.100E+01  3.37216E-01  1.04608E-21  3.73561E-05 -3.84675E-03  1.0E-07
  7.150E+01  3.41348E-01  1.02067E-21  3.64487E-05 -3.89149E-03  1.0E-07
  7.200E+01  3.45492E-01  9.96091E-22  3.55710E-05 -3.93607E-03  1.0E-07
  7.250E+01  3.49647E-01  9.72310E-22  3.47218E-05 -3.98046E-03  1.0E-07
  7.300E+01  3.53814E-01  9.49298E-22  3.39000E-05 -4.02467E-03  1.0E-07
  7.350E+01  3.57992E-01  9.27026E-22  3.31047E-05 -4.06867E-03  1.0E-07
  7.400E+01  3.62181E-01  9.05471E-22  3.23349E-05 -4.11245E-03  1.0E-07
  7.450E+01  3.66381E-01  8.84601E-22  3.15897E-05 -4.15599E-03  1.0E-07
  7.500E+01  3.70590E-01  8.64391E-22  3.08680E-05 -4.19929E-03  1.0E-07
  7.550E+01  3.74810E-01  8.44810E-22  3.01687E-05 -4.24234E-03  1.0E-07
  7.600E+01  3.79039E-01  8.25832E-22  2.94910E-05 -4.28516E-03  1.0E-07
  7.650E+01  3.83277E-01  8.07435E-22  2.88340E-05 -4.32771E-03  1.0E-07
  7.700E+01  3.87524E-01  7.89599E-22  2.81971E-05 -4.36997E-03  1.0E-07
  7.750E+01  3.91780E-01  7.72310E-22  2.75797E-05 -4.41196E-03  1.0E-07
  7.800E+01  3.96044E-01  7.55550E-22  2.69812E-05 -4.45363E-03  1.0E-07
  7.850E+01  4.00316E-01  7.39300E-22  2.64009E-05 -4.49500E-03  1.0E-07
  7.900E+01  4.04596E-01  7.23540E-22  2.58381E-05 -4.53604E-03  1.0E-07
  7.950E+01  4.08882E-01  7.08248E-22  2.52920E-05 -4.57677E-03  1.0E-07
  8.000E+01  4.13176E-01  6.93404E-22  2.47619E-05 -4.61718E-03  1.0E-07
  8.050E+01  4.17476E-01  6.78990E-22  2.42472E-05 -4.65723E-03  1.1E-07
  8.100E+01  4.21783E-01  6.64991E-22  2.37473E-05 -4.69693E-03  1.1E-07
  8.150E+01  4.26095E-01  6.51394E-22  2.32617E-05 -4.73625E-03  1.0E-07
  8.200E+01  4.30413E-01  6.38189E-22  2.27901E-05 -4.77521E-03  1.0E-07
  8.250E+01  4.34737E-01  6.25361E-22  2.23321E-05 -4.81377E-03  1.0E-07
  8.300E+01  4.39065E-01  6.12899E-22  2.18870E-05 -4.85194E-03  1.0E-07
  8.350E+01  4.43398E-01  6.00789E-22  2.14546E-05 -4.88972E-03  1.0E-07
  8.400E+01  4.47736E-01  5.89017E-22  2.10342E-05 -4.92710E-03  1.5E-07
  8.450E+01  4.52077E-01  5.77571E-22  2.06254E-05 -4.96405E-03  1.1E-07
  8.500E+01  4.56422E-01  5.66441E-22  2.02280E-05 -5.00055E-03  1.0E-07
  8.550E+01  4.60770E-01  5.55619E-22  1.98415E-05 -5.03664E-03  1.0E-07
  8.600E+01  4.65122E-01  5.45094E-22  1.94657E-05 -5.07227E-03  1.3E-07
  8.650E+01  4.69476E-01  5.34855E-22  1.91000E-05 -5.10743E-03  1.0E-07
  8.700E+01  4.73832E-01  5.24896E-22  1.87444E-05 -5.14214E-03  1.0E-07
  8.750E+01  4.78190E-01  5.15205E-22  1.83983E-05 -5.17639E-03  1.5E-07
  8.800E+01  4.82550E-01  5.05773E-22  1.80615E-05 -5.21015E-03  1.0E-07
  8.850E+01  4.86912E-01  4.96589E-22  1.77335E-05 -5.24339E-03  1.0E-07
  8.900E+01  4.91274E-01  4.87647E-22  1.74142E-05 -5.27616E-03  1.3E-07
  8.950E+01  4.95637E-01  4.78940E-22  1.71033E-05 -5.30843E-03  1.9E-07
  9.000E+01  5.00000E-01  4.70457E-22  1.68003E-05 -5.34016E-03  1.0E-07
  9.050E+01  5.04363E-01  4.62192E-22  1.65052E-05 -5.37137E-03  1.0E-07
  9.100E+01  5.08726E-01  4.54141E-22  1.62177E-05 -5.40206E-03  1.1E-07
  9.150E+01  5.13088E-01  4.46296E-22  1.59375E-05 -5.43225E-03  1.0E-07
  9.200E+01  5.17450E-01  4.38651E-22  1.56645E-05 -5.46185E-03  1.3E-07
  9.250E+01  5.21810E-01  4.31199E-22  1.53984E-05 -5.49088E-03  2.3E-07
  9.300E+01  5.26168E-01  4.23938E-22  1.51391E-05 -5.51938E-03  1.8E-07
  9.350E+01  5.30524E-01  4.16861E-22  1.48864E-05 -5.54731E-03  1.0E-07
  9.400E+01  5.34878E-01  4.09959E-22  1.46399E-05 -5.57463E-03  1.0E-07
  9.450E+01  5.39230E-01  4.03230E-22  1.43996E-05 -5.60136E-03  1.0E-07
  9.500E+01  5.43578E-01  3.96670E-22  1.41653E-05 -5.62755E-03  1.3E-07
  9.550E+01  5.47923E-01  3.90270E-22  1.39368E-05 -5.65313E-03  2.4E-07
  9.600E+01  5.52264E-01  3.84024E-22  1.37137E-05 -5.67806E-03  2.3E-07
  9.650E+01  5.56602E-01  3.77931E-22  1.34961E-05 -5.70238E-03  1.7E-07
  9.700E+01  5.60935E-01  3.71985E-22  1.32838E-05 -5.72612E-03  1.0E-07
  9.750E+01  5.65263E-01  3.66180E-22  1.30765E-05 -5.74923E-03  1.0E-07
  9.800E+01  5.69587E-01  3.60511E-22  1.28741E-05 -5.77167E-03  1.1E-07
  9.850E+01  5.73905E-01  3.54980E-22  1.26766E-05 -5.79349E-03  2.1E-07
  9.900E+01  5.78217E-01  3.49581E-22  1.24837E-05 -5.81470E-03  2.4E-07
  9.950E+01  5.82524E-01  3.44308E-22  1.22954E-05 -5.83524E-03  2.2E-07
  1.000E+02  5.86824E-01  3.39157E-22  1.21115E-05 -5.85508E-03  1.6E-07
  1.005E+02  5.91118E-01  3.34129E-22  1.19320E-05 -5.87426E-03  1.0E-07
  1.010E+02  5.95404E-01  3.29218E-22  1.17566E-05 -5.89281E-03  1.0E-07
  1.015E+02  5.99684E-01  3.24418E-22  1.15852E-05 -5.91068E-03  1.4E-07
  1.020E+02  6.03956E-01  3.19728E-22  1.14177E-05 -5.92784E-03  2.1E-07
  1.025E+02  6.08220E-01  3.15147E-22  1.12541E-05 -5.94432E-03  2.3E-07
  1.030E+02  6.12476E-01  3.10672E-22  1.10943E-05 -5.96015E-03  2.2E-07
  1.035E+02  6.16723E-01  3.06298E-22  1.09381E-05 -5.97526E-03  1.3E-07
  1.040E+02  6.20961E-01  3.02024E-22  1.07855E-05 -5.98960E-03  1.0E-07
  1.045E+02  6.25190E-01  2.97849E-22  1.06364E-05 -6.00325E-03  1.0E-07
  1.050E+02  6.29410E-01  2.93768E-22  1.04906E-05 -6.01623E-03  1.4E-07
  1.055E+02  6.33619E-01  2.89775E-22  1.03481E-05 -6.02850E-03  2.0E-07
  1.060E+02  6.37819E-01  2.85870E-22  1.02086E-05 -6.03999E-03  2.3E-07
  1.065E+02  6.42008E-01  2.82052E-22  1.00722E-05 -6.05077E-03  1.6E-07
  1.070E+02  6.46186E-01  2.78316E-22  9.93884E-06 -6.06088E-03  1.0E-07
  1.075E+02  6.50353E-01  2.74661E-22  9.80831E-06 -6.07021E-03  1.0E-07
  1.080E+02  6.54508E-01  2.71085E-22  9.68063E-06 -6.07875E-03  1.0E-07
  1.085E+02  6.58652E-01  2.67589E-22  9.55576E-06 -6.08657E-03  1.4E-07
  1.090E+02  6.62784E-01  2.64168E-22  9.43361E-06 -6.09373E-03  2.0E-07
  1.095E+02  6.66903E-01  2.60820E-22  9.31406E-06 -6.10009E-03  2.0E-07
  1.100E+02  6.71010E-01  2.57545E-22  9.19710E-06 -6.10562E-03  1.0E-07
  1.105E+02  6.75104E-01  2.54341E-22  9.08268E-06 -6.11044E-03  1.4E-07
  1.110E+02  6.79184E-01  2.51206E-22  8.97071E-06 -6.11453E-03  1.0E-07
  1.115E+02  6.83251E-01  2.48136E-22  8.86110E-06 -6.11781E-03  1.0E-07
  1.120E+02  6.87303E-01  2.45131E-22  8.75380E-06 -6.12027E-03  1.4E-07
  1.125E+02  6.91342E-01  2.42191E-22  8.64881E-06 -6.12205E-03  2.0E-07
  1.130E+02  6.95366E-01  2.39313E-22  8.54602E-06 -6.12308E-03  1.0E-07
  1.135E+02  6.99375E-01  2.36494E-22  8.44534E-06 -6.12325E-03  1.5E-07
  1.140E+02  7.03368E-01  2.33734E-22  8.34678E-06 -6.12260E-03  1.4E-07
  1.145E+02  7.07347E-01  2.31033E-22  8.25032E-06 -6.12124E-03  1.0E-07
  1.150E+02  7.11309E-01  2.28388E-22  8.15587E-06 -6.11911E-03  1.0E-07
  1.155E+02  7.15256E-01  2.25796E-22  8.06333E-06 -6.11613E-03  1.4E-07
  1.160E+02  7.19186E-01  2.23259E-22  7.97271E-06 -6.11236E-03  1.0E-07
  1.165E+02  7.23099E-01  2.20774E-22  7.88397E-06 -6.10786E-03  1.2E-07
  1.170E+02  7.26995E-01  2.18339E-22  7.79701E-06 -6.10256E-03  2.0E-07
  1.175E+02  7.30874E-01  2.15952E-22  7.71179E-06 -6.09640E-03  1.4E-07
  1.180E+02  7.34736E-01  2.13614E-22  7.62831E-06 -6.08946E-03  1.0E-07
  1.185E+02  7.38579E-01  2.11325E-22  7.54655E-06 -6.08178E-03  1.0E-07
  1.190E+02  7.42405E-01  2.09081E-22  7.46640E-06 -6.07326E-03  1.2E-07
  1.195E+02  7.46212E-01  2.06881E-22  7.38785E-06 -6.06393E-03  1.0E-07
  1.200E+02  7.50000E-01  2.04726E-22  7.31090E-06 -6.05382E-03  2.2E-07
  1.205E+02  7.53769E-01  2.02615E-22  7.23550E-06 -6.04293E-03  2.0E-07
  1.210E+02  7.57519E-01  2.00545E-22  7.16160E-06 -6.03120E-03  1.3E-07
  1.215E+02  7.61249E-01  1.98517E-22  7.08917E-06 -6.01865E-03  1.0E-07
  1.220E+02  7.64960E-01  1.96530E-22  7.01823E-06 -6.00533E-03  1.0E-07
  1.225E+02  7.68650E-01  1.94584E-22  6.94871E-06 -5.99120E-03  1.0E-07
  1.230E+02  7.72320E-01  1.92675E-22  6.88056E-06 -5.97625E-03  2.0E-07
  1.235E+02  7.75968E-01  1.90805E-22  6.81376E-06 -5.96049E-03  2.2E-07
  1.240E+02  7.79596E-01  1.88972E-22  6.74831E-06 -5.94396E-03  1.9E-07
  1.245E+02  7.83203E-01  1.87175E-22  6.68415E-06 -5.92661E-03  1.3E-07
  1.250E+02  7.86788E-01  1.85414E-22  6.62124E-06 -5.90843E-03  1.0E-07
  1.255E+02  7.90351E-01  1.83687E-22  6.55959E-06 -5.88946E-03  1.0E-07
  1.260E+02  7.93893E-01  1.81995E-22  6.49914E-06 -5.86970E-03  1.4E-07
  1.265E+02  7.97411E-01  1.80335E-22  6.43988E-06 -5.84914E-03  2.0E-07
  1.270E+02  8.00908E-01  1.78707E-22  6.38176E-06 -5.82777E-03  2.2E-07
  1.275E+02  8.04381E-01  1.77112E-22  6.32478E-06 -5.80562E-03  1.9E-07
  1.280E+02  8.07831E-01  1.75548E-22  6.26892E-06 -5.78267E-03  1.3E-07
  1.285E+02  8.11257E-01  1.74013E-22  6.21413E-06 -5.75891E-03  1.0E-07
  1.290E+02  8.14660E-01  1.72509E-22  6.16041E-06 -5.73436E-03  1.0E-07
  1.295E+02  8.18039E-01  1.71034E-22  6.10773E-06 -5.70902E-03  1.5E-07
  1.300E+02  8.21394E-01  1.69588E-22  6.05609E-06 -5.68290E-03  2.0E-07
  1.305E+02  8.24724E-01  1.68169E-22  6.00543E-06 -5.65598E-03  2.2E-07
  1.310E+02  8.28030E-01  1.66778E-22  5.95576E-06 -5.62829E-03  1.8E-07
  1.315E+02  8.31310E-01  1.65414E-22  5.90706E-06 -5.59982E-03  1.0E-07
  1.320E+02  8.34565E-01  1.64077E-22  5.85929E-06 -5.57056E-03  1.0E-07
  1.325E+02  8.37795E-01  1.62766E-22  5.81246E-06 -5.54051E-03  1.0E-07
  1.330E+02  8.40999E-01  1.61480E-22  5.76654E-06 -5.50969E-03  1.5E-07
  1.335E+02  8.44177E-01  1.60219E-22  5.72152E-06 -5.47811E-03  2.1E-07
  1.340E+02  8.47329E-01  1.58982E-22  5.67737E-06 -5.44576E-03  1.7E-07
  1.345E+02  8.50455E-01  1.57770E-22  5.63408E-06 -5.41264E-03  1.0E-07
  1.350E+02  8.53553E-01  1.56582E-22  5.59163E-06 -5.37877E-03  1.0E-07
  1.355E+02  8.56625E-01  1.55416E-22  5.55002E-06 -5.34413E-03  1.0E-07
  1.360E+02  8.59670E-01  1.54274E-22  5.50922E-06 -5.30873E-03  1.0E-07
  1.365E+02  8.62687E-01  1.53154E-22  5.46922E-06 -5.27257E-03  1.6E-07
  1.370E+02  8.65677E-01  1.52056E-22  5.43002E-06 -5.23568E-03  1.5E-07
  1.375E+02  8.68639E-01  1.50979E-22  5.39157E-06 -5.19804E-03  1.0E-07
  1.380E+02  8.71572E-01  1.49924E-22  5.35389E-06 -5.15967E-03  1.0E-07
  1.385E+02  8.74478E-01  1.48890E-22  5.31695E-06 -5.12057E-03  1.0E-07
  1.390E+02  8.77355E-01  1.47876E-22  5.28073E-06 -5.08072E-03  1.0E-07
  1.395E+02  8.80203E-01  1.46882E-22  5.24524E-06 -5.04015E-03  1.0E-07
  1.400E+02  8.83022E-01  1.45907E-22  5.21044E-06 -4.99886E-03  1.1E-07
  1.405E+02  8.85812E-01  1.44952E-22  5.17634E-06 -4.95685E-03  1.0E-07
  1.410E+02  8.88573E-01  1.44016E-22  5.14292E-06 -4.91414E-03  1.0E-07
  1.415E+02  8.91304E-01  1.43099E-22  5.11016E-06 -4.87072E-03  1.0E-07
  1.420E+02  8.94005E-01  1.42200E-22  5.07806E-06 -4.82661E-03  1.0E-07
  1.425E+02  8.96677E-01  1.41319E-22  5.04659E-06 -4.78180E-03  1.0E-07
  1.430E+02  8.99318E-01  1.40456E-22  5.01576E-06 -4.73629E-03  1.0E-07
  1.435E+02  9.01928E-01  1.39610E-22  4.98555E-06 -4.69010E-03  1.0E-07
  1.440E+02  9.04508E-01  1.38781E-22  4.95596E-06 -4.64323E-03  1.0E-07
  1.445E+02  9.07058E-01  1.37969E-22  4.92697E-06 -4.59570E-03  1.0E-07
  1.450E+02  9.09576E-01  1.37174E-22  4.89857E-06 -4.54751E-03  1.0E-07
  1.455E+02  9.12063E-01  1.36395E-22  4.87075E-06 -4.49866E-03  1.0E-07
  1.460E+02  9.14519E-01  1.35632E-22  4.84350E-06 -4.44915E-03  1.0E-07
  1.465E+02  9.16943E-01  1.34885E-22  4.81682E-06 -4.39900E-03  1.0E-07
  1.470E+02  9.19335E-01  1.34153E-22  4.79069E-06 -4.34820E-03  1.0E-07
  1.475E+02  9.21696E-01  1.33437E-22  4.76512E-06 -4.29676E-03  1.1E-07
  1.480E+02  9.24024E-01  1.32736E-22  4.74009E-06 -4.24471E-03  1.3E-07
  1.485E+02  9.26320E-01  1.32050E-22  4.71559E-06 -4.19204E-03  1.2E-07
  1.490E+02  9.28584E-01  1.31379E-22  4.69162E-06 -4.13876E-03  1.0E-07
  1.495E+02  9.30815E-01  1.30722E-22  4.66816E-06 -4.08488E-03  1.0E-07
  1.500E+02  9.33013E-01  1.30079E-22  4.64522E-06 -4.03040E-03  1.0E-07
  1.505E+02  9.35178E-01  1.29451E-22  4.62277E-06 -3.97531E-03  1.5E-07
  1.510E+02  9.37310E-01  1.28837E-22  4.60084E-06 -3.91965E-03  2.1E-07
  1.515E+02  9.39409E-01  1.28236E-22  4.57939E-06 -3.86341E-03  2.2E-07
  1.520E+02  9.41474E-01  1.27649E-22  4.55842E-06 -3.80661E-03  1.7E-07
  1.525E+02  9.43505E-01  1.27075E-22  4.53794E-06 -3.74925E-03  1.0E-07
  1.530E+02  9.45503E-01  1.26515E-22  4.51792E-06 -3.69135E-03  1.0E-07
  1.535E+02  9.47467E-01  1.25967E-22  4.49837E-06 -3.63290E-03  1.1E-07
  1.540E+02  9.49397E-01  1.25433E-22  4.47928E-06 -3.57390E-03  2.0E-07
  1.545E+02  9.51293E-01  1.24911E-22  4.46065E-06 -3.51437E-03  2.6E-07
  1.550E+02  9.53154E-01  1.24401E-22  4.44246E-06 -3.45433E-03  2.7E-07
  1.555E+02  9.54981E-01  1.23905E-22  4.42472E-06 -3.39379E-03  1.6E-07
  1.560E+02  9.56773E-01  1.23420E-22  4.40741E-06 -3.33274E-03  1.0E-07
  1.565E+02  9.58530E-01  1.22947E-22  4.39053E-06 -3.27120E-03  1.0E-07
  1.570E+02  9.60252E-01  1.22487E-22  4.37409E-06 -3.20918E-03  1.2E-07
  1.575E+02  9.61940E-01  1.22038E-22  4.35806E-06 -3.14667E-03  2.2E-07
  1.580E+02  9.63592E-01  1.21601E-22  4.34245E-06 -3.08370E-03  2.8E-07
  1.585E+02  9.65209E-01  1.21175E-22  4.32725E-06 -3.02026E-03  2.6E-07
  1.590E+02  9.66790E-01  1.20761E-22  4.31247E-06 -2.95639E-03  1.0E-07
  1.595E+02  9.68336E-01  1.20359E-22  4.29808E-06 -2.89208E-03  1.3E-07
  1.600E+02  9.69846E-01  1.19967E-22  4.28409E-06 -2.82734E-03  1.0E-07
  1.605E+02  9.71321E-01  1.19586E-22  4.27050E-06 -2.76218E-03  1.3E-07
  1.610E+02  9.72759E-01  1.19216E-22  4.25730E-06 -2.69660E-03  2.4E-07
  1.615E+02  9.74162E-01  1.18858E-22  4.24449E-06 -2.63062E-03  3.0E-07
  1.620E+02  9.75528E-01  1.18510E-22  4.23206E-06 -2.56423E-03  1.2E-07
  1.625E+02  9.76858E-01  1.18172E-22  4.22001E-06 -2.49749E-03  1.8E-07
  1.630E+02  9.78152E-01  1.17846E-22  4.20834E-06 -2.43036E-03  1.3E-07
  1.635E+02  9.79410E-01  1.17529E-22  4.19704E-06 -2.36288E-03  1.0E-07
  1.640E+02  9.80631E-01  1.17223E-22  4.18611E-06 -2.29505E-03  1.5E-07
  1.645E+02  9.81815E-01  1.16927E-22  4.17554E-06 -2.22687E-03  2.7E-07
  1.650E+02  9.82963E-01  1.16642E-22  4.16535E-06 -2.15835E-03  2.3E-07
  1.655E+02  9.84074E-01  1.16366E-22  4.15551E-06 -2.08949E-03  1.5E-07
  1.660E+02  9.85148E-01  1.16101E-22  4.14603E-06 -2.02034E-03  2.7E-07
  1.665E+02  9.86185E-01  1.15845E-22  4.13690E-06 -1.95089E-03  1.4E-07
  1.670E+02  9.87185E-01  1.15600E-22  4.12815E-06 -1.88115E-03  1.0E-07
  1.675E+02  9.88148E-01  1.15364E-22  4.11972E-06 -1.81114E-03  1.8E-07
  1.680E+02  9.89074E-01  1.15138E-22  4.11164E-06 -1.74084E-03  3.1E-07
  1.685E+02  9.89962E-01  1.14921E-22  4.10392E-06 -1.67027E-03  1.0E-07
  1.690E+02  9.90814E-01  1.14715E-22  4.09655E-06 -1.59944E-03  3.8E-07
  1.695E+02  9.91627E-01  1.14518E-22  4.08950E-06 -1.52840E-03  3.0E-07
  1.700E+02  9.92404E-01  1.14330E-22  4.08279E-06 -1.45712E-03  1.6E-07
  1.705E+02  9.93143E-01  1.14152E-22  4.07645E-06 -1.38562E-03  1.0E-07
  1.710E+02  9.93844E-01  1.13984E-22  4.07043E-06 -1.31393E-03  2.1E-07
  1.715E+02  9.94508E-01  1.13824E-22  4.06472E-06 -1.24204E-03  1.0E-07
  1.720E+02  9.95134E-01  1.13674E-22  4.05936E-06 -1.16994E-03  4.6E-07
  1.725E+02  9.95722E-01  1.13533E-22  4.05435E-06 -1.09764E-03  4.6E-07
  1.730E+02  9.96273E-01  1.13402E-22  4.04967E-06 -1.02521E-03  3.6E-07
  1.735E+02  9.96786E-01  1.13279E-22  4.04528E-06 -9.52650E-04  1.9E-07
  1.740E+02  9.97261E-01  1.13166E-22  4.04125E-06 -8.79912E-04  1.0E-07
  1.745E+02  9.97698E-01  1.13063E-22  4.03756E-06 -8.07040E-04  1.3E-07
  1.750E+02  9.98097E-01  1.12968E-22  4.03417E-06 -7.34094E-04  4.8E-07
  1.755E+02  9.98459E-01  1.12882E-22  4.03109E-06 -6.61030E-04  6.1E-07
  1.760E+02  9.98782E-01  1.12805E-22  4.02835E-06 -5.87788E-04  6.2E-07
  1.765E+02  9.99067E-01  1.12739E-22  4.02597E-06 -5.14458E-04  5.0E-07
  1.770E+02  9.99315E-01  1.12680E-22  4.02388E-06 -4.41137E-04  2.6E-07
  1.775E+02  9.99524E-01  1.12630E-22  4.02210E-06 -3.67751E-04  1.0E-07
  1.780E+02  9.99695E-01  1.12590E-22  4.02066E-06 -2.94237E-04  4.9E-07
  1.785E+02  9.99829E-01  1.12559E-22  4.01955E-06 -2.20711E-04  9.0E-07
  1.790E+02  9.99924E-01  1.12536E-22  4.01875E-06 -1.47259E-04  1.3E-06
  1.795E+02  9.99981E-01  1.12521E-22  4.01820E-06 -7.37233E-05  1.7E-06
  1.800E+02  1.00000E+00  1.12517E-22  4.01806E-06 -1.03534E-18  4.4E-06
