 #
 # Subroutine ELSEPA. Elastic scattering of electrons and positrons
 #                    by neutral atoms and positive ions
 #
 # Projectile: electron
 # Kinetic energy = 1.80000E+04 eV = 6.61488E+02 a.u.
 #
 # Element:  C,  Z =   6,  atomic weight = 1.20107E+01 g/mol
 #
 # Nuclear model: Fermi distribution
 #                Average radius = 2.45042E-13 cm
 #                Skin thickness = 5.46000E-14 cm
 #
 # Number of electrons =  6
 #
 # Electron density: Read from file z_006.den   
 #                   Number of data points =  725
 #                   Volume integral = 6.00000E+00
 #
 # Furness-McCarthy exchange potential
 #
 # LDA absorption potential (only electron-hole excitations):
 #                           Delta = 1.26000E+00 eV
 #                            Aabs = 2.00000E+00
 #
 # Total elastic cross section = 3.57289E-18 cm**2 = 1.27590E-01 a0**2
 # 1st transport cross section = 2.21104E-20 cm**2 = 7.89576E-04 a0**2
 # 2nd transport cross section = 5.55739E-20 cm**2 = 1.98458E-03 a0**2
 #
 #    Absorption cross section = 3.43182E-18 cm**2 = 1.22553E-01 a0**2
 #   Grand total cross section = 7.00570E-18 cm**2 = 2.50178E-01 a0**2
 #
 #
 # Differential cross section:                       MU=(1-COS(THETA))/2
 #
 #  THETA        MU          DCS          DCS        Sherman      error
 #  (deg)                 (cm**2/sr)   (a0**2/sr)    function
 #----------------------------------------------------------------------
  0.000E+00  0.00000E+00  6.59016E-16  2.35339E+01  0.00000E+00  1.0E-07
  1.000E-04  7.61557E-13  6.59016E-16  2.35339E+01  0.00000E+00  1.0E-07
  1.250E-04  1.18994E-12  6.59016E-16  2.35339E+01  0.00000E+00  1.0E-07
  1.500E-04  1.71346E-12  6.59016E-16  2.35339E+01  0.00000E+00  1.0E-07
  1.750E-04  2.33225E-12  6.59016E-16  2.35339E+01  0.00000E+00  1.0E-07
  2.000E-04  3.04617E-12  6.59016E-16  2.35339E+01  0.00000E+00  1.0E-07
  2.250E-04  3.85530E-12  6.59016E-16  2.35339E+01  0.00000E+00  1.0E-07
  2.500E-04  4.75964E-12  6.59016E-16  2.35339E+01  0.00000E+00  1.0E-07
  2.750E-04  5.75917E-12  6.59016E-16  2.35339E+01  0.00000E+00  1.0E-07
  3.000E-04  6.85391E-12  6.59016E-16  2.35339E+01  0.00000E+00  1.0E-07
  3.250E-04  8.04379E-12  6.59016E-16  2.35339E+01  0.00000E+00  1.0E-07
  3.500E-04  9.32893E-12  6.59016E-16  2.35339E+01  0.00000E+00  1.0E-07
  3.750E-04  1.07092E-11  6.59016E-16  2.35339E+01  0.00000E+00  1.0E-07
  4.000E-04  1.21847E-11  6.59016E-16  2.35339E+01  0.00000E+00  1.0E-07
  4.250E-04  1.37554E-11  6.59016E-16  2.35339E+01  0.00000E+00  1.0E-07
  4.500E-04  1.54213E-11  6.59016E-16  2.35339E+01  0.00000E+00  1.0E-07
  4.750E-04  1.71823E-11  6.59016E-16  2.35339E+01  0.00000E+00  1.0E-07
  5.000E-04  1.90386E-11  6.59016E-16  2.35339E+01  0.00000E+00  1.0E-07
  5.250E-04  2.09900E-11  6.59016E-16  2.35339E+01  0.00000E+00  1.0E-07
  5.500E-04  2.30367E-11  6.59016E-16  2.35339E+01  0.00000E+00  1.0E-07
  5.750E-04  2.51785E-11  6.59016E-16  2.35339E+01  0.00000E+00  1.0E-07
  6.000E-04  2.74156E-11  6.59016E-16  2.35339E+01  0.00000E+00  1.0E-07
  6.250E-04  2.97478E-11  6.59016E-16  2.35339E+01  0.00000E+00  1.0E-07
  6.500E-04  3.21752E-11  6.59016E-16  2.35339E+01  0.00000E+00  1.0E-07
  6.750E-04  3.46979E-11  6.59016E-16  2.35339E+01  0.00000E+00  1.0E-07
  7.000E-04  3.73157E-11  6.59016E-16  2.35339E+01  0.00000E+00  1.0E-07
  7.250E-04  4.00286E-11  6.59016E-16  2.35339E+01  0.00000E+00  1.0E-07
  7.500E-04  4.28368E-11  6.59016E-16  2.35339E+01  0.00000E+00  1.0E-07
  7.750E-04  4.57402E-11  6.59016E-16  2.35339E+01  0.00000E+00  1.0E-07
  8.000E-04  4.87388E-11  6.59016E-16  2.35339E+01  0.00000E+00  1.0E-07
  8.250E-04  5.18325E-11  6.59016E-16  2.35339E+01  0.00000E+00  1.0E-07
  8.500E-04  5.50215E-11  6.59016E-16  2.35339E+01  0.00000E+00  1.0E-07
  8.750E-04  5.83057E-11  6.59016E-16  2.35339E+01  0.00000E+00  1.0E-07
  9.000E-04  6.16850E-11  6.59016E-16  2.35339E+01  0.00000E+00  1.0E-07
  9.250E-04  6.51595E-11  6.59016E-16  2.35339E+01  0.00000E+00  1.0E-07
  9.500E-04  6.87293E-11  6.59016E-16  2.35339E+01  0.00000E+00  1.0E-07
  9.750E-04  7.23943E-11  6.59016E-16  2.35339E+01  0.00000E+00  1.0E-07
  1.000E-03  7.61544E-11  6.59016E-16  2.35339E+01  0.00000E+00  1.0E-07
  1.250E-03  1.18991E-10  6.59016E-16  2.35339E+01  0.00000E+00  1.0E-07
  1.500E-03  1.71347E-10  6.59016E-16  2.35339E+01  0.00000E+00  1.0E-07
  1.750E-03  2.33223E-10  6.59015E-16  2.35339E+01  0.00000E+00  1.0E-07
  2.000E-03  3.04617E-10  6.59015E-16  2.35339E+01  0.00000E+00  1.0E-07
  2.250E-03  3.85531E-10  6.59015E-16  2.35339E+01  0.00000E+00  1.0E-07
  2.500E-03  4.75965E-10  6.59015E-16  2.35338E+01  0.00000E+00  1.0E-07
  2.750E-03  5.75917E-10  6.59014E-16  2.35338E+01  0.00000E+00  1.0E-07
  3.000E-03  6.85389E-10  6.59014E-16  2.35338E+01  0.00000E+00  1.0E-07
  3.250E-03  8.04380E-10  6.59014E-16  2.35338E+01  0.00000E+00  1.0E-07
  3.500E-03  9.32891E-10  6.59013E-16  2.35338E+01  0.00000E+00  1.0E-07
  3.750E-03  1.07092E-09  6.59013E-16  2.35338E+01  0.00000E+00  1.0E-07
  4.000E-03  1.21847E-09  6.59013E-16  2.35338E+01  0.00000E+00  1.0E-07
  4.250E-03  1.37554E-09  6.59012E-16  2.35338E+01  0.00000E+00  1.0E-07
  4.500E-03  1.54213E-09  6.59012E-16  2.35337E+01  0.00000E+00  1.0E-07
  4.750E-03  1.71823E-09  6.59011E-16  2.35337E+01  0.00000E+00  1.0E-07
  5.000E-03  1.90386E-09  6.59011E-16  2.35337E+01  0.00000E+00  1.0E-07
  5.250E-03  2.09900E-09  6.59010E-16  2.35337E+01  0.00000E+00  1.0E-07
  5.500E-03  2.30367E-09  6.59010E-16  2.35337E+01  0.00000E+00  1.0E-07
  5.750E-03  2.51785E-09  6.59009E-16  2.35336E+01  0.00000E+00  1.0E-07
  6.000E-03  2.74156E-09  6.59008E-16  2.35336E+01  0.00000E+00  1.0E-07
  6.250E-03  2.97478E-09  6.59008E-16  2.35336E+01  0.00000E+00  1.0E-07
  6.500E-03  3.21752E-09  6.59007E-16  2.35336E+01  0.00000E+00  1.0E-07
  6.750E-03  3.46978E-09  6.59006E-16  2.35335E+01  0.00000E+00  1.0E-07
  7.000E-03  3.73156E-09  6.59006E-16  2.35335E+01  0.00000E+00  1.0E-07
  7.250E-03  4.00286E-09  6.59005E-16  2.35335E+01  0.00000E+00  1.0E-07
  7.500E-03  4.28368E-09  6.59004E-16  2.35335E+01  0.00000E+00  1.0E-07
  7.750E-03  4.57402E-09  6.59003E-16  2.35334E+01  0.00000E+00  1.0E-07
  8.000E-03  4.87388E-09  6.59003E-16  2.35334E+01  0.00000E+00  1.0E-07
  8.250E-03  5.18326E-09  6.59002E-16  2.35334E+01  0.00000E+00  1.0E-07
  8.500E-03  5.50215E-09  6.59001E-16  2.35333E+01  0.00000E+00  1.0E-07
  8.750E-03  5.83057E-09  6.59000E-16  2.35333E+01  0.00000E+00  1.0E-07
  9.000E-03  6.16850E-09  6.58999E-16  2.35333E+01  0.00000E+00  1.0E-07
  9.250E-03  6.51596E-09  6.58998E-16  2.35332E+01  0.00000E+00  1.0E-07
  9.500E-03  6.87293E-09  6.58997E-16  2.35332E+01  0.00000E+00  1.0E-07
  9.750E-03  7.23942E-09  6.58996E-16  2.35332E+01  0.00000E+00  1.0E-07
  1.000E-02  7.61544E-09  6.58995E-16  2.35331E+01  0.00000E+00  1.0E-07
  1.250E-02  1.18991E-08  6.58983E-16  2.35327E+01  0.00000E+00  1.0E-07
  1.500E-02  1.71347E-08  6.58969E-16  2.35322E+01  0.00000E+00  1.0E-07
  1.750E-02  2.33223E-08  6.58952E-16  2.35316E+01  0.00000E+00  1.0E-07
  2.000E-02  3.04617E-08  6.58932E-16  2.35309E+01  0.00000E+00  1.0E-07
  2.250E-02  3.85531E-08  6.58910E-16  2.35301E+01  0.00000E+00  1.0E-07
  2.500E-02  4.75965E-08  6.58885E-16  2.35292E+01  0.00000E+00  1.0E-07
  2.750E-02  5.75917E-08  6.58857E-16  2.35282E+01  0.00000E+00  1.0E-07
  3.000E-02  6.85389E-08  6.58827E-16  2.35271E+01  0.00000E+00  1.0E-07
  3.250E-02  8.04380E-08  6.58794E-16  2.35260E+01  0.00000E+00  1.0E-07
  3.500E-02  9.32891E-08  6.58759E-16  2.35247E+01  0.00000E+00  1.0E-07
  3.750E-02  1.07092E-07  6.58721E-16  2.35233E+01  0.00000E+00  1.0E-07
  4.000E-02  1.21847E-07  6.58680E-16  2.35219E+01  0.00000E+00  1.0E-07
  4.250E-02  1.37554E-07  6.58637E-16  2.35203E+01  0.00000E+00  1.0E-07
  4.500E-02  1.54213E-07  6.58591E-16  2.35187E+01  0.00000E+00  1.0E-07
  4.750E-02  1.71823E-07  6.58542E-16  2.35170E+01  0.00000E+00  1.0E-07
  5.000E-02  1.90386E-07  6.58491E-16  2.35151E+01  0.00000E+00  1.0E-07
  5.250E-02  2.09900E-07  6.58437E-16  2.35132E+01  0.00000E+00  1.0E-07
  5.500E-02  2.30367E-07  6.58381E-16  2.35112E+01  0.00000E+00  1.0E-07
  5.750E-02  2.51785E-07  6.58322E-16  2.35091E+01  0.00000E+00  1.0E-07
  6.000E-02  2.74156E-07  6.58260E-16  2.35069E+01  0.00000E+00  1.0E-07
  6.250E-02  2.97478E-07  6.58196E-16  2.35046E+01  0.00000E+00  1.0E-07
  6.500E-02  3.21752E-07  6.58129E-16  2.35022E+01  0.00000E+00  1.0E-07
  6.750E-02  3.46978E-07  6.58060E-16  2.34997E+01  0.00000E+00  1.0E-07
  7.000E-02  3.73156E-07  6.57988E-16  2.34972E+01  0.00000E+00  1.0E-07
  7.250E-02  4.00286E-07  6.57913E-16  2.34945E+01  0.00000E+00  1.0E-07
  7.500E-02  4.28368E-07  6.57836E-16  2.34917E+01  0.00000E+00  1.0E-07
  7.750E-02  4.57402E-07  6.57756E-16  2.34889E+01  0.00000E+00  1.0E-07
  8.000E-02  4.87388E-07  6.57674E-16  2.34859E+01  0.00000E+00  1.0E-07
  8.250E-02  5.18325E-07  6.57588E-16  2.34829E+01  0.00000E+00  1.0E-07
  8.500E-02  5.50215E-07  6.57501E-16  2.34798E+01  0.00000E+00  1.0E-07
  8.750E-02  5.83057E-07  6.57411E-16  2.34766E+01  0.00000E+00  1.0E-07
  9.000E-02  6.16850E-07  6.57318E-16  2.34732E+01  0.00000E+00  1.0E-07
  9.250E-02  6.51596E-07  6.57222E-16  2.34698E+01  0.00000E+00  1.0E-07
  9.500E-02  6.87293E-07  6.57124E-16  2.34663E+01  0.00000E+00  1.0E-07
  9.750E-02  7.23942E-07  6.57023E-16  2.34627E+01  0.00000E+00  1.0E-07
  1.000E-01  7.61543E-07  6.56920E-16  2.34590E+01  0.00000E+00  1.0E-07
  1.250E-01  1.18991E-06  6.55745E-16  2.34171E+01  0.00000E+00  1.0E-07
  1.500E-01  1.71347E-06  6.54314E-16  2.33660E+01  0.00000E+00  1.0E-07
  1.750E-01  2.33223E-06  6.52628E-16  2.33058E+01  0.00000E+00  1.0E-07
  2.000E-01  3.04617E-06  6.50690E-16  2.32366E+01  0.00000E+00  1.0E-07
  2.250E-01  3.85531E-06  6.48504E-16  2.31585E+01  0.00000E+00  1.0E-07
  2.500E-01  4.75964E-06  6.46073E-16  2.30717E+01  0.00000E+00  1.0E-07
  2.750E-01  5.75916E-06  6.43401E-16  2.29763E+01  0.00000E+00  1.0E-07
  3.000E-01  6.85388E-06  6.40493E-16  2.28724E+01  0.00000E+00  1.0E-07
  3.250E-01  8.04378E-06  6.37353E-16  2.27603E+01  0.00000E+00  1.0E-07
  3.500E-01  9.32888E-06  6.33988E-16  2.26401E+01  0.00000E+00  1.0E-07
  3.750E-01  1.07092E-05  6.30401E-16  2.25120E+01  0.00000E+00  1.0E-07
  4.000E-01  1.21846E-05  6.26599E-16  2.23762E+01  0.00000E+00  1.0E-07
  4.250E-01  1.37553E-05  6.22587E-16  2.22330E+01  0.00000E+00  1.0E-07
  4.500E-01  1.54212E-05  6.18373E-16  2.20825E+01  0.00000E+00  1.0E-07
  4.750E-01  1.71822E-05  6.13963E-16  2.19250E+01  0.00000E+00  1.0E-07
  5.000E-01  1.90385E-05  6.09362E-16  2.17607E+01  0.00000E+00  1.0E-07
  5.250E-01  2.09899E-05  6.04579E-16  2.15899E+01  0.00000E+00  1.0E-07
  5.500E-01  2.30365E-05  5.99620E-16  2.14128E+01  0.00000E+00  1.0E-07
  5.750E-01  2.51783E-05  5.94493E-16  2.12297E+01  0.00000E+00  1.0E-07
  6.000E-01  2.74153E-05  5.89205E-16  2.10409E+01  0.00000E+00  1.0E-07
  6.250E-01  2.97475E-05  5.83763E-16  2.08465E+01  0.00000E+00  1.0E-07
  6.500E-01  3.21749E-05  5.78175E-16  2.06470E+01  0.00000E+00  1.0E-07
  6.750E-01  3.46974E-05  5.72449E-16  2.04425E+01  0.00000E+00  1.0E-07
  7.000E-01  3.73152E-05  5.66592E-16  2.02334E+01  0.00000E+00  1.0E-07
  7.250E-01  4.00281E-05  5.60613E-16  2.00199E+01  0.00000E+00  1.0E-07
  7.500E-01  4.28362E-05  5.54518E-16  1.98022E+01  0.00000E+00  1.0E-07
  7.750E-01  4.57395E-05  5.48317E-16  1.95807E+01  0.00000E+00  1.0E-07
  8.000E-01  4.87380E-05  5.42015E-16  1.93557E+01  0.00000E+00  1.0E-07
  8.250E-01  5.18317E-05  5.35622E-16  1.91274E+01  0.00000E+00  1.0E-07
  8.500E-01  5.50205E-05  5.29144E-16  1.88961E+01  0.00000E+00  1.0E-07
  8.750E-01  5.83045E-05  5.22589E-16  1.86620E+01  0.00000E+00  1.0E-07
  9.000E-01  6.16838E-05  5.15965E-16  1.84254E+01  0.00000E+00  1.0E-07
  9.250E-01  6.51582E-05  5.09278E-16  1.81867E+01  0.00000E+00  1.0E-07
  9.500E-01  6.87277E-05  5.02537E-16  1.79459E+01  0.00000E+00  1.0E-07
  9.750E-01  7.23925E-05  4.95748E-16  1.77035E+01  0.00000E+00  1.0E-07
  1.000E+00  7.61524E-05  4.88917E-16  1.74596E+01  0.00000E+00  1.0E-07
  1.100E+00  9.21439E-05  4.61319E-16  1.64740E+01  0.00000E+00  1.0E-07
  1.200E+00  1.09658E-04  4.33574E-16  1.54832E+01  0.00000E+00  1.0E-07
  1.300E+00  1.28695E-04  4.06038E-16  1.44999E+01  0.00000E+00  1.0E-07
  1.400E+00  1.49255E-04  3.79013E-16  1.35348E+01  0.00000E+00  1.0E-07
  1.500E+00  1.71338E-04  3.52750E-16  1.25969E+01  0.00000E+00  1.0E-07
  1.600E+00  1.94942E-04  3.27446E-16  1.16933E+01  0.00000E+00  1.0E-07
  1.700E+00  2.20070E-04  3.03251E-16  1.08293E+01  5.20581E-07  1.0E-07
  1.800E+00  2.46720E-04  2.80271E-16  1.00086E+01  5.72177E-07  1.0E-07
  1.900E+00  2.74892E-04  2.58573E-16  9.23381E+00  6.25572E-07  1.0E-07
  2.000E+00  3.04586E-04  2.38193E-16  8.50601E+00  6.80502E-07  1.0E-07
  2.100E+00  3.35803E-04  2.19137E-16  7.82554E+00  7.36694E-07  1.0E-07
  2.200E+00  3.68542E-04  2.01392E-16  7.19185E+00  7.93865E-07  1.0E-07
  2.300E+00  4.02802E-04  1.84925E-16  6.60379E+00  8.51727E-07  1.0E-07
  2.400E+00  4.38585E-04  1.69691E-16  6.05977E+00  9.09991E-07  1.0E-07
  2.500E+00  4.75889E-04  1.55634E-16  5.55780E+00  9.68364E-07  1.0E-07
  2.600E+00  5.14715E-04  1.42694E-16  5.09570E+00  1.02656E-06  1.0E-07
  2.700E+00  5.55063E-04  1.30805E-16  4.67114E+00  1.08431E-06  1.0E-07
  2.800E+00  5.96931E-04  1.19900E-16  4.28172E+00  1.14135E-06  1.0E-07
  2.900E+00  6.40321E-04  1.09912E-16  3.92504E+00  1.19742E-06  1.0E-07
  3.000E+00  6.85233E-04  1.00775E-16  3.59873E+00  1.25225E-06  1.0E-07
  3.100E+00  7.31665E-04  9.24232E-17  3.30049E+00  1.30557E-06  1.0E-07
  3.200E+00  7.79618E-04  8.47961E-17  3.02812E+00  1.35706E-06  1.0E-07
  3.300E+00  8.29092E-04  7.78347E-17  2.77953E+00  1.40639E-06  1.0E-07
  3.400E+00  8.80086E-04  7.14839E-17  2.55274E+00  1.45316E-06  1.0E-07
  3.500E+00  9.32601E-04  6.56917E-17  2.34589E+00  1.49694E-06  1.0E-07
  3.600E+00  9.86636E-04  6.04100E-17  2.15728E+00  1.53727E-06  1.0E-07
  3.700E+00  1.04219E-03  5.55939E-17  1.98529E+00  1.57369E-06  1.0E-07
  3.800E+00  1.09927E-03  5.12021E-17  1.82846E+00  1.60569E-06  1.0E-07
  3.900E+00  1.15786E-03  4.71965E-17  1.68542E+00  1.63277E-06  1.0E-07
  4.000E+00  1.21797E-03  4.35422E-17  1.55492E+00  1.65443E-06  1.0E-07
  4.100E+00  1.27961E-03  4.02072E-17  1.43583E+00  1.67015E-06  1.0E-07
  4.200E+00  1.34276E-03  3.71622E-17  1.32709E+00  1.67941E-06  1.0E-07
  4.300E+00  1.40743E-03  3.43805E-17  1.22775E+00  1.68167E-06  1.0E-07
  4.400E+00  1.47362E-03  3.18380E-17  1.13695E+00  1.67644E-06  1.0E-07
  4.500E+00  1.54133E-03  2.95125E-17  1.05391E+00  1.66321E-06  1.0E-07
  4.600E+00  1.61056E-03  2.73841E-17  9.77903E-01  1.64153E-06  1.0E-07
  4.700E+00  1.68131E-03  2.54346E-17  9.08286E-01  1.61099E-06  1.0E-07
  4.800E+00  1.75357E-03  2.36477E-17  8.44473E-01  1.57121E-06  1.0E-07
  4.900E+00  1.82735E-03  2.20084E-17  7.85935E-01  1.52186E-06  1.0E-07
  5.000E+00  1.90265E-03  2.05034E-17  7.32191E-01  0.00000E+00  1.0E-07
  5.100E+00  1.97947E-03  1.91206E-17  6.82808E-01  0.00000E+00  1.0E-07
  5.200E+00  2.05780E-03  1.78488E-17  6.37393E-01  0.00000E+00  1.0E-07
  5.300E+00  2.13765E-03  1.66783E-17  5.95593E-01  0.00000E+00  1.0E-07
  5.400E+00  2.21902E-03  1.56000E-17  5.57085E-01  0.00000E+00  1.0E-07
  5.500E+00  2.30190E-03  1.46058E-17  5.21581E-01  0.00000E+00  1.0E-07
  5.600E+00  2.38630E-03  1.36883E-17  4.88817E-01  0.00000E+00  1.0E-07
  5.700E+00  2.47222E-03  1.28408E-17  4.58554E-01  0.00000E+00  1.0E-07
  5.800E+00  2.55965E-03  1.20574E-17  4.30577E-01  0.00000E+00  1.0E-07
  5.900E+00  2.64859E-03  1.13325E-17  4.04689E-01  0.00000E+00  1.0E-07
  6.000E+00  2.73905E-03  1.06611E-17  3.80714E-01  0.00000E+00  1.0E-07
  6.100E+00  2.83103E-03  1.00387E-17  3.58489E-01  0.00000E+00  1.0E-07
  6.200E+00  2.92452E-03  9.46124E-18  3.37867E-01  0.00000E+00  1.0E-07
  6.300E+00  3.01952E-03  8.92495E-18  3.18716E-01  0.00000E+00  1.0E-07
  6.400E+00  3.11604E-03  8.42644E-18  3.00914E-01  0.00000E+00  1.0E-07
  6.500E+00  3.21407E-03  7.96261E-18  2.84350E-01  0.00000E+00  1.0E-07
  6.600E+00  3.31362E-03  7.53066E-18  2.68925E-01  0.00000E+00  1.0E-07
  6.700E+00  3.41468E-03  7.12802E-18  2.54546E-01  0.00000E+00  1.0E-07
  6.800E+00  3.51725E-03  6.75237E-18  2.41132E-01  0.00000E+00  1.0E-07
  6.900E+00  3.62133E-03  6.40159E-18  2.28605E-01  0.00000E+00  1.0E-07
  7.000E+00  3.72692E-03  6.07374E-18  2.16897E-01  0.00000E+00  1.0E-07
  7.100E+00  3.83403E-03  5.76706E-18  2.05945E-01 -2.42639E-06  1.0E-07
  7.200E+00  3.94265E-03  5.47993E-18  1.95692E-01 -2.75485E-06  1.0E-07
  7.300E+00  4.05278E-03  5.21089E-18  1.86084E-01 -3.09810E-06  1.0E-07
  7.400E+00  4.16442E-03  4.95860E-18  1.77075E-01 -3.45610E-06  1.0E-07
  7.500E+00  4.27757E-03  4.72181E-18  1.68619E-01 -3.82866E-06  1.0E-07
  7.600E+00  4.39223E-03  4.49941E-18  1.60677E-01 -4.21545E-06  1.0E-07
  7.700E+00  4.50840E-03  4.29035E-18  1.53211E-01 -4.61603E-06  1.0E-07
  7.800E+00  4.62608E-03  4.09368E-18  1.46188E-01 -5.02989E-06  1.0E-07
  7.900E+00  4.74527E-03  3.90854E-18  1.39576E-01 -5.45650E-06  1.0E-07
  8.000E+00  4.86597E-03  3.73411E-18  1.33347E-01 -5.89536E-06  1.0E-07
  8.100E+00  4.98817E-03  3.56965E-18  1.27475E-01 -6.34600E-06  1.0E-07
  8.200E+00  5.11188E-03  3.41448E-18  1.21933E-01 -6.80802E-06  1.0E-07
  8.300E+00  5.23711E-03  3.26797E-18  1.16701E-01 -7.28111E-06  1.0E-07
  8.400E+00  5.36383E-03  3.12954E-18  1.11758E-01 -7.76507E-06  1.0E-07
  8.500E+00  5.49207E-03  2.99864E-18  1.07083E-01 -8.25985E-06  1.0E-07
  8.600E+00  5.62181E-03  2.87478E-18  1.02660E-01 -8.76556E-06  1.0E-07
  8.700E+00  5.75306E-03  2.75750E-18  9.84721E-02 -9.28251E-06  1.0E-07
  8.800E+00  5.88581E-03  2.64637E-18  9.45037E-02 -9.81120E-06  1.0E-07
  8.900E+00  6.02007E-03  2.54100E-18  9.07409E-02 -1.03523E-05  1.0E-07
  9.000E+00  6.15583E-03  2.44103E-18  8.71708E-02 -1.09067E-05  1.0E-07
  9.100E+00  6.29310E-03  2.34611E-18  8.37813E-02 -1.14751E-05  1.0E-07
  9.200E+00  6.43187E-03  2.25595E-18  8.05613E-02 -1.20585E-05  1.0E-07
  9.300E+00  6.57214E-03  2.17023E-18  7.75005E-02 -1.26575E-05  1.0E-07
  9.400E+00  6.71392E-03  2.08871E-18  7.45893E-02 -1.32728E-05  1.0E-07
  9.500E+00  6.85720E-03  2.01113E-18  7.18188E-02 -1.39046E-05  1.0E-07
  9.600E+00  7.00198E-03  1.93726E-18  6.91807E-02 -1.45532E-05  1.0E-07
  9.700E+00  7.14827E-03  1.86688E-18  6.66675E-02 -1.52185E-05  1.0E-07
  9.800E+00  7.29605E-03  1.79980E-18  6.42719E-02 -1.59003E-05  1.0E-07
  9.900E+00  7.44534E-03  1.73582E-18  6.19872E-02 -1.65981E-05  1.0E-07
  1.000E+01  7.59612E-03  1.67478E-18  5.98073E-02 -1.73113E-05  1.0E-07
  1.025E+01  7.97965E-03  1.53395E-18  5.47783E-02 -1.91564E-05  1.0E-07
  1.050E+01  8.37255E-03  1.40816E-18  5.02864E-02 -2.10783E-05  1.0E-07
  1.075E+01  8.77480E-03  1.29547E-18  4.62619E-02 -2.30664E-05  1.0E-07
  1.100E+01  9.18641E-03  1.19419E-18  4.26452E-02 -2.51208E-05  1.0E-07
  1.125E+01  9.60736E-03  1.10291E-18  3.93856E-02 -2.72525E-05  1.0E-07
  1.150E+01  1.00376E-02  1.02043E-18  3.64402E-02 -2.94784E-05  1.0E-07
  1.175E+01  1.04773E-02  9.45726E-19  3.37725E-02 -3.18141E-05  1.0E-07
  1.200E+01  1.09262E-02  8.77928E-19  3.13514E-02 -3.42674E-05  1.0E-07
  1.225E+01  1.13844E-02  8.16272E-19  2.91496E-02 -3.68310E-05  1.0E-07
  1.250E+01  1.18520E-02  7.60086E-19  2.71432E-02 -3.94857E-05  1.0E-07
  1.275E+01  1.23288E-02  7.08773E-19  2.53108E-02 -4.22123E-05  1.0E-07
  1.300E+01  1.28150E-02  6.61808E-19  2.36336E-02 -4.50036E-05  1.0E-07
  1.325E+01  1.33104E-02  6.18733E-19  2.20954E-02 -4.78689E-05  1.0E-07
  1.350E+01  1.38150E-02  5.79157E-19  2.06821E-02 -5.08336E-05  1.0E-07
  1.375E+01  1.43290E-02  5.42743E-19  1.93817E-02 -5.39306E-05  1.0E-07
  1.400E+01  1.48521E-02  5.09197E-19  1.81838E-02 -5.71818E-05  1.0E-07
  1.425E+01  1.53845E-02  4.78254E-19  1.70788E-02 -6.05833E-05  1.0E-07
  1.450E+01  1.59262E-02  4.49670E-19  1.60580E-02 -6.41067E-05  1.0E-07
  1.475E+01  1.64770E-02  4.23221E-19  1.51135E-02 -6.77129E-05  1.0E-07
  1.500E+01  1.70371E-02  3.98706E-19  1.42380E-02 -7.13699E-05  1.0E-07
  1.525E+01  1.76063E-02  3.75947E-19  1.34253E-02 -7.50716E-05  1.0E-07
  1.550E+01  1.81848E-02  3.54793E-19  1.26699E-02 -7.88479E-05  1.0E-07
  1.575E+01  1.87724E-02  3.35114E-19  1.19671E-02 -8.27534E-05  1.0E-07
  1.600E+01  1.93692E-02  3.16795E-19  1.13129E-02 -8.68380E-05  1.0E-07
  1.625E+01  1.99751E-02  2.99728E-19  1.07035E-02 -9.11228E-05  1.0E-07
  1.650E+01  2.05901E-02  2.83810E-19  1.01350E-02 -9.55895E-05  1.0E-07
  1.675E+01  2.12143E-02  2.68943E-19  9.60413E-03 -1.00186E-04  1.0E-07
  1.700E+01  2.18476E-02  2.55036E-19  9.10751E-03 -1.04852E-04  1.0E-07
  1.725E+01  2.24900E-02  2.42011E-19  8.64239E-03 -1.09553E-04  1.0E-07
  1.750E+01  2.31415E-02  2.29802E-19  8.20639E-03 -1.14305E-04  1.0E-07
  1.775E+01  2.38021E-02  2.18353E-19  7.79753E-03 -1.19162E-04  1.0E-07
  1.800E+01  2.44717E-02  2.07614E-19  7.41401E-03 -1.24195E-04  1.0E-07
  1.825E+01  2.51504E-02  1.97534E-19  7.05408E-03 -1.29449E-04  1.0E-07
  1.850E+01  2.58382E-02  1.88066E-19  6.71597E-03 -1.34922E-04  1.0E-07
  1.875E+01  2.65349E-02  1.79160E-19  6.39792E-03 -1.40558E-04  1.0E-07
  1.900E+01  2.72407E-02  1.70770E-19  6.09832E-03 -1.46279E-04  1.0E-07
  1.925E+01  2.79555E-02  1.62859E-19  5.81581E-03 -1.52029E-04  1.0E-07
  1.950E+01  2.86793E-02  1.55395E-19  5.54925E-03 -1.57810E-04  1.0E-07
  1.975E+01  2.94120E-02  1.48352E-19  5.29774E-03 -1.63683E-04  1.0E-07
  2.000E+01  3.01537E-02  1.41706E-19  5.06041E-03 -1.69737E-04  1.0E-07
  2.025E+01  3.09043E-02  1.35433E-19  4.83641E-03 -1.76049E-04  1.0E-07
  2.050E+01  3.16639E-02  1.29507E-19  4.62480E-03 -1.82630E-04  1.0E-07
  2.075E+01  3.24324E-02  1.23902E-19  4.42463E-03 -1.89414E-04  1.0E-07
  2.100E+01  3.32098E-02  1.18593E-19  4.23505E-03 -1.96298E-04  1.0E-07
  2.125E+01  3.39961E-02  1.13561E-19  4.05532E-03 -2.03193E-04  1.0E-07
  2.150E+01  3.47912E-02  1.08788E-19  3.88489E-03 -2.10071E-04  1.0E-07
  2.175E+01  3.55952E-02  1.04263E-19  3.72330E-03 -2.16991E-04  1.0E-07
  2.200E+01  3.64081E-02  9.99735E-20  3.57012E-03 -2.24075E-04  1.0E-07
  2.225E+01  3.72297E-02  9.59062E-20  3.42487E-03 -2.31439E-04  1.1E-07
  2.250E+01  3.80602E-02  9.20460E-20  3.28702E-03 -2.39127E-04  1.0E-07
  2.275E+01  3.88995E-02  8.83776E-20  3.15602E-03 -2.47087E-04  1.1E-07
  2.300E+01  3.97476E-02  8.48868E-20  3.03136E-03 -2.55195E-04  1.0E-07
  2.325E+01  4.06044E-02  8.15624E-20  2.91265E-03 -2.63317E-04  1.0E-07
  2.350E+01  4.14700E-02  7.83961E-20  2.79958E-03 -2.71379E-04  1.0E-07
  2.375E+01  4.23443E-02  7.53815E-20  2.69192E-03 -2.79421E-04  1.0E-07
  2.400E+01  4.32273E-02  7.25123E-20  2.58946E-03 -2.87576E-04  1.1E-07
  2.425E+01  4.41190E-02  6.97811E-20  2.49193E-03 -2.95998E-04  1.0E-07
  2.450E+01  4.50194E-02  6.71791E-20  2.39901E-03 -3.04774E-04  1.2E-07
  2.475E+01  4.59284E-02  6.46971E-20  2.31038E-03 -3.13884E-04  1.0E-07
  2.500E+01  4.68461E-02  6.23266E-20  2.22572E-03 -3.23195E-04  1.2E-07
  2.550E+01  4.87074E-02  5.78954E-20  2.06748E-03 -3.41787E-04  1.1E-07
  2.600E+01  5.06030E-02  5.38504E-20  1.92303E-03 -3.60212E-04  1.0E-07
  2.650E+01  5.25328E-02  5.01588E-20  1.79120E-03 -3.79592E-04  1.0E-07
  2.700E+01  5.44967E-02  4.67774E-20  1.67045E-03 -4.00406E-04  1.0E-07
  2.750E+01  5.64946E-02  4.36699E-20  1.55948E-03 -4.21427E-04  1.0E-07
  2.800E+01  5.85262E-02  4.08163E-20  1.45758E-03 -4.42015E-04  1.0E-07
  2.850E+01  6.05914E-02  3.81975E-20  1.36406E-03 -4.63448E-04  1.2E-07
  2.900E+01  6.26901E-02  3.57860E-20  1.27794E-03 -4.86588E-04  1.4E-07
  2.950E+01  6.48222E-02  3.35582E-20  1.19838E-03 -5.10131E-04  1.5E-07
  3.000E+01  6.69873E-02  3.15009E-20  1.12492E-03 -5.33016E-04  1.3E-07
  3.050E+01  6.91854E-02  2.96022E-20  1.05711E-03 -5.56489E-04  1.0E-07
  3.100E+01  7.14163E-02  2.78447E-20  9.94353E-04 -5.81743E-04  1.0E-07
  3.150E+01  7.36799E-02  2.62136E-20  9.36106E-04 -6.07565E-04  1.0E-07
  3.200E+01  7.59760E-02  2.47006E-20  8.82075E-04 -6.32661E-04  1.0E-07
  3.250E+01  7.83043E-02  2.32980E-20  8.31985E-04 -6.58246E-04  1.0E-07
  3.300E+01  8.06647E-02  2.19944E-20  7.85436E-04 -6.85704E-04  1.3E-07
  3.350E+01  8.30571E-02  2.07796E-20  7.42051E-04 -7.13804E-04  1.4E-07
  3.400E+01  8.54812E-02  1.96473E-20  7.01619E-04 -7.40997E-04  1.6E-07
  3.450E+01  8.79369E-02  1.85932E-20  6.63975E-04 -7.68476E-04  1.5E-07
  3.500E+01  9.04240E-02  1.76102E-20  6.28870E-04 -7.97909E-04  1.3E-07
  3.550E+01  9.29422E-02  1.66910E-20  5.96046E-04 -8.28204E-04  1.0E-07
  3.600E+01  9.54915E-02  1.58309E-20  5.65332E-04 -8.57635E-04  1.0E-07
  3.650E+01  9.80716E-02  1.50267E-20  5.36615E-04 -8.87172E-04  1.0E-07
  3.700E+01  1.00682E-01  1.42742E-20  5.09741E-04 -9.18478E-04  1.0E-07
  3.750E+01  1.03323E-01  1.35682E-20  4.84529E-04 -9.50604E-04  1.2E-07
  3.800E+01  1.05995E-01  1.29052E-20  4.60854E-04 -9.81929E-04  1.5E-07
  3.850E+01  1.08696E-01  1.22832E-20  4.38640E-04 -1.01341E-03  1.7E-07
  3.900E+01  1.11427E-01  1.16993E-20  4.17790E-04 -1.04667E-03  1.0E-07
  3.950E+01  1.14188E-01  1.11500E-20  3.98172E-04 -1.08074E-03  1.5E-07
  4.000E+01  1.16978E-01  1.06323E-20  3.79688E-04 -1.11398E-03  1.1E-07
  4.050E+01  1.19797E-01  1.01451E-20  3.62287E-04 -1.14719E-03  1.0E-07
  4.100E+01  1.22645E-01  9.68656E-21  3.45913E-04 -1.18199E-03  1.0E-07
  4.150E+01  1.25522E-01  9.25417E-21  3.30472E-04 -1.21769E-03  1.0E-07
  4.200E+01  1.28428E-01  8.84565E-21  3.15884E-04 -1.25285E-03  1.0E-07
  4.250E+01  1.31361E-01  8.45985E-21  3.02107E-04 -1.28804E-03  1.5E-07
  4.300E+01  1.34323E-01  8.09562E-21  2.89100E-04 -1.32446E-03  1.7E-07
  4.350E+01  1.37313E-01  7.75111E-21  2.76797E-04 -1.36152E-03  1.7E-07
  4.400E+01  1.40330E-01  7.42476E-21  2.65143E-04 -1.39816E-03  1.6E-07
  4.450E+01  1.43375E-01  7.11587E-21  2.54112E-04 -1.43498E-03  1.3E-07
  4.500E+01  1.46447E-01  6.82362E-21  2.43676E-04 -1.47293E-03  1.0E-07
  4.550E+01  1.49545E-01  6.54661E-21  2.33784E-04 -1.51145E-03  1.0E-07
  4.600E+01  1.52671E-01  6.28357E-21  2.24390E-04 -1.54965E-03  1.0E-07
  4.650E+01  1.55823E-01  6.03391E-21  2.15475E-04 -1.58799E-03  1.0E-07
  4.700E+01  1.59001E-01  5.79705E-21  2.07017E-04 -1.62719E-03  1.3E-07
  4.750E+01  1.62205E-01  5.57206E-21  1.98982E-04 -1.66685E-03  1.6E-07
  4.800E+01  1.65435E-01  5.35804E-21  1.91339E-04 -1.70637E-03  1.7E-07
  4.850E+01  1.68690E-01  5.15457E-21  1.84073E-04 -1.74614E-03  1.6E-07
  4.900E+01  1.71970E-01  4.96116E-21  1.77166E-04 -1.78663E-03  1.4E-07
  4.950E+01  1.75276E-01  4.77702E-21  1.70590E-04 -1.82744E-03  1.0E-07
  5.000E+01  1.78606E-01  4.60145E-21  1.64321E-04 -1.86814E-03  1.0E-07
  5.050E+01  1.81961E-01  4.43409E-21  1.58344E-04 -1.90904E-03  1.0E-07
  5.100E+01  1.85340E-01  4.27459E-21  1.52649E-04 -1.95050E-03  1.0E-07
  5.150E+01  1.88743E-01  4.12246E-21  1.47216E-04 -1.99225E-03  1.0E-07
  5.200E+01  1.92169E-01  3.97723E-21  1.42029E-04 -2.03403E-03  1.3E-07
  5.250E+01  1.95619E-01  3.83860E-21  1.37079E-04 -2.07602E-03  1.5E-07
  5.300E+01  1.99092E-01  3.70628E-21  1.32354E-04 -2.11841E-03  1.5E-07
  5.350E+01  2.02589E-01  3.57985E-21  1.27839E-04 -2.16098E-03  1.4E-07
  5.400E+01  2.06107E-01  3.45891E-21  1.23520E-04 -2.20359E-03  1.1E-07
  5.450E+01  2.09649E-01  3.34324E-21  1.19389E-04 -2.24640E-03  1.0E-07
  5.500E+01  2.13212E-01  3.23260E-21  1.15438E-04 -2.28953E-03  1.0E-07
  5.550E+01  2.16797E-01  3.12672E-21  1.11657E-04 -2.33283E-03  1.0E-07
  5.600E+01  2.20404E-01  3.02531E-21  1.08036E-04 -2.37620E-03  1.0E-07
  5.650E+01  2.24032E-01  2.92819E-21  1.04568E-04 -2.41971E-03  1.0E-07
  5.700E+01  2.27680E-01  2.83514E-21  1.01245E-04 -2.46340E-03  1.2E-07
  5.750E+01  2.31350E-01  2.74592E-21  9.80587E-05 -2.50722E-03  1.3E-07
  5.800E+01  2.35040E-01  2.66032E-21  9.50019E-05 -2.55110E-03  1.2E-07
  5.850E+01  2.38751E-01  2.57818E-21  9.20686E-05 -2.59511E-03  1.0E-07
  5.900E+01  2.42481E-01  2.49936E-21  8.92536E-05 -2.63925E-03  1.0E-07
  5.950E+01  2.46231E-01  2.42368E-21  8.65514E-05 -2.68348E-03  1.0E-07
  6.000E+01  2.50000E-01  2.35102E-21  8.39564E-05 -2.72777E-03  1.0E-07
  6.050E+01  2.53788E-01  2.28122E-21  8.14639E-05 -2.77210E-03  1.0E-07
  6.100E+01  2.57595E-01  2.21415E-21  7.90689E-05 -2.81650E-03  1.0E-07
  6.150E+01  2.61421E-01  2.14968E-21  7.67665E-05 -2.86095E-03  1.0E-07
  6.200E+01  2.65264E-01  2.08767E-21  7.45521E-05 -2.90544E-03  1.0E-07
  6.250E+01  2.69126E-01  2.02801E-21  7.24217E-05 -2.94995E-03  1.0E-07
  6.300E+01  2.73005E-01  1.97060E-21  7.03716E-05 -2.99449E-03  1.0E-07
  6.350E+01  2.76901E-01  1.91534E-21  6.83981E-05 -3.03902E-03  1.0E-07
  6.400E+01  2.80814E-01  1.86212E-21  6.64977E-05 -3.08355E-03  1.0E-07
  6.450E+01  2.84744E-01  1.81086E-21  6.46669E-05 -3.12804E-03  1.0E-07
  6.500E+01  2.88691E-01  1.76146E-21  6.29027E-05 -3.17250E-03  1.0E-07
  6.550E+01  2.92653E-01  1.71384E-21  6.12023E-05 -3.21694E-03  1.0E-07
  6.600E+01  2.96632E-01  1.66793E-21  5.95629E-05 -3.26135E-03  1.0E-07
  6.650E+01  3.00625E-01  1.62366E-21  5.79821E-05 -3.30569E-03  1.0E-07
  6.700E+01  3.04634E-01  1.58097E-21  5.64575E-05 -3.34995E-03  1.0E-07
  6.750E+01  3.08658E-01  1.53978E-21  5.49866E-05 -3.39414E-03  1.0E-07
  6.800E+01  3.12697E-01  1.50003E-21  5.35670E-05 -3.43824E-03  1.0E-07
  6.850E+01  3.16749E-01  1.46165E-21  5.21964E-05 -3.48223E-03  1.0E-07
  6.900E+01  3.20816E-01  1.42458E-21  5.08726E-05 -3.52611E-03  1.0E-07
  6.950E+01  3.24896E-01  1.38878E-21  4.95941E-05 -3.56989E-03  1.0E-07
  7.000E+01  3.28990E-01  1.35419E-21  4.83589E-05 -3.61354E-03  1.0E-07
  7.050E+01  3.33097E-01  1.32077E-21  4.71654E-05 -3.65705E-03  1.0E-07
  7.100E+01  3.37216E-01  1.28846E-21  4.60118E-05 -3.70040E-03  1.0E-07
  7.150E+01  3.41348E-01  1.25723E-21  4.48964E-05 -3.74358E-03  1.0E-07
  7.200E+01  3.45492E-01  1.22701E-21  4.38172E-05 -3.78659E-03  1.0E-07
  7.250E+01  3.49647E-01  1.19776E-21  4.27728E-05 -3.82943E-03  1.0E-07
  7.300E+01  3.53814E-01  1.16945E-21  4.17619E-05 -3.87208E-03  1.0E-07
  7.350E+01  3.57992E-01  1.14205E-21  4.07833E-05 -3.91454E-03  1.0E-07
  7.400E+01  3.62181E-01  1.11553E-21  3.98363E-05 -3.95679E-03  1.0E-07
  7.450E+01  3.66381E-01  1.08986E-21  3.89195E-05 -3.99881E-03  1.0E-07
  7.500E+01  3.70590E-01  1.06501E-21  3.80321E-05 -4.04059E-03  1.0E-07
  7.550E+01  3.74810E-01  1.04094E-21  3.71727E-05 -4.08213E-03  1.0E-07
  7.600E+01  3.79039E-01  1.01762E-21  3.63399E-05 -4.12343E-03  1.0E-07
  7.650E+01  3.83277E-01  9.95012E-22  3.55325E-05 -4.16447E-03  1.0E-07
  7.700E+01  3.87524E-01  9.73089E-22  3.47496E-05 -4.20525E-03  1.0E-07
  7.750E+01  3.91780E-01  9.51828E-22  3.39904E-05 -4.24574E-03  1.0E-07
  7.800E+01  3.96044E-01  9.31211E-22  3.32541E-05 -4.28596E-03  1.0E-07
  7.850E+01  4.00316E-01  9.11217E-22  3.25402E-05 -4.32586E-03  1.0E-07
  7.900E+01  4.04596E-01  8.91825E-22  3.18476E-05 -4.36545E-03  1.0E-07
  7.950E+01  4.08882E-01  8.73011E-22  3.11758E-05 -4.40473E-03  1.0E-07
  8.000E+01  4.13176E-01  8.54748E-22  3.05236E-05 -4.44368E-03  1.0E-07
  8.050E+01  4.17476E-01  8.37014E-22  2.98903E-05 -4.48231E-03  1.0E-07
  8.100E+01  4.21783E-01  8.19788E-22  2.92752E-05 -4.52059E-03  1.0E-07
  8.150E+01  4.26095E-01  8.03054E-22  2.86776E-05 -4.55852E-03  1.0E-07
  8.200E+01  4.30413E-01  7.86801E-22  2.80972E-05 -4.59608E-03  1.0E-07
  8.250E+01  4.34737E-01  7.71014E-22  2.75334E-05 -4.63328E-03  1.0E-07
  8.300E+01  4.39065E-01  7.55681E-22  2.69859E-05 -4.67008E-03  1.0E-07
  8.350E+01  4.43398E-01  7.40784E-22  2.64539E-05 -4.70650E-03  1.0E-07
  8.400E+01  4.47736E-01  7.26309E-22  2.59370E-05 -4.74251E-03  1.1E-07
  8.450E+01  4.52077E-01  7.12237E-22  2.54344E-05 -4.77813E-03  1.0E-07
  8.500E+01  4.56422E-01  6.98553E-22  2.49458E-05 -4.81333E-03  1.0E-07
  8.550E+01  4.60770E-01  6.85241E-22  2.44704E-05 -4.84808E-03  1.0E-07
  8.600E+01  4.65122E-01  6.72291E-22  2.40079E-05 -4.88242E-03  1.4E-07
  8.650E+01  4.69476E-01  6.59691E-22  2.35580E-05 -4.91632E-03  1.0E-07
  8.700E+01  4.73832E-01  6.47429E-22  2.31201E-05 -4.94977E-03  1.0E-07
  8.750E+01  4.78190E-01  6.35493E-22  2.26939E-05 -4.98274E-03  1.0E-07
  8.800E+01  4.82550E-01  6.23877E-22  2.22791E-05 -5.01528E-03  1.0E-07
  8.850E+01  4.86912E-01  6.12571E-22  2.18753E-05 -5.04734E-03  1.2E-07
  8.900E+01  4.91274E-01  6.01561E-22  2.14821E-05 -5.07890E-03  1.7E-07
  8.950E+01  4.95637E-01  5.90840E-22  2.10993E-05 -5.10996E-03  1.4E-07
  9.000E+01  5.00000E-01  5.80399E-22  2.07264E-05 -5.14053E-03  1.0E-07
  9.050E+01  5.04363E-01  5.70231E-22  2.03633E-05 -5.17061E-03  1.0E-07
  9.100E+01  5.08726E-01  5.60322E-22  2.00095E-05 -5.20017E-03  1.0E-07
  9.150E+01  5.13088E-01  5.50666E-22  1.96646E-05 -5.22919E-03  1.0E-07
  9.200E+01  5.17450E-01  5.41258E-22  1.93287E-05 -5.25769E-03  1.0E-07
  9.250E+01  5.21810E-01  5.32091E-22  1.90013E-05 -5.28568E-03  1.0E-07
  9.300E+01  5.26168E-01  5.23154E-22  1.86822E-05 -5.31309E-03  1.2E-07
  9.350E+01  5.30524E-01  5.14441E-22  1.83710E-05 -5.33993E-03  1.8E-07
  9.400E+01  5.34878E-01  5.05949E-22  1.80678E-05 -5.36623E-03  2.3E-07
  9.450E+01  5.39230E-01  4.97670E-22  1.77721E-05 -5.39200E-03  2.0E-07
  9.500E+01  5.43578E-01  4.89591E-22  1.74836E-05 -5.41717E-03  1.6E-07
  9.550E+01  5.47923E-01  4.81706E-22  1.72020E-05 -5.44173E-03  1.0E-07
  9.600E+01  5.52264E-01  4.74015E-22  1.69274E-05 -5.46573E-03  1.0E-07
  9.650E+01  5.56602E-01  4.66511E-22  1.66594E-05 -5.48917E-03  1.0E-07
  9.700E+01  5.60935E-01  4.59185E-22  1.63978E-05 -5.51199E-03  1.0E-07
  9.750E+01  5.65263E-01  4.52033E-22  1.61424E-05 -5.53417E-03  1.0E-07
  9.800E+01  5.69587E-01  4.45055E-22  1.58932E-05 -5.55577E-03  1.8E-07
  9.850E+01  5.73905E-01  4.38245E-22  1.56500E-05 -5.57677E-03  2.2E-07
  9.900E+01  5.78217E-01  4.31594E-22  1.54125E-05 -5.59714E-03  2.3E-07
  9.950E+01  5.82524E-01  4.25097E-22  1.51805E-05 -5.61684E-03  2.2E-07
  1.000E+02  5.86824E-01  4.18757E-22  1.49541E-05 -5.63591E-03  2.0E-07
  1.005E+02  5.91118E-01  4.12566E-22  1.47330E-05 -5.65437E-03  1.7E-07
  1.010E+02  5.95404E-01  4.06519E-22  1.45170E-05 -5.67218E-03  1.2E-07
  1.015E+02  5.99684E-01  4.00610E-22  1.43060E-05 -5.68930E-03  1.0E-07
  1.020E+02  6.03956E-01  3.94839E-22  1.41000E-05 -5.70576E-03  1.0E-07
  1.025E+02  6.08220E-01  3.89204E-22  1.38987E-05 -5.72158E-03  1.0E-07
  1.030E+02  6.12476E-01  3.83694E-22  1.37020E-05 -5.73675E-03  1.2E-07
  1.035E+02  6.16723E-01  3.78308E-22  1.35096E-05 -5.75120E-03  1.7E-07
  1.040E+02  6.20961E-01  3.73043E-22  1.33216E-05 -5.76496E-03  2.0E-07
  1.045E+02  6.25190E-01  3.67898E-22  1.31379E-05 -5.77808E-03  2.2E-07
  1.050E+02  6.29410E-01  3.62865E-22  1.29582E-05 -5.79053E-03  2.2E-07
  1.055E+02  6.33619E-01  3.57942E-22  1.27823E-05 -5.80225E-03  1.9E-07
  1.060E+02  6.37819E-01  3.53129E-22  1.26105E-05 -5.81325E-03  1.0E-07
  1.065E+02  6.42008E-01  3.48426E-22  1.24425E-05 -5.82357E-03  1.0E-07
  1.070E+02  6.46186E-01  3.43825E-22  1.22782E-05 -5.83323E-03  1.0E-07
  1.075E+02  6.50353E-01  3.39324E-22  1.21175E-05 -5.84214E-03  1.0E-07
  1.080E+02  6.54508E-01  3.34921E-22  1.19603E-05 -5.85029E-03  1.0E-07
  1.085E+02  6.58652E-01  3.30615E-22  1.18065E-05 -5.85775E-03  1.0E-07
  1.090E+02  6.62784E-01  3.26402E-22  1.16560E-05 -5.86454E-03  1.5E-07
  1.095E+02  6.66903E-01  3.22277E-22  1.15087E-05 -5.87058E-03  1.8E-07
  1.100E+02  6.71010E-01  3.18240E-22  1.13646E-05 -5.87584E-03  2.1E-07
  1.105E+02  6.75104E-01  3.14292E-22  1.12236E-05 -5.88040E-03  1.3E-07
  1.110E+02  6.79184E-01  3.10430E-22  1.10856E-05 -5.88427E-03  1.0E-07
  1.115E+02  6.83251E-01  3.06648E-22  1.09506E-05 -5.88736E-03  1.0E-07
  1.120E+02  6.87303E-01  3.02946E-22  1.08184E-05 -5.88965E-03  1.4E-07
  1.125E+02  6.91342E-01  2.99325E-22  1.06891E-05 -5.89122E-03  1.0E-07
  1.130E+02  6.95366E-01  2.95781E-22  1.05625E-05 -5.89210E-03  1.0E-07
  1.135E+02  6.99375E-01  2.92311E-22  1.04386E-05 -5.89221E-03  1.0E-07
  1.140E+02  7.03368E-01  2.88911E-22  1.03172E-05 -5.89151E-03  1.0E-07
  1.145E+02  7.07347E-01  2.85583E-22  1.01984E-05 -5.89008E-03  1.3E-07
  1.150E+02  7.11309E-01  2.82324E-22  1.00820E-05 -5.88793E-03  1.7E-07
  1.155E+02  7.15256E-01  2.79130E-22  9.96790E-06 -5.88502E-03  1.0E-07
  1.160E+02  7.19186E-01  2.76000E-22  9.85612E-06 -5.88129E-03  1.0E-07
  1.165E+02  7.23099E-01  2.72934E-22  9.74667E-06 -5.87684E-03  1.6E-07
  1.170E+02  7.26995E-01  2.69933E-22  9.63947E-06 -5.87166E-03  1.9E-07
  1.175E+02  7.30874E-01  2.66991E-22  9.53443E-06 -5.86570E-03  1.6E-07
  1.180E+02  7.34736E-01  2.64109E-22  9.43149E-06 -5.85893E-03  1.1E-07
  1.185E+02  7.38579E-01  2.61286E-22  9.33068E-06 -5.85140E-03  1.0E-07
  1.190E+02  7.42405E-01  2.58521E-22  9.23196E-06 -5.84313E-03  1.0E-07
  1.195E+02  7.46212E-01  2.55812E-22  9.13520E-06 -5.83407E-03  1.0E-07
  1.200E+02  7.50000E-01  2.53156E-22  9.04038E-06 -5.82423E-03  1.1E-07
  1.205E+02  7.53769E-01  2.50555E-22  8.94748E-06 -5.81362E-03  1.0E-07
  1.210E+02  7.57519E-01  2.48007E-22  8.85648E-06 -5.80227E-03  1.1E-07
  1.215E+02  7.61249E-01  2.45508E-22  8.76727E-06 -5.79011E-03  2.0E-07
  1.220E+02  7.64960E-01  2.43059E-22  8.67981E-06 -5.77717E-03  2.1E-07
  1.225E+02  7.68650E-01  2.40659E-22  8.59410E-06 -5.76346E-03  2.0E-07
  1.230E+02  7.72320E-01  2.38308E-22  8.51013E-06 -5.74900E-03  1.7E-07
  1.235E+02  7.75968E-01  2.36002E-22  8.42780E-06 -5.73376E-03  1.3E-07
  1.240E+02  7.79596E-01  2.33742E-22  8.34709E-06 -5.71774E-03  1.0E-07
  1.245E+02  7.83203E-01  2.31527E-22  8.26799E-06 -5.70095E-03  1.0E-07
  1.250E+02  7.86788E-01  2.29356E-22  8.19047E-06 -5.68339E-03  1.0E-07
  1.255E+02  7.90351E-01  2.27228E-22  8.11446E-06 -5.66504E-03  1.0E-07
  1.260E+02  7.93893E-01  2.25141E-22  8.03993E-06 -5.64592E-03  1.4E-07
  1.265E+02  7.97411E-01  2.23095E-22  7.96688E-06 -5.62604E-03  1.7E-07
  1.270E+02  8.00908E-01  2.21090E-22  7.89526E-06 -5.60540E-03  2.0E-07
  1.275E+02  8.04381E-01  2.19123E-22  7.82503E-06 -5.58399E-03  2.1E-07
  1.280E+02  8.07831E-01  2.17194E-22  7.75615E-06 -5.56181E-03  2.0E-07
  1.285E+02  8.11257E-01  2.15303E-22  7.68862E-06 -5.53887E-03  1.8E-07
  1.290E+02  8.14660E-01  2.13449E-22  7.62240E-06 -5.51516E-03  1.4E-07
  1.295E+02  8.18039E-01  2.11630E-22  7.55745E-06 -5.49070E-03  1.0E-07
  1.300E+02  8.21394E-01  2.09847E-22  7.49376E-06 -5.46547E-03  1.0E-07
  1.305E+02  8.24724E-01  2.08098E-22  7.43130E-06 -5.43950E-03  1.0E-07
  1.310E+02  8.28030E-01  2.06383E-22  7.37006E-06 -5.41278E-03  1.0E-07
  1.315E+02  8.31310E-01  2.04701E-22  7.30999E-06 -5.38530E-03  1.2E-07
  1.320E+02  8.34565E-01  2.03052E-22  7.25110E-06 -5.35707E-03  1.6E-07
  1.325E+02  8.37795E-01  2.01434E-22  7.19335E-06 -5.32809E-03  1.9E-07
  1.330E+02  8.40999E-01  1.99849E-22  7.13673E-06 -5.29836E-03  2.0E-07
  1.335E+02  8.44177E-01  1.98294E-22  7.08120E-06 -5.26790E-03  1.6E-07
  1.340E+02  8.47329E-01  1.96770E-22  7.02677E-06 -5.23670E-03  1.0E-07
  1.345E+02  8.50455E-01  1.95275E-22  6.97340E-06 -5.20477E-03  1.0E-07
  1.350E+02  8.53553E-01  1.93810E-22  6.92107E-06 -5.17210E-03  1.0E-07
  1.355E+02  8.56625E-01  1.92373E-22  6.86977E-06 -5.13870E-03  1.0E-07
  1.360E+02  8.59670E-01  1.90965E-22  6.81948E-06 -5.10458E-03  1.0E-07
  1.365E+02  8.62687E-01  1.89584E-22  6.77017E-06 -5.06973E-03  1.0E-07
  1.370E+02  8.65677E-01  1.88230E-22  6.72183E-06 -5.03416E-03  1.1E-07
  1.375E+02  8.68639E-01  1.86903E-22  6.67444E-06 -4.99789E-03  1.4E-07
  1.380E+02  8.71572E-01  1.85602E-22  6.62797E-06 -4.96091E-03  1.2E-07
  1.385E+02  8.74478E-01  1.84327E-22  6.58243E-06 -4.92322E-03  1.0E-07
  1.390E+02  8.77355E-01  1.83076E-22  6.53778E-06 -4.88484E-03  1.0E-07
  1.395E+02  8.80203E-01  1.81851E-22  6.49401E-06 -4.84575E-03  1.0E-07
  1.400E+02  8.83022E-01  1.80649E-22  6.45110E-06 -4.80598E-03  1.0E-07
  1.405E+02  8.85812E-01  1.79472E-22  6.40905E-06 -4.76551E-03  1.0E-07
  1.410E+02  8.88573E-01  1.78317E-22  6.36782E-06 -4.72437E-03  1.0E-07
  1.415E+02  8.91304E-01  1.77186E-22  6.32742E-06 -4.68255E-03  1.0E-07
  1.420E+02  8.94005E-01  1.76077E-22  6.28782E-06 -4.64007E-03  1.0E-07
  1.425E+02  8.96677E-01  1.74990E-22  6.24902E-06 -4.59692E-03  1.0E-07
  1.430E+02  8.99318E-01  1.73926E-22  6.21099E-06 -4.55310E-03  1.0E-07
  1.435E+02  9.01928E-01  1.72882E-22  6.17373E-06 -4.50863E-03  1.0E-07
  1.440E+02  9.04508E-01  1.71860E-22  6.13723E-06 -4.46351E-03  1.0E-07
  1.445E+02  9.07058E-01  1.70858E-22  6.10147E-06 -4.41775E-03  1.0E-07
  1.450E+02  9.09576E-01  1.69878E-22  6.06644E-06 -4.37135E-03  1.0E-07
  1.455E+02  9.12063E-01  1.68917E-22  6.03212E-06 -4.32433E-03  1.0E-07
  1.460E+02  9.14519E-01  1.67976E-22  5.99852E-06 -4.27668E-03  1.0E-07
  1.465E+02  9.16943E-01  1.67054E-22  5.96562E-06 -4.22840E-03  1.0E-07
  1.470E+02  9.19335E-01  1.66152E-22  5.93340E-06 -4.17951E-03  1.0E-07
  1.475E+02  9.21696E-01  1.65269E-22  5.90186E-06 -4.13002E-03  1.0E-07
  1.480E+02  9.24024E-01  1.64404E-22  5.87099E-06 -4.07993E-03  1.0E-07
  1.485E+02  9.26320E-01  1.63558E-22  5.84077E-06 -4.02924E-03  1.0E-07
  1.490E+02  9.28584E-01  1.62730E-22  5.81120E-06 -3.97798E-03  1.0E-07
  1.495E+02  9.30815E-01  1.61920E-22  5.78228E-06 -3.92613E-03  1.4E-07
  1.500E+02  9.33013E-01  1.61128E-22  5.75398E-06 -3.87371E-03  1.6E-07
  1.505E+02  9.35178E-01  1.60353E-22  5.72631E-06 -3.82072E-03  1.7E-07
  1.510E+02  9.37310E-01  1.59595E-22  5.69924E-06 -3.76717E-03  1.7E-07
  1.515E+02  9.39409E-01  1.58854E-22  5.67278E-06 -3.71308E-03  1.4E-07
  1.520E+02  9.41474E-01  1.58130E-22  5.64692E-06 -3.65843E-03  1.0E-07
  1.525E+02  9.43505E-01  1.57422E-22  5.62165E-06 -3.60327E-03  1.0E-07
  1.530E+02  9.45503E-01  1.56731E-22  5.59696E-06 -3.54757E-03  1.0E-07
  1.535E+02  9.47467E-01  1.56055E-22  5.57284E-06 -3.49134E-03  1.0E-07
  1.540E+02  9.49397E-01  1.55396E-22  5.54930E-06 -3.43461E-03  1.3E-07
  1.545E+02  9.51293E-01  1.54752E-22  5.52630E-06 -3.37736E-03  1.8E-07
  1.550E+02  9.53154E-01  1.54124E-22  5.50387E-06 -3.31963E-03  2.3E-07
  1.555E+02  9.54981E-01  1.53511E-22  5.48197E-06 -3.26140E-03  2.5E-07
  1.560E+02  9.56773E-01  1.52913E-22  5.46062E-06 -3.20270E-03  2.6E-07
  1.565E+02  9.58530E-01  1.52330E-22  5.43980E-06 -3.14352E-03  2.2E-07
  1.570E+02  9.60252E-01  1.51762E-22  5.41951E-06 -3.08389E-03  1.3E-07
  1.575E+02  9.61940E-01  1.51208E-22  5.39973E-06 -3.02379E-03  1.0E-07
  1.580E+02  9.63592E-01  1.50669E-22  5.38048E-06 -2.96325E-03  1.1E-07
  1.585E+02  9.65209E-01  1.50144E-22  5.36173E-06 -2.90226E-03  1.0E-07
  1.590E+02  9.66790E-01  1.49633E-22  5.34348E-06 -2.84085E-03  1.0E-07
  1.595E+02  9.68336E-01  1.49136E-22  5.32573E-06 -2.77903E-03  1.1E-07
  1.600E+02  9.69846E-01  1.48652E-22  5.30848E-06 -2.71679E-03  1.8E-07
  1.605E+02  9.71321E-01  1.48183E-22  5.29172E-06 -2.65415E-03  2.4E-07
  1.610E+02  9.72759E-01  1.47727E-22  5.27542E-06 -2.59111E-03  2.8E-07
  1.615E+02  9.74162E-01  1.47284E-22  5.25962E-06 -2.52769E-03  2.6E-07
  1.620E+02  9.75528E-01  1.46855E-22  5.24429E-06 -2.46389E-03  1.1E-07
  1.625E+02  9.76858E-01  1.46439E-22  5.22943E-06 -2.39973E-03  1.0E-07
  1.630E+02  9.78152E-01  1.46036E-22  5.21502E-06 -2.33521E-03  2.2E-07
  1.635E+02  9.79410E-01  1.45645E-22  5.20108E-06 -2.27035E-03  1.5E-07
  1.640E+02  9.80631E-01  1.45268E-22  5.18761E-06 -2.20516E-03  1.0E-07
  1.645E+02  9.81815E-01  1.44903E-22  5.17458E-06 -2.13963E-03  1.0E-07
  1.650E+02  9.82963E-01  1.44551E-22  5.16200E-06 -2.07378E-03  1.0E-07
  1.655E+02  9.84074E-01  1.44211E-22  5.14985E-06 -2.00762E-03  1.9E-07
  1.660E+02  9.85148E-01  1.43884E-22  5.13818E-06 -1.94116E-03  2.6E-07
  1.665E+02  9.86185E-01  1.43569E-22  5.12693E-06 -1.87441E-03  2.5E-07
  1.670E+02  9.87185E-01  1.43265E-22  5.11610E-06 -1.80740E-03  1.0E-07
  1.675E+02  9.88148E-01  1.42974E-22  5.10570E-06 -1.74011E-03  2.4E-07
  1.680E+02  9.89074E-01  1.42696E-22  5.09576E-06 -1.67255E-03  3.3E-07
  1.685E+02  9.89962E-01  1.42429E-22  5.08624E-06 -1.60475E-03  2.8E-07
  1.690E+02  9.90814E-01  1.42174E-22  5.07713E-06 -1.53671E-03  2.1E-07
  1.695E+02  9.91627E-01  1.41930E-22  5.06843E-06 -1.46843E-03  1.2E-07
  1.700E+02  9.92404E-01  1.41700E-22  5.06018E-06 -1.39993E-03  1.0E-07
  1.705E+02  9.93143E-01  1.41480E-22  5.05235E-06 -1.33124E-03  1.0E-07
  1.710E+02  9.93844E-01  1.41271E-22  5.04490E-06 -1.26236E-03  2.0E-07
  1.715E+02  9.94508E-01  1.41075E-22  5.03787E-06 -1.19328E-03  1.7E-07
  1.720E+02  9.95134E-01  1.40890E-22  5.03127E-06 -1.12399E-03  1.8E-07
  1.725E+02  9.95722E-01  1.40717E-22  5.02510E-06 -1.05456E-03  4.4E-07
  1.730E+02  9.96273E-01  1.40554E-22  5.01929E-06 -9.84977E-04  4.7E-07
  1.735E+02  9.96786E-01  1.40403E-22  5.01389E-06 -9.15236E-04  4.6E-07
  1.740E+02  9.97261E-01  1.40264E-22  5.00892E-06 -8.45344E-04  4.2E-07
  1.745E+02  9.97698E-01  1.40137E-22  5.00437E-06 -7.75354E-04  3.4E-07
  1.750E+02  9.98097E-01  1.40019E-22  5.00017E-06 -7.05270E-04  2.2E-07
  1.755E+02  9.98459E-01  1.39913E-22  4.99638E-06 -6.35041E-04  1.0E-07
  1.760E+02  9.98782E-01  1.39819E-22  4.99303E-06 -5.64679E-04  1.0E-07
  1.765E+02  9.99067E-01  1.39737E-22  4.99009E-06 -4.94268E-04  1.0E-07
  1.770E+02  9.99315E-01  1.39664E-22  4.98749E-06 -4.23834E-04  4.6E-07
  1.775E+02  9.99524E-01  1.39601E-22  4.98526E-06 -3.53301E-04  6.5E-07
  1.780E+02  9.99695E-01  1.39552E-22  4.98350E-06 -2.82666E-04  8.3E-07
  1.785E+02  9.99829E-01  1.39514E-22  4.98215E-06 -2.12034E-04  1.0E-06
  1.790E+02  9.99924E-01  1.39487E-22  4.98119E-06 -1.41445E-04  1.2E-06
  1.795E+02  9.99981E-01  1.39468E-22  4.98051E-06 -7.07871E-05  1.5E-06
  1.800E+02  1.00000E+00  1.39463E-22  4.98032E-06 -9.93879E-19  4.0E-06
