Mott cross-section (Ioffe Inst. Sep 25 1997)

Atomic number of the target Z= 18


 33 theta-points ---->
 49 E-points
|
|
|
|
V
 theta [grad]=          .1            .5           1.0           2.0           3.0           4.0           5.0           6.0           7.0           8.0           9.0          10.0          15.0          20.0          25.0          30.0          35.0          40.0          45.0          50.0          60.0          70.0          80.0          90.0         100.0         110.0         120.0         130.0         140.0         150.0         160.0         170.0         180.0
      E [eV],                              Differential cross section [cm**2/str]                                                                                                                                                                                                                                                                                                                                                                                                               Total cross section [cm**2]
     .3000E+05     .2565E-14     .2267E-14     .1587E-14     .5671E-15     .2185E-15     .9900E-16     .5124E-16     .2924E-16     .1789E-16     .1153E-16     .7748E-17     .5432E-17     .1297E-17     .4547E-18     .2000E-18     .1019E-18     .5760E-19     .3521E-19     .2292E-19     .1558E-19     .8072E-20     .4727E-20     .2970E-20     .2055E-20     .1478E-20     .1125E-20     .9011E-21     .7299E-21     .6415E-21     .5711E-21     .5224E-21     .4921E-21     .6273E-21   |        .9663E-17
     .2900E+05     .2563E-14     .2271E-14     .1605E-14     .5848E-15     .2271E-15     .1033E-15     .5377E-16     .3067E-16     .1871E-16     .1218E-16     .8179E-17     .5714E-17     .1374E-17     .4827E-18     .2126E-18     .1085E-18     .6132E-19     .3758E-19     .2441E-19     .1663E-19     .8646E-20     .5016E-20     .3208E-20     .2204E-20     .1564E-20     .1205E-20     .9550E-21     .7796E-21     .6713E-21     .6263E-21     .5599E-21     .5604E-21     .4072E-21   |        .9955E-17
     .2800E+05     .2554E-14     .2274E-14     .1622E-14     .6036E-15     .2367E-15     .1081E-15     .5632E-16     .3236E-16     .1977E-16     .1282E-16     .8622E-17     .6068E-17     .1457E-17     .5134E-18     .2267E-18     .1157E-18     .6554E-19     .4011E-19     .2602E-19     .1777E-19     .9254E-20     .5397E-20     .3430E-20     .2378E-20     .1698E-20     .1284E-20     .1002E-20     .8537E-21     .7267E-21     .6479E-21     .5932E-21     .5525E-21     .5792E-21   |        .1027E-16
     .2700E+05     .2539E-14     .2268E-14     .1636E-14     .6226E-15     .2465E-15     .1132E-15     .5917E-16     .3395E-16     .2088E-16     .1352E-16     .9145E-17     .6414E-17     .1549E-17     .5476E-18     .2420E-18     .1238E-18     .7019E-19     .4295E-19     .2790E-19     .1915E-19     .9939E-20     .5795E-20     .3707E-20     .2539E-20     .1824E-20     .1382E-20     .1105E-20     .9281E-21     .7909E-21     .6864E-21     .6302E-21     .6224E-21     .8114E-21   |        .1059E-16
     .2600E+05     .2529E-14     .2267E-14     .1652E-14     .6430E-15     .2574E-15     .1187E-15     .6236E-16     .3576E-16     .2205E-16     .1438E-16     .9684E-17     .6804E-17     .1651E-17     .5851E-18     .2590E-18     .1327E-18     .7533E-19     .4606E-19     .3006E-19     .2047E-19     .1072E-19     .6212E-20     .3981E-20     .2708E-20     .1958E-20     .1503E-20     .1193E-20     .9919E-21     .8594E-21     .7556E-21     .6886E-21     .6645E-21     .7155E-21   |        .1094E-16
     .2500E+05     .2526E-14     .2273E-14     .1672E-14     .6651E-15     .2689E-15     .1247E-15     .6569E-16     .3794E-16     .2334E-16     .1518E-16     .1031E-16     .7252E-17     .1764E-17     .6273E-18     .2780E-18     .1427E-18     .8093E-19     .4969E-19     .3245E-19     .2200E-19     .1154E-19     .6752E-20     .4296E-20     .2960E-20     .2129E-20     .1627E-20     .1272E-20     .1083E-20     .9232E-21     .8196E-21     .7344E-21     .7222E-21     .9482E-21   |        .1134E-16
     .2400E+05     .2520E-14     .2274E-14     .1690E-14     .6882E-15     .2812E-15     .1313E-15     .6925E-16     .3999E-16     .2478E-16     .1615E-16     .1097E-16     .7723E-17     .1889E-17     .6739E-18     .2991E-18     .1537E-18     .8732E-19     .5356E-19     .3503E-19     .2380E-19     .1254E-19     .7361E-20     .4632E-20     .3193E-20     .2323E-20     .1772E-20     .1388E-20     .1139E-20     .1009E-20     .8849E-21     .8100E-21     .7924E-21     .6323E-21   |        .1175E-16
     .2300E+05     .2517E-14     .2276E-14     .1701E-14     .7134E-15     .2941E-15     .1388E-15     .7326E-16     .4256E-16     .2626E-16     .1727E-16     .1171E-16     .8233E-17     .2034E-17     .7261E-18     .3230E-18     .1663E-18     .9466E-19     .5814E-19     .3780E-19     .2583E-19     .1360E-19     .7939E-20     .5054E-20     .3474E-20     .2534E-20     .1900E-20     .1566E-20     .1244E-20     .1084E-20     .9729E-21     .9217E-21     .8899E-21     .1055E-20   |        .1220E-16
     .2200E+05     .2529E-14     .2293E-14     .1728E-14     .7405E-15     .3099E-15     .1467E-15     .7781E-16     .4554E-16     .2805E-16     .1834E-16     .1249E-16     .8844E-17     .2188E-17     .7844E-18     .3497E-18     .1798E-18     .1029E-18     .6327E-19     .4113E-19     .2812E-19     .1482E-19     .8725E-20     .5520E-20     .3780E-20     .2768E-20     .2098E-20     .1709E-20     .1412E-20     .1191E-20     .1141E-20     .9896E-21     .9201E-21     .9056E-21   |        .1272E-16
     .2100E+05     .2528E-14     .2298E-14     .1746E-14     .7645E-15     .3258E-15     .1554E-15     .8260E-16     .4781E-16     .3002E-16     .1968E-16     .1339E-16     .9499E-17     .2359E-17     .8504E-18     .3800E-18     .1962E-18     .1116E-18     .6895E-19     .4527E-19     .3085E-19     .1643E-19     .9618E-20     .6174E-20     .4207E-20     .3008E-20     .2314E-20     .1791E-20     .1552E-20     .1327E-20     .1188E-20     .1151E-20     .1206E-20     .6566E-21   |        .1323E-16
     .2000E+05     .2520E-14     .2299E-14     .1763E-14     .7897E-15     .3422E-15     .1634E-15     .8861E-16     .5148E-16     .3197E-16     .2106E-16     .1444E-16     .1024E-16     .2557E-17     .9248E-18     .4146E-18     .2141E-18     .1222E-18     .7551E-19     .4928E-19     .3395E-19     .1779E-19     .1049E-19     .6643E-20     .4653E-20     .3388E-20     .2559E-20     .2062E-20     .1703E-20     .1477E-20     .1330E-20     .1204E-20     .1154E-20     .1196E-20   |        .1378E-16
     .1900E+05     .2529E-14     .2316E-14     .1792E-14     .8213E-15     .3631E-15     .1739E-15     .9374E-16     .5520E-16     .3457E-16     .2271E-16     .1560E-16     .1104E-16     .2783E-17     .1010E-17     .4539E-18     .2346E-18     .1346E-18     .8310E-19     .5444E-19     .3715E-19     .1973E-19     .1157E-19     .7347E-20     .5133E-20     .3691E-20     .2881E-20     .2326E-20     .1886E-20     .1599E-20     .1463E-20     .1385E-20     .1237E-20     .1442E-20   |        .1445E-16
     .1800E+05     .2532E-14     .2328E-14     .1819E-14     .8516E-15     .3835E-15     .1868E-15     .1007E-15     .5901E-16     .3719E-16     .2450E-16     .1687E-16     .1198E-16     .3045E-17     .1108E-17     .4988E-18     .2590E-18     .1486E-18     .9196E-19     .6033E-19     .4126E-19     .2176E-19     .1276E-19     .8218E-20     .5704E-20     .4132E-20     .3102E-20     .2630E-20     .2165E-20     .1830E-20     .1605E-20     .1531E-20     .1479E-20     .1242E-20   |        .1517E-16
     .1700E+05     .2532E-14     .2337E-14     .1848E-14     .8856E-15     .4038E-15     .1992E-15     .1087E-15     .6378E-16     .4023E-16     .2657E-16     .1840E-16     .1305E-16     .3340E-17     .1221E-17     .5516E-18     .2871E-18     .1648E-18     .1020E-18     .6715E-19     .4594E-19     .2441E-19     .1427E-19     .9305E-20     .6427E-20     .4626E-20     .3588E-20     .2893E-20     .2432E-20     .2110E-20     .1883E-20     .1695E-20     .1596E-20     .1763E-20   |        .1595E-16
     .1600E+05     .2519E-14     .2335E-14     .1870E-14     .9236E-15     .4283E-15     .2129E-15     .1171E-15     .6916E-16     .4383E-16     .2894E-16     .1998E-16     .1424E-16     .3676E-17     .1352E-17     .6136E-18     .3191E-18     .1843E-18     .1142E-18     .7493E-19     .5185E-19     .2724E-19     .1613E-19     .1048E-19     .7237E-20     .5273E-20     .4052E-20     .3222E-20     .2711E-20     .2340E-20     .2083E-20     .1958E-20     .1913E-20     .1588E-20   |        .1682E-16
     .1500E+05     .2505E-14     .2332E-14     .1891E-14     .9645E-15     .4568E-15     .2290E-15     .1266E-15     .7520E-16     .4769E-16     .3169E-16     .2194E-16     .1567E-16     .4071E-17     .1505E-17     .6855E-18     .3589E-18     .2070E-18     .1285E-18     .8480E-19     .5826E-19     .3109E-19     .1836E-19     .1179E-19     .8228E-20     .6007E-20     .4600E-20     .3704E-20     .3042E-20     .2705E-20     .2459E-20     .2177E-20     .2106E-20     .2135E-20   |        .1781E-16
     .1400E+05     .2484E-14     .2323E-14     .1909E-14     .1005E-14     .4873E-15     .2478E-15     .1375E-15     .8218E-16     .5218E-16     .3486E-16     .2419E-16     .1736E-16     .4539E-17     .1688E-17     .7720E-18     .4047E-18     .2347E-18     .1461E-18     .9603E-19     .6646E-19     .3549E-19     .2097E-19     .1369E-19     .9450E-20     .6903E-20     .5261E-20     .4317E-20     .3583E-20     .3114E-20     .2781E-20     .2589E-20     .2447E-20     .2426E-20   |        .1890E-16
     .1300E+05     .2462E-14     .2314E-14     .1924E-14     .1047E-14     .5204E-15     .2690E-15     .1502E-15     .9029E-16     .5755E-16     .3861E-16     .2677E-16     .1924E-16     .5094E-17     .1906E-17     .8762E-18     .4615E-18     .2671E-18     .1667E-18     .1105E-18     .7648E-19     .4101E-19     .2429E-19     .1587E-19     .1097E-19     .8048E-20     .6221E-20     .4961E-20     .4181E-20     .3625E-20     .3282E-20     .3027E-20     .2905E-20     .2859E-20   |        .2013E-16
     .1200E+05     .2440E-14     .2304E-14     .1942E-14     .1094E-14     .5574E-15     .2932E-15     .1651E-15     .9982E-16     .6375E-16     .4290E-16     .2987E-16     .2150E-16     .5757E-17     .2168E-17     .1001E-17     .5297E-18     .3082E-18     .1936E-18     .1283E-18     .8883E-19     .4757E-19     .2829E-19     .1849E-19     .1280E-19     .9479E-20     .7374E-20     .5917E-20     .4942E-20     .4321E-20     .3908E-20     .3558E-20     .3415E-20     .2939E-20   |        .2156E-16
     .1100E+05     .2414E-14     .2290E-14     .1955E-14     .1143E-14     .5990E-15     .3208E-15     .1822E-15     .1111E-15     .7128E-16     .4808E-16     .3363E-16     .2423E-16     .6564E-17     .2492E-17     .1158E-17     .6153E-18     .3600E-18     .2261E-18     .1502E-18     .1044E-18     .5614E-19     .3373E-19     .2198E-19     .1533E-19     .1133E-19     .8750E-20     .7062E-20     .5953E-20     .5152E-20     .4672E-20     .4296E-20     .4153E-20     .3946E-20   |        .2321E-16
     .1000E+05     .2387E-14     .2274E-14     .1967E-14     .1194E-14     .6457E-15     .3531E-15     .2030E-15     .1245E-15     .8030E-16     .5429E-16     .3817E-16     .2759E-16     .7557E-17     .2894E-17     .1354E-17     .7232E-18     .4242E-18     .2674E-18     .1783E-18     .1241E-18     .6716E-19     .4056E-19     .2659E-19     .1858E-19     .1374E-19     .1071E-19     .8682E-20     .7219E-20     .6317E-20     .5702E-20     .5273E-20     .5066E-20     .5019E-20   |        .2514E-16
     .9000E+04     .2355E-14     .2255E-14     .1976E-14     .1248E-14     .6985E-15     .3907E-15     .2276E-15     .1406E-15     .9144E-16     .6200E-16     .4375E-16     .3176E-16     .8810E-17     .3403E-17     .1603E-17     .8624E-18     .5098E-18     .3225E-18     .2156E-18     .1506E-18     .8203E-19     .4970E-19     .3254E-19     .2292E-19     .1709E-19     .1330E-19     .1080E-19     .9057E-20     .7914E-20     .7195E-20     .6689E-20     .6396E-20     .6273E-20   |        .2744E-16
     .8000E+04     .2322E-14     .2232E-14     .1983E-14     .1305E-14     .7583E-15     .4354E-15     .2580E-15     .1608E-15     .1054E-15     .7179E-16     .5079E-16     .3704E-16     .1041E-16     .4065E-17     .1933E-17     .1044E-17     .6193E-18     .3953E-18     .2662E-18     .1868E-18     .1022E-18     .6223E-19     .4107E-19     .2908E-19     .2162E-19     .1693E-19     .1378E-19     .1165E-19     .1018E-19     .9211E-20     .8571E-20     .8222E-20     .8009E-20   |        .3025E-16
     .7000E+04     .2282E-14     .2204E-14     .1983E-14     .1362E-14     .8257E-15     .4887E-15     .2954E-15     .1862E-15     .1230E-15     .8434E-16     .5989E-16     .4386E-16     .1251E-16     .4942E-17     .2368E-17     .1292E-17     .7750E-18     .4951E-18     .3351E-18     .2371E-18     .1307E-18     .8033E-19     .5341E-19     .3782E-19     .2844E-19     .2228E-19     .1824E-19     .1548E-19     .1355E-19     .1229E-19     .1146E-19     .1101E-19     .1100E-19   |        .3370E-16
     .6000E+04     .2237E-14     .2170E-14     .1979E-14     .1419E-14     .9017E-15     .5534E-15     .3428E-15     .2191E-15     .1461E-15     .1010E-15     .7202E-16     .5294E-16     .1536E-16     .6145E-17     .2981E-17     .1639E-17     .9902E-18     .6403E-18     .4344E-18     .3102E-18     .1731E-18     .1070E-18     .7195E-19     .5151E-19     .3879E-19     .3069E-19     .2517E-19     .2144E-19     .1891E-19     .1715E-19     .1603E-19     .1543E-19     .1524E-19   |        .3811E-16
     .5000E+04     .2185E-14     .2129E-14     .1970E-14     .1477E-14     .9867E-15     .6315E-15     .4043E-15     .2638E-15     .1776E-15     .1239E-15     .8902E-16     .6566E-16     .1940E-16     .7876E-17     .3862E-17     .2155E-17     .1310E-17     .8561E-18     .5878E-18     .4210E-18     .2386E-18     .1499E-18     .1017E-18     .7363E-19     .5613E-19     .4462E-19     .3700E-19     .3166E-19     .2806E-19     .2556E-19     .2392E-19     .2301E-19     .2311E-19   |        .4399E-16
     .4000E+04     .2119E-14     .2076E-14     .1947E-14     .1531E-14     .1083E-14     .7274E-15     .4833E-15     .3243E-15     .2223E-15     .1569E-15     .1138E-15     .8448E-16     .2547E-16     .1050E-16     .5225E-17     .2951E-17     .1816E-17     .1200E-17     .8352E-18     .6038E-18     .3501E-18     .2238E-18     .1543E-18     .1135E-18     .8755E-19     .7062E-19     .5913E-19     .5110E-19     .4573E-19     .4181E-19     .3943E-19     .3810E-19     .3664E-19   |        .5216E-16
     .3000E+04     .2013E-14     .1982E-14     .1886E-14     .1564E-14     .1182E-14     .8452E-15     .5910E-15     .4125E-15     .2908E-15     .2086E-15     .1530E-15     .1148E-15     .3546E-16     .1488E-16     .7516E-17     .4301E-17     .2687E-17     .1797E-17     .1268E-17     .9341E-18     .5550E-18     .3653E-18     .2589E-18     .1947E-18     .1539E-18     .1267E-18     .1082E-18     .9514E-19     .8600E-19     .8003E-19     .7525E-19     .7340E-19     .7454E-19   |        .6442E-16
     .2000E+04     .1855E-14     .1834E-14     .1773E-14     .1554E-14     .1268E-14     .9817E-15     .7363E-15     .5447E-15     .4019E-15     .2982E-15     .2238E-15     .1704E-15     .5461E-16     .2335E-16     .1200E-16     .6968E-17     .4424E-17     .3006E-17     .2153E-17     .1609E-17     .9946E-18     .6813E-18     .5045E-18     .3970E-18     .3281E-18     .2818E-18     .2501E-18     .2277E-18     .2120E-18     .2009E-18     .1937E-18     .1892E-18     .1858E-18   |        .8539E-16
     .1000E+04     .1575E-14     .1566E-14     .1537E-14     .1430E-14     .1274E-14     .1093E-14     .9107E-15     .7425E-15     .5966E-15     .4757E-15     .3782E-15     .3008E-15     .1059E-15     .4642E-16     .2435E-16     .1439E-16     .9263E-17     .6387E-17     .4629E-17     .3482E-17     .2207E-17     .1569E-17     .1231E-17     .1062E-17     .9697E-18     .9472E-18     .9411E-18     .9638E-18     .9869E-18     .1014E-17     .1037E-17     .1047E-17     .1079E-17   |        .1332E-15
     .8000E+03     .1481E-14     .1474E-14     .1452E-14     .1369E-14     .1244E-14     .1094E-14     .9365E-15     .7848E-15     .6476E-15     .5289E-15     .4296E-15     .3480E-15     .1282E-15     .5674E-16     .2987E-16     .1780E-16     .1154E-16     .7967E-17     .5789E-17     .4371E-17     .2745E-17     .1933E-17     .1517E-17     .1320E-17     .1261E-17     .1287E-17     .1366E-17     .1473E-17     .1590E-17     .1697E-17     .1783E-17     .1836E-17     .1851E-17   |        .1521E-15
     .6000E+03     .1361E-14     .1356E-14     .1340E-14     .1280E-14     .1187E-14     .1072E-14     .9463E-15     .8188E-15     .6976E-15     .5872E-15     .4903E-15     .4072E-15     .1613E-15     .7243E-16     .3822E-16     .2290E-16     .1503E-16     .1049E-16     .7672E-17     .5825E-17     .3637E-17     .2487E-17     .1877E-17     .1610E-17     .1591E-17     .1757E-17     .2056E-17     .2435E-17     .2841E-17     .3222E-17     .3534E-17     .3737E-17     .3807E-17   |        .1793E-15
     .4000E+03     .1197E-14     .1194E-14     .1184E-14     .1146E-14     .1086E-14     .1010E-14     .9220E-15     .8282E-15     .7335E-15     .6421E-15     .5565E-15     .4788E-15     .2144E-15     .9954E-16     .5221E-16     .3117E-16     .2061E-16     .1469E-16     .1102E-16     .8583E-17     .5546E-17     .3703E-17     .2510E-17     .1848E-17     .1716E-17     .2131E-17     .3049E-17     .4365E-17     .5896E-17     .7426E-17     .8725E-17     .9597E-17     .9916E-17   |        .2232E-15
     .3500E+03     .1145E-14     .1143E-14     .1134E-14     .1102E-14     .1051E-14     .9843E-15     .9071E-15     .8233E-15     .7374E-15     .6528E-15     .5723E-15     .4979E-15     .2331E-15     .1100E-15     .5749E-16     .3406E-16     .2246E-16     .1608E-16     .1218E-16     .9612E-17     .6396E-17     .4327E-17     .2854E-17     .1921E-17     .1625E-17     .2073E-17     .3264E-17     .5080E-17     .7280E-17     .9529E-17     .1147E-16     .1278E-16     .1325E-16   |        .2393E-15
     .3000E+03     .1089E-14     .1087E-14     .1080E-14     .1053E-14     .1010E-14     .9533E-15     .8868E-15     .8137E-15     .7375E-15     .6610E-15     .5869E-15     .5170E-15     .2548E-15     .1232E-15     .6421E-16     .3752E-16     .2452E-16     .1752E-16     .1343E-16     .1078E-16     .7498E-17     .5253E-17     .3430E-17     .2074E-17     .1458E-17     .1846E-17     .3355E-17     .5878E-17     .9087E-17     .1246E-16     .1545E-16     .1746E-16     .1824E-16   |        .2589E-15
     .2500E+03     .1028E-14     .1026E-14     .1020E-14     .9984E-15     .9630E-15     .9165E-15     .8609E-15     .7988E-15     .7332E-15     .6661E-15     .5998E-15     .5358E-15     .2814E-15     .1408E-15     .7341E-16     .4202E-16     .2687E-16     .1895E-16     .1459E-16     .1199E-16     .8904E-17     .6678E-17     .4491E-17     .2504E-17     .1267E-17     .1367E-17     .3175E-17     .6670E-17     .1141E-16     .1660E-16     .2128E-16     .2453E-16     .2569E-16   |        .2839E-15
     .2000E+03     .9582E-15     .9569E-15     .9527E-15     .9357E-15     .9086E-15     .8720E-15     .8281E-15     .7781E-15     .7241E-15     .6678E-15     .6108E-15     .5546E-15     .3146E-15     .1658E-15     .8752E-16     .4887E-16     .2984E-16     .2030E-16     .1536E-16     .1280E-16     .1052E-16     .8885E-17     .6573E-17     .3741E-17     .1362E-17     .6297E-18     .2480E-17     .7189E-17     .1422E-16     .2234E-16     .2990E-16     .3524E-16     .3718E-16   |        .3178E-15
     .1500E+03     .8864E-15     .8853E-15     .8822E-15     .8701E-15     .8504E-15     .8239E-15     .7912E-15     .7536E-15     .7122E-15     .6679E-15     .6220E-15     .5753E-15     .3597E-15     .2056E-15     .1130E-15     .6229E-16     .3556E-16     .2189E-16     .1523E-16     .1236E-16     .1163E-16     .1212E-16     .1082E-16     .7329E-17     .3042E-17     .2474E-18     .1107E-17     .6767E-17     .1685E-16     .2947E-16     .4175E-16     .5064E-16     .5400E-16   |        .3694E-15
     .1000E+03     .8273E-15     .8267E-15     .8248E-15     .8170E-15     .8043E-15     .7871E-15     .7654E-15     .7402E-15     .7116E-15     .6804E-15     .6470E-15     .6123E-15     .4342E-15     .2815E-15     .1712E-15     .9918E-16     .5507E-16     .2948E-16     .1576E-16     .9614E-17     .9639E-17     .1542E-16     .1916E-16     .1758E-16     .1140E-16     .4245E-17     .7216E-18     .4310E-17     .1587E-16     .3306E-16     .5134E-16     .6512E-16     .7037E-16   |        .4674E-15
     .5000E+02     .8861E-15     .8858E-15     .8847E-15     .8804E-15     .8735E-15     .8640E-15     .8518E-15     .8373E-15     .8205E-15     .8017E-15     .7808E-15     .7584E-15     .6291E-15     .4893E-15     .3586E-15     .2478E-15     .1605E-15     .9581E-16     .5103E-16     .2270E-16     .2126E-17     .9866E-17     .2622E-16     .3759E-16     .3785E-16     .2812E-16     .1442E-16     .3925E-17     .1534E-17     .7721E-17     .1894E-16     .2915E-16     .3310E-16   |        .7521E-15
     .4500E+02     .9083E-15     .9080E-15     .9069E-15     .9031E-15     .8967E-15     .8877E-15     .8764E-15     .8628E-15     .8471E-15     .8294E-15     .8099E-15     .7885E-15     .6645E-15     .5270E-15     .3947E-15     .2793E-15     .1857E-15     .1143E-15     .6330E-16     .2984E-16     .2562E-17     .7830E-17     .2456E-16     .3774E-16     .3990E-16     .3129E-16     .1737E-16     .5343E-17     .4017E-18     .3689E-17     .1212E-16     .2049E-16     .2396E-16   |        .8073E-15
     .4000E+02     .9314E-15     .9311E-15     .9302E-15     .9265E-15     .9205E-15     .9123E-15     .9017E-15     .8890E-15     .8743E-15     .8577E-15     .8394E-15     .8194E-15     .7010E-15     .5667E-15     .4339E-15     .3146E-15     .2149E-15     .1367E-15     .7917E-16     .3989E-16     .4290E-17     .5571E-17     .2161E-16     .3612E-16     .4038E-16     .3351E-16     .2030E-16     .7569E-17     .6630E-18     .1212E-17     .6936E-17     .1327E-16     .1597E-16   |        .8691E-15
     .3500E+02     .9484E-15     .9482E-15     .9474E-15     .9441E-15     .9386E-15     .9309E-15     .9214E-15     .9096E-15     .8962E-15     .8808E-15     .8638E-15     .8452E-15     .7340E-15     .6047E-15     .4735E-15     .3521E-15     .2477E-15     .1634E-15     .9927E-16     .5380E-16     .8290E-17     .3549E-17     .1716E-16     .3193E-16     .3822E-16     .3394E-16     .2280E-16     .1092E-16     .3425E-17     .2262E-17     .5790E-17     .1040E-16     .1247E-16   |        .9367E-15
     .3000E+02     .9481E-15     .9478E-15     .9472E-15     .9442E-15     .9393E-15     .9326E-15     .9239E-15     .9135E-15     .9014E-15     .8876E-15     .8722E-15     .8555E-15     .7536E-15     .6330E-15     .5072E-15     .3877E-15     .2818E-15     .1936E-15     .1242E-15     .7289E-16     .1636E-16     .3067E-17     .1157E-16     .2471E-16     .3234E-16     .3143E-16     .2426E-16     .1576E-16     .1020E-16     .9454E-17     .1250E-16     .1619E-16     .1776E-16   |        .1008E-14
     .2500E+02     .9129E-15     .9128E-15     .9122E-15     .9096E-15     .9055E-15     .8998E-15     .8925E-15     .8837E-15     .8732E-15     .8616E-15     .8485E-15     .8342E-15     .7462E-15     .6397E-15     .5259E-15     .4148E-15     .3133E-15     .2258E-15     .1543E-15     .9913E-16     .3176E-16     .7171E-17     .6777E-17     .1506E-16     .2243E-16     .2517E-16     .2408E-16     .2223E-16     .2238E-16     .2563E-16     .3096E-16     .3554E-16     .3722E-16   |        .1085E-14
     .2000E+02     .8321E-15     .8319E-15     .8313E-15     .8295E-15     .8264E-15     .8219E-15     .8164E-15     .8096E-15     .8017E-15     .7926E-15     .7824E-15     .7714E-15     .7024E-15     .6172E-15     .5237E-15     .4296E-15     .3406E-15     .2607E-15     .1925E-15     .1368E-15     .6051E-16     .2197E-16     .7873E-17     .6657E-17     .1048E-16     .1579E-16     .2195E-16     .2970E-16     .3970E-16     .5110E-16     .6206E-16     .7038E-16     .7358E-16   |        .1189E-14
     .1500E+02     .7349E-15     .7347E-15     .7344E-15     .7331E-15     .7310E-15     .7281E-15     .7244E-15     .7198E-15     .7144E-15     .7085E-15     .7016E-15     .6941E-15     .6469E-15     .5871E-15     .5194E-15     .4484E-15     .3780E-15     .3115E-15     .2510E-15     .1976E-15     .1137E-15     .5792E-16     .2432E-16     .7213E-17     .2182E-17     .6455E-17     .1836E-16     .3619E-16     .5783E-16     .8039E-16     .1001E-15     .1134E-15     .1180E-15   |        .1400E-14
     .1000E+02     .7475E-15     .7474E-15     .7472E-15     .7465E-15     .7451E-15     .7432E-15     .7408E-15     .7380E-15     .7346E-15     .7307E-15     .7262E-15     .7214E-15     .6903E-15     .6494E-15     .6008E-15     .5470E-15     .4899E-15     .4317E-15     .3741E-15     .3184E-15     .2171E-15     .1335E-15     .6983E-16     .2695E-16     .4514E-17     .1090E-17     .1401E-16     .3934E-16     .7188E-16     .1057E-15     .1352E-15     .1554E-15     .1625E-15   |        .1957E-14
     .5000E+01     .1183E-14     .1183E-14     .1183E-14     .1182E-14     .1181E-14     .1179E-14     .1176E-14     .1173E-14     .1169E-14     .1165E-14     .1160E-14     .1154E-14     .1119E-14     .1071E-14     .1012E-14     .9430E-15     .8668E-15     .7850E-15     .6997E-15     .6130E-15     .4436E-15     .2912E-15     .1669E-15     .7777E-16     .2690E-16     .1294E-16     .3078E-16     .7223E-16     .1271E-15     .1846E-15     .2343E-15     .2677E-15     .2796E-15   |        .3680E-14