Mott cross-section (Ioffe Inst. Sep 23 1997)

Atomic number of the target Z=  6


 33 theta-points ---->
 49 E-points
|
|
|
|
V
 theta [grad]=          .1            .5           1.0           2.0           3.0           4.0           5.0           6.0           7.0           8.0           9.0          10.0          15.0          20.0          25.0          30.0          35.0          40.0          45.0          50.0          60.0          70.0          80.0          90.0         100.0         110.0         120.0         130.0         140.0         150.0         160.0         170.0         180.0
      E [eV],                              Differential cross section [cm**2/str]                                                                                                                                                                                                                                                                                                                                                                                                               Total cross section [cm**2]
     .3000E+05     .4817E-15     .4308E-15     .3094E-15     .1085E-15     .3892E-16     .1654E-16     .8094E-17     .4384E-17     .2620E-17     .1619E-17     .1069E-17     .7423E-18     .1634E-18     .5538E-19     .2347E-19     .1160E-19     .6502E-20     .3895E-20     .2454E-20     .1695E-20     .8500E-21     .4896E-21     .3139E-21     .2024E-21     .1551E-21     .1139E-21     .8856E-22     .7425E-22     .6089E-22     .5510E-22     .5224E-22     .5431E-22     .3704E-22   |        .1718E-17
     .2900E+05     .4836E-15     .4338E-15     .3143E-15     .1124E-15     .4066E-16     .1734E-16     .8564E-17     .4641E-17     .2721E-17     .1742E-17     .1135E-17     .7774E-18     .1737E-18     .5845E-19     .2519E-19     .1245E-19     .6912E-20     .4156E-20     .2680E-20     .1785E-20     .9247E-21     .5227E-21     .3297E-21     .2259E-21     .1637E-21     .1248E-21     .9581E-22     .8081E-22     .6913E-22     .6232E-22     .5687E-22     .5476E-22     .4126E-22   |        .1776E-17
     .2800E+05     .4833E-15     .4353E-15     .3187E-15     .1166E-15     .4262E-16     .1830E-16     .8990E-17     .4970E-17     .2909E-17     .1831E-17     .1196E-17     .8389E-18     .1864E-18     .6223E-19     .2678E-19     .1343E-19     .7386E-20     .4392E-20     .2839E-20     .1946E-20     .9693E-21     .5698E-21     .3525E-21     .2407E-21     .1731E-21     .1325E-21     .1058E-21     .8425E-22     .7888E-22     .6727E-22     .5913E-22     .5996E-22     .5121E-22   |        .1838E-17
     .2700E+05     .4800E-15     .4338E-15     .3209E-15     .1207E-15     .4460E-16     .1934E-16     .9500E-17     .5237E-17     .3087E-17     .1943E-17     .1279E-17     .8876E-18     .2000E-18     .6618E-19     .2862E-19     .1433E-19     .7950E-20     .4726E-20     .3030E-20     .2065E-20     .1033E-20     .6112E-21     .3813E-21     .2638E-21     .1894E-21     .1433E-21     .1103E-21     .8926E-22     .8446E-22     .7389E-22     .7006E-22     .6078E-22     .5605E-22   |        .1897E-17
     .2600E+05     .4791E-15     .4342E-15     .3240E-15     .1251E-15     .4684E-16     .2043E-16     .1012E-16     .5541E-17     .3287E-17     .2104E-17     .1361E-17     .9438E-18     .2138E-18     .7131E-19     .3088E-19     .1545E-19     .8477E-20     .5085E-20     .3263E-20     .2229E-20     .1118E-20     .6570E-21     .4162E-21     .2741E-21     .2032E-21     .1514E-21     .1233E-21     .1004E-21     .8600E-22     .7636E-22     .7489E-22     .6925E-22     .5046E-22   |        .1965E-17
     .2500E+05     .4809E-15     .4374E-15     .3294E-15     .1301E-15     .4930E-16     .2164E-16     .1072E-16     .5980E-17     .3489E-17     .2217E-17     .1467E-17     .1020E-17     .2299E-18     .7750E-19     .3301E-19     .1643E-19     .9162E-20     .5549E-20     .3539E-20     .2407E-20     .1220E-20     .7111E-21     .4430E-21     .2994E-21     .2204E-21     .1655E-21     .1326E-21     .1123E-21     .9175E-22     .8498E-22     .7948E-22     .7593E-22     .6672E-22   |        .2044E-17
     .2400E+05     .4805E-15     .4384E-15     .3334E-15     .1351E-15     .5191E-16     .2298E-16     .1137E-16     .6314E-17     .3747E-17     .2386E-17     .1572E-17     .1091E-17     .2480E-18     .8319E-19     .3558E-19     .1780E-19     .9896E-20     .6029E-20     .3847E-20     .2592E-20     .1322E-20     .7702E-21     .4809E-21     .3276E-21     .2350E-21     .1827E-21     .1474E-21     .1224E-21     .9945E-22     .9333E-22     .8737E-22     .8297E-22     .9563E-22   |        .2124E-17
     .2300E+05     .4797E-15     .4389E-15     .3366E-15     .1404E-15     .5486E-16     .2440E-16     .1224E-16     .6766E-17     .4010E-17     .2586E-17     .1694E-17     .1170E-17     .2696E-18     .9047E-19     .3867E-19     .1922E-19     .1074E-19     .6505E-20     .4196E-20     .2818E-20     .1445E-20     .8386E-21     .5309E-21     .3594E-21     .2624E-21     .1958E-21     .1543E-21     .1341E-21     .1101E-21     .9846E-22     .9066E-22     .9060E-22     .1015E-21   |        .2211E-17
     .2200E+05     .4875E-15     .4471E-15     .3452E-15     .1470E-15     .5844E-16     .2611E-16     .1313E-16     .7431E-17     .4333E-17     .2729E-17     .1810E-17     .1266E-17     .2917E-18     .9916E-19     .4251E-19     .2088E-19     .1153E-19     .7117E-20     .4548E-20     .3134E-20     .1593E-20     .9227E-21     .5741E-21     .3928E-21     .2754E-21     .2126E-21     .1791E-21     .1395E-21     .1207E-21     .1062E-21     .1146E-21     .1000E-21     .7538E-22   |        .2324E-17
     .2100E+05     .4946E-15     .4529E-15     .3491E-15     .1520E-15     .6188E-16     .2793E-16     .1408E-16     .7632E-17     .4735E-17     .2981E-17     .1974E-17     .1363E-17     .3143E-18     .1092E-18     .4614E-19     .2277E-19     .1291E-19     .7800E-20     .4942E-20     .3376E-20     .1742E-20     .1010E-20     .6062E-21     .4354E-21     .3108E-21     .2381E-21     .1825E-21     .1558E-21     .1325E-21     .1220E-21     .1172E-21     .8640E-22     .1770E-21   |        .2421E-17
     .2000E+05     .4958E-15     .4547E-15     .3525E-15     .1569E-15     .6519E-16     .2936E-16     .1540E-16     .8463E-17     .5013E-17     .3215E-17     .2149E-17     .1502E-17     .3428E-18     .1173E-18     .5072E-19     .2525E-19     .1408E-19     .8591E-20     .5470E-20     .3653E-20     .1909E-20     .1073E-20     .6907E-21     .4773E-21     .3495E-21     .2511E-21     .2086E-21     .1710E-21     .1528E-21     .1226E-21     .1300E-21     .1230E-21     .1909E-21   |        .2525E-17
     .1900E+05     .5052E-15     .4645E-15     .3627E-15     .1646E-15     .7031E-16     .3163E-16     .1618E-16     .9235E-17     .5526E-17     .3515E-17     .2337E-17     .1631E-17     .3773E-18     .1291E-18     .5583E-19     .2836E-19     .1552E-19     .9302E-20     .6044E-20     .4125E-20     .2080E-20     .1252E-20     .7562E-21     .5309E-21     .3749E-21     .2792E-21     .2283E-21     .2074E-21     .1789E-21     .1600E-21     .1364E-21     .1397E-21     .1251E-21   |        .2670E-17
     .1800E+05     .5112E-15     .4715E-15     .3709E-15     .1712E-15     .7483E-16     .3488E-16     .1764E-16     .9921E-17     .5989E-17     .3859E-17     .2548E-17     .1792E-17     .4219E-18     .1439E-18     .6178E-19     .3076E-19     .1713E-19     .1051E-19     .6794E-20     .4494E-20     .2343E-20     .1338E-20     .8755E-21     .5768E-21     .4313E-21     .3231E-21     .2556E-21     .2086E-21     .1831E-21     .1651E-21     .1468E-21     .1373E-21     .1237E-21   |        .2822E-17
     .1700E+05     .5167E-15     .4784E-15     .3803E-15     .1792E-15     .7876E-16     .3746E-16     .1939E-16     .1093E-16     .6540E-17     .4244E-17     .2842E-17     .1983E-17     .4667E-18     .1599E-18     .6928E-19     .3446E-19     .1924E-19     .1169E-19     .7487E-20     .5098E-20     .2633E-20     .1517E-20     .9542E-21     .6514E-21     .4848E-21     .3595E-21     .2863E-21     .2325E-21     .2059E-21     .1824E-21     .1697E-21     .1685E-21     .1419E-21   |        .2985E-17
     .1600E+05     .5179E-15     .4815E-15     .3874E-15     .1888E-15     .8424E-16     .4032E-16     .2110E-16     .1205E-16     .7284E-17     .4691E-17     .3103E-17     .2176E-17     .5173E-18     .1791E-18     .7765E-19     .3913E-19     .2170E-19     .1309E-19     .8443E-20     .5699E-20     .2964E-20     .1727E-20     .1083E-20     .7365E-21     .5403E-21     .4111E-21     .3321E-21     .2681E-21     .2326E-21     .2122E-21     .1897E-21     .1807E-21     .2016E-21   |        .3167E-17
     .1500E+05     .5183E-15     .4840E-15     .3944E-15     .1992E-15     .9105E-16     .4395E-16     .2310E-16     .1329E-16     .8027E-17     .5200E-17     .3489E-17     .2434E-17     .5801E-18     .2001E-18     .8779E-19     .4418E-19     .2465E-19     .1503E-19     .9678E-20     .6540E-20     .3339E-20     .1939E-20     .1238E-20     .8433E-21     .6136E-21     .4630E-21     .3718E-21     .3149E-21     .2657E-21     .2313E-21     .2259E-21     .2095E-21     .2274E-21   |        .3379E-17
     .1400E+05     .5164E-15     .4842E-15     .3995E-15     .2089E-15     .9825E-16     .4833E-16     .2551E-16     .1475E-16     .8959E-17     .5802E-17     .3946E-17     .2739E-17     .6528E-18     .2283E-18     .9873E-19     .5006E-19     .2797E-19     .1700E-19     .1098E-19     .7405E-20     .3826E-20     .2216E-20     .1424E-20     .9676E-21     .6959E-21     .5397E-21     .4256E-21     .3503E-21     .3070E-21     .2796E-21     .2498E-21     .2361E-21     .2326E-21   |        .3609E-17
     .1300E+05     .5142E-15     .4842E-15     .4046E-15     .2192E-15     .1060E-15     .5324E-16     .2836E-16     .1648E-16     .1013E-16     .6552E-17     .4445E-17     .3075E-17     .7450E-18     .2626E-18     .1142E-18     .5798E-19     .3275E-19     .1977E-19     .1274E-19     .8650E-20     .4451E-20     .2580E-20     .1627E-20     .1120E-20     .8178E-21     .6217E-21     .5048E-21     .4143E-21     .3548E-21     .3142E-21     .2967E-21     .2777E-21     .2632E-21   |        .3871E-17
     .1200E+05     .5130E-15     .4854E-15     .4108E-15     .2310E-15     .1148E-15     .5887E-16     .3184E-16     .1855E-16     .1147E-16     .7420E-17     .5054E-17     .3522E-17     .8634E-18     .3051E-18     .1335E-18     .6743E-19     .3774E-19     .2287E-19     .1485E-19     .1014E-19     .5215E-20     .3024E-20     .1922E-20     .1324E-20     .9532E-21     .7278E-21     .5832E-21     .4881E-21     .4165E-21     .3732E-21     .3467E-21     .3303E-21     .3285E-21   |        .4182E-17
     .1100E+05     .5107E-15     .4855E-15     .4166E-15     .2437E-15     .1250E-15     .6537E-16     .3586E-16     .2104E-16     .1315E-16     .8527E-17     .5807E-17     .4087E-17     .1011E-17     .3564E-18     .1563E-18     .7966E-19     .4494E-19     .2729E-19     .1751E-19     .1192E-19     .6203E-20     .3576E-20     .2301E-20     .1563E-20     .1139E-20     .8689E-21     .6997E-21     .5741E-21     .5018E-21     .4517E-21     .4205E-21     .3870E-21     .3928E-21   |        .4546E-17
     .1000E+05     .5086E-15     .4857E-15     .4222E-15     .2571E-15     .1367E-15     .7323E-16     .4092E-16     .2416E-16     .1518E-16     .9921E-17     .6766E-17     .4799E-17     .1187E-17     .4229E-18     .1873E-18     .9521E-19     .5362E-19     .3284E-19     .2125E-19     .1440E-19     .7474E-20     .4341E-20     .2775E-20     .1903E-20     .1378E-20     .1058E-20     .8412E-21     .7062E-21     .6065E-21     .5432E-21     .5040E-21     .4788E-21     .4758E-21   |        .4979E-17
     .9000E+04     .5060E-15     .4854E-15     .4277E-15     .2718E-15     .1503E-15     .8254E-16     .4699E-16     .2803E-16     .1775E-16     .1171E-16     .7987E-17     .5684E-17     .1422E-17     .5158E-18     .2270E-18     .1161E-18     .6597E-19     .4004E-19     .2602E-19     .1773E-19     .9227E-20     .5347E-20     .3424E-20     .2349E-20     .1713E-20     .1302E-20     .1045E-20     .8715E-21     .7562E-21     .6709E-21     .6227E-21     .5926E-21     .5871E-21   |        .5506E-17
     .8000E+04     .5045E-15     .4860E-15     .4341E-15     .2881E-15     .1661E-15     .9393E-16     .5471E-16     .3312E-16     .2113E-16     .1408E-16     .9648E-17     .6852E-17     .1751E-17     .6347E-18     .2827E-18     .1454E-18     .8236E-19     .5051E-19     .3263E-19     .2231E-19     .1164E-19     .6791E-20     .4336E-20     .2972E-20     .2165E-20     .1657E-20     .1326E-20     .1108E-20     .9596E-21     .8592E-21     .7939E-21     .7587E-21     .7481E-21   |        .6172E-17
     .7000E+04     .5024E-15     .4861E-15     .4398E-15     .3048E-15     .1843E-15     .1080E-15     .6452E-16     .3977E-16     .2560E-16     .1721E-16     .1190E-16     .8470E-17     .2201E-17     .8038E-18     .3628E-18     .1862E-18     .1063E-18     .6500E-19     .4251E-19     .2890E-19     .1508E-19     .8844E-20     .5652E-20     .3892E-20     .2833E-20     .2174E-20     .1743E-20     .1454E-20     .1260E-20     .1128E-20     .1043E-20     .9958E-21     .9764E-21   |        .7013E-17
     .6000E+04     .5019E-15     .4876E-15     .4465E-15     .3228E-15     .2058E-15     .1259E-15     .7735E-16     .4863E-16     .3176E-16     .2159E-16     .1506E-16     .1078E-16     .2854E-17     .1053E-17     .4796E-18     .2484E-18     .1422E-18     .8756E-19     .5717E-19     .3916E-19     .2047E-19     .1203E-19     .7709E-20     .5303E-20     .3871E-20     .2975E-20     .2387E-20     .1991E-20     .1725E-20     .1548E-20     .1428E-20     .1364E-20     .1358E-20   |        .8130E-17
     .5000E+04     .5028E-15     .4906E-15     .4551E-15     .3440E-15     .2311E-15     .1482E-15     .9485E-16     .6150E-16     .4072E-16     .2793E-16     .1980E-16     .1433E-16     .3837E-17     .1451E-17     .6663E-18     .3470E-18     .2004E-18     .1237E-18     .8093E-19     .5580E-19     .2929E-19     .1730E-19     .1110E-19     .7653E-20     .5605E-20     .4313E-20     .3464E-20     .2890E-20     .2508E-20     .2249E-20     .2085E-20     .1995E-20     .1943E-20   |        .9695E-17
     .4000E+04     .5048E-15     .4946E-15     .4651E-15     .3689E-15     .2627E-15     .1773E-15     .1183E-15     .7944E-16     .5417E-16     .3780E-16     .2712E-16     .1991E-16     .5535E-17     .2117E-17     .9858E-18     .5222E-18     .3027E-18     .1885E-18     .1241E-18     .8576E-19     .4539E-19     .2690E-19     .1736E-19     .1203E-19     .8808E-20     .6800E-20     .5444E-20     .4594E-20     .3952E-20     .3562E-20     .3304E-20     .3155E-20     .3166E-20   |        .1201E-16
     .3000E+04     .4979E-15     .4905E-15     .4681E-15     .3917E-15     .2994E-15     .2164E-15     .1527E-15     .1076E-15     .7629E-16     .5473E-16     .3995E-16     .2978E-16     .8695E-17     .3419E-17     .1621E-17     .8695E-18     .5109E-18     .3214E-18     .2137E-18     .1483E-18     .7953E-19     .4755E-19     .3090E-19     .2149E-19     .1581E-19     .1222E-19     .9921E-20     .8319E-20     .7223E-20     .6481E-20     .6007E-20     .5687E-20     .5379E-20   |        .1577E-16
     .2000E+04     .4863E-15     .4814E-15     .4664E-15     .4128E-15     .3412E-15     .2683E-15     .2044E-15     .1536E-15     .1152E-15     .8659E-16     .6555E-16     .5015E-16     .1588E-16     .6490E-17     .3163E-17     .1737E-17     .1041E-17     .6660E-18     .4488E-18     .3158E-18     .1730E-18     .1051E-18     .6916E-19     .4860E-19     .3622E-19     .2833E-19     .2295E-19     .1925E-19     .1672E-19     .1524E-19     .1431E-19     .1370E-19     .1218E-19   |        .2298E-16
     .1000E+04     .4617E-15     .4593E-15     .4517E-15     .4233E-15     .3814E-15     .3324E-15     .2818E-15     .2346E-15     .1927E-15     .1572E-15     .1278E-15     .1039E-15     .3929E-16     .1745E-16     .8970E-17     .5136E-17     .3191E-17     .2112E-17     .1468E-17     .1063E-17     .6103E-18     .3882E-18     .2665E-18     .1919E-18     .1482E-18     .1181E-18     .9691E-19     .8454E-19     .7447E-19     .6660E-19     .6454E-19     .6066E-19     .5425E-19   |        .4267E-16
     .8000E+03     .4493E-15     .4475E-15     .4415E-15     .4190E-15     .3849E-15     .3436E-15     .2994E-15     .2559E-15     .2158E-15     .1804E-15     .1500E-15     .1246E-15     .5051E-16     .2322E-16     .1211E-16     .7038E-17     .4429E-17     .2964E-17     .2082E-17     .1523E-17     .8926E-18     .5774E-18     .4019E-18     .2972E-18     .2301E-18     .1857E-18     .1557E-18     .1352E-18     .1202E-18     .1098E-18     .1036E-18     .1004E-18     .1004E-18   |        .5156E-16
     .6000E+03     .4318E-15     .4304E-15     .4260E-15     .4092E-15     .3832E-15     .3507E-15     .3145E-15     .2774E-15     .2413E-15     .2079E-15     .1777E-15     .1515E-15     .6749E-16     .3243E-16     .1737E-16     .1027E-16     .6555E-17     .4451E-17     .3173E-17     .2352E-17     .1418E-17     .9420E-18     .6733E-18     .5088E-18     .4032E-18     .3321E-18     .2835E-18     .2492E-18     .2253E-18     .2088E-18     .1982E-18     .1918E-18     .1888E-18   |        .6523E-16
     .4000E+03     .4022E-15     .4013E-15     .3986E-15     .3877E-15     .3704E-15     .3482E-15     .3222E-15     .2942E-15     .2654E-15     .2372E-15     .2103E-15     .1854E-15     .9462E-16     .4899E-16     .2729E-16     .1648E-16     .1071E-16     .7393E-17     .5364E-17     .4052E-17     .2544E-17     .1760E-17     .1313E-17     .1036E-17     .8564E-18     .7346E-18     .6494E-18     .5886E-18     .5462E-18     .5160E-18     .4952E-18     .4837E-18     .4745E-18   |        .8915E-16
     .3500E+03     .3919E-15     .3911E-15     .3888E-15     .3794E-15     .3643E-15     .3446E-15     .3216E-15     .2963E-15     .2701E-15     .2440E-15     .2186E-15     .1946E-15     .1038E-15     .5523E-16     .3118E-16     .1897E-16     .1238E-16     .8580E-17     .6256E-17     .4748E-17     .3020E-17     .2122E-17     .1608E-17     .1292E-17     .1087E-17     .9459E-18     .8464E-18     .7766E-18     .7262E-18     .6913E-18     .6685E-18     .6572E-18     .6609E-18   |        .9829E-16
     .3000E+03     .3794E-15     .3786E-15     .3767E-15     .3688E-15     .3559E-15     .3392E-15     .3193E-15     .2970E-15     .2736E-15     .2498E-15     .2264E-15     .2038E-15     .1142E-15     .6284E-16     .3606E-16     .2211E-16     .1449E-16     .1008E-16     .7374E-17     .5631E-17     .3628E-17     .2598E-17     .2006E-17     .1643E-17     .1410E-17     .1253E-17     .1144E-17     .1065E-17     .1013E-17     .9720E-18     .9509E-18     .9330E-18     .9393E-18   |        .1096E-15
     .2500E+03     .3650E-15     .3646E-15     .3628E-15     .3562E-15     .3457E-15     .3315E-15     .3145E-15     .2954E-15     .2751E-15     .2541E-15     .2329E-15     .2123E-15     .1261E-15     .7217E-16     .4233E-16     .2622E-16     .1722E-16     .1201E-16     .8801E-17     .6755E-17     .4403E-17     .3218E-17     .2545E-17     .2147E-17     .1894E-17     .1730E-17     .1615E-17     .1542E-17     .1488E-17     .1452E-17     .1431E-17     .1419E-17     .1415E-17   |        .1242E-15
     .2000E+03     .3455E-15     .3452E-15     .3439E-15     .3388E-15     .3304E-15     .3194E-15     .3058E-15     .2905E-15     .2736E-15     .2560E-15     .2378E-15     .2198E-15     .1392E-15     .8389E-16     .5070E-16     .3181E-16     .2098E-16     .1460E-16     .1068E-16     .8185E-17     .5398E-17     .4025E-17     .3294E-17     .2881E-17     .2641E-17     .2511E-17     .2428E-17     .2386E-17     .2361E-17     .2352E-17     .2347E-17     .2344E-17     .2355E-17   |        .1438E-15
     .1500E+03     .3212E-15     .3209E-15     .3200E-15     .3163E-15     .3103E-15     .3021E-15     .2921E-15     .2806E-15     .2677E-15     .2539E-15     .2395E-15     .2246E-15     .1537E-15     .9893E-16     .6256E-16     .4010E-16     .2659E-16     .1839E-16     .1332E-16     .1010E-16     .6597E-17     .4998E-17     .4259E-17     .3947E-17     .3852E-17     .3882E-17     .3968E-17     .4080E-17     .4195E-17     .4293E-17     .4371E-17     .4420E-17     .4439E-17   |        .1722E-15
     .1000E+03     .2903E-15     .2900E-15     .2894E-15     .2872E-15     .2833E-15     .2783E-15     .2717E-15     .2641E-15     .2554E-15     .2459E-15     .2358E-15     .2250E-15     .1693E-15     .1192E-15     .8109E-16     .5447E-16     .3679E-16     .2531E-16     .1789E-16     .1307E-16     .7902E-17     .5790E-17     .5128E-17     .5233E-17     .5747E-17     .6484E-17     .7301E-17     .8128E-17     .8883E-17     .9523E-17     .1000E-16     .1030E-16     .1040E-16   |        .2198E-15
     .5000E+02     .2578E-15     .2578E-15     .2575E-15     .2565E-15     .2545E-15     .2522E-15     .2489E-15     .2452E-15     .2408E-15     .2359E-15     .2304E-15     .2246E-15     .1909E-15     .1542E-15     .1199E-15     .9037E-16     .6658E-16     .4820E-16     .3437E-16     .2417E-16     .1144E-16     .5397E-17     .3469E-17     .4286E-17     .6973E-17     .1094E-16     .1564E-16     .2058E-16     .2532E-16     .2948E-16     .3269E-16     .3473E-16     .3543E-16   |        .3379E-15
     .4500E+02     .2563E-15     .2563E-15     .2560E-15     .2551E-15     .2535E-15     .2513E-15     .2484E-15     .2450E-15     .2410E-15     .2367E-15     .2317E-15     .2264E-15     .1952E-15     .1606E-15     .1272E-15     .9772E-16     .7328E-16     .5385E-16     .3885E-16     .2748E-16     .1285E-16     .5544E-17     .2972E-17     .3680E-17     .6710E-17     .1133E-16     .1694E-16     .2292E-16     .2871E-16     .3381E-16     .3777E-16     .4029E-16     .4114E-16   |        .3629E-15
     .4000E+02     .2565E-15     .2565E-15     .2562E-15     .2553E-15     .2539E-15     .2519E-15     .2493E-15     .2463E-15     .2428E-15     .2387E-15     .2344E-15     .2295E-15     .2010E-15     .1685E-15     .1362E-15     .1068E-15     .8172E-16     .6114E-16     .4478E-16     .3203E-16     .1499E-16     .5989E-17     .2486E-17     .2912E-17     .6250E-17     .1163E-16     .1831E-16     .2554E-16     .3261E-16     .3888E-16     .4378E-16     .4690E-16     .4799E-16   |        .3940E-15
     .3500E+02     .2590E-15     .2590E-15     .2589E-15     .2580E-15     .2568E-15     .2550E-15     .2528E-15     .2501E-15     .2468E-15     .2432E-15     .2393E-15     .2350E-15     .2089E-15     .1786E-15     .1476E-15     .1184E-15     .9265E-16     .7079E-16     .5283E-16     .3841E-16     .1830E-16     .7013E-17     .2120E-17     .2010E-17     .5553E-17     .1175E-16     .1967E-16     .2841E-16     .3704E-16     .4477E-16     .5083E-16     .5471E-16     .5605E-16   |        .4339E-15
     .3000E+02     .2656E-15     .2656E-15     .2654E-15     .2647E-15     .2636E-15     .2620E-15     .2601E-15     .2577E-15     .2548E-15     .2517E-15     .2481E-15     .2443E-15     .2207E-15     .1925E-15     .1627E-15     .1338E-15     .1073E-15     .8400E-16     .6417E-16     .4767E-16     .2358E-16     .9131E-17     .2161E-17     .1056E-17     .4565E-17     .1156E-16     .2086E-16     .3134E-16     .4187E-16     .5136E-16     .5886E-16     .6366E-16     .6531E-16   |        .4869E-15
     .2500E+02     .2787E-15     .2787E-15     .2786E-15     .2780E-15     .2769E-15     .2756E-15     .2738E-15     .2717E-15     .2692E-15     .2665E-15     .2632E-15     .2598E-15     .2384E-15     .2123E-15     .1839E-15     .1551E-15     .1278E-15     .1028E-15     .8067E-16     .6159E-16     .3224E-16     .1334E-16     .3190E-17     .2863E-18     .3270E-17     .1082E-16     .2153E-16     .3395E-16     .4661E-16     .5816E-16     .6736E-16     .7326E-16     .7531E-16   |        .5599E-15
     .2000E+02     .3030E-15     .3030E-15     .3029E-15     .3023E-15     .3015E-15     .3003E-15     .2987E-15     .2969E-15     .2947E-15     .2921E-15     .2893E-15     .2863E-15     .2669E-15     .2426E-15     .2150E-15     .1862E-15     .1578E-15     .1307E-15     .1057E-15     .8330E-16     .4690E-16     .2161E-16     .6493E-17     .3184E-18     .1704E-17     .9098E-17     .2080E-16     .3498E-16     .4981E-16     .6348E-16     .7447E-16     .8160E-16     .8406E-16   |        .6639E-15
     .1500E+02     .3437E-15     .3436E-15     .3436E-15     .3431E-15     .3422E-15     .3412E-15     .3398E-15     .3382E-15     .3363E-15     .3340E-15     .3315E-15     .3287E-15     .3109E-15     .2879E-15     .2613E-15     .2323E-15     .2025E-15     .1728E-15     .1444E-15     .1179E-15     .7217E-16     .3776E-16     .1487E-16     .2793E-17     .2423E-18     .5531E-17     .1663E-16     .3129E-16     .4727E-16     .6239E-16     .7469E-16     .8269E-16     .8545E-16   |        .8117E-15
     .1000E+02     .3895E-15     .3895E-15     .3893E-15     .3891E-15     .3883E-15     .3874E-15     .3862E-15     .3847E-15     .3831E-15     .3811E-15     .3789E-15     .3765E-15     .3607E-15     .3400E-15     .3151E-15     .2872E-15     .2574E-15     .2268E-15     .1961E-15     .1664E-15     .1120E-15     .6734E-16     .3413E-16     .1260E-16     .1898E-17     .4796E-18     .6297E-17     .1697E-16     .2997E-16     .4299E-16     .5397E-16     .6129E-16     .6385E-16   |        .9895E-15
     .5000E+01     .3228E-15     .3228E-15     .3228E-15     .3225E-15     .3222E-15     .3216E-15     .3211E-15     .3203E-15     .3194E-15     .3182E-15     .3170E-15     .3157E-15     .3070E-15     .2951E-15     .2806E-15     .2638E-15     .2453E-15     .2256E-15     .2050E-15     .1843E-15     .1440E-15     .1075E-15     .7674E-16     .5274E-16     .3570E-16     .2507E-16     .1985E-16     .1877E-16     .2043E-16     .2343E-16     .2654E-16     .2881E-16     .2964E-16   |        .1165E-14