Mott cross-section (Ioffe Inst. Sep 25 1997)

Atomic number of the target Z= 14


 33 theta-points ---->
 49 E-points
|
|
|
|
V
 theta [grad]=          .1            .5           1.0           2.0           3.0           4.0           5.0           6.0           7.0           8.0           9.0          10.0          15.0          20.0          25.0          30.0          35.0          40.0          45.0          50.0          60.0          70.0          80.0          90.0         100.0         110.0         120.0         130.0         140.0         150.0         160.0         170.0         180.0
      E [eV],                              Differential cross section [cm**2/str]                                                                                                                                                                                                                                                                                                                                                                                                               Total cross section [cm**2]
     .3000E+05     .1809E-14     .1602E-14     .1124E-14     .3977E-15     .1511E-15     .6728E-16     .3451E-16     .1942E-16     .1184E-16     .7550E-17     .5049E-17     .3527E-17     .8209E-18     .2845E-18     .1237E-18     .6242E-19     .3509E-19     .2132E-19     .1378E-19     .9338E-20     .4827E-20     .2794E-20     .1772E-20     .1209E-20     .8732E-21     .6551E-21     .5230E-21     .4374E-21     .3695E-21     .3357E-21     .3087E-21     .2923E-21     .3404E-21   |        .6669E-17
     .2900E+05     .1809E-14     .1606E-14     .1138E-14     .4107E-15     .1573E-15     .7032E-16     .3630E-16     .2041E-16     .1238E-16     .7997E-17     .5341E-17     .3710E-17     .8710E-18     .3024E-18     .1318E-18     .6654E-19     .3746E-19     .2274E-19     .1471E-19     .9979E-20     .5161E-20     .2984E-20     .1889E-20     .1289E-20     .9235E-21     .6974E-21     .5656E-21     .4578E-21     .3995E-21     .3549E-21     .3372E-21     .3118E-21     .2605E-21   |        .6878E-17
     .2800E+05     .1806E-14     .1609E-14     .1152E-14     .4245E-15     .1642E-15     .7377E-16     .3807E-16     .2161E-16     .1313E-16     .8418E-17     .5640E-17     .3947E-17     .9266E-18     .3222E-18     .1404E-18     .7107E-19     .4002E-19     .2432E-19     .1573E-19     .1067E-19     .5520E-20     .3208E-20     .2025E-20     .1382E-20     .9899E-21     .7526E-21     .5851E-21     .4918E-21     .4169E-21     .3846E-21     .3498E-21     .3281E-21     .3315E-21   |        .7103E-17
     .2700E+05     .1795E-14     .1606E-14     .1162E-14     .4384E-15     .1713E-15     .7745E-16     .4007E-16     .2271E-16     .1389E-16     .8896E-17     .6005E-17     .4175E-17     .9887E-18     .3443E-18     .1502E-18     .7614E-19     .4286E-19     .2605E-19     .1685E-19     .1147E-19     .5933E-20     .3431E-20     .2176E-20     .1493E-20     .1081E-20     .8131E-21     .6542E-21     .5380E-21     .4594E-21     .4029E-21     .3637E-21     .3591E-21     .3941E-21   |        .7330E-17
     .2600E+05     .1788E-14     .1606E-14     .1173E-14     .4535E-15     .1791E-15     .8142E-16     .4235E-16     .2395E-16     .1470E-16     .9497E-17     .6369E-17     .4438E-17     .1055E-17     .3685E-18     .1609E-18     .8176E-19     .4600E-19     .2802E-19     .1813E-19     .1232E-19     .6391E-20     .3701E-20     .2338E-20     .1602E-20     .1152E-20     .8852E-21     .7055E-21     .5841E-21     .4919E-21     .4399E-21     .4078E-21     .3847E-21     .4292E-21   |        .7581E-17
     .2500E+05     .1789E-14     .1612E-14     .1189E-14     .4697E-15     .1876E-15     .8570E-16     .4472E-16     .2550E-16     .1560E-16     .1003E-16     .6803E-17     .4743E-17     .1130E-17     .3958E-18     .1731E-18     .8789E-19     .4955E-19     .3018E-19     .1956E-19     .1327E-19     .6876E-20     .3995E-20     .2554E-20     .1745E-20     .1256E-20     .9579E-21     .7492E-21     .6230E-21     .5370E-21     .4773E-21     .4275E-21     .4157E-21     .5063E-21   |        .7862E-17
     .2400E+05     .1785E-14     .1613E-14     .1202E-14     .4866E-15     .1965E-15     .9044E-16     .4724E-16     .2693E-16     .1661E-16     .1070E-16     .7261E-17     .5061E-17     .1215E-17     .4251E-18     .1867E-18     .9487E-19     .5350E-19     .3261E-19     .2116E-19     .1436E-19     .7440E-20     .4323E-20     .2750E-20     .1891E-20     .1353E-20     .1042E-20     .8130E-21     .6646E-21     .5999E-21     .5137E-21     .4758E-21     .4433E-21     .4808E-21   |        .8155E-17
     .2300E+05     .1780E-14     .1615E-14     .1213E-14     .5046E-15     .2064E-15     .9567E-16     .5022E-16     .2871E-16     .1766E-16     .1150E-16     .7754E-17     .5422E-17     .1306E-17     .4605E-18     .2018E-18     .1026E-18     .5799E-19     .3539E-19     .2290E-19     .1563E-19     .8090E-20     .4711E-20     .3006E-20     .2034E-20     .1493E-20     .1137E-20     .9013E-21     .7390E-21     .6314E-21     .5565E-21     .5395E-21     .5367E-21     .6664E-21   |        .8477E-17
     .2200E+05     .1800E-14     .1634E-14     .1233E-14     .5261E-15     .2177E-15     .1017E-15     .5334E-16     .3093E-16     .1886E-16     .1223E-16     .8276E-17     .5841E-17     .1411E-17     .4975E-18     .2194E-18     .1115E-18     .6308E-19     .3850E-19     .2502E-19     .1703E-19     .8867E-20     .5163E-20     .3269E-20     .2226E-20     .1640E-20     .1225E-20     .1009E-20     .7853E-21     .6897E-21     .6385E-21     .5759E-21     .5719E-21     .7134E-21   |        .8866E-17
     .2100E+05     .1804E-14     .1640E-14     .1247E-14     .5435E-15     .2292E-15     .1081E-15     .5678E-16     .3248E-16     .2030E-16     .1319E-16     .8902E-17     .6284E-17     .1527E-17     .5423E-18     .2387E-18     .1215E-18     .6879E-19     .4210E-19     .2735E-19     .1867E-19     .9736E-20     .5723E-20     .3633E-20     .2471E-20     .1786E-20     .1350E-20     .1105E-20     .9123E-21     .7708E-21     .6827E-21     .6259E-21     .6421E-21     .3166E-21   |        .9229E-17
     .2000E+05     .1798E-14     .1642E-14     .1259E-14     .5617E-15     .2413E-15     .1137E-15     .6124E-16     .3516E-16     .2167E-16     .1415E-16     .9655E-17     .6801E-17     .1661E-17     .5895E-18     .2602E-18     .1332E-18     .7547E-19     .4615E-19     .3003E-19     .2046E-19     .1065E-19     .6266E-20     .3962E-20     .2723E-20     .1988E-20     .1508E-20     .1197E-20     .9928E-21     .8161E-21     .7648E-21     .6885E-21     .6933E-21     .7000E-21   |        .9621E-17
     .1900E+05     .1810E-14     .1658E-14     .1284E-14     .5856E-15     .2569E-15     .1214E-15     .6484E-16     .3782E-16     .2353E-16     .1530E-16     .1048E-16     .7346E-17     .1816E-17     .6460E-18     .2865E-18     .1465E-18     .8306E-19     .5095E-19     .3304E-19     .2259E-19     .1182E-19     .6865E-20     .4398E-20     .3018E-20     .2228E-20     .1678E-20     .1363E-20     .1071E-20     .9749E-21     .8203E-21     .7808E-21     .7817E-21     .9022E-21   |        .1011E-16
     .1800E+05     .1816E-14     .1670E-14     .1306E-14     .6077E-15     .2720E-15     .1312E-15     .7001E-16     .4058E-16     .2541E-16     .1658E-16     .1136E-16     .8006E-17     .1995E-17     .7116E-18     .3158E-18     .1619E-18     .9204E-19     .5637E-19     .3676E-19     .2504E-19     .1312E-19     .7698E-20     .4903E-20     .3358E-20     .2423E-20     .1848E-20     .1497E-20     .1227E-20     .1089E-20     .9752E-21     .8950E-21     .8649E-21     .6138E-21   |        .1063E-16
     .1700E+05     .1821E-14     .1681E-14     .1329E-14     .6336E-15     .2869E-15     .1403E-15     .7587E-16     .4405E-16     .2757E-16     .1809E-16     .1245E-16     .8774E-17     .2194E-17     .7873E-18     .3500E-18     .1800E-18     .1024E-18     .6287E-19     .4092E-19     .2800E-19     .1462E-19     .8513E-20     .5494E-20     .3791E-20     .2712E-20     .2107E-20     .1658E-20     .1424E-20     .1217E-20     .1101E-20     .9809E-21     .9400E-21     .1225E-20   |        .1121E-16
     .1600E+05     .1815E-14     .1684E-14     .1347E-14     .6627E-15     .3049E-15     .1503E-15     .8199E-16     .4802E-16     .3018E-16     .1979E-16     .1356E-16     .9615E-17     .2422E-17     .8764E-18     .3907E-18     .2012E-18     .1146E-18     .7050E-19     .4602E-19     .3143E-19     .1648E-19     .9657E-20     .6169E-20     .4257E-20     .3093E-20     .2353E-20     .1861E-20     .1597E-20     .1349E-20     .1205E-20     .1165E-20     .1100E-20     .9967E-21   |        .1184E-16
     .1500E+05     .1809E-14     .1685E-14     .1366E-14     .6940E-15     .3264E-15     .1624E-15     .8896E-16     .5245E-16     .3297E-16     .2179E-16     .1497E-16     .1065E-16     .2698E-17     .9781E-18     .4390E-18     .2265E-18     .1293E-18     .7950E-19     .5192E-19     .3567E-19     .1867E-19     .1099E-19     .7026E-20     .4861E-20     .3491E-20     .2690E-20     .2171E-20     .1777E-20     .1566E-20     .1424E-20     .1276E-20     .1262E-20     .1156E-20   |        .1257E-16
     .1400E+05     .1795E-14     .1681E-14     .1380E-14     .7247E-15     .3495E-15     .1766E-15     .9709E-16     .5765E-16     .3627E-16     .2411E-16     .1660E-16     .1186E-16     .3029E-17     .1104E-17     .4961E-18     .2569E-18     .1469E-18     .9050E-19     .5929E-19     .4075E-19     .2135E-19     .1255E-19     .8097E-20     .5526E-20     .4061E-20     .3087E-20     .2501E-20     .2103E-20     .1794E-20     .1615E-20     .1478E-20     .1457E-20     .1518E-20   |        .1338E-16
     .1300E+05     .1783E-14     .1676E-14     .1394E-14     .7574E-15     .3746E-15     .1925E-15     .1065E-15     .6366E-16     .4023E-16     .2684E-16     .1849E-16     .1321E-16     .3421E-17     .1254E-17     .5664E-18     .2941E-18     .1687E-18     .1043E-18     .6833E-19     .4679E-19     .2462E-19     .1461E-19     .9450E-20     .6455E-20     .4688E-20     .3627E-20     .2847E-20     .2428E-20     .2091E-20     .1898E-20     .1749E-20     .1658E-20     .1640E-20   |        .1429E-16
     .1200E+05     .1772E-14     .1673E-14     .1410E-14     .7930E-15     .4025E-15     .2107E-15     .1178E-15     .7080E-16     .4487E-16     .3002E-16     .2079E-16     .1485E-16     .3889E-17     .1437E-17     .6522E-18     .3395E-18     .1950E-18     .1208E-18     .7930E-19     .5455E-19     .2879E-19     .1703E-19     .1102E-19     .7568E-20     .5568E-20     .4298E-20     .3439E-20     .2845E-20     .2465E-20     .2246E-20     .2024E-20     .1983E-20     .1643E-20   |        .1535E-16
     .1100E+05     .1757E-14     .1667E-14     .1423E-14     .8315E-15     .4342E-15     .2317E-15     .1308E-15     .7926E-16     .5055E-16     .3385E-16     .2358E-16     .1687E-16     .4469E-17     .1663E-17     .7592E-18     .3973E-18     .2292E-18     .1423E-18     .9359E-19     .6452E-19     .3412E-19     .2018E-19     .1306E-19     .9034E-20     .6631E-20     .5066E-20     .4083E-20     .3418E-20     .2969E-20     .2692E-20     .2472E-20     .2361E-20     .2359E-20   |        .1658E-16
     .1000E+05     .1740E-14     .1660E-14     .1436E-14     .8717E-15     .4702E-15     .2565E-15     .1467E-15     .8944E-16     .5743E-16     .3855E-16     .2699E-16     .1940E-16     .5195E-17     .1950E-17     .8952E-18     .4702E-18     .2723E-18     .1697E-18     .1121E-18     .7742E-19     .4107E-19     .2438E-19     .1582E-19     .1099E-19     .8054E-20     .6212E-20     .4991E-20     .4178E-20     .3628E-20     .3276E-20     .2972E-20     .2899E-20     .2848E-20   |        .1804E-16
     .9000E+04     .1722E-14     .1649E-14     .1447E-14     .9148E-15     .5113E-15     .2854E-15     .1657E-15     .1018E-15     .6593E-16     .4444E-16     .3121E-16     .2255E-16     .6123E-17     .2319E-17     .1071E-17     .5665E-18     .3294E-18     .2058E-18     .1359E-18     .9430E-19     .5043E-19     .2997E-19     .1950E-19     .1358E-19     .9991E-20     .7783E-20     .6251E-20     .5151E-20     .4533E-20     .4107E-20     .3762E-20     .3661E-20     .3735E-20   |        .1979E-16
     .8000E+04     .1704E-14     .1639E-14     .1458E-14     .9605E-15     .5580E-15     .3202E-15     .1892E-15     .1175E-15     .7672E-16     .5203E-16     .3661E-16     .2660E-16     .7319E-17     .2800E-17     .1306E-17     .6940E-18     .4061E-18     .2551E-18     .1690E-18     .1176E-18     .6312E-19     .3789E-19     .2459E-19     .1724E-19     .1263E-19     .9831E-20     .7926E-20     .6684E-20     .5810E-20     .5195E-20     .4854E-20     .4599E-20     .4796E-20   |        .2194E-16
     .7000E+04     .1682E-14     .1625E-14     .1464E-14     .1007E-14     .6111E-15     .3618E-15     .2186E-15     .1374E-15     .9053E-16     .6187E-16     .4371E-16     .3190E-16     .8916E-17     .3458E-17     .1627E-17     .8720E-18     .5125E-18     .3242E-18     .2162E-18     .1503E-18     .8148E-19     .4927E-19     .3216E-19     .2243E-19     .1664E-19     .1295E-19     .1048E-19     .8856E-20     .7714E-20     .6956E-20     .6454E-20     .6212E-20     .6594E-20   |        .2461E-16
     .6000E+04     .1657E-14     .1609E-14     .1469E-14     .1055E-14     .6718E-15     .4129E-15     .2560E-15     .1634E-15     .1088E-15     .7511E-16     .5335E-16     .3905E-16     .1115E-16     .4380E-17     .2085E-17     .1126E-17     .6688E-18     .4242E-18     .2854E-18     .1995E-18     .1090E-18     .6621E-19     .4366E-19     .3082E-19     .2276E-19     .1785E-19     .1443E-19     .1215E-19     .1068E-19     .9638E-20     .8932E-20     .8641E-20     .8704E-20   |        .2807E-16
     .5000E+04     .1631E-14     .1590E-14     .1471E-14     .1106E-14     .7407E-15     .4754E-15     .3052E-15     .1994E-15     .1341E-15     .9345E-16     .6706E-16     .4933E-16     .1436E-16     .5738E-17     .2766E-17     .1514E-17     .9062E-18     .5801E-18     .3935E-18     .2769E-18     .1528E-18     .9423E-19     .6239E-19     .4438E-19     .3303E-19     .2590E-19     .2107E-19     .1800E-19     .1584E-19     .1426E-19     .1329E-19     .1276E-19     .1220E-19   |        .3274E-16
     .4000E+04     .1596E-14     .1563E-14     .1467E-14     .1157E-14     .8205E-15     .5529E-15     .3688E-15     .2483E-15     .1704E-15     .1204E-15     .8731E-16     .6478E-16     .1933E-16     .7868E-17     .3852E-17     .2138E-17     .1294E-17     .8391E-18     .5746E-18     .4093E-18     .2299E-18     .1426E-18     .9612E-19     .6906E-19     .5192E-19     .4125E-19     .3373E-19     .2890E-19     .2538E-19     .2308E-19     .2153E-19     .2080E-19     .2043E-19   |        .3933E-16
     .3000E+04     .1530E-14     .1506E-14     .1435E-14     .1193E-14     .9050E-15     .6499E-15     .4566E-15     .3203E-15     .2267E-15     .1631E-15     .1199E-15     .9005E-16     .2774E-16     .1153E-16     .5753E-17     .3246E-17     .1998E-17     .1314E-17     .9098E-18     .6590E-18     .3798E-18     .2419E-18     .1654E-18     .1213E-18     .9301E-19     .7448E-19     .6215E-19     .5347E-19     .4742E-19     .4336E-19     .4083E-19     .3919E-19     .3864E-19   |        .4939E-16
     .2000E+04     .1428E-14     .1413E-14     .1367E-14     .1201E-14     .9836E-15     .7651E-15     .5771E-15     .4295E-15     .3188E-15     .2380E-15     .1794E-15     .1371E-15     .4424E-16     .1886E-16     .9623E-17     .5540E-17     .3482E-17     .2338E-17     .1654E-17     .1218E-17     .7299E-18     .4827E-18     .3440E-18     .2601E-18     .2061E-18     .1703E-18     .1456E-18     .1283E-18     .1161E-18     .1076E-18     .1019E-18     .9863E-19     .9667E-19   |        .6696E-16
     .1000E+04     .1241E-14     .1234E-14     .1212E-14     .1130E-14     .1009E-14     .8695E-15     .7280E-15     .5969E-15     .4827E-15     .3876E-15     .3102E-15     .2483E-15     .8947E-16     .3944E-16     .2059E-16     .1209E-16     .7750E-17     .5319E-17     .3837E-17     .2887E-17     .1836E-17     .1293E-17     .9982E-18     .8218E-18     .7126E-18     .6400E-18     .5974E-18     .5608E-18     .5453E-18     .5277E-18     .5210E-18     .5182E-18     .4884E-18   |        .1080E-15
     .8000E+03     .1176E-14     .1170E-14     .1153E-14     .1089E-14     .9919E-15     .8758E-15     .7532E-15     .6348E-15     .5270E-15     .4333E-15     .3543E-15     .2891E-15     .1096E-15     .4897E-16     .2568E-16     .1517E-16     .9752E-17     .6688E-17     .4842E-17     .3659E-17     .2326E-17     .1664E-17     .1310E-17     .1113E-17     .1001E-17     .9396E-18     .9074E-18     .8929E-18     .8885E-18     .8883E-18     .8913E-18     .8904E-18     .8844E-18   |        .1247E-15
     .6000E+03     .1091E-14     .1087E-14     .1075E-14     .1028E-14     .9556E-15     .8661E-15     .7675E-15     .6675E-15     .5719E-15     .4845E-15     .4072E-15     .3407E-15     .1397E-15     .6388E-16     .3372E-16     .2000E-16     .1294E-16     .8904E-17     .6440E-17     .4860E-17     .3069E-17     .2191E-17     .1748E-17     .1536E-17     .1458E-17     .1457E-17     .1503E-17     .1572E-17     .1648E-17     .1718E-17     .1770E-17     .1806E-17     .1818E-17   |        .1490E-15
     .4000E+03     .9691E-15     .9667E-15     .9591E-15     .9296E-15     .8829E-15     .8231E-15     .7541E-15     .6803E-15     .6056E-15     .5330E-15     .4650E-15     .4028E-15     .1874E-15     .9013E-16     .4818E-16     .2879E-16     .1880E-16     .1309E-16     .9533E-17     .7192E-17     .4436E-17     .3021E-17     .2316E-17     .2055E-17     .2100E-17     .2359E-17     .2760E-17     .3240E-17     .3731E-17     .4183E-17     .4544E-17     .4773E-17     .4842E-17   |        .1891E-15
     .3500E+03     .9290E-15     .9269E-15     .9205E-15     .8952E-15     .8552E-15     .8032E-15     .7425E-15     .6766E-15     .6087E-15     .5417E-15     .4778E-15     .4183E-15     .2035E-15     .9992E-16     .5374E-16     .3218E-16     .2109E-16     .1477E-16     .1083E-16     .8199E-17     .5039E-17     .3349E-17     .2478E-17     .2155E-17     .2240E-17     .2641E-17     .3263E-17     .4013E-17     .4799E-17     .5528E-17     .6117E-17     .6497E-17     .6628E-17   |        .2038E-15
     .3000E+03     .8831E-15     .8813E-15     .8759E-15     .8549E-15     .8212E-15     .7771E-15     .7249E-15     .6675E-15     .6074E-15     .5471E-15     .4884E-15     .4327E-15     .2213E-15     .1117E-15     .6054E-16     .3631E-16     .2389E-16     .1685E-16     .1249E-16     .9539E-17     .5884E-17     .3817E-17     .2668E-17     .2202E-17     .2308E-17     .2893E-17     .3849E-17     .5048E-17     .6320E-17     .7533E-17     .8510E-17     .9165E-17     .9363E-17   |        .2216E-15
     .2500E+03     .8300E-15     .8287E-15     .8242E-15     .8070E-15     .7796E-15     .7431E-15     .6997E-15     .6511E-15     .5995E-15     .5468E-15     .4945E-15     .4439E-15     .2410E-15     .1259E-15     .6897E-16     .4137E-16     .2730E-16     .1943E-16     .1461E-16     .1138E-16     .7164E-17     .4569E-17     .2951E-17     .2179E-17     .2222E-17     .3027E-17     .4497E-17     .6420E-17     .8564E-17     .1063E-16     .1234E-16     .1348E-16     .1387E-16   |        .2437E-15
     .2000E+03     .7636E-15     .7626E-15     .7593E-15     .7462E-15     .7252E-15     .6968E-15     .6627E-15     .6239E-15     .5819E-15     .5380E-15     .4936E-15     .4497E-15     .2613E-15     .1429E-15     .7951E-16     .4758E-16     .3130E-16     .2252E-16     .1728E-16     .1382E-16     .9217E-17     .5957E-17     .3562E-17     .2119E-17     .1842E-17     .2835E-17     .5057E-17     .8227E-17     .1194E-16     .1564E-16     .1877E-16     .2088E-16     .2162E-16   |        .2719E-15
     .1500E+03     .6822E-15     .6815E-15     .6791E-15     .6698E-15     .6549E-15     .6345E-15     .6096E-15     .5810E-15     .5492E-15     .5154E-15     .4803E-15     .4447E-15     .2800E-15     .1627E-15     .9272E-16     .5502E-16     .3555E-16     .2550E-16     .2009E-16     .1682E-16     .1258E-16     .8886E-17     .5318E-17     .2459E-17     .1108E-17     .1900E-17     .5064E-17     .1034E-16     .1698E-16     .2395E-16     .3005E-16     .3419E-16     .3565E-16   |        .3091E-15
     .1000E+03     .5796E-15     .5792E-15     .5777E-15     .5720E-15     .5626E-15     .5500E-15     .5340E-15     .5154E-15     .4943E-15     .4714E-15     .4471E-15     .4216E-15     .2924E-15     .1843E-15     .1095E-15     .6387E-16     .3874E-16     .2616E-16     .2056E-16     .1846E-16     .1739E-16     .1543E-16     .1117E-16     .5774E-17     .1390E-17     .1514E-18     .3452E-17     .1150E-16     .2323E-16     .3652E-16     .4872E-16     .5726E-16     .6032E-16   |        .3601E-15
     .5000E+02     .4491E-15     .4490E-15     .4483E-15     .4456E-15     .4411E-15     .4348E-15     .4271E-15     .4177E-15     .4069E-15     .3950E-15     .3819E-15     .3677E-15     .2878E-15     .2056E-15     .1342E-15     .7973E-16     .4298E-16     .2147E-16     .1149E-16     .9295E-17     .1637E-16     .2539E-16     .2832E-16     .2392E-16     .1493E-16     .6320E-17     .2598E-17     .6540E-17     .1816E-16     .3476E-16     .5183E-16     .6457E-16     .6928E-16   |        .4152E-15
     .4500E+02     .4321E-15     .4318E-15     .4313E-15     .4289E-15     .4248E-15     .4193E-15     .4123E-15     .4040E-15     .3943E-15     .3834E-15     .3715E-15     .3585E-15     .2848E-15     .2070E-15     .1374E-15     .8284E-16     .4478E-16     .2165E-16     .1035E-16     .7408E-17     .1465E-16     .2531E-16     .3005E-16     .2687E-16     .1816E-16     .8725E-17     .3516E-17     .5552E-17     .1524E-16     .3015E-16     .4597E-16     .5793E-16     .6236E-16   |        .4152E-15
     .4000E+02     .4132E-15     .4131E-15     .4125E-15     .4104E-15     .4068E-15     .4019E-15     .3956E-15     .3882E-15     .3795E-15     .3697E-15     .3589E-15     .3473E-15     .2800E-15     .2074E-15     .1407E-15     .8649E-16     .4733E-16     .2253E-16     .9651E-17     .5592E-17     .1237E-16     .2437E-16     .3106E-16     .2951E-16     .2150E-16     .1159E-16     .4867E-17     .4636E-17     .1172E-16     .2411E-16     .3788E-16     .4848E-16     .5242E-16   |        .4111E-15
     .3500E+02     .3911E-15     .3910E-15     .3905E-15     .3886E-15     .3855E-15     .3811E-15     .3758E-15     .3692E-15     .3616E-15     .3531E-15     .3436E-15     .3334E-15     .2732E-15     .2067E-15     .1436E-15     .9065E-16     .5089E-16     .2450E-16     .9776E-17     .4168E-17     .9475E-17     .2216E-16     .3082E-16     .3121E-16     .2453E-16     .1473E-16     .6658E-17     .4005E-17     .7875E-17     .1688E-16     .2766E-16     .3627E-16     .3956E-16   |        .4014E-15
     .3000E+02     .3647E-15     .3646E-15     .3641E-15     .3627E-15     .3600E-15     .3564E-15     .3518E-15     .3463E-15     .3397E-15     .3324E-15     .3243E-15     .3155E-15     .2630E-15     .2037E-15     .1457E-15     .9526E-16     .5574E-16     .2805E-16     .1131E-16     .3640E-17     .6120E-17     .1831E-16     .2848E-16     .3115E-16     .2644E-16     .1763E-16     .8904E-17     .3920E-17     .4302E-17     .9247E-17     .1628E-16     .2223E-16     .2453E-16   |        .3845E-15
     .2500E+02     .3327E-15     .3327E-15     .3324E-15     .3310E-15     .3290E-15     .3260E-15     .3221E-15     .3176E-15     .3124E-15     .3063E-15     .2997E-15     .2924E-15     .2487E-15     .1979E-15     .1466E-15     .1003E-15     .6217E-16     .3379E-16     .1509E-16     .4885E-17     .2744E-17     .1265E-16     .2322E-16     .2809E-16     .2614E-16     .1945E-16     .1127E-16     .4872E-17     .2123E-17     .2944E-17     .5913E-17     .8892E-17     .1009E-16   |        .3600E-15
     .2000E+02     .2951E-15     .2951E-15     .2948E-15     .2938E-15     .2923E-15     .2899E-15     .2871E-15     .2836E-15     .2796E-15     .2750E-15     .2698E-15     .2642E-15     .2299E-15     .1889E-15     .1462E-15     .1057E-15     .7070E-16     .4275E-16     .2246E-16     .9438E-17     .7451E-18     .5777E-17     .1468E-16     .2107E-16     .2229E-16     .1895E-16     .1319E-16     .7244E-17     .2862E-17     .7135E-18     .3143E-18     .7003E-18     .9630E-18   |        .3325E-15
     .1500E+02     .2556E-15     .2556E-15     .2554E-15     .2547E-15     .2537E-15     .2520E-15     .2501E-15     .2477E-15     .2449E-15     .2416E-15     .2380E-15     .2340E-15     .2094E-15     .1789E-15     .1460E-15     .1133E-15     .8309E-16     .5704E-16     .3603E-16     .2034E-16     .3463E-17     .6333E-18     .4779E-17     .1040E-16     .1420E-16     .1502E-16     .1340E-16     .1053E-16     .7448E-17     .4915E-17     .3279E-17     .2465E-17     .2229E-17   |        .3177E-15
     .1000E+02     .2247E-15     .2247E-15     .2246E-15     .2243E-15     .2235E-15     .2225E-15     .2213E-15     .2198E-15     .2180E-15     .2159E-15     .2137E-15     .2112E-15     .1953E-15     .1752E-15     .1523E-15     .1281E-15     .1042E-15     .8172E-16     .6148E-16     .4409E-16     .1879E-16     .5236E-17     .4284E-18     .8322E-18     .3594E-17     .6774E-17     .9305E-17     .1091E-16     .1177E-16     .1214E-16     .1217E-16     .1206E-16     .1199E-16   |        .3499E-15
     .5000E+01     .2056E-15     .2056E-15     .2055E-15     .2053E-15     .2050E-15     .2046E-15     .2040E-15     .2032E-15     .2024E-15     .2013E-15     .2003E-15     .1991E-15     .1910E-15     .1804E-15     .1676E-15     .1531E-15     .1377E-15     .1217E-15     .1058E-15     .9028E-16     .6221E-16     .3946E-16     .2264E-16     .1135E-16     .4681E-17     .1480E-17     .6338E-18     .1194E-17     .2431E-17     .3822E-17     .5019E-17     .5814E-17     .6090E-17   |        .5062E-15
