18043.54255568556  0.2971205125451917
20084.898649732004  0.7615251082715915
21765.422392773136  1.225034897455167
23585.099388934876  1.9189573714162975
25215.623366292028  2.7276387844947934
26957.205111062714  3.76673288235083
29205.519884706213  5.151893410644618
30807.632646350754  6.075333762840472
32065.64234165069  6.883120369376144
34279.27879240806  8.037420809620961
36158.6027195843  9.07606750420559
38139.77977532373  10.229920541178991
40772.74143051099  11.384220981423816
43586.12127537678  12.653727764057408
45977.10357603546  13.577168116253269
49151.11117244516  14.731468556498086
51844.164730795324  15.885321593471488
54684.774209960735  17.039174630444897
58456.29837288506  18.423887755467263
61661.10092697646  19.462534450051898
64175.0251379302  20.50073374136511
66793.50634123258  21.423726690289563
69523.1244614355  22.116306954436453
72359.8197990042  23.039299903360885
75312.2585025469  23.962292852285337
79441.1706150405  25.000939546869965
83791.26642741739  26.26999892623215
87202.04767362012  27.538610902322915
91982.80445920625  28.577257596907547
97022.6624186079  29.731110633880956
100978.27813740901  30.76930992519417
105095.16438130988  31.80750921650739
109383.27664770908  32.73050216543183
113839.316516388  33.88390779913382
118476.88588317434  35.037313432835816
123299.56917354894  36.30592540892659
131803.3494512317  37.690638533948956
137168.49562531873  38.95925051003972
142765.2698643346  39.88224345896417
148576.62856344375  41.150855435054936
156722.1795468649  42.18950212963957
165314.30144433246  43.228148824224206
176732.15795982248  44.26724292208024
188938.6180399731  45.306337019936294
204728.32033214896  46.11546583628619
224853.97479630916  46.57942302874118
250316.03544423575  46.69820859730126
271318.9212139781  46.35527398976341
290192.7560654375  45.666272951787825
302163.9655976328  44.97637710726941
310456.26584670885  44.055621174702026
323263.3981108788  43.365725330183615
327689.2972931443  42.67493467912237
336661.2804192126  41.98459143133255
350581.9412626304  40.94907655964781
360269.77810998244  39.337082572747775
370168.1190306611  38.30112029779161
375247.80230702274  37.495123304341604
385533.8304951355  36.689573714163
396114.0539586422  35.768817781595615
407009.78792712383  34.61764916425069
418192.3013760471  33.58168688929453
429655.4938945915  32.77613729911593
441460.1936374407  31.74017502415978
453589.2251716869  30.70421274920362
472388.55442050623  29.32307885035255
491951.8310270209  28.05715129389026
512372.79518183763  26.44560471026164
533575.4695772587  25.294883496188124
548218.4068663747  24.374127563620753
563263.1909881849  23.453371631053365
586535.5228144957  22.5330631017574
594584.3377530561  21.727066108307383
610901.5443474794  20.806310175740002
636122.4888811252  20.001207988832817
653559.4300477272  19.19565839865421
680583.5628953836  18.160143526969463
699282.4617202876  17.124181252013315
738098.7394974472  15.743494756433655
768642.2566248175  14.592773542360135
789736.1430631093  13.67201760979276
822365.6524481492  12.751709080496795
844933.8726233789  11.830953147929414
879843.9852840047  10.910644618633448
916196.4782367062  9.990336089337482
954080.4321727956  8.95482121765275
993530.8557471377  7.919306345967996
1034612.5211620157  6.883791474283257
1062906.8887205033  6.308654568882204
1092008.7933263527  5.618311321092371
1137127.2945920837  4.698002791796412
1184109.9558983834  3.7776942625004466
1249683.891574442  2.8578331364758967
1410461.0842630735  1.7097963420308488
1570615.9722612933  0.7917248290919474
1679717.430487486  0.44834281828268985
