71827.30887313746  0.5736157342782491
82134.96549495087  0.6932961093811514
90211.96586235074  1.0420469594473616
107383.59425534392  1.5086885715308256
126120.74717042157  1.9748827803428881
140385.0785102263  2.554493718458069
164875.50009548845  3.135894269658891
198878.5730597845  4.179014996957655
224354.1865271114  4.874279680733032
249721.06026655555  5.569096961236973
289350.9349138523  6.4956691363327295
326395.5495823013  7.421346504885641
368194.239152609  8.231817531049785
432319.4641105166  9.73486882136082
487652.7812243673  10.775752532302512
535524.8926672373  11.700535094312599
535524.8926672373  11.700535094312599
596000.9700612107  12.856177744371664
672180.2882224377  14.473093167257232
768404.7404193474  15.744836966247895
878485.4332927922  16.67096173807223
1045670.6823879489  17.252809692544474
1278751.6668449817  17.144314399226886
1543237.7412421915  16.344133648305238
1718575.3628885383  15.195649450588782
1863233.8612484196  13.931064103940727
2020006.34098614  12.781685099681447
2132134.3172125844  11.400998604101801
2342817.9215147216  10.136860660725148
2644558.401368679  8.527998496725004
3025190.384032331  7.2652027631626055
3368902.615005033  6.116718565446149
3652023.4308841843  5.312958588353197
4012396.510927744  4.509646014531661
4349327.372880653  3.93629872221625
4714696.860821799  3.2477450875120724
5249716.26745855  2.560086259350733
6004195.823322805  1.9885285801209704
6959836.7847747  1.4174183041626378
8287185.5994390175  0.7319964923583484
9605301.603416745  0.5065052435663446
