243870.64845803607 0.3683946278398409
253903.83507651708 0.8298965375029113
260820.91398035156 1.2911743083074754
271551.45872000663 1.5222614714267735
282723.47338878864 1.8685560078179577
294355.12068980845 2.0996431709372487
310611.7631511743 2.215747099643167
332200.8797302164 2.4472825404794776
355290.55105301563 2.4484032347720017
374912.5350186252 2.56450716347792
400970.8862650386 2.565627857770444
423115.70345100097 2.566524413204469
446483.53443920624 2.567420968638494
477516.43859531544 2.5685416629310183
517616.1070046789 2.4546791228101625
546203.0055920042 2.340368304972287
576368.7012062814 2.226057487134426
608200.3876382161 2.111746669296558
641790.0742165509 1.9974358514586896
695684.6987455187 1.7683659380659478
734105.9682204494 1.5388477469561863
774649.16728608 1.424536929118318
806519.3398893629 1.3100019724219507
851061.7841180632 1.0804837813121893
898064.2181321776 0.850965590202442
947662.5022296567 0.6214473990926876
986650.6904200978 0.2764976958525267
